0.0041958	5.3999999999999995
0.0	0.0
0.5	0.0
1.0	0.2
1.5	0.6
2.0	1.8
2.5	2.4
3.0	4.0
3.5	7.4
4.0	10.8
4.5	14.0
5.0	19.4
5.5	25.8
6.0	34.4
6.5	40.8
7.0	49.8
7.5	57.2
8.0	67.0
8.5	77.4
9.0	90.4
9.5	101.2
10.0	115.2
10.5	130.6
11.0	144.6
11.5	157.6
12.0	171.0
12.5	183.6
13.0	198.6
13.5	213.2
14.0	231.4
14.5	244.6
15.0	260.4
15.5	278.8
16.0	298.0
16.5	312.4
17.0	332.2
17.5	351.0
18.0	366.0
18.5	382.4
19.0	399.8
19.5	421.2
20.0	437.0
20.5	457.4
21.0	477.2
21.5	496.8
22.0	516.0
22.5	536.4
23.0	555.0
23.5	575.4
24.0	592.8
24.5	612.0
25.0	633.2
25.5	655.4
26.0	678.0
26.5	699.0
27.0	718.0
27.5	736.8
28.0	757.6
28.5	779.8
29.0	800.2
29.5	819.6
30.0	840.6
30.5	864.0
31.0	883.8
31.5	904.2
32.0	927.4
32.5	949.2
33.0	968.8
33.5	990.0
34.0	1007.0
34.5	1027.6
35.0	1045.8
35.5	1064.6
36.0	1085.2
36.5	1103.4
37.0	1121.4
37.5	1138.8
38.0	1157.0
38.5	1179.8
39.0	1198.4
39.5	1220.8
40.0	1241.6
40.5	1261.2
41.0	1281.0
41.5	1301.0
42.0	1318.6
42.5	1338.8
43.0	1355.6
43.5	1371.8
44.0	1390.2
44.5	1405.8
45.0	1423.2
45.5	1441.8
46.0	1456.2
46.5	1471.6
47.0	1488.0
47.5	1508.4
48.0	1521.4
48.5	1537.8
49.0	1552.4
49.5	1574.2
50.0	1591.4
50.5	1602.8
51.0	1620.8
51.5	1641.2
52.0	1658.2
52.5	1674.6
53.0	1691.8
53.5	1704.4
54.0	1721.4
54.5	1734.0
55.0	1750.4
55.5	1768.8
56.0	1783.8
56.5	1792.8
57.0	1805.8
57.5	1823.4
58.0	1837.2
58.5	1852.6
59.0	1870.0
59.5	1881.8
60.0	1897.2
60.5	1907.8
61.0	1916.8
61.5	1926.6
62.0	1941.2
62.5	1954.0
63.0	1969.4
63.5	1982.2
64.0	1996.0
64.5	2011.2
65.0	2023.8
65.5	2035.6
66.0	2048.0
66.5	2060.4
67.0	2067.8
67.5	2080.0
68.0	2093.0
68.5	2107.6
69.0	2126.2
69.5	2138.0
70.0	2148.4
70.5	2158.0
71.0	2172.4
71.5	2186.6
72.0	2197.0
72.5	2207.4
73.0	2220.0
73.5	2235.8
74.0	2248.8
74.5	2259.8
75.0	2269.8
75.5	2282.2
76.0	2296.2
76.5	2305.2
77.0	2315.6
77.5	2327.0
78.0	2343.2
78.5	2352.4
79.0	2358.0
79.5	2370.0
80.0	2379.6
80.5	2391.2
81.0	2405.6
81.5	2417.2
82.0	2423.4
82.5	2434.2
83.0	2445.2
83.5	2455.6
84.0	2466.8
84.5	2478.4
85.0	2491.0
85.5	2497.4
86.0	2506.2
86.5	2516.0
87.0	2523.6
87.5	2529.6
88.0	2538.0
88.5	2547.4
89.0	2555.4
89.5	2565.6
90.0	2572.8
90.5	2580.8
91.0	2585.8
91.5	2593.8
92.0	2600.8
92.5	2606.8
93.0	2614.2
93.5	2622.4
94.0	2632.0
94.5	2638.8
95.0	2645.2
95.5	2656.6
96.0	2665.4
96.5	2675.2
97.0	2686.6
97.5	2698.4
98.0	2707.2
98.5	2711.2
99.0	2715.4
99.5	2725.4
100.0	2735.0
100.5	2744.6
101.0	2753.0
101.5	2761.4
102.0	2766.4
102.5	2774.0
103.0	2783.0
103.5	2787.4
104.0	2793.2
104.5	2798.4
105.0	2810.2
105.5	2822.2
106.0	2831.4
106.5	2840.2
107.0	2845.2
107.5	2847.0
108.0	2854.8
108.5	2860.8
109.0	2868.0
109.5	2879.2
110.0	2888.8
110.5	2896.4
111.0	2906.0
111.5	2911.8
112.0	2918.0
112.5	2926.4
113.0	2934.8
113.5	2940.0
114.0	2951.6
114.5	2960.0
115.0	2964.8
115.5	2966.6
116.0	2974.4
116.5	2982.6
117.0	2988.2
117.5	2997.2
118.0	3002.6
118.5	3009.6
119.0	3016.4
119.5	3024.4
120.0	3025.8
120.5	3034.0
121.0	3042.2
121.5	3049.8
122.0	3056.8
122.5	3063.2
123.0	3072.2
123.5	3080.6
124.0	3090.0
124.5	3096.4
125.0	3104.0
125.5	3115.4
126.0	3120.4
126.5	3127.4
127.0	3136.6
127.5	3143.0
128.0	3148.0
128.5	3154.0
129.0	3162.4
129.5	3163.0
130.0	3166.2
130.5	3172.8
131.0	3177.4
131.5	3186.0
132.0	3196.4
132.5	3201.6
133.0	3207.2
133.5	3212.6
134.0	3219.2
134.5	3226.6
135.0	3233.8
135.5	3238.6
136.0	3249.4
136.5	3250.4
137.0	3253.0
137.5	3261.8
138.0	3267.6
138.5	3270.6
139.0	3277.4
139.5	3284.6
140.0	3290.2
140.5	3300.8
141.0	3304.4
141.5	3314.8
142.0	3318.4
142.5	3325.6
143.0	3331.0
143.5	3341.8
144.0	3346.0
144.5	3349.4
145.0	3358.2
145.5	3365.8
146.0	3371.4
146.5	3371.2
147.0	3375.6
147.5	3383.6
148.0	3387.4
148.5	3393.0
149.0	3396.6
149.5	3402.0
150.0	3410.8
150.5	3417.2
151.0	3423.2
151.5	3427.6
152.0	3433.4
152.5	3440.6
153.0	3446.0
153.5	3451.8
154.0	3458.2
154.5	3468.6
155.0	3475.8
155.5	3481.6
156.0	3488.4
156.5	3496.0
157.0	3502.6
157.5	3508.4
158.0	3514.0
158.5	3520.2
159.0	3524.0
159.5	3528.4
160.0	3535.6
160.5	3537.8
161.0	3541.6
161.5	3548.4
162.0	3554.6
162.5	3564.2
163.0	3569.8
163.5	3574.0
164.0	3577.0
164.5	3580.4
165.0	3587.0
165.5	3594.6
166.0	3600.4
166.5	3604.6
167.0	3608.8
167.5	3615.2
168.0	3620.4
168.5	3624.6
169.0	3629.8
169.5	3638.4
170.0	3642.6
170.5	3654.0
171.0	3661.0
171.5	3665.6
172.0	3672.2
172.5	3677.2
173.0	3684.4
173.5	3691.8
174.0	3697.2
174.5	3704.4
175.0	3713.0
175.5	3714.8
176.0	3719.4
176.5	3726.8
177.0	3731.2
177.5	3733.8
178.0	3738.4
178.5	3741.6
179.0	3745.4
179.5	3751.8
180.0	3762.6
180.5	3769.2
181.0	3778.8
181.5	3784.0
182.0	3788.8
182.5	3788.4
183.0	3793.6
183.5	3798.6
184.0	3801.2
184.5	3806.4
185.0	3812.8
185.5	3818.4
186.0	3824.6
186.5	3829.8
187.0	3835.0
187.5	3840.0
188.0	3845.4
188.5	3844.8
189.0	3852.8
189.5	3858.0
190.0	3868.2
190.5	3875.8
191.0	3882.0
191.5	3885.8
192.0	3891.0
192.5	3899.0
193.0	3908.4
193.5	3914.0
194.0	3917.6
194.5	3921.4
195.0	3929.0
195.5	3939.4
196.0	3947.4
196.5	3954.8
197.0	3963.2
197.5	3966.2
198.0	3969.2
198.5	3971.0
199.0	3976.2
199.5	3983.2
200.0	3984.8
200.5	3991.0
201.0	3998.6
201.5	4001.4
202.0	4005.4
202.5	4014.2
203.0	4023.4
203.5	4029.2
204.0	4035.2
204.5	4038.8
205.0	4046.2
205.5	4048.4
206.0	4054.0
206.5	4063.8
207.0	4068.8
207.5	4075.4
208.0	4081.2
208.5	4086.6
209.0	4086.8
209.5	4091.2
210.0	4093.2
210.5	4102.4
211.0	4109.0
211.5	4113.2
212.0	4117.8
212.5	4120.2
213.0	4120.2
213.5	4127.0
214.0	4133.8
214.5	4137.4
215.0	4143.4
215.5	4149.0
216.0	4153.4
216.5	4162.0
217.0	4167.0
217.5	4174.4
218.0	4182.2
218.5	4185.6
219.0	4191.8
219.5	4195.6
220.0	4203.2
220.5	4200.8
221.0	4200.8
221.5	4205.4
222.0	4210.6
222.5	4216.0
223.0	4221.2
223.5	4228.4
224.0	4233.2
224.5	4239.0
225.0	4246.0
225.5	4254.2
226.0	4256.4
226.5	4260.6
227.0	4266.8
227.5	4267.4
228.0	4273.0
228.5	4279.8
229.0	4284.6
229.5	4291.4
230.0	4298.6
230.5	4300.4
231.0	4306.0
231.5	4311.6
232.0	4317.2
232.5	4319.4
233.0	4322.8
233.5	4326.0
234.0	4324.2
234.5	4330.8
235.0	4340.0
235.5	4346.4
236.0	4350.6
236.5	4355.4
237.0	4363.4
237.5	4368.2
238.0	4372.6
238.5	4375.0
239.0	4374.8
239.5	4374.4
240.0	4376.4
240.5	4380.8
241.0	4387.2
241.5	4394.4
242.0	4401.2
242.5	4404.6
243.0	4406.4
243.5	4411.4
244.0	4416.6
244.5	4421.6
245.0	4421.6
245.5	4429.8
246.0	4434.0
246.5	4437.4
247.0	4444.6
247.5	4448.4
248.0	4450.2
248.5	4452.4
249.0	4460.6
249.5	4461.8
250.0	4465.0
250.5	4458.8
251.0	4468.6
251.5	4475.4
252.0	4479.4
252.5	4487.2
253.0	4489.0
253.5	4490.2
254.0	4491.0
254.5	4494.4
255.0	4495.6
255.5	4501.6
256.0	4509.2
256.5	4516.0
257.0	4520.0
257.5	4524.2
258.0	4527.4
258.5	4529.6
259.0	4531.2
259.5	4534.0
260.0	4535.4
260.5	4539.0
261.0	4541.6
261.5	4547.2
262.0	4553.4
262.5	4558.0
263.0	4555.0
263.5	4562.2
264.0	4564.2
264.5	4569.6
265.0	4576.2
265.5	4580.6
266.0	4585.0
266.5	4584.8
267.0	4588.8
267.5	4594.6
268.0	4596.6
268.5	4601.4
269.0	4601.4
269.5	4608.4
270.0	4615.0
270.5	4620.0
271.0	4620.4
271.5	4623.0
272.0	4633.2
272.5	4635.4
273.0	4637.8
273.5	4643.8
274.0	4647.8
274.5	4651.4
275.0	4653.4
275.5	4656.4
276.0	4660.4
276.5	4665.2
277.0	4672.4
277.5	4676.4
278.0	4685.0
278.5	4687.2
279.0	4689.2
279.5	4695.0
280.0	4696.8
280.5	4699.6
281.0	4704.0
281.5	4708.8
282.0	4711.8
282.5	4713.2
283.0	4716.6
283.5	4721.8
284.0	4729.8
284.5	4737.2
285.0	4740.4
285.5	4741.4
286.0	4743.0
286.5	4745.6
287.0	4744.6
287.5	4746.8
288.0	4751.6
288.5	4757.4
289.0	4757.6
289.5	4762.6
290.0	4762.6
290.5	4769.0
291.0	4774.6
291.5	4779.6
292.0	4781.0
292.5	4784.8
293.0	4789.4
293.5	4796.6
294.0	4804.6
294.5	4807.6
295.0	4812.2
295.5	4812.2
296.0	4816.0
296.5	4822.0
297.0	4825.6
297.5	4832.4
298.0	4835.6
298.5	4843.0
299.0	4848.2
299.5	4855.0
300.0	4859.6
