0.0047952	0.18
0.0	0.0
0.5	0.0
1.0	0.4
1.5	1.2
2.0	2.8
2.5	4.8
3.0	6.4
3.5	8.4
4.0	13.0
4.5	20.4
5.0	27.0
5.5	34.0
6.0	41.0
6.5	51.6
7.0	62.8
7.5	70.8
8.0	83.0
8.5	96.4
9.0	108.0
9.5	119.6
10.0	132.4
10.5	148.0
11.0	160.6
11.5	176.4
12.0	192.2
12.5	208.8
13.0	224.6
13.5	239.4
14.0	257.8
14.5	277.2
15.0	294.4
15.5	310.6
16.0	329.6
16.5	345.6
17.0	362.0
17.5	379.8
18.0	399.4
18.5	415.8
19.0	437.6
19.5	460.2
20.0	479.6
20.5	499.8
21.0	520.0
21.5	540.2
22.0	564.2
22.5	582.8
23.0	602.8
23.5	625.6
24.0	650.2
24.5	670.0
25.0	693.4
25.5	714.0
26.0	738.0
26.5	759.2
27.0	776.8
27.5	797.4
28.0	817.2
28.5	835.6
29.0	858.8
29.5	877.2
30.0	897.0
30.5	921.0
31.0	943.4
31.5	962.6
32.0	983.8
32.5	1005.0
33.0	1025.6
33.5	1043.4
34.0	1061.0
34.5	1081.6
35.0	1100.8
35.5	1120.2
36.0	1139.6
36.5	1160.6
37.0	1181.2
37.5	1200.0
38.0	1218.4
38.5	1235.2
39.0	1254.0
39.5	1270.2
40.0	1292.4
40.5	1309.6
41.0	1325.6
41.5	1345.0
42.0	1360.8
42.5	1373.2
43.0	1394.2
43.5	1412.6
44.0	1427.8
44.5	1444.6
45.0	1462.4
45.5	1481.8
46.0	1497.6
46.5	1514.8
47.0	1530.8
47.5	1543.6
48.0	1559.6
48.5	1576.4
49.0	1594.2
49.5	1611.0
50.0	1625.6
50.5	1644.8
51.0	1665.4
51.5	1684.4
52.0	1700.0
52.5	1717.8
53.0	1731.4
53.5	1751.2
54.0	1771.0
54.5	1782.4
55.0	1801.0
55.5	1815.6
56.0	1825.8
56.5	1842.0
57.0	1855.6
57.5	1867.6
58.0	1879.2
58.5	1890.2
59.0	1911.6
59.5	1924.6
60.0	1940.2
60.5	1949.4
61.0	1960.6
61.5	1974.0
62.0	1989.2
62.5	2003.6
63.0	2019.2
63.5	2030.0
64.0	2038.8
64.5	2049.6
65.0	2065.6
65.5	2072.0
66.0	2083.8
66.5	2093.4
67.0	2107.2
67.5	2119.2
68.0	2132.0
68.5	2144.0
69.0	2155.4
69.5	2162.0
70.0	2173.2
70.5	2187.8
71.0	2198.4
71.5	2206.2
72.0	2217.8
72.5	2230.6
73.0	2246.8
73.5	2258.2
74.0	2267.8
74.5	2280.4
75.0	2291.2
75.5	2302.4
76.0	2307.6
76.5	2321.4
77.0	2332.2
77.5	2339.2
78.0	2348.0
78.5	2356.2
79.0	2373.2
79.5	2383.4
80.0	2391.0
80.5	2399.6
81.0	2406.0
81.5	2414.8
82.0	2417.0
82.5	2428.2
83.0	2435.8
83.5	2444.8
84.0	2453.2
84.5	2462.6
85.0	2475.6
85.5	2487.2
86.0	2499.2
86.5	2511.4
87.0	2522.2
87.5	2531.4
88.0	2535.8
88.5	2553.8
89.0	2566.4
89.5	2571.4
90.0	2579.0
90.5	2588.2
91.0	2593.6
91.5	2596.0
92.0	2603.8
92.5	2611.0
93.0	2621.2
93.5	2627.6
94.0	2631.4
94.5	2640.2
95.0	2648.6
95.5	2657.8
96.0	2672.8
96.5	2682.0
97.0	2691.4
97.5	2701.4
98.0	2713.4
98.5	2718.4
99.0	2730.6
99.5	2735.0
100.0	2742.2
100.5	2744.8
101.0	2752.6
101.5	2761.0
102.0	2768.0
102.5	2776.6
103.0	2784.0
103.5	2794.4
104.0	2803.6
104.5	2810.4
105.0	2819.2
105.5	2832.4
106.0	2837.2
106.5	2840.2
107.0	2847.4
107.5	2855.0
108.0	2866.4
108.5	2875.2
109.0	2880.0
109.5	2888.6
110.0	2896.2
110.5	2904.4
111.0	2908.4
111.5	2916.6
112.0	2924.0
112.5	2931.8
113.0	2938.6
113.5	2946.0
114.0	2955.4
114.5	2965.2
115.0	2973.0
115.5	2984.4
116.0	2994.6
116.5	3005.2
117.0	3015.0
117.5	3018.8
118.0	3025.4
118.5	3031.6
119.0	3041.0
119.5	3048.4
120.0	3050.0
120.5	3057.2
121.0	3067.8
121.5	3078.6
122.0	3085.0
122.5	3094.0
123.0	3104.4
123.5	3114.4
124.0	3121.8
124.5	3124.4
125.0	3133.4
125.5	3139.6
126.0	3149.2
126.5	3153.8
127.0	3163.4
127.5	3169.8
128.0	3176.0
128.5	3179.6
129.0	3187.4
129.5	3194.4
130.0	3203.8
130.5	3207.4
131.0	3216.2
131.5	3219.0
132.0	3224.4
132.5	3233.6
133.0	3240.6
133.5	3248.4
134.0	3257.0
134.5	3262.6
135.0	3270.4
135.5	3280.8
136.0	3288.0
136.5	3298.6
137.0	3306.0
137.5	3309.8
138.0	3317.6
138.5	3326.0
139.0	3331.2
139.5	3338.2
140.0	3347.6
140.5	3355.0
141.0	3365.4
141.5	3369.8
142.0	3376.6
142.5	3383.4
143.0	3390.2
143.5	3392.2
144.0	3403.4
144.5	3412.2
145.0	3420.6
145.5	3427.6
146.0	3430.4
146.5	3438.0
147.0	3443.6
147.5	3446.6
148.0	3454.2
148.5	3458.8
149.0	3459.2
149.5	3463.8
150.0	3468.8
150.5	3471.4
151.0	3474.2
151.5	3478.6
152.0	3483.8
152.5	3487.0
153.0	3491.0
153.5	3495.2
154.0	3501.8
154.5	3509.6
155.0	3515.8
155.5	3519.8
156.0	3528.8
156.5	3539.0
157.0	3546.8
157.5	3554.4
158.0	3563.6
158.5	3571.4
159.0	3578.0
159.5	3583.8
160.0	3589.8
160.5	3595.0
161.0	3598.2
161.5	3606.2
162.0	3610.4
162.5	3618.4
163.0	3621.4
163.5	3626.0
164.0	3635.8
164.5	3641.4
165.0	3642.0
165.5	3651.4
166.0	3655.8
166.5	3661.2
167.0	3666.6
167.5	3671.0
168.0	3676.6
168.5	3684.8
169.0	3687.0
169.5	3692.2
170.0	3698.8
170.5	3705.4
171.0	3713.6
171.5	3714.8
172.0	3717.0
172.5	3726.0
173.0	3730.2
173.5	3734.4
174.0	3740.8
174.5	3749.2
175.0	3753.8
175.5	3756.6
176.0	3765.6
176.5	3766.4
177.0	3771.8
177.5	3777.0
178.0	3784.0
178.5	3788.2
179.0	3794.6
179.5	3797.4
180.0	3806.2
180.5	3814.0
181.0	3821.8
181.5	3827.4
182.0	3832.8
182.5	3840.4
183.0	3843.2
183.5	3848.6
184.0	3849.4
184.5	3851.4
185.0	3857.8
185.5	3865.2
186.0	3869.8
186.5	3878.2
187.0	3882.8
187.5	3886.2
188.0	3889.8
188.5	3891.8
189.0	3895.4
189.5	3895.2
190.0	3900.2
190.5	3904.8
191.0	3911.2
191.5	3914.0
192.0	3918.8
192.5	3925.4
193.0	3929.8
193.5	3935.4
194.0	3941.0
194.5	3946.0
195.0	3950.6
195.5	3956.8
196.0	3962.4
196.5	3966.6
197.0	3968.6
197.5	3976.6
198.0	3981.2
198.5	3986.0
199.0	3991.0
199.5	3994.0
200.0	4002.4
200.5	4008.8
201.0	4016.6
201.5	4019.4
202.0	4025.6
202.5	4029.8
203.0	4033.0
203.5	4037.4
204.0	4039.0
204.5	4046.2
205.0	4049.8
205.5	4054.8
206.0	4060.8
206.5	4059.4
207.0	4060.2
207.5	4066.2
208.0	4071.2
208.5	4076.6
209.0	4079.0
209.5	4081.4
210.0	4083.6
210.5	4084.6
211.0	4092.0
211.5	4096.2
212.0	4102.8
212.5	4108.6
213.0	4111.4
213.5	4115.6
214.0	4123.8
214.5	4129.0
215.0	4136.6
215.5	4141.8
216.0	4146.4
216.5	4151.6
217.0	4155.0
217.5	4160.0
218.0	4164.6
218.5	4166.4
219.0	4170.0
219.5	4173.2
220.0	4173.6
220.5	4177.6
221.0	4182.8
221.5	4184.8
222.0	4191.0
222.5	4196.4
223.0	4201.6
223.5	4202.6
224.0	4209.8
224.5	4217.4
225.0	4221.8
225.5	4221.0
226.0	4223.4
226.5	4230.2
227.0	4233.0
227.5	4238.4
228.0	4239.0
228.5	4242.8
229.0	4246.6
229.5	4249.8
230.0	4255.8
230.5	4259.8
231.0	4265.6
231.5	4271.2
232.0	4276.6
232.5	4282.4
233.0	4285.0
233.5	4288.6
234.0	4295.6
234.5	4302.8
235.0	4304.4
235.5	4305.8
236.0	4310.0
236.5	4314.4
237.0	4317.8
237.5	4325.0
238.0	4330.0
238.5	4335.2
239.0	4335.0
239.5	4338.8
240.0	4339.0
240.5	4345.8
241.0	4347.0
241.5	4351.0
242.0	4358.8
242.5	4366.6
243.0	4369.2
243.5	4371.6
244.0	4373.8
244.5	4379.4
245.0	4384.2
245.5	4391.8
246.0	4395.8
246.5	4403.0
247.0	4409.6
247.5	4418.6
248.0	4421.8
248.5	4429.6
249.0	4436.2
249.5	4441.8
250.0	4449.2
250.5	4446.8
251.0	4453.0
251.5	4458.8
252.0	4462.2
252.5	4465.6
253.0	4473.6
253.5	4481.4
254.0	4489.2
254.5	4494.2
255.0	4501.4
255.5	4500.0
256.0	4506.6
256.5	4514.6
257.0	4520.2
257.5	4522.2
258.0	4525.0
258.5	4525.0
259.0	4528.4
259.5	4536.2
260.0	4536.8
260.5	4542.0
261.0	4545.2
261.5	4551.2
262.0	4553.8
262.5	4556.2
263.0	4560.4
263.5	4561.6
264.0	4565.4
264.5	4566.4
265.0	4567.0
265.5	4571.2
266.0	4576.0
266.5	4578.4
267.0	4589.0
267.5	4591.2
268.0	4595.2
268.5	4597.0
269.0	4599.4
269.5	4603.2
270.0	4604.4
270.5	4615.4
271.0	4617.4
271.5	4623.2
272.0	4626.4
272.5	4625.6
273.0	4624.2
273.5	4629.0
274.0	4632.2
274.5	4638.2
275.0	4644.4
275.5	4648.4
276.0	4646.6
276.5	4650.4
277.0	4655.8
277.5	4664.6
278.0	4668.2
278.5	4673.2
279.0	4672.8
279.5	4679.4
280.0	4679.0
280.5	4685.4
281.0	4689.0
281.5	4695.4
282.0	4695.2
282.5	4702.0
283.0	4702.8
283.5	4708.4
284.0	4709.4
284.5	4712.8
285.0	4718.0
285.5	4719.4
286.0	4724.2
286.5	4727.2
287.0	4729.4
287.5	4734.6
288.0	4739.8
288.5	4750.4
289.0	4757.4
289.5	4757.4
290.0	4760.8
290.5	4765.2
291.0	4765.8
291.5	4771.8
292.0	4771.8
292.5	4774.6
293.0	4779.2
293.5	4782.4
294.0	4783.8
294.5	4784.2
295.0	4787.6
295.5	4791.6
296.0	4801.0
296.5	4806.2
297.0	4807.8
297.5	4815.2
298.0	4820.0
298.5	4818.0
299.0	4823.6
299.5	4829.2
300.0	4836.6
