0.006993	4.68
0.0	0.0
0.5	0.2
1.0	0.6
1.5	1.8
2.0	3.2
2.5	5.4
3.0	9.2
3.5	13.6
4.0	17.6
4.5	22.8
5.0	30.2
5.5	38.0
6.0	48.4
6.5	56.4
7.0	64.4
7.5	74.6
8.0	86.0
8.5	99.4
9.0	115.2
9.5	127.6
10.0	141.2
10.5	160.8
11.0	178.0
11.5	197.8
12.0	213.8
12.5	229.2
13.0	248.4
13.5	264.6
14.0	284.0
14.5	300.8
15.0	319.6
15.5	339.4
16.0	362.8
16.5	381.8
17.0	402.0
17.5	419.4
18.0	439.4
18.5	460.6
19.0	477.0
19.5	494.4
20.0	515.0
20.5	534.8
21.0	555.8
21.5	574.8
22.0	593.0
22.5	613.4
23.0	635.0
23.5	663.2
24.0	688.0
24.5	704.0
25.0	720.4
25.5	740.6
26.0	762.0
26.5	784.2
27.0	804.6
27.5	828.4
28.0	849.2
28.5	868.4
29.0	890.6
29.5	914.2
30.0	936.2
30.5	957.6
31.0	980.2
31.5	998.4
32.0	1018.0
32.5	1036.0
33.0	1054.0
33.5	1073.2
34.0	1091.2
34.5	1111.8
35.0	1134.0
35.5	1154.0
36.0	1172.8
36.5	1193.6
37.0	1214.4
37.5	1233.0
38.0	1252.4
38.5	1267.0
39.0	1283.4
39.5	1304.6
40.0	1324.0
40.5	1339.2
41.0	1355.4
41.5	1377.2
42.0	1395.2
42.5	1406.0
43.0	1426.8
43.5	1444.4
44.0	1463.0
44.5	1478.6
45.0	1496.6
45.5	1513.0
46.0	1528.8
46.5	1547.0
47.0	1564.6
47.5	1583.4
48.0	1598.4
48.5	1618.4
49.0	1635.6
49.5	1650.4
50.0	1670.2
50.5	1688.0
51.0	1701.0
51.5	1718.6
52.0	1734.0
52.5	1750.4
53.0	1766.0
53.5	1782.8
54.0	1800.6
54.5	1814.4
55.0	1827.4
55.5	1845.8
56.0	1860.2
56.5	1879.2
57.0	1896.6
57.5	1911.2
58.0	1925.4
58.5	1938.2
59.0	1950.0
59.5	1963.2
60.0	1976.2
60.5	1990.6
61.0	2004.6
61.5	2017.2
62.0	2032.8
62.5	2045.4
63.0	2060.4
63.5	2077.6
64.0	2090.8
64.5	2103.4
65.0	2116.8
65.5	2125.0
66.0	2135.6
66.5	2146.8
67.0	2159.4
67.5	2170.6
68.0	2180.6
68.5	2196.6
69.0	2204.0
69.5	2216.0
70.0	2230.4
70.5	2245.8
71.0	2254.2
71.5	2262.4
72.0	2272.4
72.5	2284.8
73.0	2296.8
73.5	2305.6
74.0	2316.8
74.5	2324.6
75.0	2331.2
75.5	2341.8
76.0	2349.0
76.5	2360.6
77.0	2370.2
77.5	2377.6
78.0	2391.2
78.5	2403.6
79.0	2415.4
79.5	2425.8
80.0	2438.8
80.5	2452.0
81.0	2463.4
81.5	2473.2
82.0	2483.2
82.5	2494.6
83.0	2508.0
83.5	2517.6
84.0	2534.0
84.5	2544.4
85.0	2556.0
85.5	2563.2
86.0	2572.6
86.5	2577.2
87.0	2586.2
87.5	2595.4
88.0	2612.8
88.5	2624.2
89.0	2633.0
89.5	2644.4
90.0	2653.4
90.5	2665.0
91.0	2673.0
91.5	2681.8
92.0	2692.2
92.5	2698.0
93.0	2708.2
93.5	2715.0
94.0	2728.0
94.5	2741.2
95.0	2749.8
95.5	2758.8
96.0	2767.2
96.5	2778.4
97.0	2783.4
97.5	2787.8
98.0	2795.4
98.5	2807.2
99.0	2816.4
99.5	2826.4
100.0	2835.8
100.5	2844.2
101.0	2850.2
101.5	2860.4
102.0	2869.8
102.5	2879.4
103.0	2882.8
103.5	2890.8
104.0	2898.0
104.5	2906.8
105.0	2916.8
105.5	2924.2
106.0	2935.2
106.5	2946.2
107.0	2955.8
107.5	2971.0
108.0	2976.8
108.5	2985.2
109.0	2989.8
109.5	2998.6
110.0	3006.0
110.5	3014.0
111.0	3017.8
111.5	3024.4
112.0	3027.8
112.5	3038.2
113.0	3047.0
113.5	3057.0
114.0	3064.2
114.5	3073.0
115.0	3083.0
115.5	3089.2
116.0	3096.6
116.5	3105.4
117.0	3110.0
117.5	3112.2
118.0	3114.0
118.5	3122.2
119.0	3129.4
119.5	3137.6
120.0	3140.2
120.5	3151.4
121.0	3156.4
121.5	3162.4
122.0	3171.6
122.5	3178.8
123.0	3186.8
123.5	3195.6
124.0	3199.4
124.5	3206.8
125.0	3213.2
125.5	3218.8
126.0	3226.4
126.5	3231.0
127.0	3238.0
127.5	3241.0
128.0	3248.4
128.5	3254.0
129.0	3263.0
129.5	3266.6
130.0	3274.6
130.5	3281.4
131.0	3287.6
131.5	3296.8
132.0	3306.2
132.5	3313.0
133.0	3320.4
133.5	3329.0
134.0	3336.6
134.5	3343.6
135.0	3350.4
135.5	3356.6
136.0	3364.6
136.5	3372.2
137.0	3374.6
137.5	3381.6
138.0	3385.4
138.5	3389.6
139.0	3386.4
139.5	3396.4
140.0	3398.8
140.5	3399.4
141.0	3406.0
141.5	3413.6
142.0	3420.4
142.5	3425.0
143.0	3433.2
143.5	3433.6
144.0	3435.6
144.5	3440.4
145.0	3447.0
145.5	3450.6
146.0	3458.2
146.5	3467.0
147.0	3471.4
147.5	3480.8
148.0	3488.2
148.5	3494.4
149.0	3503.2
149.5	3513.6
150.0	3521.2
150.5	3525.4
151.0	3529.4
151.5	3539.6
152.0	3550.4
152.5	3554.8
153.0	3559.0
153.5	3566.6
154.0	3573.8
154.5	3583.0
155.0	3587.8
155.5	3593.0
156.0	3600.0
156.5	3605.6
157.0	3612.6
157.5	3616.8
158.0	3619.6
158.5	3630.6
159.0	3640.2
159.5	3644.0
160.0	3651.6
160.5	3659.2
161.0	3666.0
161.5	3668.2
162.0	3675.8
162.5	3685.6
163.0	3688.2
163.5	3694.2
164.0	3701.2
164.5	3704.6
165.0	3710.0
165.5	3716.0
166.0	3724.0
166.5	3725.8
167.0	3732.6
167.5	3744.0
168.0	3745.4
168.5	3747.6
169.0	3753.8
169.5	3760.8
170.0	3767.0
170.5	3771.8
171.0	3777.4
171.5	3786.4
172.0	3793.4
172.5	3800.8
173.0	3806.0
173.5	3810.8
174.0	3817.8
174.5	3823.0
175.0	3826.0
175.5	3831.8
176.0	3834.8
176.5	3840.2
177.0	3846.4
177.5	3852.8
178.0	3857.4
178.5	3862.8
179.0	3872.2
179.5	3873.8
180.0	3876.8
180.5	3883.0
181.0	3883.6
181.5	3889.6
182.0	3893.6
182.5	3897.0
183.0	3903.2
183.5	3908.6
184.0	3914.6
184.5	3919.6
185.0	3924.8
185.5	3931.2
186.0	3933.6
186.5	3941.6
187.0	3949.4
187.5	3958.2
188.0	3966.0
188.5	3974.2
189.0	3978.6
189.5	3982.2
190.0	3984.6
190.5	3992.4
191.0	3995.0
191.5	4002.2
192.0	4006.6
192.5	4013.4
193.0	4020.8
193.5	4026.0
194.0	4025.8
194.5	4031.4
195.0	4032.6
195.5	4039.6
196.0	4046.0
196.5	4051.4
197.0	4057.4
197.5	4061.0
198.0	4062.6
198.5	4067.0
199.0	4074.2
199.5	4081.6
200.0	4089.2
200.5	4091.0
201.0	4097.0
201.5	4100.6
202.0	4108.0
202.5	4112.0
203.0	4117.6
203.5	4118.8
204.0	4124.4
204.5	4126.2
205.0	4129.6
205.5	4130.6
206.0	4136.6
206.5	4141.4
207.0	4147.0
207.5	4148.6
208.0	4153.8
208.5	4161.8
209.0	4167.0
209.5	4172.0
210.0	4175.6
210.5	4178.6
211.0	4180.4
211.5	4187.2
212.0	4189.6
212.5	4195.8
213.0	4202.4
213.5	4210.0
214.0	4212.2
214.5	4220.0
215.0	4228.0
215.5	4236.0
216.0	4243.0
216.5	4246.4
217.0	4253.2
217.5	4259.0
218.0	4262.2
218.5	4261.6
219.0	4264.8
219.5	4272.4
220.0	4281.0
220.5	4286.2
221.0	4288.4
221.5	4298.2
222.0	4303.6
222.5	4309.6
223.0	4312.0
223.5	4313.8
224.0	4318.6
224.5	4324.8
225.0	4332.0
225.5	4336.8
226.0	4343.0
226.5	4345.8
227.0	4352.2
227.5	4356.0
228.0	4364.8
228.5	4370.4
229.0	4376.4
229.5	4379.6
230.0	4382.8
230.5	4386.2
231.0	4386.4
231.5	4390.2
232.0	4393.8
232.5	4400.2
233.0	4403.0
233.5	4409.6
234.0	4408.6
234.5	4413.0
235.0	4424.6
235.5	4426.0
236.0	4430.0
236.5	4433.0
237.0	4444.0
237.5	4449.2
238.0	4456.0
238.5	4457.8
239.0	4465.4
239.5	4470.2
240.0	4472.2
240.5	4474.4
241.0	4474.8
241.5	4479.0
242.0	4488.0
242.5	4496.2
243.0	4502.4
243.5	4510.4
244.0	4512.0
244.5	4511.2
245.0	4519.8
245.5	4520.4
246.0	4522.4
246.5	4527.2
247.0	4525.2
247.5	4530.2
248.0	4534.6
248.5	4537.2
249.0	4542.4
249.5	4548.0
250.0	4555.8
250.5	4564.4
251.0	4571.8
251.5	4577.4
252.0	4583.4
252.5	4584.8
253.0	4588.6
253.5	4591.2
254.0	4597.2
254.5	4599.0
255.0	4604.0
255.5	4604.8
256.0	4613.2
256.5	4619.6
257.0	4626.0
257.5	4626.0
258.0	4634.0
258.5	4635.4
259.0	4639.4
259.5	4644.2
260.0	4645.8
260.5	4656.6
261.0	4663.4
261.5	4665.8
262.0	4669.4
262.5	4678.6
263.0	4682.2
263.5	4687.2
264.0	4691.6
264.5	4696.6
265.0	4701.6
265.5	4708.4
266.0	4709.0
266.5	4712.2
267.0	4717.4
267.5	4720.2
268.0	4723.2
268.5	4725.4
269.0	4729.2
269.5	4737.6
270.0	4743.8
270.5	4747.8
271.0	4755.2
271.5	4762.2
272.0	4767.2
272.5	4771.6
273.0	4775.6
273.5	4781.8
274.0	4785.4
274.5	4790.2
275.0	4796.6
275.5	4804.8
276.0	4808.6
276.5	4812.8
277.0	4816.0
277.5	4818.2
278.0	4819.0
278.5	4824.4
279.0	4829.2
279.5	4831.8
280.0	4835.2
280.5	4835.8
281.0	4841.6
281.5	4841.4
282.0	4842.0
282.5	4842.2
283.0	4846.0
283.5	4847.0
284.0	4854.2
284.5	4855.0
285.0	4861.0
285.5	4864.4
286.0	4868.8
286.5	4875.8
287.0	4875.6
287.5	4883.8
288.0	4885.6
288.5	4889.8
289.0	4893.2
289.5	4895.8
290.0	4899.6
290.5	4904.2
291.0	4906.0
291.5	4910.6
292.0	4915.0
292.5	4918.4
293.0	4920.6
293.5	4929.2
294.0	4934.4
294.5	4938.2
295.0	4946.2
295.5	4949.6
296.0	4953.2
296.5	4957.6
297.0	4960.0
297.5	4958.4
298.0	4962.4
298.5	4968.2
299.0	4969.4
299.5	4972.8
300.0	4974.6
