0.0037962	7.92
0.0	0.0
0.5	0.0
1.0	0.0
1.5	0.4
2.0	1.6
2.5	2.8
3.0	4.6
3.5	7.0
4.0	9.8
4.5	13.6
5.0	18.6
5.5	22.6
6.0	31.8
6.5	36.4
7.0	45.0
7.5	55.2
8.0	63.8
8.5	71.8
9.0	80.2
9.5	89.8
10.0	103.4
10.5	115.4
11.0	124.4
11.5	136.6
12.0	151.0
12.5	165.8
13.0	180.2
13.5	192.8
14.0	206.2
14.5	223.4
15.0	241.8
15.5	258.6
16.0	277.8
16.5	295.6
17.0	313.6
17.5	332.4
18.0	351.6
18.5	370.4
19.0	387.4
19.5	404.8
20.0	426.0
20.5	446.2
21.0	467.0
21.5	486.2
22.0	503.6
22.5	524.8
23.0	544.0
23.5	563.2
24.0	580.0
24.5	598.2
25.0	616.0
25.5	637.2
26.0	655.4
26.5	673.4
27.0	693.0
27.5	711.4
28.0	732.2
28.5	750.6
29.0	771.6
29.5	793.2
30.0	810.8
30.5	833.4
31.0	852.0
31.5	871.4
32.0	889.8
32.5	907.4
33.0	928.8
33.5	948.6
34.0	970.0
34.5	990.6
35.0	1012.2
35.5	1031.2
36.0	1052.0
36.5	1070.8
37.0	1088.2
37.5	1104.8
38.0	1125.8
38.5	1145.0
39.0	1163.8
39.5	1179.6
40.0	1198.4
40.5	1217.2
41.0	1236.4
41.5	1255.0
42.0	1273.0
42.5	1296.6
43.0	1315.8
43.5	1333.0
44.0	1354.2
44.5	1370.4
45.0	1386.4
45.5	1405.0
46.0	1420.6
46.5	1437.6
47.0	1457.4
47.5	1471.4
48.0	1493.8
48.5	1514.4
49.0	1529.0
49.5	1547.0
50.0	1564.4
50.5	1579.0
51.0	1595.0
51.5	1612.8
52.0	1624.0
52.5	1638.6
53.0	1653.4
53.5	1666.4
54.0	1681.2
54.5	1695.0
55.0	1715.2
55.5	1727.6
56.0	1735.2
56.5	1754.6
57.0	1769.0
57.5	1784.6
58.0	1800.8
58.5	1813.8
59.0	1828.6
59.5	1840.8
60.0	1851.6
60.5	1863.8
61.0	1877.4
61.5	1891.6
62.0	1906.2
62.5	1920.8
63.0	1934.2
63.5	1945.2
64.0	1959.0
64.5	1974.6
65.0	1984.2
65.5	1998.8
66.0	2013.2
66.5	2027.0
67.0	2044.4
67.5	2056.4
68.0	2067.6
68.5	2079.4
69.0	2094.4
69.5	2108.0
70.0	2121.2
70.5	2133.4
71.0	2148.2
71.5	2160.4
72.0	2172.2
72.5	2184.2
73.0	2193.8
73.5	2207.8
74.0	2215.2
74.5	2221.6
75.0	2230.6
75.5	2241.2
76.0	2254.8
76.5	2266.2
77.0	2276.8
77.5	2287.2
78.0	2295.4
78.5	2301.8
79.0	2311.2
79.5	2322.8
80.0	2328.6
80.5	2341.4
81.0	2347.6
81.5	2356.4
82.0	2364.8
82.5	2370.6
83.0	2383.4
83.5	2393.8
84.0	2405.2
84.5	2416.2
85.0	2427.6
85.5	2436.0
86.0	2447.8
86.5	2460.0
87.0	2467.6
87.5	2477.8
88.0	2487.2
88.5	2495.0
89.0	2506.2
89.5	2514.4
90.0	2523.8
90.5	2536.0
91.0	2544.6
91.5	2552.8
92.0	2559.0
92.5	2570.4
93.0	2578.4
93.5	2587.4
94.0	2592.8
94.5	2598.6
95.0	2608.0
95.5	2621.8
96.0	2630.8
96.5	2640.8
97.0	2649.4
97.5	2655.6
98.0	2665.4
98.5	2676.0
99.0	2681.2
99.5	2691.0
100.0	2699.4
100.5	2709.4
101.0	2717.0
101.5	2724.6
102.0	2736.0
102.5	2738.4
103.0	2745.2
103.5	2751.2
104.0	2759.2
104.5	2769.2
105.0	2780.2
105.5	2794.0
106.0	2801.0
106.5	2810.6
107.0	2817.0
107.5	2827.0
108.0	2831.2
108.5	2836.2
109.0	2845.0
109.5	2853.8
110.0	2864.2
110.5	2869.2
111.0	2879.8
111.5	2883.4
112.0	2890.8
112.5	2895.0
113.0	2899.2
113.5	2904.6
114.0	2912.0
114.5	2916.6
115.0	2923.2
115.5	2933.8
116.0	2944.2
116.5	2952.0
117.0	2960.0
117.5	2968.0
118.0	2975.8
118.5	2984.2
119.0	2993.6
119.5	3000.2
120.0	3012.8
120.5	3015.0
121.0	3022.8
121.5	3027.6
122.0	3035.4
122.5	3041.8
123.0	3051.4
123.5	3059.8
124.0	3070.4
124.5	3080.2
125.0	3081.8
125.5	3087.8
126.0	3098.2
126.5	3103.8
127.0	3112.4
127.5	3120.2
128.0	3130.2
128.5	3133.6
129.0	3138.8
129.5	3145.4
130.0	3154.4
130.5	3160.8
131.0	3168.2
131.5	3174.8
132.0	3177.6
132.5	3185.0
133.0	3193.4
133.5	3200.6
134.0	3208.4
134.5	3214.8
135.0	3220.4
135.5	3228.0
136.0	3235.2
136.5	3241.0
137.0	3242.8
137.5	3246.4
138.0	3259.0
138.5	3265.2
139.0	3272.2
139.5	3280.6
140.0	3286.8
140.5	3295.4
141.0	3302.0
141.5	3311.0
142.0	3316.2
142.5	3322.6
143.0	3329.2
143.5	3335.0
144.0	3339.6
144.5	3348.0
145.0	3354.0
145.5	3361.6
146.0	3366.6
146.5	3370.6
147.0	3377.6
147.5	3383.6
148.0	3391.8
148.5	3395.4
149.0	3402.2
149.5	3406.8
150.0	3408.2
150.5	3411.2
151.0	3416.4
151.5	3421.8
152.0	3429.2
152.5	3435.4
153.0	3441.4
153.5	3442.6
154.0	3453.6
154.5	3461.2
155.0	3468.8
155.5	3479.0
156.0	3485.8
156.5	3489.4
157.0	3493.4
157.5	3499.0
158.0	3501.4
158.5	3508.0
159.0	3514.4
159.5	3519.4
160.0	3525.4
160.5	3532.4
161.0	3539.2
161.5	3549.8
162.0	3559.0
162.5	3567.0
163.0	3571.2
163.5	3575.4
164.0	3583.8
164.5	3590.4
165.0	3594.4
165.5	3600.6
166.0	3605.4
166.5	3607.8
167.0	3612.4
167.5	3616.6
168.0	3619.8
168.5	3628.2
169.0	3632.2
169.5	3636.8
170.0	3646.0
170.5	3649.8
171.0	3654.8
171.5	3659.6
172.0	3664.6
172.5	3671.0
173.0	3682.8
173.5	3690.4
174.0	3698.4
174.5	3704.8
175.0	3711.6
175.5	3718.0
176.0	3721.8
176.5	3727.8
177.0	3732.6
177.5	3741.0
178.0	3742.8
178.5	3748.6
179.0	3755.0
179.5	3761.0
180.0	3766.2
180.5	3772.8
181.0	3776.6
181.5	3785.2
182.0	3787.6
182.5	3791.8
183.0	3803.2
183.5	3811.6
184.0	3810.6
184.5	3812.8
185.0	3817.0
185.5	3823.6
186.0	3827.4
186.5	3830.6
187.0	3835.8
187.5	3840.6
188.0	3846.2
188.5	3850.4
189.0	3856.0
189.5	3860.6
190.0	3865.8
190.5	3870.2
191.0	3874.8
191.5	3879.2
192.0	3886.8
192.5	3890.2
193.0	3895.6
193.5	3898.0
194.0	3900.4
194.5	3906.0
195.0	3908.8
195.5	3916.2
196.0	3923.8
196.5	3927.8
197.0	3926.6
197.5	3935.2
198.0	3942.6
198.5	3946.8
199.0	3953.4
199.5	3955.8
200.0	3961.2
200.5	3964.8
201.0	3970.4
201.5	3974.0
202.0	3977.4
202.5	3979.0
203.0	3982.0
203.5	3988.2
204.0	3992.2
204.5	3995.0
205.0	4002.6
205.5	4007.2
206.0	4011.4
206.5	4013.8
207.0	4013.0
207.5	4021.6
208.0	4020.6
208.5	4019.6
209.0	4026.0
209.5	4025.8
210.0	4024.4
210.5	4027.8
211.0	4030.2
211.5	4037.0
212.0	4037.8
212.5	4039.4
213.0	4042.2
213.5	4049.8
214.0	4053.8
214.5	4062.0
215.0	4064.8
215.5	4067.2
216.0	4074.0
216.5	4074.2
217.0	4082.0
217.5	4088.4
218.0	4091.4
218.5	4096.0
219.0	4093.4
219.5	4100.2
220.0	4104.2
220.5	4109.2
221.0	4115.2
221.5	4115.6
222.0	4120.0
222.5	4122.8
223.0	4129.8
223.5	4137.8
224.0	4144.0
224.5	4142.0
225.0	4145.6
225.5	4151.0
226.0	4157.6
226.5	4160.2
227.0	4163.8
227.5	4164.4
228.0	4167.8
228.5	4167.2
229.0	4177.4
229.5	4181.0
230.0	4186.4
230.5	4191.6
231.0	4200.2
231.5	4202.2
232.0	4202.8
232.5	4202.2
233.0	4207.0
233.5	4210.4
234.0	4211.6
234.5	4210.0
235.0	4214.8
235.5	4221.6
236.0	4228.0
236.5	4231.2
237.0	4235.8
237.5	4242.2
238.0	4246.2
238.5	4250.4
239.0	4251.0
239.5	4254.0
240.0	4262.0
240.5	4270.6
241.0	4277.2
241.5	4283.8
242.0	4290.2
242.5	4296.4
243.0	4302.6
243.5	4307.4
244.0	4307.0
244.5	4309.4
245.0	4314.0
245.5	4321.8
246.0	4329.6
246.5	4336.8
247.0	4341.6
247.5	4342.2
248.0	4349.8
248.5	4354.4
249.0	4357.6
249.5	4364.4
250.0	4372.8
250.5	4376.2
251.0	4381.8
251.5	4384.8
252.0	4388.4
252.5	4388.0
253.0	4393.8
253.5	4397.4
254.0	4401.2
254.5	4407.6
255.0	4413.0
255.5	4418.6
256.0	4423.8
256.5	4429.6
257.0	4435.2
257.5	4441.6
258.0	4446.2
258.5	4445.4
259.0	4448.8
259.5	4452.4
260.0	4453.4
260.5	4459.4
261.0	4464.8
261.5	4468.4
262.0	4473.6
262.5	4482.6
263.0	4490.4
263.5	4492.8
264.0	4500.2
264.5	4508.0
265.0	4511.4
265.5	4513.8
266.0	4520.2
266.5	4528.4
267.0	4532.6
267.5	4538.2
268.0	4537.8
268.5	4540.6
269.0	4543.2
269.5	4550.6
270.0	4556.2
270.5	4560.6
271.0	4562.8
271.5	4569.0
272.0	4573.8
272.5	4580.4
273.0	4582.4
273.5	4589.4
274.0	4593.6
274.5	4595.2
275.0	4605.4
275.5	4606.8
276.0	4613.8
276.5	4617.8
277.0	4623.8
277.5	4627.6
278.0	4633.6
278.5	4637.6
279.0	4637.8
279.5	4639.6
280.0	4644.4
280.5	4649.8
281.0	4652.2
281.5	4657.2
282.0	4661.6
282.5	4672.0
283.0	4677.6
283.5	4679.6
284.0	4678.2
284.5	4684.8
285.0	4686.6
285.5	4690.6
286.0	4692.2
286.5	4698.8
287.0	4704.6
287.5	4710.2
288.0	4715.2
288.5	4716.2
289.0	4722.0
289.5	4730.4
290.0	4733.4
290.5	4738.0
291.0	4743.2
291.5	4740.8
292.0	4742.4
292.5	4746.8
293.0	4751.8
293.5	4755.4
294.0	4758.6
294.5	4766.0
295.0	4775.8
295.5	4778.6
296.0	4784.2
296.5	4790.6
297.0	4793.4
297.5	4794.4
298.0	4795.4
298.5	4798.0
299.0	4802.2
299.5	4807.4
300.0	4814.8
