0.0007992	0.8999999999999999
0.0	0.0
0.5	0.0
1.0	0.0
1.5	0.4
2.0	0.4
2.5	0.6
3.0	1.8
3.5	2.4
4.0	3.6
4.5	5.4
5.0	6.6
5.5	9.0
6.0	10.4
6.5	13.8
7.0	17.0
7.5	20.2
8.0	23.2
8.5	26.8
9.0	32.2
9.5	36.2
10.0	40.8
10.5	46.6
11.0	51.8
11.5	55.4
12.0	62.6
12.5	67.0
13.0	74.6
13.5	80.2
14.0	87.6
14.5	94.8
15.0	101.0
15.5	112.2
16.0	120.6
16.5	131.8
17.0	140.6
17.5	152.0
18.0	161.6
18.5	173.6
19.0	186.4
19.5	196.4
20.0	206.0
20.5	214.8
21.0	226.8
21.5	236.6
22.0	248.2
22.5	260.4
23.0	271.2
23.5	285.2
24.0	299.6
24.5	311.6
25.0	323.8
25.5	335.2
26.0	347.4
26.5	362.4
27.0	377.0
27.5	392.6
28.0	409.6
28.5	424.2
29.0	437.6
29.5	456.0
30.0	467.8
30.5	479.6
31.0	493.0
31.5	506.6
32.0	522.0
32.5	531.2
33.0	543.8
33.5	560.0
34.0	574.4
34.5	590.0
35.0	605.4
35.5	626.8
36.0	643.6
36.5	656.0
37.0	670.0
37.5	680.8
38.0	693.4
38.5	709.2
39.0	724.0
39.5	738.8
40.0	753.8
40.5	768.2
41.0	783.2
41.5	796.8
42.0	811.4
42.5	828.0
43.0	842.2
43.5	859.2
44.0	874.0
44.5	887.8
45.0	905.4
45.5	916.6
46.0	930.4
46.5	948.6
47.0	963.4
47.5	977.6
48.0	994.4
48.5	1007.4
49.0	1020.4
49.5	1034.0
50.0	1049.0
50.5	1061.6
51.0	1076.0
51.5	1088.0
52.0	1102.4
52.5	1116.8
53.0	1133.4
53.5	1146.6
54.0	1163.2
54.5	1176.8
55.0	1191.2
55.5	1204.0
56.0	1218.6
56.5	1227.6
57.0	1242.6
57.5	1255.4
58.0	1271.8
58.5	1283.8
59.0	1299.4
59.5	1311.6
60.0	1325.8
60.5	1337.2
61.0	1350.2
61.5	1363.6
62.0	1377.6
62.5	1391.2
63.0	1401.6
63.5	1410.4
64.0	1419.0
64.5	1431.0
65.0	1439.0
65.5	1451.4
66.0	1462.8
66.5	1472.8
67.0	1484.4
67.5	1495.2
68.0	1505.2
68.5	1521.0
69.0	1530.6
69.5	1543.0
70.0	1557.4
70.5	1568.6
71.0	1580.2
71.5	1593.8
72.0	1608.0
72.5	1618.6
73.0	1629.8
73.5	1638.2
74.0	1648.6
74.5	1660.8
75.0	1673.0
75.5	1681.4
76.0	1691.4
76.5	1705.2
77.0	1716.4
77.5	1726.0
78.0	1737.4
78.5	1749.2
79.0	1760.8
79.5	1772.6
80.0	1783.0
80.5	1796.4
81.0	1808.4
81.5	1819.6
82.0	1830.0
82.5	1843.0
83.0	1851.4
83.5	1862.0
84.0	1873.8
84.5	1880.6
85.0	1889.6
85.5	1901.6
86.0	1911.6
86.5	1922.0
87.0	1935.0
87.5	1943.4
88.0	1953.2
88.5	1961.8
89.0	1972.8
89.5	1979.8
90.0	1988.8
90.5	1997.2
91.0	2005.6
91.5	2010.2
92.0	2020.4
92.5	2028.4
93.0	2042.2
93.5	2053.2
94.0	2061.4
94.5	2070.2
95.0	2079.4
95.5	2088.4
96.0	2097.2
96.5	2108.0
97.0	2115.2
97.5	2127.6
98.0	2137.8
98.5	2145.0
99.0	2154.0
99.5	2161.6
100.0	2169.4
100.5	2181.8
101.0	2192.0
101.5	2208.4
102.0	2215.8
102.5	2224.8
103.0	2230.8
103.5	2239.6
104.0	2250.0
104.5	2257.8
105.0	2265.2
105.5	2274.2
106.0	2285.0
106.5	2292.0
107.0	2300.4
107.5	2308.4
108.0	2316.0
108.5	2320.8
109.0	2327.0
109.5	2334.8
110.0	2344.8
110.5	2351.2
111.0	2360.8
111.5	2366.8
112.0	2370.8
112.5	2377.6
113.0	2387.0
113.5	2393.0
114.0	2401.6
114.5	2405.8
115.0	2413.6
115.5	2421.0
116.0	2427.4
116.5	2434.4
117.0	2440.0
117.5	2447.0
118.0	2451.0
118.5	2454.6
119.0	2462.2
119.5	2468.6
120.0	2478.0
120.5	2482.2
121.0	2489.0
121.5	2494.6
122.0	2499.6
122.5	2505.0
123.0	2509.6
123.5	2513.4
124.0	2518.6
124.5	2528.2
125.0	2533.8
125.5	2539.8
126.0	2542.2
126.5	2550.4
127.0	2555.6
127.5	2564.2
128.0	2571.4
128.5	2580.2
129.0	2586.6
129.5	2593.6
130.0	2599.6
130.5	2607.2
131.0	2612.2
131.5	2619.2
132.0	2624.6
132.5	2627.4
133.0	2630.6
133.5	2635.0
134.0	2639.4
134.5	2646.4
135.0	2651.8
135.5	2655.2
136.0	2664.2
136.5	2671.8
137.0	2675.8
137.5	2679.4
138.0	2684.6
138.5	2690.4
139.0	2694.2
139.5	2699.0
140.0	2702.2
140.5	2706.4
141.0	2712.8
141.5	2720.4
142.0	2731.2
142.5	2731.8
143.0	2737.8
143.5	2740.6
144.0	2748.6
144.5	2753.6
145.0	2765.0
145.5	2770.0
146.0	2771.8
146.5	2776.0
147.0	2782.4
147.5	2789.6
148.0	2791.6
148.5	2801.2
149.0	2808.6
149.5	2812.0
150.0	2819.4
150.5	2823.4
151.0	2828.4
151.5	2835.0
152.0	2842.4
152.5	2846.2
153.0	2849.4
153.5	2854.2
154.0	2858.2
154.5	2862.8
155.0	2868.2
155.5	2875.0
156.0	2884.6
156.5	2891.8
157.0	2897.6
157.5	2904.2
158.0	2906.0
158.5	2908.0
159.0	2911.4
159.5	2917.0
160.0	2920.4
160.5	2923.6
161.0	2928.6
161.5	2934.2
162.0	2943.8
162.5	2948.8
163.0	2951.8
163.5	2956.4
164.0	2963.4
164.5	2970.0
165.0	2972.4
165.5	2975.6
166.0	2981.0
166.5	2990.8
167.0	3000.8
167.5	3001.0
168.0	3009.0
168.5	3011.2
169.0	3018.4
169.5	3022.2
170.0	3030.2
170.5	3039.4
171.0	3047.2
171.5	3052.8
172.0	3061.4
172.5	3067.8
173.0	3074.8
173.5	3079.6
174.0	3084.4
174.5	3088.8
175.0	3095.6
175.5	3101.6
176.0	3108.8
176.5	3115.8
177.0	3120.4
177.5	3128.0
178.0	3134.8
178.5	3141.2
179.0	3142.0
179.5	3149.6
180.0	3150.8
180.5	3155.4
181.0	3161.4
181.5	3167.0
182.0	3171.8
182.5	3175.4
183.0	3176.2
183.5	3182.6
184.0	3189.4
184.5	3192.8
185.0	3202.6
185.5	3207.2
186.0	3211.6
186.5	3212.0
187.0	3214.8
187.5	3221.6
188.0	3226.0
188.5	3231.2
189.0	3235.4
189.5	3242.0
190.0	3247.4
190.5	3253.0
191.0	3255.4
191.5	3262.4
192.0	3265.2
192.5	3270.8
193.0	3275.8
193.5	3277.8
194.0	3282.2
194.5	3291.4
195.0	3293.8
195.5	3299.8
196.0	3305.6
196.5	3307.8
197.0	3311.6
197.5	3313.0
198.0	3320.2
198.5	3320.4
199.0	3323.4
199.5	3329.0
200.0	3334.0
200.5	3336.0
201.0	3340.2
201.5	3349.2
202.0	3354.6
202.5	3356.8
203.0	3363.4
203.5	3370.4
204.0	3376.0
204.5	3380.8
205.0	3387.6
205.5	3394.2
206.0	3398.0
206.5	3406.4
207.0	3413.2
207.5	3420.6
208.0	3421.2
208.5	3420.8
209.0	3425.6
209.5	3428.2
210.0	3431.6
210.5	3440.8
211.0	3445.6
211.5	3450.4
212.0	3453.8
212.5	3459.0
213.0	3461.2
213.5	3464.8
214.0	3470.8
214.5	3476.8
215.0	3483.6
215.5	3487.6
216.0	3490.6
216.5	3493.6
217.0	3496.0
217.5	3497.4
218.0	3497.6
218.5	3503.8
219.0	3507.2
219.5	3515.6
220.0	3519.6
220.5	3523.2
221.0	3527.8
221.5	3529.4
222.0	3534.6
222.5	3541.4
223.0	3545.6
223.5	3546.8
224.0	3553.4
224.5	3555.6
225.0	3561.4
225.5	3568.8
226.0	3571.4
226.5	3575.4
227.0	3573.8
227.5	3581.0
228.0	3582.8
228.5	3587.4
229.0	3590.2
229.5	3595.2
230.0	3595.2
230.5	3599.8
231.0	3599.8
231.5	3604.6
232.0	3605.4
232.5	3610.2
233.0	3614.4
233.5	3623.4
234.0	3625.2
234.5	3632.4
235.0	3640.2
235.5	3644.8
236.0	3645.4
236.5	3648.4
237.0	3650.0
237.5	3656.4
238.0	3662.8
238.5	3668.2
239.0	3669.6
239.5	3678.6
240.0	3683.8
240.5	3689.8
241.0	3693.0
241.5	3697.6
242.0	3701.8
242.5	3704.0
243.0	3704.6
243.5	3709.8
244.0	3714.4
244.5	3715.4
245.0	3720.6
245.5	3720.0
246.0	3724.4
246.5	3724.4
247.0	3726.6
247.5	3732.0
248.0	3734.6
248.5	3747.4
249.0	3752.4
249.5	3756.2
250.0	3759.4
250.5	3763.6
251.0	3771.4
251.5	3776.2
252.0	3779.6
252.5	3784.8
253.0	3787.8
253.5	3795.8
254.0	3799.0
254.5	3805.6
255.0	3811.4
255.5	3818.0
256.0	3823.6
256.5	3826.4
257.0	3827.8
257.5	3833.2
258.0	3839.2
258.5	3840.4
259.0	3845.4
259.5	3852.0
260.0	3855.4
260.5	3861.2
261.0	3865.4
261.5	3870.6
262.0	3875.0
262.5	3880.6
263.0	3887.4
263.5	3893.0
264.0	3891.2
264.5	3895.8
265.0	3900.0
265.5	3902.4
266.0	3905.8
266.5	3909.0
267.0	3911.0
267.5	3914.6
268.0	3917.8
268.5	3921.6
269.0	3927.0
269.5	3931.0
270.0	3934.2
270.5	3938.2
271.0	3940.2
271.5	3945.6
272.0	3954.4
272.5	3955.4
273.0	3963.4
273.5	3965.2
274.0	3969.4
274.5	3974.0
275.0	3980.6
275.5	3986.6
276.0	3987.8
276.5	3993.8
277.0	3997.2
277.5	4001.2
278.0	4004.4
278.5	4009.2
279.0	4012.2
279.5	4020.0
280.0	4020.8
280.5	4022.8
281.0	4024.4
281.5	4025.6
282.0	4027.6
282.5	4030.6
283.0	4036.4
283.5	4042.8
284.0	4047.0
284.5	4051.2
285.0	4059.4
285.5	4058.4
286.0	4063.6
286.5	4066.8
287.0	4070.8
287.5	4075.2
288.0	4075.8
288.5	4080.6
289.0	4081.8
289.5	4082.8
290.0	4086.4
290.5	4090.2
291.0	4094.6
291.5	4096.2
292.0	4096.6
292.5	4100.0
293.0	4102.2
293.5	4105.2
294.0	4107.0
294.5	4112.4
295.0	4115.0
295.5	4118.0
296.0	4125.2
296.5	4130.2
297.0	4131.4
297.5	4135.6
298.0	4137.6
298.5	4145.0
299.0	4149.2
299.5	4151.8
300.0	4156.6
