0.0087912	3.2399999999999998
0.0	0.0
0.5	0.2
1.0	0.8
1.5	1.2
2.0	3.2
2.5	6.0
3.0	9.4
3.5	13.8
4.0	18.6
4.5	23.6
5.0	32.0
5.5	39.0
6.0	49.4
6.5	59.0
7.0	73.0
7.5	82.4
8.0	93.2
8.5	105.8
9.0	120.4
9.5	135.0
10.0	152.4
10.5	165.6
11.0	181.0
11.5	199.6
12.0	212.4
12.5	229.0
13.0	244.8
13.5	264.6
14.0	282.6
14.5	304.6
15.0	326.0
15.5	345.0
16.0	362.4
16.5	381.2
17.0	402.6
17.5	424.8
18.0	446.8
18.5	472.8
19.0	495.4
19.5	516.0
20.0	537.4
20.5	560.4
21.0	583.8
21.5	605.0
22.0	623.2
22.5	647.4
23.0	667.0
23.5	686.6
24.0	709.4
24.5	732.4
25.0	753.2
25.5	773.6
26.0	793.0
26.5	813.8
27.0	836.4
27.5	856.4
28.0	881.2
28.5	901.4
29.0	920.8
29.5	944.0
30.0	962.4
30.5	984.4
31.0	1008.8
31.5	1029.4
32.0	1051.2
32.5	1069.6
33.0	1089.0
33.5	1108.8
34.0	1129.4
34.5	1150.4
35.0	1168.8
35.5	1189.4
36.0	1210.6
36.5	1232.4
37.0	1253.4
37.5	1275.0
38.0	1295.2
38.5	1314.0
39.0	1334.0
39.5	1357.0
40.0	1374.2
40.5	1392.2
41.0	1411.6
41.5	1428.8
42.0	1447.4
42.5	1467.0
43.0	1486.0
43.5	1505.0
44.0	1523.8
44.5	1540.2
45.0	1554.8
45.5	1568.4
46.0	1585.8
46.5	1601.2
47.0	1619.4
47.5	1633.6
48.0	1650.4
48.5	1668.6
49.0	1680.4
49.5	1697.2
50.0	1716.0
50.5	1729.6
51.0	1747.4
51.5	1764.4
52.0	1780.2
52.5	1795.6
53.0	1813.0
53.5	1825.6
54.0	1843.0
54.5	1860.4
55.0	1875.2
55.5	1891.4
56.0	1901.8
56.5	1917.8
57.0	1929.6
57.5	1939.8
58.0	1949.4
58.5	1960.6
59.0	1978.4
59.5	1991.0
60.0	2002.8
60.5	2013.8
61.0	2023.2
61.5	2036.2
62.0	2049.2
62.5	2059.8
63.0	2072.2
63.5	2088.0
64.0	2103.2
64.5	2119.8
65.0	2135.0
65.5	2144.6
66.0	2160.8
66.5	2171.0
67.0	2183.8
67.5	2193.8
68.0	2206.4
68.5	2218.6
69.0	2233.0
69.5	2244.6
70.0	2260.2
70.5	2277.0
71.0	2291.4
71.5	2303.2
72.0	2317.4
72.5	2325.8
73.0	2336.0
73.5	2349.8
74.0	2359.6
74.5	2371.2
75.0	2382.6
75.5	2393.6
76.0	2402.0
76.5	2414.8
77.0	2422.0
77.5	2431.2
78.0	2443.4
78.5	2457.2
79.0	2469.6
79.5	2480.4
80.0	2491.2
80.5	2501.0
81.0	2507.2
81.5	2516.6
82.0	2528.6
82.5	2537.4
83.0	2544.6
83.5	2550.8
84.0	2558.2
84.5	2568.2
85.0	2582.2
85.5	2591.4
86.0	2597.4
86.5	2605.6
87.0	2617.2
87.5	2629.8
88.0	2639.8
88.5	2646.2
89.0	2652.8
89.5	2663.2
90.0	2676.2
90.5	2685.4
91.0	2698.2
91.5	2704.8
92.0	2716.6
92.5	2723.6
93.0	2735.4
93.5	2743.2
94.0	2752.6
94.5	2761.2
95.0	2771.6
95.5	2778.8
96.0	2785.4
96.5	2795.0
97.0	2799.4
97.5	2811.6
98.0	2818.6
98.5	2824.8
99.0	2834.4
99.5	2844.0
100.0	2851.6
100.5	2861.8
101.0	2868.8
101.5	2877.0
102.0	2881.4
102.5	2885.6
103.0	2893.2
103.5	2904.4
104.0	2913.6
104.5	2922.6
105.0	2930.6
105.5	2942.2
106.0	2948.4
106.5	2960.8
107.0	2968.6
107.5	2977.8
108.0	2982.0
108.5	2990.0
109.0	3000.8
109.5	3007.8
110.0	3014.0
110.5	3019.8
111.0	3026.4
111.5	3033.8
112.0	3038.6
112.5	3042.8
113.0	3051.2
113.5	3064.0
114.0	3070.6
114.5	3079.4
115.0	3088.6
115.5	3098.0
116.0	3103.0
116.5	3107.4
117.0	3116.6
117.5	3125.0
118.0	3134.2
118.5	3139.6
119.0	3145.2
119.5	3155.8
120.0	3159.2
120.5	3167.4
121.0	3175.4
121.5	3179.8
122.0	3187.4
122.5	3195.4
123.0	3200.0
123.5	3209.4
124.0	3218.6
124.5	3226.0
125.0	3234.0
125.5	3241.0
126.0	3249.4
126.5	3257.0
127.0	3264.0
127.5	3268.8
128.0	3278.2
128.5	3291.8
129.0	3297.4
129.5	3299.0
130.0	3307.2
130.5	3310.0
131.0	3314.8
131.5	3324.8
132.0	3330.8
132.5	3336.2
133.0	3341.4
133.5	3347.6
134.0	3357.4
134.5	3363.0
135.0	3371.4
135.5	3373.6
136.0	3380.8
136.5	3381.8
137.0	3386.2
137.5	3396.6
138.0	3398.6
138.5	3401.8
139.0	3407.8
139.5	3413.2
140.0	3420.2
140.5	3430.2
141.0	3437.4
141.5	3440.8
142.0	3449.8
142.5	3456.6
143.0	3455.8
143.5	3463.4
144.0	3469.2
144.5	3475.8
145.0	3477.8
145.5	3483.0
146.0	3487.8
146.5	3495.0
147.0	3503.2
147.5	3513.8
148.0	3517.8
148.5	3519.4
149.0	3527.8
149.5	3538.2
150.0	3544.4
150.5	3548.2
151.0	3555.4
151.5	3561.0
152.0	3568.2
152.5	3572.8
153.0	3579.0
153.5	3581.0
154.0	3586.0
154.5	3586.8
155.0	3591.4
155.5	3598.6
156.0	3602.4
156.5	3608.2
157.0	3612.8
157.5	3618.8
158.0	3622.2
158.5	3631.0
159.0	3630.2
159.5	3632.8
160.0	3639.8
160.5	3644.0
161.0	3652.0
161.5	3657.0
162.0	3666.6
162.5	3672.0
163.0	3676.4
163.5	3682.6
164.0	3687.2
164.5	3690.4
165.0	3696.6
165.5	3702.2
166.0	3708.8
166.5	3711.6
167.0	3715.4
167.5	3721.6
168.0	3726.0
168.5	3729.4
169.0	3735.8
169.5	3742.2
170.0	3751.4
170.5	3759.6
171.0	3765.4
171.5	3773.0
172.0	3778.4
172.5	3786.8
173.0	3793.6
173.5	3799.2
174.0	3800.2
174.5	3804.8
175.0	3812.4
175.5	3817.0
176.0	3821.8
176.5	3826.4
177.0	3833.0
177.5	3838.4
178.0	3842.2
178.5	3846.0
179.0	3847.8
179.5	3851.2
180.0	3858.6
180.5	3867.6
181.0	3872.8
181.5	3878.4
182.0	3887.0
182.5	3888.4
183.0	3892.4
183.5	3900.4
184.0	3903.0
184.5	3912.2
185.0	3913.8
185.5	3918.8
186.0	3922.0
186.5	3925.8
187.0	3933.0
187.5	3933.4
188.0	3942.6
188.5	3952.0
189.0	3956.6
189.5	3960.2
190.0	3969.0
190.5	3975.8
191.0	3983.8
191.5	3994.6
192.0	3999.0
192.5	4004.0
193.0	4005.8
193.5	4010.8
194.0	4015.8
194.5	4014.2
195.0	4022.2
195.5	4030.8
196.0	4038.6
196.5	4040.2
197.0	4041.4
197.5	4042.8
198.0	4052.2
198.5	4054.0
199.0	4061.0
199.5	4065.0
200.0	4070.0
200.5	4066.4
201.0	4071.0
201.5	4072.8
202.0	4076.6
202.5	4079.6
203.0	4085.6
203.5	4088.6
204.0	4097.2
204.5	4102.6
205.0	4107.6
205.5	4110.2
206.0	4118.8
206.5	4120.6
207.0	4127.6
207.5	4135.6
208.0	4140.2
208.5	4145.4
209.0	4149.4
209.5	4154.0
210.0	4160.2
210.5	4167.6
211.0	4173.6
211.5	4175.2
212.0	4182.0
212.5	4185.2
213.0	4190.6
213.5	4191.4
214.0	4198.2
214.5	4203.4
215.0	4208.2
215.5	4211.6
216.0	4216.8
216.5	4222.8
217.0	4227.6
217.5	4230.8
218.0	4236.2
218.5	4240.8
219.0	4246.6
219.5	4248.6
220.0	4250.8
220.5	4255.8
221.0	4261.4
221.5	4263.2
222.0	4269.8
222.5	4272.0
223.0	4273.4
223.5	4275.6
224.0	4278.4
224.5	4285.0
225.0	4289.0
225.5	4293.0
226.0	4299.6
226.5	4306.0
227.0	4315.0
227.5	4320.0
228.0	4325.6
228.5	4331.8
229.0	4333.4
229.5	4339.8
230.0	4344.6
230.5	4352.6
231.0	4359.2
231.5	4362.6
232.0	4366.6
232.5	4371.8
233.0	4373.0
233.5	4379.8
234.0	4388.2
234.5	4391.0
235.0	4396.2
235.5	4400.8
236.0	4404.0
236.5	4409.8
237.0	4415.0
237.5	4420.6
238.0	4427.4
238.5	4432.4
239.0	4439.6
239.5	4444.8
240.0	4450.0
240.5	4454.6
241.0	4457.2
241.5	4464.4
242.0	4466.0
242.5	4470.2
243.0	4470.8
243.5	4479.2
244.0	4483.0
244.5	4489.2
245.0	4498.6
245.5	4505.0
246.0	4508.8
246.5	4512.6
247.0	4517.6
247.5	4524.8
248.0	4529.6
248.5	4532.2
249.0	4533.6
249.5	4533.8
250.0	4541.2
250.5	4545.8
251.0	4550.0
251.5	4549.4
252.0	4556.6
252.5	4565.6
253.0	4569.6
253.5	4574.6
254.0	4576.2
254.5	4579.4
255.0	4580.8
255.5	4586.2
256.0	4589.4
256.5	4597.2
257.0	4597.2
257.5	4603.6
258.0	4607.6
258.5	4612.0
259.0	4616.6
259.5	4622.4
260.0	4629.8
260.5	4633.6
261.0	4636.8
261.5	4641.0
262.0	4648.2
262.5	4653.4
263.0	4659.0
263.5	4662.4
264.0	4667.0
264.5	4674.0
265.0	4673.4
265.5	4680.0
266.0	4680.6
266.5	4688.0
267.0	4693.4
267.5	4694.2
268.0	4700.4
268.5	4707.8
269.0	4715.2
269.5	4722.6
270.0	4723.8
270.5	4725.6
271.0	4730.4
271.5	4734.6
272.0	4736.0
272.5	4742.6
273.0	4743.6
273.5	4746.6
274.0	4746.6
274.5	4756.2
275.0	4760.4
275.5	4766.2
276.0	4771.0
276.5	4777.0
277.0	4784.0
277.5	4789.0
278.0	4794.6
278.5	4799.0
279.0	4806.0
279.5	4813.0
280.0	4817.0
280.5	4823.2
281.0	4829.8
281.5	4833.8
282.0	4836.4
282.5	4842.6
283.0	4846.8
283.5	4851.6
284.0	4859.6
284.5	4867.6
285.0	4874.4
285.5	4874.8
286.0	4878.4
286.5	4883.6
287.0	4890.6
287.5	4896.0
288.0	4898.8
288.5	4902.8
289.0	4906.6
289.5	4910.2
290.0	4912.0
290.5	4915.6
291.0	4914.6
291.5	4919.8
292.0	4928.2
292.5	4931.0
293.0	4934.6
293.5	4938.8
294.0	4946.0
294.5	4952.2
295.0	4957.4
295.5	4963.2
296.0	4968.8
296.5	4971.6
297.0	4976.6
297.5	4975.8
298.0	4981.6
298.5	4988.4
299.0	4990.0
299.5	4992.6
300.0	4993.8
