0.0081918	6.84
0.0	0.0
0.5	0.0
1.0	0.4
1.5	0.8
2.0	2.6
2.5	5.0
3.0	9.0
3.5	15.2
4.0	20.4
4.5	27.2
5.0	38.2
5.5	48.0
6.0	57.0
6.5	67.0
7.0	78.2
7.5	88.8
8.0	99.0
8.5	111.8
9.0	123.6
9.5	138.0
10.0	151.4
10.5	166.6
11.0	181.0
11.5	198.8
12.0	219.0
12.5	238.0
13.0	259.6
13.5	276.6
14.0	294.2
14.5	310.8
15.0	327.4
15.5	346.6
16.0	366.6
16.5	385.0
17.0	404.8
17.5	422.4
18.0	442.6
18.5	463.8
19.0	482.0
19.5	505.8
20.0	525.6
20.5	547.0
21.0	565.2
21.5	587.6
22.0	605.6
22.5	627.4
23.0	651.0
23.5	674.8
24.0	695.6
24.5	718.0
25.0	736.4
25.5	755.0
26.0	774.6
26.5	801.0
27.0	822.2
27.5	846.2
28.0	869.4
28.5	889.2
29.0	907.0
29.5	929.4
30.0	952.0
30.5	969.2
31.0	986.0
31.5	1008.4
32.0	1028.8
32.5	1053.8
33.0	1071.4
33.5	1089.8
34.0	1109.8
34.5	1131.6
35.0	1149.2
35.5	1172.0
36.0	1188.8
36.5	1206.6
37.0	1224.8
37.5	1243.4
38.0	1262.6
38.5	1279.4
39.0	1299.6
39.5	1319.6
40.0	1339.2
40.5	1355.2
41.0	1371.0
41.5	1393.0
42.0	1412.2
42.5	1427.0
43.0	1443.8
43.5	1459.8
44.0	1475.2
44.5	1496.6
45.0	1512.0
45.5	1526.4
46.0	1543.2
46.5	1559.2
47.0	1575.6
47.5	1592.2
48.0	1607.0
48.5	1620.8
49.0	1632.6
49.5	1652.2
50.0	1669.0
50.5	1686.2
51.0	1700.6
51.5	1716.6
52.0	1726.6
52.5	1741.4
53.0	1758.4
53.5	1776.8
54.0	1789.0
54.5	1805.2
55.0	1823.2
55.5	1836.8
56.0	1851.2
56.5	1868.8
57.0	1881.6
57.5	1896.4
58.0	1908.8
58.5	1921.4
59.0	1936.6
59.5	1957.0
60.0	1967.6
60.5	1981.8
61.0	1994.6
61.5	2010.2
62.0	2020.2
62.5	2031.6
63.0	2046.8
63.5	2061.8
64.0	2077.6
64.5	2090.4
65.0	2099.8
65.5	2111.2
66.0	2124.6
66.5	2135.6
67.0	2149.6
67.5	2162.6
68.0	2176.0
68.5	2185.6
69.0	2200.0
69.5	2210.8
70.0	2222.2
70.5	2229.2
71.0	2242.4
71.5	2254.8
72.0	2265.8
72.5	2270.8
73.0	2283.0
73.5	2292.6
74.0	2305.8
74.5	2314.8
75.0	2331.8
75.5	2342.0
76.0	2352.6
76.5	2362.0
77.0	2369.4
77.5	2377.6
78.0	2384.2
78.5	2395.8
79.0	2407.0
79.5	2416.2
80.0	2433.6
80.5	2445.0
81.0	2456.8
81.5	2465.8
82.0	2470.8
82.5	2478.2
83.0	2483.6
83.5	2496.6
84.0	2506.8
84.5	2515.8
85.0	2524.4
85.5	2534.6
86.0	2546.2
86.5	2554.8
87.0	2565.6
87.5	2576.8
88.0	2585.4
88.5	2596.6
89.0	2605.4
89.5	2614.2
90.0	2626.0
90.5	2632.6
91.0	2640.4
91.5	2650.6
92.0	2659.8
92.5	2666.0
93.0	2676.4
93.5	2684.8
94.0	2694.6
94.5	2702.6
95.0	2709.6
95.5	2715.6
96.0	2725.4
96.5	2738.0
97.0	2748.2
97.5	2760.0
98.0	2763.4
98.5	2769.8
99.0	2776.8
99.5	2788.0
100.0	2798.0
100.5	2809.0
101.0	2816.4
101.5	2825.6
102.0	2831.8
102.5	2843.0
103.0	2852.2
103.5	2861.4
104.0	2867.8
104.5	2879.8
105.0	2886.6
105.5	2896.0
106.0	2905.4
106.5	2911.4
107.0	2918.8
107.5	2928.2
108.0	2936.4
108.5	2944.0
109.0	2950.4
109.5	2957.0
110.0	2964.4
110.5	2971.2
111.0	2977.0
111.5	2980.8
112.0	2988.2
112.5	3002.0
113.0	3005.0
113.5	3011.0
114.0	3021.8
114.5	3029.6
115.0	3041.2
115.5	3049.6
116.0	3057.4
116.5	3064.8
117.0	3072.4
117.5	3086.0
118.0	3094.6
118.5	3099.4
119.0	3110.2
119.5	3124.0
120.0	3134.2
120.5	3143.6
121.0	3147.6
121.5	3160.6
122.0	3166.2
122.5	3177.8
123.0	3185.8
123.5	3199.4
124.0	3206.4
124.5	3212.2
125.0	3220.6
125.5	3224.4
126.0	3231.2
126.5	3235.4
127.0	3241.6
127.5	3248.8
128.0	3257.0
128.5	3260.2
129.0	3267.6
129.5	3273.0
130.0	3279.8
130.5	3290.8
131.0	3297.0
131.5	3303.8
132.0	3309.8
132.5	3320.0
133.0	3324.4
133.5	3330.6
134.0	3333.6
134.5	3344.2
135.0	3357.0
135.5	3366.0
136.0	3374.2
136.5	3379.4
137.0	3385.6
137.5	3389.0
138.0	3390.8
138.5	3395.4
139.0	3400.4
139.5	3405.2
140.0	3408.6
140.5	3410.8
141.0	3417.4
141.5	3426.4
142.0	3432.6
142.5	3438.0
143.0	3447.2
143.5	3451.4
144.0	3458.0
144.5	3464.0
145.0	3471.6
145.5	3478.6
146.0	3484.0
146.5	3488.4
147.0	3491.4
147.5	3493.0
148.0	3500.0
148.5	3503.0
149.0	3507.4
149.5	3513.0
150.0	3521.6
150.5	3523.4
151.0	3530.4
151.5	3537.0
152.0	3545.2
152.5	3551.8
153.0	3555.4
153.5	3564.6
154.0	3569.8
154.5	3577.8
155.0	3578.4
155.5	3589.0
156.0	3595.8
156.5	3603.0
157.0	3611.8
157.5	3619.0
158.0	3623.0
158.5	3630.6
159.0	3635.8
159.5	3641.8
160.0	3649.0
160.5	3653.6
161.0	3662.2
161.5	3665.0
162.0	3675.6
162.5	3678.0
163.0	3688.8
163.5	3689.0
164.0	3694.6
164.5	3697.0
165.0	3703.0
165.5	3711.0
166.0	3715.4
166.5	3720.4
167.0	3725.6
167.5	3737.4
168.0	3744.2
168.5	3750.6
169.0	3757.4
169.5	3761.8
170.0	3769.8
170.5	3776.2
171.0	3781.8
171.5	3785.8
172.0	3791.8
172.5	3799.4
173.0	3803.6
173.5	3812.6
174.0	3817.6
174.5	3816.8
175.0	3821.0
175.5	3828.6
176.0	3834.6
176.5	3838.0
177.0	3846.4
177.5	3852.0
178.0	3858.6
178.5	3864.0
179.0	3874.0
179.5	3880.0
180.0	3885.8
180.5	3895.4
181.0	3906.4
181.5	3907.6
182.0	3915.8
182.5	3923.6
183.0	3931.2
183.5	3935.6
184.0	3942.6
184.5	3945.2
185.0	3953.0
185.5	3956.0
186.0	3957.8
186.5	3966.8
187.0	3974.0
187.5	3976.8
188.0	3983.6
188.5	3991.6
189.0	3995.8
189.5	4003.4
190.0	4009.2
190.5	4015.4
191.0	4017.4
191.5	4021.2
192.0	4028.4
192.5	4035.0
193.0	4035.8
193.5	4039.6
194.0	4043.8
194.5	4054.6
195.0	4060.4
195.5	4068.4
196.0	4074.4
196.5	4078.4
197.0	4082.0
197.5	4087.8
198.0	4094.2
198.5	4102.0
199.0	4108.8
199.5	4113.6
200.0	4119.4
200.5	4117.2
201.0	4121.2
201.5	4124.2
202.0	4131.0
202.5	4138.6
203.0	4145.2
203.5	4152.8
204.0	4158.2
204.5	4161.2
205.0	4164.4
205.5	4172.4
206.0	4176.2
206.5	4179.4
207.0	4187.2
207.5	4190.8
208.0	4195.4
208.5	4202.8
209.0	4202.8
209.5	4202.2
210.0	4203.8
210.5	4202.6
211.0	4208.6
211.5	4212.8
212.0	4216.2
212.5	4218.6
213.0	4223.2
213.5	4226.4
214.0	4232.6
214.5	4233.8
215.0	4242.0
215.5	4247.8
216.0	4250.4
216.5	4253.8
217.0	4260.6
217.5	4263.6
218.0	4265.0
218.5	4269.2
219.0	4273.4
219.5	4278.6
220.0	4279.8
220.5	4285.0
221.0	4288.2
221.5	4292.6
222.0	4294.0
222.5	4299.6
223.0	4303.8
223.5	4301.2
224.0	4309.4
224.5	4313.0
225.0	4322.8
225.5	4331.8
226.0	4332.6
226.5	4338.8
227.0	4343.8
227.5	4351.8
228.0	4353.2
228.5	4357.6
229.0	4363.0
229.5	4366.6
230.0	4374.8
230.5	4380.6
231.0	4386.2
231.5	4393.6
232.0	4402.4
232.5	4412.0
233.0	4416.0
233.5	4423.8
234.0	4427.4
234.5	4434.8
235.0	4441.0
235.5	4448.4
236.0	4454.6
236.5	4457.8
237.0	4461.0
237.5	4467.2
238.0	4475.0
238.5	4479.6
239.0	4487.0
239.5	4492.8
240.0	4501.6
240.5	4502.8
241.0	4511.2
241.5	4515.4
242.0	4520.0
242.5	4524.6
243.0	4531.6
243.5	4536.2
244.0	4541.8
244.5	4551.2
245.0	4550.6
245.5	4556.2
246.0	4558.8
246.5	4565.4
247.0	4570.4
247.5	4571.8
248.0	4574.8
248.5	4585.0
249.0	4588.2
249.5	4593.2
250.0	4598.4
250.5	4602.0
251.0	4604.4
251.5	4604.2
252.0	4608.0
252.5	4613.4
253.0	4614.4
253.5	4618.8
254.0	4625.2
254.5	4632.4
255.0	4636.6
255.5	4638.6
256.0	4644.0
256.5	4652.6
257.0	4658.4
257.5	4663.8
258.0	4670.6
258.5	4674.2
259.0	4681.4
259.5	4685.6
260.0	4693.6
260.5	4691.4
261.0	4691.8
261.5	4701.8
262.0	4703.6
262.5	4706.8
263.0	4710.6
263.5	4709.0
264.0	4713.0
264.5	4717.6
265.0	4722.0
265.5	4726.2
266.0	4726.0
266.5	4729.8
267.0	4734.4
267.5	4737.2
268.0	4743.4
268.5	4744.6
269.0	4749.8
269.5	4751.4
270.0	4752.0
270.5	4756.2
271.0	4759.8
271.5	4762.2
272.0	4765.4
272.5	4770.8
273.0	4776.2
273.5	4778.8
274.0	4786.0
274.5	4791.0
275.0	4797.0
275.5	4800.0
276.0	4806.2
276.5	4814.4
277.0	4818.2
277.5	4823.2
278.0	4827.2
278.5	4829.6
279.0	4834.2
279.5	4838.6
280.0	4835.6
280.5	4836.2
281.0	4840.6
281.5	4842.4
282.0	4846.4
282.5	4848.6
283.0	4852.2
283.5	4854.6
284.0	4858.0
284.5	4861.4
285.0	4863.4
285.5	4870.8
286.0	4878.8
286.5	4881.4
287.0	4884.8
287.5	4888.8
288.0	4893.0
288.5	4897.8
289.0	4902.2
289.5	4908.6
290.0	4914.8
290.5	4918.2
291.0	4921.4
291.5	4924.8
292.0	4925.6
292.5	4929.0
293.0	4929.4
293.5	4933.4
294.0	4935.4
294.5	4941.4
295.0	4946.2
295.5	4947.0
296.0	4952.4
296.5	4958.4
297.0	4964.2
297.5	4969.6
298.0	4973.6
298.5	4975.4
299.0	4979.6
299.5	4983.4
300.0	4985.0
