0.0081918	6.3
0.0	0.0
0.5	0.0
1.0	0.2
1.5	1.2
2.0	3.6
2.5	6.4
3.0	8.4
3.5	13.8
4.0	20.6
4.5	27.0
5.0	32.8
5.5	42.0
6.0	51.4
6.5	60.4
7.0	74.2
7.5	86.4
8.0	97.2
8.5	112.6
9.0	127.6
9.5	140.6
10.0	155.6
10.5	170.6
11.0	185.2
11.5	203.6
12.0	222.8
12.5	244.4
13.0	262.0
13.5	278.4
14.0	297.4
14.5	316.2
15.0	332.0
15.5	353.8
16.0	374.4
16.5	396.2
17.0	414.6
17.5	434.2
18.0	451.2
18.5	472.0
19.0	492.0
19.5	511.2
20.0	531.4
20.5	552.0
21.0	570.4
21.5	592.8
22.0	608.6
22.5	631.6
23.0	649.6
23.5	671.2
24.0	691.4
24.5	712.8
25.0	733.8
25.5	754.6
26.0	775.8
26.5	798.8
27.0	819.0
27.5	836.8
28.0	853.4
28.5	872.0
29.0	892.4
29.5	912.0
30.0	934.2
30.5	953.8
31.0	974.6
31.5	991.8
32.0	1009.2
32.5	1034.0
33.0	1055.0
33.5	1074.4
34.0	1094.4
34.5	1113.4
35.0	1134.0
35.5	1152.6
36.0	1172.0
36.5	1187.6
37.0	1209.0
37.5	1225.6
38.0	1243.8
38.5	1264.4
39.0	1279.0
39.5	1296.0
40.0	1317.8
40.5	1330.6
41.0	1352.2
41.5	1368.8
42.0	1386.4
42.5	1404.6
43.0	1421.6
43.5	1439.0
44.0	1452.8
44.5	1467.4
45.0	1483.4
45.5	1503.6
46.0	1520.0
46.5	1538.0
47.0	1557.2
47.5	1576.2
48.0	1595.6
48.5	1613.6
49.0	1622.8
49.5	1641.8
50.0	1662.0
50.5	1676.8
51.0	1694.2
51.5	1712.8
52.0	1727.4
52.5	1745.0
53.0	1760.0
53.5	1777.6
54.0	1793.0
54.5	1805.2
55.0	1821.4
55.5	1834.4
56.0	1851.0
56.5	1863.6
57.0	1881.4
57.5	1899.0
58.0	1910.0
58.5	1928.6
59.0	1943.0
59.5	1956.8
60.0	1970.4
60.5	1983.4
61.0	1999.2
61.5	2015.4
62.0	2030.2
62.5	2042.0
63.0	2052.4
63.5	2068.2
64.0	2082.0
64.5	2096.0
65.0	2108.2
65.5	2125.6
66.0	2133.8
66.5	2144.6
67.0	2156.6
67.5	2168.0
68.0	2181.6
68.5	2191.2
69.0	2201.6
69.5	2209.6
70.0	2224.0
70.5	2235.0
71.0	2247.0
71.5	2261.8
72.0	2267.6
72.5	2275.4
73.0	2286.4
73.5	2300.4
74.0	2310.8
74.5	2323.6
75.0	2334.6
75.5	2345.6
76.0	2356.8
76.5	2365.6
77.0	2374.0
77.5	2383.6
78.0	2393.8
78.5	2405.2
79.0	2419.4
79.5	2437.4
80.0	2447.4
80.5	2459.8
81.0	2468.2
81.5	2472.4
82.0	2484.2
82.5	2497.0
83.0	2509.2
83.5	2516.8
84.0	2528.4
84.5	2534.8
85.0	2540.6
85.5	2551.0
86.0	2560.8
86.5	2571.2
87.0	2582.6
87.5	2590.4
88.0	2600.8
88.5	2614.2
89.0	2623.0
89.5	2634.8
90.0	2645.2
90.5	2654.2
91.0	2664.4
91.5	2674.6
92.0	2688.4
92.5	2697.4
93.0	2705.6
93.5	2714.2
94.0	2723.4
94.5	2729.0
95.0	2744.0
95.5	2756.4
96.0	2761.8
96.5	2770.6
97.0	2781.2
97.5	2787.8
98.0	2796.6
98.5	2803.0
99.0	2812.6
99.5	2820.0
100.0	2825.8
100.5	2830.8
101.0	2838.0
101.5	2844.4
102.0	2854.4
102.5	2862.0
103.0	2870.4
103.5	2875.8
104.0	2886.0
104.5	2895.2
105.0	2905.8
105.5	2915.8
106.0	2923.6
106.5	2931.2
107.0	2940.0
107.5	2946.0
108.0	2955.2
108.5	2961.4
109.0	2968.2
109.5	2978.8
110.0	2985.4
110.5	2991.2
111.0	2997.0
111.5	3002.2
112.0	3012.4
112.5	3020.8
113.0	3032.2
113.5	3043.0
114.0	3051.0
114.5	3057.8
115.0	3070.6
115.5	3079.4
116.0	3089.0
116.5	3097.0
117.0	3106.6
117.5	3116.6
118.0	3121.8
118.5	3128.2
119.0	3135.4
119.5	3139.2
120.0	3143.2
120.5	3146.6
121.0	3151.4
121.5	3158.4
122.0	3165.4
122.5	3170.8
123.0	3177.4
123.5	3184.8
124.0	3192.0
124.5	3199.6
125.0	3207.0
125.5	3213.6
126.0	3222.2
126.5	3228.0
127.0	3236.0
127.5	3242.6
128.0	3246.0
128.5	3252.4
129.0	3261.0
129.5	3267.0
130.0	3273.2
130.5	3281.0
131.0	3288.6
131.5	3292.6
132.0	3298.2
132.5	3302.0
133.0	3311.2
133.5	3316.0
134.0	3319.2
134.5	3328.6
135.0	3331.0
135.5	3340.0
136.0	3342.4
136.5	3349.0
137.0	3359.0
137.5	3365.2
138.0	3376.0
138.5	3386.6
139.0	3392.4
139.5	3396.6
140.0	3404.2
140.5	3412.4
141.0	3420.4
141.5	3428.4
142.0	3436.4
142.5	3445.4
143.0	3453.0
143.5	3461.6
144.0	3468.2
144.5	3476.4
145.0	3484.2
145.5	3487.8
146.0	3494.6
146.5	3500.8
147.0	3502.8
147.5	3512.0
148.0	3520.6
148.5	3528.2
149.0	3538.6
149.5	3540.4
150.0	3544.8
150.5	3550.6
151.0	3555.0
151.5	3561.6
152.0	3569.2
152.5	3577.4
153.0	3582.6
153.5	3589.2
154.0	3593.6
154.5	3598.8
155.0	3605.6
155.5	3608.4
156.0	3616.2
156.5	3621.8
157.0	3626.2
157.5	3635.2
158.0	3640.2
158.5	3650.6
159.0	3661.4
159.5	3668.2
160.0	3673.4
160.5	3678.0
161.0	3684.8
161.5	3687.0
162.0	3691.8
162.5	3690.2
163.0	3698.4
163.5	3700.0
164.0	3703.6
164.5	3707.6
165.0	3713.4
165.5	3717.6
166.0	3723.2
166.5	3729.4
167.0	3732.8
167.5	3739.8
168.0	3746.4
168.5	3755.2
169.0	3759.0
169.5	3765.4
170.0	3769.8
170.5	3773.6
171.0	3784.8
171.5	3791.4
172.0	3802.2
172.5	3807.4
173.0	3815.4
173.5	3822.6
174.0	3835.0
174.5	3841.8
175.0	3847.6
175.5	3852.8
176.0	3859.2
176.5	3865.8
177.0	3870.8
177.5	3880.4
178.0	3889.2
178.5	3896.0
179.0	3902.8
179.5	3911.8
180.0	3917.8
180.5	3925.4
181.0	3924.4
181.5	3928.2
182.0	3936.0
182.5	3941.4
183.0	3947.8
183.5	3953.2
184.0	3956.0
184.5	3968.6
185.0	3973.4
185.5	3982.2
186.0	3982.6
186.5	3985.2
187.0	3991.8
187.5	3989.8
188.0	3997.6
188.5	3998.0
189.0	4002.0
189.5	4009.0
190.0	4016.2
190.5	4020.2
191.0	4026.0
191.5	4032.8
192.0	4032.6
192.5	4041.4
193.0	4048.2
193.5	4055.2
194.0	4059.8
194.5	4068.8
195.0	4070.2
195.5	4070.8
196.0	4075.6
196.5	4082.6
197.0	4085.8
197.5	4090.2
198.0	4094.6
198.5	4097.4
199.0	4106.0
199.5	4115.0
200.0	4122.4
200.5	4124.4
201.0	4130.2
201.5	4140.2
202.0	4147.6
202.5	4155.8
203.0	4159.2
203.5	4162.2
204.0	4168.2
204.5	4174.4
205.0	4179.4
205.5	4184.4
206.0	4187.6
206.5	4193.4
207.0	4198.0
207.5	4205.4
208.0	4211.6
208.5	4213.2
209.0	4217.0
209.5	4217.8
210.0	4221.2
210.5	4228.4
211.0	4238.8
211.5	4246.6
212.0	4249.0
212.5	4252.8
213.0	4257.6
213.5	4263.4
214.0	4269.6
214.5	4277.2
215.0	4282.8
215.5	4285.8
216.0	4291.8
216.5	4298.0
217.0	4303.8
217.5	4304.8
218.0	4309.8
218.5	4315.8
219.0	4325.6
219.5	4332.8
220.0	4340.2
220.5	4343.2
221.0	4349.2
221.5	4351.4
222.0	4356.8
222.5	4364.8
223.0	4368.2
223.5	4377.8
224.0	4384.8
224.5	4388.2
225.0	4392.8
225.5	4397.8
226.0	4401.0
226.5	4405.8
227.0	4411.8
227.5	4417.0
228.0	4421.0
228.5	4424.0
229.0	4430.2
229.5	4433.6
230.0	4433.6
230.5	4442.2
231.0	4446.0
231.5	4452.4
232.0	4458.6
232.5	4467.2
233.0	4468.2
233.5	4478.4
234.0	4483.0
234.5	4489.4
235.0	4494.4
235.5	4497.4
236.0	4504.8
236.5	4516.2
237.0	4519.0
237.5	4522.8
238.0	4528.2
238.5	4534.6
239.0	4540.8
239.5	4545.0
240.0	4551.6
240.5	4555.6
241.0	4565.0
241.5	4570.2
242.0	4572.0
242.5	4575.8
243.0	4585.0
243.5	4593.2
244.0	4598.6
244.5	4601.6
245.0	4604.8
245.5	4610.4
246.0	4614.6
246.5	4620.4
247.0	4623.0
247.5	4623.8
248.0	4631.4
248.5	4635.2
249.0	4636.2
249.5	4641.0
250.0	4642.4
250.5	4646.8
251.0	4651.0
251.5	4656.6
252.0	4655.8
252.5	4663.0
253.0	4669.6
253.5	4670.4
254.0	4675.8
254.5	4678.8
255.0	4687.4
255.5	4694.2
256.0	4695.2
256.5	4700.6
257.0	4707.2
257.5	4716.6
258.0	4719.6
258.5	4727.2
259.0	4727.4
259.5	4731.8
260.0	4734.2
260.5	4739.6
261.0	4744.2
261.5	4748.8
262.0	4748.6
262.5	4750.0
263.0	4753.0
263.5	4754.4
264.0	4759.8
264.5	4763.0
265.0	4769.2
265.5	4773.2
266.0	4776.6
266.5	4782.2
267.0	4787.2
267.5	4790.0
268.0	4790.0
268.5	4792.0
269.0	4801.6
269.5	4801.8
270.0	4804.2
270.5	4805.0
271.0	4808.8
271.5	4811.4
272.0	4815.8
272.5	4821.6
273.0	4824.8
273.5	4829.4
274.0	4832.4
274.5	4836.0
275.0	4840.4
275.5	4844.4
276.0	4852.6
276.5	4858.8
277.0	4860.8
277.5	4863.4
278.0	4863.4
278.5	4866.2
279.0	4872.2
279.5	4878.2
280.0	4881.6
280.5	4886.8
281.0	4889.6
281.5	4894.4
282.0	4896.0
282.5	4901.2
283.0	4903.6
283.5	4909.8
284.0	4916.0
284.5	4918.6
285.0	4925.0
285.5	4923.2
286.0	4927.8
286.5	4933.6
287.0	4938.2
287.5	4942.6
288.0	4948.0
288.5	4948.2
289.0	4950.6
289.5	4953.0
290.0	4955.0
290.5	4960.4
291.0	4966.0
291.5	4971.2
292.0	4971.0
292.5	4975.0
293.0	4978.8
293.5	4975.6
294.0	4981.4
294.5	4983.2
295.0	4987.2
295.5	4989.2
296.0	4994.0
296.5	4998.2
297.0	5003.2
297.5	5007.0
298.0	5011.4
298.5	5016.8
299.0	5018.0
299.5	5024.8
300.0	5030.0
