0.0045954	5.3999999999999995
0.0	0.0
0.5	0.0
1.0	0.0
1.5	0.6
2.0	0.8
2.5	3.0
3.0	4.8
3.5	8.4
4.0	12.4
4.5	17.0
5.0	24.4
5.5	29.6
6.0	36.8
6.5	43.8
7.0	52.6
7.5	58.4
8.0	68.6
8.5	81.0
9.0	93.2
9.5	108.0
10.0	120.8
10.5	134.8
11.0	149.6
11.5	164.4
12.0	183.2
12.5	197.4
13.0	214.8
13.5	231.0
14.0	247.6
14.5	262.6
15.0	283.6
15.5	302.0
16.0	320.8
16.5	341.4
17.0	358.2
17.5	374.6
18.0	395.0
18.5	414.4
19.0	432.8
19.5	452.4
20.0	475.6
20.5	494.0
21.0	513.4
21.5	536.0
22.0	557.0
22.5	577.0
23.0	593.4
23.5	611.2
24.0	628.4
24.5	647.8
25.0	669.0
25.5	689.4
26.0	709.4
26.5	729.2
27.0	749.4
27.5	770.0
28.0	792.0
28.5	812.6
29.0	829.0
29.5	847.0
30.0	869.2
30.5	889.4
31.0	906.8
31.5	929.2
32.0	948.0
32.5	966.6
33.0	987.4
33.5	1006.4
34.0	1027.6
34.5	1052.0
35.0	1074.2
35.5	1090.0
36.0	1110.0
36.5	1129.0
37.0	1149.0
37.5	1170.2
38.0	1189.0
38.5	1209.0
39.0	1231.4
39.5	1248.8
40.0	1271.6
40.5	1286.6
41.0	1303.0
41.5	1318.8
42.0	1337.0
42.5	1351.0
43.0	1367.8
43.5	1384.4
44.0	1400.2
44.5	1414.4
45.0	1429.8
45.5	1445.6
46.0	1459.6
46.5	1476.4
47.0	1494.0
47.5	1510.6
48.0	1529.0
48.5	1545.2
49.0	1559.0
49.5	1575.8
50.0	1592.6
50.5	1610.6
51.0	1626.8
51.5	1640.8
52.0	1653.8
52.5	1665.2
53.0	1685.2
53.5	1700.2
54.0	1719.2
54.5	1739.4
55.0	1755.8
55.5	1771.8
56.0	1781.2
56.5	1796.2
57.0	1809.6
57.5	1822.0
58.0	1836.4
58.5	1856.8
59.0	1871.4
59.5	1883.8
60.0	1892.4
60.5	1904.6
61.0	1923.8
61.5	1936.6
62.0	1950.4
62.5	1964.6
63.0	1979.6
63.5	1992.0
64.0	2010.8
64.5	2029.0
65.0	2044.2
65.5	2060.0
66.0	2074.6
66.5	2088.8
67.0	2102.6
67.5	2117.4
68.0	2127.6
68.5	2136.8
69.0	2144.8
69.5	2156.6
70.0	2169.8
70.5	2183.0
71.0	2193.6
71.5	2206.4
72.0	2220.0
72.5	2234.8
73.0	2243.6
73.5	2258.0
74.0	2270.8
74.5	2283.6
75.0	2296.2
75.5	2314.4
76.0	2329.0
76.5	2339.8
77.0	2350.2
77.5	2362.8
78.0	2371.0
78.5	2380.4
79.0	2392.6
79.5	2402.4
80.0	2413.0
80.5	2425.8
81.0	2433.2
81.5	2441.0
82.0	2450.4
82.5	2462.4
83.0	2469.2
83.5	2477.4
84.0	2489.0
84.5	2498.6
85.0	2509.2
85.5	2516.8
86.0	2526.6
86.5	2539.8
87.0	2543.8
87.5	2549.4
88.0	2559.2
88.5	2571.6
89.0	2579.6
89.5	2586.0
90.0	2595.8
90.5	2603.8
91.0	2615.0
91.5	2622.0
92.0	2631.4
92.5	2641.4
93.0	2649.2
93.5	2658.6
94.0	2668.0
94.5	2678.4
95.0	2686.0
95.5	2693.0
96.0	2704.0
96.5	2713.4
97.0	2720.6
97.5	2724.0
98.0	2731.2
98.5	2737.8
99.0	2744.8
99.5	2753.0
100.0	2762.4
100.5	2770.0
101.0	2775.0
101.5	2784.6
102.0	2794.4
102.5	2800.4
103.0	2805.8
103.5	2815.0
104.0	2825.8
104.5	2839.0
105.0	2847.6
105.5	2858.2
106.0	2866.2
106.5	2874.4
107.0	2884.0
107.5	2897.2
108.0	2909.2
108.5	2915.2
109.0	2920.4
109.5	2923.4
110.0	2934.2
110.5	2945.0
111.0	2957.0
111.5	2964.8
112.0	2966.0
112.5	2974.8
113.0	2982.6
113.5	2991.6
114.0	2999.4
114.5	3006.4
115.0	3013.2
115.5	3019.8
116.0	3020.8
116.5	3027.0
117.0	3032.2
117.5	3037.6
118.0	3045.0
118.5	3052.2
119.0	3059.8
119.5	3065.2
120.0	3070.6
120.5	3078.0
121.0	3081.8
121.5	3090.4
122.0	3095.4
122.5	3099.2
123.0	3106.6
123.5	3114.0
124.0	3118.0
124.5	3127.0
125.0	3140.6
125.5	3144.6
126.0	3145.6
126.5	3151.0
127.0	3154.0
127.5	3161.8
128.0	3168.2
128.5	3173.2
129.0	3182.8
129.5	3192.2
130.0	3201.8
130.5	3209.2
131.0	3217.4
131.5	3218.2
132.0	3226.4
132.5	3234.6
133.0	3239.0
133.5	3245.4
134.0	3257.2
134.5	3263.6
135.0	3269.2
135.5	3275.8
136.0	3280.2
136.5	3283.8
137.0	3289.4
137.5	3297.6
138.0	3301.2
138.5	3309.6
139.0	3316.4
139.5	3320.6
140.0	3323.8
140.5	3332.2
141.0	3338.4
141.5	3342.2
142.0	3346.2
142.5	3353.4
143.0	3362.0
143.5	3368.0
144.0	3376.2
144.5	3382.8
145.0	3389.6
145.5	3392.0
146.0	3398.6
146.5	3404.0
147.0	3414.4
147.5	3420.4
148.0	3429.4
148.5	3434.4
149.0	3439.6
149.5	3448.6
150.0	3454.0
150.5	3457.6
151.0	3466.4
151.5	3471.8
152.0	3479.6
152.5	3482.4
153.0	3491.4
153.5	3494.6
154.0	3498.4
154.5	3498.4
155.0	3504.4
155.5	3510.4
156.0	3519.8
156.5	3526.6
157.0	3537.8
157.5	3544.8
158.0	3551.8
158.5	3556.2
159.0	3562.2
159.5	3564.8
160.0	3570.4
160.5	3579.8
161.0	3586.0
161.5	3589.8
162.0	3597.0
162.5	3598.2
163.0	3603.6
163.5	3609.8
164.0	3619.4
164.5	3625.4
165.0	3633.4
165.5	3635.4
166.0	3639.8
166.5	3647.6
167.0	3653.8
167.5	3660.0
168.0	3667.6
168.5	3672.8
169.0	3676.2
169.5	3679.8
170.0	3687.2
170.5	3688.0
171.0	3694.4
171.5	3701.0
172.0	3710.6
172.5	3713.4
173.0	3718.6
173.5	3723.6
174.0	3731.0
174.5	3736.2
175.0	3740.0
175.5	3747.4
176.0	3753.4
176.5	3758.4
177.0	3761.2
177.5	3770.8
178.0	3776.4
178.5	3777.8
179.0	3784.6
179.5	3792.4
180.0	3799.4
180.5	3803.6
181.0	3807.0
181.5	3814.2
182.0	3818.2
182.5	3820.8
183.0	3824.2
183.5	3830.0
184.0	3839.8
184.5	3845.2
185.0	3853.2
185.5	3859.6
186.0	3858.8
186.5	3862.6
187.0	3868.6
187.5	3879.0
188.0	3884.2
188.5	3891.2
189.0	3893.6
189.5	3901.6
190.0	3907.6
190.5	3910.0
191.0	3917.0
191.5	3922.0
192.0	3928.8
192.5	3936.0
193.0	3941.4
193.5	3941.8
194.0	3949.4
194.5	3952.8
195.0	3956.0
195.5	3960.4
196.0	3967.8
196.5	3972.4
197.0	3977.0
197.5	3982.6
198.0	3989.4
198.5	3997.6
199.0	4003.8
199.5	4005.0
200.0	4009.8
200.5	4013.2
201.0	4023.8
201.5	4028.4
202.0	4031.2
202.5	4035.0
203.0	4040.2
203.5	4044.6
204.0	4049.6
204.5	4056.2
205.0	4054.4
205.5	4062.6
206.0	4067.6
206.5	4070.2
207.0	4073.0
207.5	4078.6
208.0	4083.2
208.5	4089.8
209.0	4092.8
209.5	4098.4
210.0	4101.6
210.5	4105.8
211.0	4113.2
211.5	4119.8
212.0	4119.6
212.5	4122.8
213.0	4133.2
213.5	4139.4
214.0	4147.0
214.5	4149.4
215.0	4154.6
215.5	4160.8
216.0	4165.4
216.5	4170.8
217.0	4178.0
217.5	4184.0
218.0	4189.6
218.5	4197.0
219.0	4205.4
219.5	4211.8
220.0	4220.2
220.5	4227.2
221.0	4235.6
221.5	4245.2
222.0	4254.2
222.5	4260.6
223.0	4265.8
223.5	4270.6
224.0	4272.4
224.5	4278.0
225.0	4285.2
225.5	4288.0
226.0	4296.6
226.5	4302.0
227.0	4305.6
227.5	4308.6
228.0	4310.8
228.5	4316.4
229.0	4319.4
229.5	4323.8
230.0	4329.2
230.5	4332.6
231.0	4341.0
231.5	4345.0
232.0	4352.0
232.5	4357.2
233.0	4359.2
233.5	4364.0
234.0	4365.6
234.5	4369.2
235.0	4371.4
235.5	4379.2
236.0	4386.0
236.5	4391.4
237.0	4398.6
237.5	4405.2
238.0	4411.2
238.5	4411.4
239.0	4415.6
239.5	4417.0
240.0	4423.6
240.5	4426.4
241.0	4432.0
241.5	4437.2
242.0	4437.4
242.5	4440.2
243.0	4444.0
243.5	4444.8
244.0	4451.0
244.5	4454.4
245.0	4462.8
245.5	4468.8
246.0	4476.4
246.5	4475.6
247.0	4482.8
247.5	4488.8
248.0	4493.2
248.5	4499.6
249.0	4504.8
249.5	4508.0
250.0	4512.2
250.5	4514.2
251.0	4516.0
251.5	4515.8
252.0	4517.8
252.5	4520.4
253.0	4526.2
253.5	4526.6
254.0	4529.0
254.5	4532.2
255.0	4534.8
255.5	4538.0
256.0	4534.8
256.5	4537.6
257.0	4541.6
257.5	4543.8
258.0	4547.2
258.5	4550.8
259.0	4561.4
259.5	4566.2
260.0	4569.2
260.5	4571.2
261.0	4572.0
261.5	4571.4
262.0	4575.0
262.5	4580.2
263.0	4584.4
263.5	4590.2
264.0	4598.2
264.5	4601.4
265.0	4606.0
265.5	4612.8
266.0	4615.0
266.5	4619.6
267.0	4620.8
267.5	4627.4
268.0	4633.2
268.5	4638.2
269.0	4642.2
269.5	4647.4
270.0	4650.0
270.5	4653.4
271.0	4655.4
271.5	4658.0
272.0	4663.4
272.5	4669.0
273.0	4675.2
273.5	4683.4
274.0	4685.2
274.5	4691.2
275.0	4689.0
275.5	4697.0
276.0	4699.8
276.5	4704.8
277.0	4707.2
277.5	4711.0
278.0	4713.6
278.5	4714.8
279.0	4715.8
279.5	4720.4
280.0	4724.0
280.5	4725.0
281.0	4727.2
281.5	4735.2
282.0	4740.4
282.5	4743.4
283.0	4753.2
283.5	4757.8
284.0	4762.0
284.5	4760.8
285.0	4761.2
285.5	4767.4
286.0	4768.2
286.5	4774.8
287.0	4774.6
287.5	4775.8
288.0	4778.2
288.5	4778.8
289.0	4779.6
289.5	4781.0
290.0	4787.0
290.5	4790.8
291.0	4794.2
291.5	4800.0
292.0	4803.0
292.5	4805.2
293.0	4807.2
293.5	4810.4
294.0	4809.8
294.5	4812.0
295.0	4813.6
295.5	4811.6
296.0	4814.2
296.5	4817.2
297.0	4818.6
297.5	4822.0
298.0	4825.2
298.5	4825.6
299.0	4830.4
299.5	4829.6
300.0	4836.6
