0.0093906	5.04
0.0	0.0
0.5	0.0
1.0	0.2
1.5	0.8
2.0	2.6
2.5	5.2
3.0	8.8
3.5	11.0
4.0	15.0
4.5	21.6
5.0	29.0
5.5	37.0
6.0	47.8
6.5	56.4
7.0	68.0
7.5	81.0
8.0	93.6
8.5	107.0
9.0	125.0
9.5	145.0
10.0	161.8
10.5	180.8
11.0	196.8
11.5	218.0
12.0	238.6
12.5	255.2
13.0	274.4
13.5	293.2
14.0	312.6
14.5	331.2
15.0	349.6
15.5	370.4
16.0	390.6
16.5	413.8
17.0	436.4
17.5	454.6
18.0	474.2
18.5	494.0
19.0	512.2
19.5	534.2
20.0	555.8
20.5	579.4
21.0	602.2
21.5	620.4
22.0	639.2
22.5	663.0
23.0	684.6
23.5	706.0
24.0	729.8
24.5	751.2
25.0	771.6
25.5	795.0
26.0	814.0
26.5	833.0
27.0	854.8
27.5	876.8
28.0	899.4
28.5	919.4
29.0	938.8
29.5	959.8
30.0	977.8
30.5	1001.0
31.0	1022.0
31.5	1042.6
32.0	1064.0
32.5	1086.2
33.0	1103.6
33.5	1125.4
34.0	1144.4
34.5	1168.4
35.0	1187.0
35.5	1200.6
36.0	1222.8
36.5	1241.2
37.0	1261.6
37.5	1278.0
38.0	1293.4
38.5	1311.4
39.0	1328.0
39.5	1347.8
40.0	1367.4
40.5	1388.6
41.0	1406.4
41.5	1423.8
42.0	1450.4
42.5	1464.0
43.0	1478.8
43.5	1495.6
44.0	1510.2
44.5	1528.6
45.0	1545.8
45.5	1564.8
46.0	1582.4
46.5	1602.2
47.0	1620.4
47.5	1640.0
48.0	1657.4
48.5	1672.8
49.0	1688.8
49.5	1706.2
50.0	1721.6
50.5	1739.0
51.0	1755.2
51.5	1771.4
52.0	1786.0
52.5	1800.6
53.0	1816.0
53.5	1832.6
54.0	1845.8
54.5	1859.0
55.0	1872.2
55.5	1889.0
56.0	1900.8
56.5	1919.8
57.0	1933.4
57.5	1948.6
58.0	1959.8
58.5	1973.0
59.0	1987.8
59.5	2000.8
60.0	2015.0
60.5	2025.2
61.0	2036.4
61.5	2052.8
62.0	2069.8
62.5	2086.0
63.0	2100.8
63.5	2111.8
64.0	2124.6
64.5	2135.6
65.0	2150.0
65.5	2164.4
66.0	2179.8
66.5	2193.2
67.0	2204.4
67.5	2215.8
68.0	2230.8
68.5	2244.4
69.0	2260.6
69.5	2275.0
70.0	2285.0
70.5	2298.6
71.0	2308.4
71.5	2323.4
72.0	2332.8
72.5	2344.2
73.0	2354.6
73.5	2367.0
74.0	2373.4
74.5	2389.8
75.0	2402.0
75.5	2413.4
76.0	2424.0
76.5	2436.6
77.0	2446.8
77.5	2456.6
78.0	2466.8
78.5	2478.8
79.0	2486.6
79.5	2500.2
80.0	2513.0
80.5	2520.0
81.0	2534.6
81.5	2546.2
82.0	2551.8
82.5	2564.4
83.0	2572.6
83.5	2576.2
84.0	2586.2
84.5	2598.2
85.0	2608.6
85.5	2614.2
86.0	2624.0
86.5	2629.4
87.0	2636.8
87.5	2644.2
88.0	2651.8
88.5	2661.2
89.0	2668.6
89.5	2676.2
90.0	2686.2
90.5	2695.2
91.0	2702.2
91.5	2712.8
92.0	2721.8
92.5	2733.0
93.0	2742.8
93.5	2749.4
94.0	2756.6
94.5	2765.6
95.0	2776.8
95.5	2783.2
96.0	2789.0
96.5	2791.0
97.0	2798.8
97.5	2807.2
98.0	2813.4
98.5	2825.8
99.0	2829.6
99.5	2836.4
100.0	2838.4
100.5	2846.2
101.0	2855.6
101.5	2864.8
102.0	2874.6
102.5	2880.4
103.0	2886.6
103.5	2894.6
104.0	2904.2
104.5	2907.8
105.0	2914.8
105.5	2922.4
106.0	2930.0
106.5	2935.4
107.0	2942.8
107.5	2948.0
108.0	2958.2
108.5	2962.2
109.0	2970.6
109.5	2977.8
110.0	2984.0
110.5	2994.0
111.0	2999.8
111.5	3006.6
112.0	3016.8
112.5	3026.2
113.0	3028.2
113.5	3042.2
114.0	3049.4
114.5	3054.8
115.0	3062.8
115.5	3070.6
116.0	3078.2
116.5	3085.6
117.0	3093.4
117.5	3102.8
118.0	3113.0
118.5	3119.0
119.0	3126.6
119.5	3132.8
120.0	3134.8
120.5	3144.8
121.0	3152.6
121.5	3159.6
122.0	3169.0
122.5	3172.2
123.0	3180.4
123.5	3190.0
124.0	3195.2
124.5	3199.4
125.0	3206.8
125.5	3215.4
126.0	3221.6
126.5	3228.2
127.0	3236.2
127.5	3246.4
128.0	3254.6
128.5	3259.0
129.0	3266.8
129.5	3272.4
130.0	3279.2
130.5	3285.0
131.0	3293.6
131.5	3298.8
132.0	3310.6
132.5	3317.8
133.0	3321.0
133.5	3325.4
134.0	3335.2
134.5	3343.8
135.0	3347.0
135.5	3354.2
136.0	3362.0
136.5	3368.8
137.0	3370.0
137.5	3375.6
138.0	3381.4
138.5	3393.6
139.0	3400.0
139.5	3406.4
140.0	3410.2
140.5	3415.6
141.0	3420.8
141.5	3429.6
142.0	3438.6
142.5	3444.6
143.0	3449.8
143.5	3452.6
144.0	3463.6
144.5	3473.4
145.0	3479.8
145.5	3486.8
146.0	3493.2
146.5	3498.2
147.0	3509.8
147.5	3517.4
148.0	3526.0
148.5	3534.8
149.0	3542.2
149.5	3548.2
150.0	3553.0
150.5	3558.6
151.0	3566.2
151.5	3575.0
152.0	3578.0
152.5	3588.2
153.0	3598.0
153.5	3600.2
154.0	3608.4
154.5	3614.6
155.0	3625.8
155.5	3632.2
156.0	3637.8
156.5	3644.4
157.0	3652.8
157.5	3654.8
158.0	3658.2
158.5	3665.8
159.0	3674.4
159.5	3677.6
160.0	3686.6
160.5	3693.8
161.0	3697.4
161.5	3701.8
162.0	3709.2
162.5	3717.0
163.0	3723.6
163.5	3725.6
164.0	3732.6
164.5	3736.8
165.0	3742.6
165.5	3750.2
166.0	3755.6
166.5	3764.2
167.0	3773.2
167.5	3781.0
168.0	3786.2
168.5	3792.0
169.0	3798.8
169.5	3807.4
170.0	3815.6
170.5	3820.6
171.0	3829.2
171.5	3840.0
172.0	3846.4
172.5	3852.8
173.0	3858.0
173.5	3866.2
174.0	3870.8
174.5	3876.2
175.0	3881.4
175.5	3885.0
176.0	3891.2
176.5	3898.2
177.0	3908.6
177.5	3916.6
178.0	3923.0
178.5	3929.8
179.0	3931.0
179.5	3935.2
180.0	3944.8
180.5	3950.8
181.0	3959.2
181.5	3966.8
182.0	3973.8
182.5	3984.8
183.0	3987.2
183.5	3993.6
184.0	4001.4
184.5	4004.6
185.0	4009.8
185.5	4019.8
186.0	4027.4
186.5	4034.4
187.0	4039.2
187.5	4043.2
188.0	4047.0
188.5	4049.0
189.0	4055.6
189.5	4053.4
190.0	4059.2
190.5	4062.6
191.0	4070.4
191.5	4075.0
192.0	4081.4
192.5	4085.6
193.0	4090.0
193.5	4090.0
194.0	4093.4
194.5	4103.0
195.0	4108.8
195.5	4112.6
196.0	4114.4
196.5	4121.6
197.0	4123.0
197.5	4129.8
198.0	4135.2
198.5	4137.6
199.0	4143.8
199.5	4153.2
200.0	4159.2
200.5	4160.0
201.0	4159.4
201.5	4161.4
202.0	4165.0
202.5	4174.2
203.0	4182.0
203.5	4190.0
204.0	4192.6
204.5	4197.6
205.0	4201.2
205.5	4208.8
206.0	4215.2
206.5	4216.4
207.0	4220.8
207.5	4223.4
208.0	4229.0
208.5	4231.4
209.0	4237.2
209.5	4244.4
210.0	4248.8
210.5	4255.4
211.0	4263.0
211.5	4268.4
212.0	4272.8
212.5	4277.4
213.0	4280.8
213.5	4283.0
214.0	4286.4
214.5	4292.6
215.0	4298.6
215.5	4304.0
216.0	4306.4
216.5	4308.4
217.0	4312.4
217.5	4313.4
218.0	4318.4
218.5	4322.6
219.0	4327.6
219.5	4329.4
220.0	4330.2
220.5	4336.0
221.0	4344.0
221.5	4351.2
222.0	4353.8
222.5	4359.0
223.0	4365.2
223.5	4370.2
224.0	4377.4
224.5	4383.6
225.0	4390.6
225.5	4393.6
226.0	4395.2
226.5	4401.8
227.0	4403.2
227.5	4408.4
228.0	4416.0
228.5	4419.6
229.0	4424.0
229.5	4427.6
230.0	4427.2
230.5	4430.8
231.0	4437.6
231.5	4445.0
232.0	4452.6
232.5	4456.4
233.0	4461.4
233.5	4468.6
234.0	4472.8
234.5	4474.8
235.0	4480.2
235.5	4487.2
236.0	4490.6
236.5	4495.8
237.0	4502.4
237.5	4503.8
238.0	4508.8
238.5	4513.0
239.0	4519.8
239.5	4527.2
240.0	4530.6
240.5	4533.0
241.0	4535.4
241.5	4538.8
242.0	4545.6
242.5	4546.6
243.0	4557.0
243.5	4558.2
244.0	4563.8
244.5	4568.4
245.0	4575.0
245.5	4580.4
246.0	4586.8
246.5	4589.2
247.0	4590.2
247.5	4598.0
248.0	4601.4
248.5	4607.6
249.0	4608.4
249.5	4613.8
250.0	4615.2
250.5	4621.8
251.0	4627.6
251.5	4631.8
252.0	4633.6
252.5	4635.8
253.0	4640.4
253.5	4645.6
254.0	4649.8
254.5	4653.6
255.0	4656.4
255.5	4657.4
256.0	4661.6
256.5	4666.6
257.0	4669.6
257.5	4671.0
258.0	4677.2
258.5	4677.2
259.0	4679.0
259.5	4683.2
260.0	4688.6
260.5	4694.2
261.0	4702.4
261.5	4708.6
262.0	4711.2
262.5	4715.8
263.0	4719.8
263.5	4721.4
264.0	4721.6
264.5	4724.6
265.0	4729.8
265.5	4736.2
266.0	4735.6
266.5	4738.0
267.0	4747.0
267.5	4749.2
268.0	4752.8
268.5	4756.0
269.0	4760.0
269.5	4766.8
270.0	4772.6
270.5	4775.6
271.0	4775.0
271.5	4780.6
272.0	4782.2
272.5	4785.6
273.0	4788.4
273.5	4791.4
274.0	4793.8
274.5	4798.0
275.0	4802.0
275.5	4804.0
276.0	4811.0
276.5	4818.0
277.0	4821.4
277.5	4820.8
278.0	4825.6
278.5	4830.4
279.0	4831.4
279.5	4839.6
280.0	4845.6
280.5	4852.6
281.0	4856.2
281.5	4861.0
282.0	4863.8
282.5	4866.6
283.0	4868.6
283.5	4873.2
284.0	4875.2
284.5	4883.0
285.0	4888.6
285.5	4895.4
286.0	4900.6
286.5	4903.8
287.0	4908.2
287.5	4909.4
288.0	4911.4
288.5	4919.4
289.0	4925.0
289.5	4924.6
290.0	4929.2
290.5	4932.8
291.0	4941.0
291.5	4942.6
292.0	4947.4
292.5	4947.8
293.0	4950.2
293.5	4954.2
294.0	4960.4
294.5	4963.2
295.0	4969.0
295.5	4972.2
296.0	4976.6
296.5	4979.4
297.0	4980.6
297.5	4983.6
298.0	4985.6
298.5	4991.8
299.0	4996.4
299.5	4998.6
300.0	4996.0
