0.09504	0.34
0.0	0.0
0.5	0.0
1.0	0.6
1.5	1.4
2.0	3.0
2.5	5.0
3.0	8.6
3.5	11.2
4.0	13.4
4.5	16.8
5.0	21.0
5.5	27.0
6.0	31.0
6.5	36.4
7.0	42.2
7.5	51.4
8.0	60.2
8.5	64.8
9.0	69.8
9.5	76.4
10.0	83.8
10.5	88.8
11.0	93.8
11.5	99.2
12.0	106.6
12.5	113.0
13.0	122.0
13.5	127.8
14.0	135.2
14.5	142.6
15.0	149.4
15.5	156.4
16.0	164.8
16.5	171.2
17.0	178.0
17.5	184.0
18.0	191.6
18.5	200.8
19.0	208.0
19.5	217.6
20.0	224.0
20.5	233.2
21.0	241.6
21.5	249.2
22.0	256.0
22.5	264.8
23.0	273.8
23.5	283.8
24.0	291.6
24.5	298.8
25.0	304.6
25.5	313.8
26.0	323.0
26.5	333.0
27.0	342.8
27.5	351.4
28.0	358.6
28.5	367.2
29.0	375.8
29.5	383.4
30.0	392.6
30.5	402.4
31.0	409.4
31.5	419.4
32.0	429.4
32.5	438.0
33.0	444.4
33.5	451.0
34.0	458.0
34.5	465.4
35.0	473.0
35.5	479.6
36.0	487.6
36.5	496.8
37.0	505.2
37.5	513.6
38.0	519.6
38.5	528.4
39.0	537.8
39.5	548.0
40.0	556.6
40.5	564.4
41.0	573.8
41.5	582.0
42.0	588.8
42.5	596.2
43.0	605.6
43.5	611.6
44.0	619.4
44.5	627.2
45.0	632.8
45.5	638.6
46.0	645.6
46.5	653.0
47.0	660.0
47.5	667.6
48.0	675.4
48.5	682.6
49.0	691.2
49.5	698.0
50.0	704.8
50.5	713.4
51.0	720.8
51.5	727.0
52.0	734.8
52.5	742.4
53.0	750.8
53.5	758.2
54.0	764.8
54.5	773.4
55.0	779.6
55.5	786.0
56.0	794.2
56.5	799.8
57.0	805.8
57.5	813.0
58.0	819.6
58.5	824.2
59.0	830.4
59.5	834.6
60.0	841.2
60.5	846.4
61.0	853.2
61.5	858.4
62.0	866.8
62.5	872.8
63.0	878.8
63.5	884.4
64.0	891.6
64.5	897.8
65.0	902.4
65.5	907.4
66.0	914.0
66.5	919.2
67.0	925.8
67.5	931.0
68.0	936.6
68.5	942.6
69.0	947.8
69.5	953.8
70.0	958.4
70.5	962.8
71.0	969.2
71.5	973.6
72.0	978.4
72.5	985.0
73.0	989.4
73.5	994.4
74.0	1001.0
74.5	1004.8
75.0	1008.4
75.5	1014.8
76.0	1020.4
76.5	1024.4
77.0	1030.8
77.5	1037.0
78.0	1043.8
78.5	1050.0
79.0	1055.4
79.5	1060.4
80.0	1068.2
80.5	1073.2
81.0	1078.8
81.5	1084.6
82.0	1089.6
82.5	1096.4
83.0	1103.2
83.5	1109.2
84.0	1113.2
84.5	1118.4
85.0	1123.8
85.5	1129.2
86.0	1135.0
86.5	1142.2
87.0	1146.6
87.5	1151.8
88.0	1157.4
88.5	1162.0
89.0	1167.4
89.5	1172.2
90.0	1175.0
90.5	1178.0
91.0	1183.6
91.5	1187.8
92.0	1191.0
92.5	1195.8
93.0	1200.8
93.5	1207.2
94.0	1211.6
94.5	1217.6
95.0	1222.4
95.5	1228.4
96.0	1232.4
96.5	1236.4
97.0	1240.2
97.5	1246.0
98.0	1250.4
98.5	1255.8
99.0	1260.0
99.5	1267.0
100.0	1271.4
100.5	1275.2
101.0	1278.4
101.5	1282.0
102.0	1286.8
102.5	1292.2
103.0	1297.2
103.5	1301.8
104.0	1307.6
104.5	1312.0
105.0	1318.2
105.5	1323.4
106.0	1329.4
106.5	1333.2
107.0	1338.4
107.5	1343.2
108.0	1346.4
108.5	1352.0
109.0	1357.6
109.5	1363.6
110.0	1368.2
110.5	1373.4
111.0	1379.2
111.5	1382.8
112.0	1387.2
112.5	1391.6
113.0	1396.8
113.5	1403.2
114.0	1409.4
114.5	1413.8
115.0	1418.6
115.5	1424.2
116.0	1428.4
116.5	1432.8
117.0	1437.0
117.5	1441.2
118.0	1446.4
118.5	1451.4
119.0	1454.4
119.5	1460.0
120.0	1464.6
120.5	1469.0
121.0	1474.2
121.5	1478.8
122.0	1483.6
122.5	1487.4
123.0	1491.8
123.5	1496.0
124.0	1501.0
124.5	1505.0
125.0	1511.0
125.5	1515.6
126.0	1520.4
126.5	1522.4
127.0	1525.6
127.5	1529.6
128.0	1534.0
128.5	1538.8
129.0	1543.2
129.5	1548.8
130.0	1553.8
130.5	1557.6
131.0	1563.8
131.5	1570.2
132.0	1574.4
132.5	1578.2
133.0	1580.2
133.5	1583.8
134.0	1587.8
134.5	1594.8
135.0	1599.4
135.5	1604.0
136.0	1608.4
136.5	1612.6
137.0	1615.4
137.5	1621.4
138.0	1625.6
138.5	1630.2
139.0	1634.8
139.5	1639.2
140.0	1643.8
140.5	1649.8
141.0	1653.4
141.5	1657.6
142.0	1661.8
142.5	1665.8
143.0	1670.0
143.5	1674.8
144.0	1678.8
144.5	1684.2
145.0	1688.4
145.5	1693.0
146.0	1697.4
146.5	1702.0
147.0	1705.4
147.5	1708.0
148.0	1714.4
148.5	1718.6
149.0	1724.2
149.5	1728.8
150.0	1732.4
150.5	1737.8
151.0	1741.2
151.5	1746.4
152.0	1751.2
152.5	1755.0
153.0	1757.6
153.5	1760.8
154.0	1763.8
154.5	1767.2
155.0	1771.6
155.5	1777.6
156.0	1781.4
156.5	1785.0
157.0	1789.6
157.5	1791.8
158.0	1796.8
158.5	1801.2
159.0	1806.6
159.5	1810.4
160.0	1814.0
160.5	1817.4
161.0	1822.4
161.5	1826.2
162.0	1830.6
162.5	1835.4
163.0	1841.0
163.5	1845.8
164.0	1849.0
164.5	1852.0
165.0	1857.0
165.5	1860.8
166.0	1864.8
166.5	1868.6
167.0	1872.6
167.5	1876.2
168.0	1879.8
168.5	1882.8
169.0	1886.4
169.5	1890.4
170.0	1893.8
170.5	1897.2
171.0	1901.4
171.5	1908.6
172.0	1912.8
172.5	1915.8
173.0	1919.8
173.5	1924.8
174.0	1928.6
174.5	1932.4
175.0	1938.0
175.5	1942.4
176.0	1946.6
176.5	1949.4
177.0	1954.6
177.5	1958.4
178.0	1961.2
178.5	1966.2
179.0	1969.4
179.5	1973.4
180.0	1977.2
180.5	1980.8
181.0	1984.6
181.5	1989.2
182.0	1993.6
182.5	1998.4
183.0	2002.2
183.5	2008.0
184.0	2013.0
184.5	2017.6
185.0	2020.6
185.5	2024.6
186.0	2029.0
186.5	2032.4
187.0	2036.0
187.5	2039.2
188.0	2044.2
188.5	2049.2
189.0	2054.4
189.5	2059.0
190.0	2061.8
190.5	2066.2
191.0	2069.6
191.5	2075.2
192.0	2080.2
192.5	2084.4
193.0	2088.2
193.5	2092.8
194.0	2095.6
194.5	2099.6
195.0	2104.2
195.5	2107.6
196.0	2112.8
196.5	2118.4
197.0	2122.6
197.5	2124.6
198.0	2128.0
198.5	2132.6
199.0	2137.8
199.5	2141.2
200.0	2145.8
200.5	2149.2
201.0	2153.4
201.5	2157.6
202.0	2161.8
202.5	2165.0
203.0	2167.2
203.5	2171.6
204.0	2175.8
204.5	2177.6
205.0	2181.8
205.5	2186.2
206.0	2190.2
206.5	2195.0
207.0	2198.8
207.5	2202.6
208.0	2207.4
208.5	2210.2
209.0	2214.8
209.5	2220.0
210.0	2223.8
210.5	2227.2
211.0	2231.0
211.5	2235.8
212.0	2241.6
212.5	2243.8
213.0	2247.2
213.5	2251.0
214.0	2253.8
214.5	2257.8
215.0	2261.0
215.5	2264.2
216.0	2268.6
216.5	2272.2
217.0	2275.6
217.5	2279.4
218.0	2283.6
218.5	2288.2
219.0	2292.0
219.5	2295.2
220.0	2298.8
220.5	2302.0
221.0	2305.4
221.5	2310.4
222.0	2314.0
222.5	2319.0
223.0	2323.4
223.5	2326.2
224.0	2330.4
224.5	2334.6
225.0	2340.8
225.5	2344.4
226.0	2347.4
226.5	2351.2
227.0	2354.4
227.5	2358.6
228.0	2363.8
228.5	2369.4
229.0	2373.8
229.5	2377.0
230.0	2380.6
230.5	2383.6
231.0	2389.6
231.5	2394.0
232.0	2398.0
232.5	2401.8
233.0	2405.6
233.5	2410.2
234.0	2413.8
234.5	2418.6
235.0	2422.2
235.5	2426.2
236.0	2430.8
236.5	2434.4
237.0	2436.8
237.5	2441.0
238.0	2443.6
238.5	2447.2
239.0	2452.6
239.5	2458.0
240.0	2462.6
240.5	2467.8
241.0	2473.0
241.5	2476.2
242.0	2479.6
242.5	2483.2
243.0	2490.4
243.5	2494.2
244.0	2497.0
244.5	2501.8
245.0	2507.0
245.5	2510.8
246.0	2513.4
246.5	2517.8
247.0	2521.6
247.5	2524.4
248.0	2528.2
248.5	2533.2
249.0	2537.2
249.5	2542.2
250.0	2545.6
250.5	2549.0
251.0	2552.8
251.5	2555.8
252.0	2558.4
252.5	2563.6
253.0	2569.2
253.5	2571.6
254.0	2574.8
254.5	2579.4
255.0	2583.4
255.5	2587.8
256.0	2592.2
256.5	2596.8
257.0	2601.2
257.5	2605.0
258.0	2611.6
258.5	2614.0
259.0	2616.2
259.5	2618.6
260.0	2623.4
260.5	2626.4
261.0	2630.8
261.5	2634.6
262.0	2638.6
262.5	2643.0
263.0	2648.0
263.5	2650.8
264.0	2654.6
264.5	2659.4
265.0	2664.4
265.5	2669.2
266.0	2672.6
266.5	2675.6
267.0	2680.0
267.5	2685.2
268.0	2689.6
268.5	2693.2
269.0	2697.4
269.5	2700.6
270.0	2703.2
270.5	2707.8
271.0	2711.8
271.5	2716.0
272.0	2720.0
272.5	2723.4
273.0	2727.6
273.5	2731.6
274.0	2734.6
274.5	2738.4
275.0	2744.2
275.5	2747.4
276.0	2751.4
276.5	2755.8
277.0	2759.2
277.5	2762.4
278.0	2765.8
278.5	2769.0
279.0	2771.8
279.5	2775.2
280.0	2778.0
280.5	2782.8
281.0	2786.6
281.5	2790.0
282.0	2794.0
282.5	2798.8
283.0	2804.4
283.5	2808.4
284.0	2811.4
284.5	2815.4
285.0	2820.2
285.5	2822.8
286.0	2828.2
286.5	2832.0
287.0	2835.6
287.5	2837.8
288.0	2841.8
288.5	2846.2
289.0	2850.4
289.5	2854.6
290.0	2858.2
290.5	2860.6
291.0	2865.8
291.5	2867.6
292.0	2871.6
292.5	2873.4
293.0	2877.8
293.5	2881.2
294.0	2884.8
294.5	2888.0
295.0	2893.8
295.5	2897.0
296.0	2901.2
296.5	2904.8
297.0	2909.2
297.5	2913.0
298.0	2917.0
298.5	2921.4
299.0	2924.8
299.5	2928.4
300.0	2934.2
