0.01584	0.78
0.0	0.0
0.5	0.0
1.0	0.0
1.5	1.0
2.0	2.8
2.5	4.0
3.0	4.8
3.5	7.0
4.0	9.4
4.5	11.4
5.0	15.6
5.5	19.4
6.0	23.8
6.5	25.8
7.0	31.4
7.5	36.0
8.0	42.2
8.5	47.4
9.0	52.8
9.5	58.8
10.0	64.6
10.5	69.2
11.0	75.4
11.5	81.2
12.0	89.2
12.5	97.4
13.0	104.2
13.5	110.8
14.0	116.4
14.5	124.2
15.0	132.8
15.5	139.2
16.0	146.8
16.5	156.6
17.0	167.0
17.5	175.4
18.0	183.0
18.5	191.2
19.0	197.6
19.5	203.8
20.0	213.6
20.5	219.0
21.0	226.2
21.5	232.4
22.0	239.4
22.5	246.6
23.0	254.4
23.5	262.0
24.0	271.4
24.5	277.2
25.0	285.6
25.5	292.0
26.0	298.0
26.5	305.0
27.0	312.8
27.5	321.8
28.0	328.8
28.5	337.8
29.0	342.8
29.5	350.6
30.0	360.6
30.5	367.8
31.0	376.0
31.5	385.0
32.0	393.8
32.5	400.4
33.0	408.8
33.5	418.2
34.0	425.0
34.5	431.6
35.0	437.0
35.5	444.6
36.0	452.0
36.5	461.2
37.0	468.2
37.5	475.2
38.0	482.2
38.5	490.8
39.0	500.0
39.5	508.0
40.0	514.0
40.5	519.6
41.0	526.2
41.5	532.6
42.0	539.2
42.5	547.8
43.0	554.0
43.5	561.6
44.0	571.0
44.5	581.2
45.0	588.6
45.5	594.4
46.0	599.6
46.5	607.8
47.0	614.6
47.5	621.4
48.0	629.6
48.5	635.0
49.0	640.8
49.5	649.0
50.0	656.6
50.5	662.6
51.0	668.6
51.5	675.2
52.0	683.0
52.5	690.2
53.0	697.2
53.5	703.6
54.0	709.8
54.5	715.2
55.0	724.6
55.5	731.2
56.0	738.0
56.5	744.4
57.0	748.6
57.5	754.6
58.0	761.4
58.5	768.2
59.0	774.4
59.5	780.4
60.0	785.2
60.5	790.8
61.0	796.6
61.5	802.4
62.0	808.0
62.5	813.8
63.0	820.4
63.5	825.8
64.0	833.2
64.5	839.2
65.0	844.2
65.5	850.4
66.0	856.0
66.5	862.8
67.0	867.8
67.5	875.0
68.0	881.6
68.5	887.6
69.0	891.6
69.5	896.2
70.0	901.8
70.5	906.2
71.0	910.0
71.5	916.0
72.0	922.0
72.5	928.4
73.0	932.2
73.5	937.6
74.0	940.6
74.5	947.8
75.0	953.4
75.5	959.0
76.0	964.8
76.5	971.4
77.0	978.8
77.5	984.8
78.0	991.2
78.5	997.6
79.0	1002.2
79.5	1008.6
80.0	1015.0
80.5	1020.2
81.0	1025.2
81.5	1029.8
82.0	1033.8
82.5	1039.0
83.0	1043.2
83.5	1048.8
84.0	1053.8
84.5	1060.2
85.0	1064.8
85.5	1070.2
86.0	1074.6
86.5	1080.8
87.0	1085.4
87.5	1090.0
88.0	1094.8
88.5	1099.4
89.0	1104.4
89.5	1109.6
90.0	1115.8
90.5	1121.6
91.0	1126.4
91.5	1130.6
92.0	1136.6
92.5	1142.6
93.0	1148.6
93.5	1153.6
94.0	1158.2
94.5	1163.0
95.0	1167.8
95.5	1171.8
96.0	1176.6
96.5	1181.8
97.0	1186.4
97.5	1191.6
98.0	1198.2
98.5	1202.2
99.0	1207.4
99.5	1211.6
100.0	1215.4
100.5	1220.0
101.0	1225.4
101.5	1230.0
102.0	1235.0
102.5	1241.2
103.0	1247.6
103.5	1252.4
104.0	1257.6
104.5	1261.6
105.0	1264.4
105.5	1269.8
106.0	1273.8
106.5	1279.6
107.0	1283.0
107.5	1286.8
108.0	1293.0
108.5	1297.2
109.0	1302.0
109.5	1306.0
110.0	1309.8
110.5	1313.8
111.0	1316.0
111.5	1320.2
112.0	1324.0
112.5	1329.4
113.0	1334.4
113.5	1339.2
114.0	1343.6
114.5	1348.4
115.0	1352.2
115.5	1356.6
116.0	1361.4
116.5	1366.8
117.0	1371.4
117.5	1375.8
118.0	1380.6
118.5	1384.6
119.0	1391.4
119.5	1395.0
120.0	1399.0
120.5	1403.0
121.0	1407.4
121.5	1412.2
122.0	1416.6
122.5	1420.0
123.0	1425.8
123.5	1430.6
124.0	1434.4
124.5	1438.2
125.0	1443.6
125.5	1447.0
126.0	1453.8
126.5	1460.4
127.0	1464.6
127.5	1469.4
128.0	1475.0
128.5	1479.2
129.0	1485.2
129.5	1491.4
130.0	1495.6
130.5	1500.6
131.0	1504.2
131.5	1507.4
132.0	1511.0
132.5	1513.8
133.0	1518.4
133.5	1522.2
134.0	1526.2
134.5	1529.8
135.0	1534.4
135.5	1539.2
136.0	1543.0
136.5	1547.6
137.0	1553.8
137.5	1558.0
138.0	1564.0
138.5	1567.2
139.0	1571.8
139.5	1575.8
140.0	1580.4
140.5	1584.6
141.0	1589.0
141.5	1593.2
142.0	1597.8
142.5	1601.6
143.0	1606.8
143.5	1613.4
144.0	1617.8
144.5	1621.6
145.0	1626.8
145.5	1630.8
146.0	1634.6
146.5	1638.4
147.0	1641.8
147.5	1646.6
148.0	1651.2
148.5	1655.8
149.0	1658.8
149.5	1661.6
150.0	1664.2
150.5	1669.8
151.0	1673.4
151.5	1677.8
152.0	1683.6
152.5	1687.4
153.0	1692.4
153.5	1697.4
154.0	1702.2
154.5	1708.6
155.0	1713.0
155.5	1716.4
156.0	1721.4
156.5	1727.8
157.0	1731.8
157.5	1736.6
158.0	1740.2
158.5	1744.4
159.0	1750.0
159.5	1756.0
160.0	1761.2
160.5	1764.8
161.0	1769.6
161.5	1774.8
162.0	1779.2
162.5	1782.4
163.0	1786.4
163.5	1791.2
164.0	1797.6
164.5	1802.0
165.0	1806.2
165.5	1810.0
166.0	1814.4
166.5	1820.0
167.0	1824.2
167.5	1827.6
168.0	1831.6
168.5	1835.2
169.0	1838.6
169.5	1844.6
170.0	1849.4
170.5	1852.4
171.0	1855.8
171.5	1861.6
172.0	1865.4
172.5	1868.8
173.0	1873.2
173.5	1877.4
174.0	1881.2
174.5	1887.2
175.0	1889.6
175.5	1892.8
176.0	1897.4
176.5	1902.4
177.0	1906.8
177.5	1909.8
178.0	1914.2
178.5	1918.6
179.0	1922.6
179.5	1927.8
180.0	1931.8
180.5	1936.2
181.0	1939.8
181.5	1943.8
182.0	1948.0
182.5	1954.4
183.0	1959.2
183.5	1963.4
184.0	1966.8
184.5	1969.6
185.0	1973.6
185.5	1978.6
186.0	1982.4
186.5	1987.0
187.0	1991.2
187.5	1994.0
188.0	1999.4
188.5	2003.0
189.0	2006.8
189.5	2010.8
190.0	2012.8
190.5	2016.2
191.0	2020.2
191.5	2023.8
192.0	2027.0
192.5	2030.6
193.0	2034.8
193.5	2039.6
194.0	2042.6
194.5	2047.4
195.0	2052.2
195.5	2056.4
196.0	2060.8
196.5	2064.2
197.0	2067.8
197.5	2070.8
198.0	2074.8
198.5	2079.0
199.0	2082.0
199.5	2085.8
200.0	2091.4
200.5	2098.0
201.0	2104.4
201.5	2108.0
202.0	2111.6
202.5	2116.0
203.0	2119.8
203.5	2123.2
204.0	2127.6
204.5	2133.2
205.0	2137.6
205.5	2141.4
206.0	2146.8
206.5	2148.4
207.0	2151.6
207.5	2156.4
208.0	2160.0
208.5	2163.8
209.0	2168.0
209.5	2172.0
210.0	2176.2
210.5	2178.6
211.0	2182.8
211.5	2185.8
212.0	2188.6
212.5	2191.4
213.0	2196.4
213.5	2199.4
214.0	2202.6
214.5	2208.0
215.0	2212.2
215.5	2217.4
216.0	2220.6
216.5	2224.0
217.0	2228.2
217.5	2232.2
218.0	2236.6
218.5	2240.0
219.0	2244.2
219.5	2247.6
220.0	2252.4
220.5	2257.0
221.0	2259.6
221.5	2263.0
222.0	2265.2
222.5	2269.0
223.0	2273.4
223.5	2277.8
224.0	2281.4
224.5	2284.2
225.0	2287.6
225.5	2290.4
226.0	2294.8
226.5	2299.2
227.0	2304.6
227.5	2308.2
228.0	2311.4
228.5	2315.6
229.0	2318.4
229.5	2321.2
230.0	2326.2
230.5	2332.2
231.0	2337.8
231.5	2342.4
232.0	2346.6
232.5	2350.6
233.0	2354.8
233.5	2358.8
234.0	2362.6
234.5	2365.6
235.0	2369.6
235.5	2375.2
236.0	2378.2
236.5	2383.0
237.0	2386.6
237.5	2392.0
238.0	2397.2
238.5	2401.0
239.0	2404.2
239.5	2406.8
240.0	2410.6
240.5	2415.0
241.0	2419.4
241.5	2421.6
242.0	2426.4
242.5	2429.4
243.0	2433.6
243.5	2439.6
244.0	2444.6
244.5	2448.6
245.0	2451.4
245.5	2455.6
246.0	2459.6
246.5	2464.0
247.0	2467.6
247.5	2471.8
248.0	2475.8
248.5	2481.0
249.0	2484.0
249.5	2485.6
250.0	2490.0
250.5	2494.6
251.0	2500.0
251.5	2504.2
252.0	2507.6
252.5	2511.0
253.0	2515.2
253.5	2520.2
254.0	2524.6
254.5	2529.6
255.0	2534.2
255.5	2538.0
256.0	2541.6
256.5	2544.6
257.0	2549.6
257.5	2554.4
258.0	2559.0
258.5	2563.4
259.0	2566.4
259.5	2570.2
260.0	2573.2
260.5	2575.2
261.0	2579.6
261.5	2582.8
262.0	2586.6
262.5	2589.0
263.0	2591.4
263.5	2594.6
264.0	2598.0
264.5	2602.4
265.0	2606.6
265.5	2609.6
266.0	2612.4
266.5	2617.4
267.0	2621.4
267.5	2623.2
268.0	2627.6
268.5	2630.6
269.0	2633.6
269.5	2639.0
270.0	2641.4
270.5	2647.4
271.0	2651.6
271.5	2655.2
272.0	2661.2
272.5	2665.4
273.0	2670.0
273.5	2673.2
274.0	2675.8
274.5	2677.4
275.0	2681.8
275.5	2685.8
276.0	2690.2
276.5	2694.2
277.0	2697.6
277.5	2700.0
278.0	2704.6
278.5	2707.2
279.0	2712.0
279.5	2719.0
280.0	2721.4
280.5	2728.4
281.0	2731.2
281.5	2734.2
282.0	2738.8
282.5	2742.4
283.0	2747.0
283.5	2752.0
284.0	2755.2
284.5	2758.6
285.0	2760.8
285.5	2765.2
286.0	2769.2
286.5	2773.0
287.0	2776.4
287.5	2781.0
288.0	2784.4
288.5	2787.2
289.0	2791.6
289.5	2795.8
290.0	2800.6
290.5	2804.4
291.0	2809.6
291.5	2812.2
292.0	2815.6
292.5	2819.4
293.0	2824.4
293.5	2827.6
294.0	2830.4
294.5	2833.6
295.0	2837.0
295.5	2842.6
296.0	2845.6
296.5	2849.2
297.0	2852.6
297.5	2855.8
298.0	2858.8
298.5	2862.0
299.0	2862.8
299.5	2864.4
300.0	2867.0
