0.0693	0.84
0.0	0.0
0.5	0.0
1.0	0.8
1.5	2.0
2.0	4.2
2.5	6.2
3.0	7.6
3.5	10.8
4.0	14.0
4.5	16.6
5.0	20.6
5.5	23.2
6.0	27.2
6.5	31.6
7.0	37.0
7.5	42.8
8.0	48.8
8.5	55.4
9.0	61.2
9.5	68.2
10.0	74.8
10.5	81.8
11.0	89.0
11.5	95.0
12.0	101.4
12.5	108.4
13.0	117.0
13.5	124.4
14.0	131.0
14.5	137.0
15.0	146.2
15.5	153.4
16.0	160.4
16.5	168.0
17.0	177.8
17.5	185.0
18.0	192.2
18.5	202.0
19.0	210.4
19.5	216.6
20.0	224.0
20.5	232.2
21.0	240.4
21.5	249.0
22.0	258.2
22.5	265.4
23.0	273.0
23.5	280.4
24.0	290.6
24.5	299.8
25.0	308.6
25.5	313.8
26.0	322.4
26.5	330.4
27.0	341.6
27.5	350.6
28.0	358.8
28.5	366.2
29.0	376.6
29.5	385.4
30.0	390.8
30.5	397.8
31.0	405.8
31.5	413.2
32.0	420.6
32.5	431.2
33.0	440.8
33.5	449.2
34.0	456.8
34.5	463.2
35.0	471.8
35.5	480.0
36.0	488.0
36.5	494.4
37.0	501.4
37.5	510.2
38.0	518.4
38.5	527.8
39.0	535.4
39.5	543.2
40.0	550.6
40.5	560.2
41.0	569.2
41.5	576.8
42.0	582.8
42.5	591.6
43.0	600.4
43.5	609.2
44.0	616.4
44.5	623.4
45.0	630.6
45.5	637.4
46.0	644.4
46.5	649.4
47.0	654.8
47.5	661.0
48.0	667.0
48.5	673.4
49.0	679.6
49.5	685.8
50.0	692.8
50.5	700.2
51.0	706.2
51.5	714.2
52.0	722.4
52.5	729.2
53.0	735.8
53.5	741.8
54.0	751.4
54.5	758.2
55.0	764.4
55.5	769.8
56.0	775.2
56.5	783.8
57.0	791.4
57.5	797.6
58.0	803.4
58.5	809.0
59.0	812.6
59.5	817.2
60.0	821.4
60.5	825.2
61.0	832.4
61.5	841.0
62.0	846.8
62.5	853.2
63.0	860.2
63.5	865.0
64.0	871.8
64.5	878.2
65.0	885.8
65.5	891.8
66.0	897.8
66.5	905.0
67.0	910.0
67.5	915.6
68.0	923.2
68.5	929.2
69.0	934.6
69.5	940.0
70.0	946.0
70.5	951.6
71.0	957.4
71.5	963.0
72.0	969.6
72.5	974.4
73.0	980.2
73.5	985.8
74.0	992.4
74.5	997.2
75.0	1003.2
75.5	1010.2
76.0	1017.0
76.5	1021.0
77.0	1026.0
77.5	1031.0
78.0	1036.8
78.5	1043.0
79.0	1048.6
79.5	1055.0
80.0	1061.4
80.5	1067.2
81.0	1072.2
81.5	1078.0
82.0	1082.2
82.5	1086.4
83.0	1093.2
83.5	1098.8
84.0	1103.8
84.5	1108.4
85.0	1114.4
85.5	1119.0
86.0	1124.0
86.5	1129.6
87.0	1134.8
87.5	1139.6
88.0	1144.6
88.5	1150.2
89.0	1154.8
89.5	1159.8
90.0	1167.0
90.5	1171.8
91.0	1176.6
91.5	1181.0
92.0	1185.4
92.5	1189.8
93.0	1195.0
93.5	1199.6
94.0	1204.6
94.5	1211.2
95.0	1215.8
95.5	1219.8
96.0	1225.4
96.5	1229.2
97.0	1233.4
97.5	1237.6
98.0	1242.2
98.5	1247.4
99.0	1253.0
99.5	1257.4
100.0	1262.4
100.5	1266.0
101.0	1270.8
101.5	1275.8
102.0	1280.4
102.5	1284.8
103.0	1290.2
103.5	1295.8
104.0	1300.0
104.5	1305.4
105.0	1309.6
105.5	1313.0
106.0	1319.0
106.5	1325.0
107.0	1329.2
107.5	1332.6
108.0	1337.4
108.5	1342.6
109.0	1347.0
109.5	1353.0
110.0	1357.4
110.5	1362.6
111.0	1368.0
111.5	1370.8
112.0	1376.6
112.5	1382.4
113.0	1388.6
113.5	1393.8
114.0	1398.4
114.5	1402.2
115.0	1409.0
115.5	1412.4
116.0	1418.0
116.5	1422.8
117.0	1427.2
117.5	1433.2
118.0	1436.8
118.5	1440.0
119.0	1444.6
119.5	1448.8
120.0	1452.6
120.5	1456.8
121.0	1460.0
121.5	1463.0
122.0	1466.2
122.5	1472.2
123.0	1475.8
123.5	1480.6
124.0	1485.0
124.5	1489.4
125.0	1494.6
125.5	1498.4
126.0	1501.8
126.5	1507.0
127.0	1512.8
127.5	1517.4
128.0	1522.0
128.5	1526.4
129.0	1530.2
129.5	1536.4
130.0	1543.2
130.5	1548.2
131.0	1552.4
131.5	1557.2
132.0	1561.4
132.5	1565.2
133.0	1567.6
133.5	1572.2
134.0	1578.0
134.5	1583.6
135.0	1586.8
135.5	1590.8
136.0	1596.4
136.5	1601.4
137.0	1605.6
137.5	1609.6
138.0	1613.6
138.5	1619.4
139.0	1624.0
139.5	1627.8
140.0	1632.8
140.5	1638.4
141.0	1644.2
141.5	1647.4
142.0	1651.8
142.5	1655.4
143.0	1661.8
143.5	1664.8
144.0	1668.6
144.5	1674.0
145.0	1677.6
145.5	1681.8
146.0	1685.6
146.5	1688.4
147.0	1691.8
147.5	1697.0
148.0	1701.4
148.5	1704.8
149.0	1707.8
149.5	1714.2
150.0	1721.2
150.5	1726.2
151.0	1730.4
151.5	1734.6
152.0	1738.2
152.5	1742.2
153.0	1747.0
153.5	1751.6
154.0	1754.2
154.5	1758.2
155.0	1762.0
155.5	1766.4
156.0	1771.4
156.5	1777.4
157.0	1781.4
157.5	1785.4
158.0	1788.4
158.5	1792.8
159.0	1797.0
159.5	1801.6
160.0	1805.0
160.5	1808.4
161.0	1811.8
161.5	1815.0
162.0	1817.6
162.5	1822.6
163.0	1828.6
163.5	1831.2
164.0	1834.2
164.5	1839.2
165.0	1844.2
165.5	1849.2
166.0	1855.2
166.5	1857.0
167.0	1859.8
167.5	1862.2
168.0	1865.4
168.5	1871.0
169.0	1873.6
169.5	1878.2
170.0	1882.4
170.5	1887.4
171.0	1890.6
171.5	1895.6
172.0	1900.2
172.5	1905.0
173.0	1907.6
173.5	1911.4
174.0	1916.0
174.5	1918.8
175.0	1922.8
175.5	1927.2
176.0	1931.4
176.5	1935.0
177.0	1938.2
177.5	1943.0
178.0	1946.8
178.5	1951.0
179.0	1954.0
179.5	1958.0
180.0	1961.2
180.5	1965.0
181.0	1968.6
181.5	1972.4
182.0	1977.2
182.5	1981.2
183.0	1987.8
183.5	1992.4
184.0	1994.6
184.5	1999.0
185.0	2002.8
185.5	2006.2
186.0	2010.0
186.5	2013.6
187.0	2017.8
187.5	2022.2
188.0	2027.2
188.5	2030.4
189.0	2035.0
189.5	2038.6
190.0	2042.0
190.5	2046.4
191.0	2049.2
191.5	2053.8
192.0	2059.8
192.5	2063.8
193.0	2067.6
193.5	2071.4
194.0	2076.6
194.5	2079.6
195.0	2082.6
195.5	2086.4
196.0	2091.4
196.5	2096.4
197.0	2100.6
197.5	2104.0
198.0	2107.4
198.5	2112.6
199.0	2117.0
199.5	2121.6
200.0	2127.4
200.5	2131.8
201.0	2135.8
201.5	2140.0
202.0	2143.0
202.5	2147.6
203.0	2151.6
203.5	2155.6
204.0	2161.0
204.5	2166.6
205.0	2171.6
205.5	2174.6
206.0	2178.0
206.5	2181.2
207.0	2185.6
207.5	2188.6
208.0	2193.4
208.5	2198.2
209.0	2203.8
209.5	2207.4
210.0	2211.2
210.5	2216.4
211.0	2221.4
211.5	2225.8
212.0	2230.4
212.5	2232.6
213.0	2236.6
213.5	2241.6
214.0	2246.6
214.5	2251.4
215.0	2256.0
215.5	2260.4
216.0	2264.2
216.5	2269.6
217.0	2273.2
217.5	2278.0
218.0	2283.0
218.5	2287.8
219.0	2291.0
219.5	2294.0
220.0	2297.0
220.5	2298.6
221.0	2302.4
221.5	2306.0
222.0	2310.6
222.5	2315.6
223.0	2319.8
223.5	2324.4
224.0	2328.2
224.5	2334.2
225.0	2337.8
225.5	2341.6
226.0	2345.6
226.5	2348.4
227.0	2351.8
227.5	2355.0
228.0	2362.6
228.5	2365.4
229.0	2369.6
229.5	2373.6
230.0	2378.2
230.5	2381.2
231.0	2385.4
231.5	2389.0
232.0	2394.2
232.5	2398.2
233.0	2402.6
233.5	2407.0
234.0	2411.4
234.5	2416.0
235.0	2418.4
235.5	2422.2
236.0	2427.2
236.5	2431.6
237.0	2435.0
237.5	2437.4
238.0	2440.4
238.5	2444.8
239.0	2448.8
239.5	2452.0
240.0	2455.4
240.5	2459.8
241.0	2466.0
241.5	2470.4
242.0	2476.2
242.5	2479.6
243.0	2482.0
243.5	2484.8
244.0	2489.0
244.5	2492.4
245.0	2494.6
245.5	2498.2
246.0	2502.4
246.5	2506.4
247.0	2509.4
247.5	2512.0
248.0	2515.6
248.5	2518.8
249.0	2523.4
249.5	2526.8
250.0	2529.6
250.5	2534.0
251.0	2538.0
251.5	2543.0
252.0	2547.6
252.5	2551.2
253.0	2555.6
253.5	2559.2
254.0	2565.0
254.5	2568.8
255.0	2571.6
255.5	2575.2
256.0	2579.6
256.5	2584.4
257.0	2588.2
257.5	2590.8
258.0	2595.0
258.5	2598.6
259.0	2603.0
259.5	2606.2
260.0	2610.8
260.5	2615.4
261.0	2620.2
261.5	2624.4
262.0	2627.6
262.5	2629.8
263.0	2633.2
263.5	2636.4
264.0	2641.0
264.5	2645.8
265.0	2650.4
265.5	2653.6
266.0	2657.6
266.5	2659.8
267.0	2663.4
267.5	2667.8
268.0	2671.6
268.5	2675.6
269.0	2680.0
269.5	2683.0
270.0	2687.0
270.5	2690.2
271.0	2694.2
271.5	2698.8
272.0	2701.2
272.5	2704.8
273.0	2707.2
273.5	2712.4
274.0	2715.8
274.5	2720.6
275.0	2723.2
275.5	2726.6
276.0	2730.2
276.5	2733.8
277.0	2738.0
277.5	2742.2
278.0	2746.6
278.5	2751.8
279.0	2754.2
279.5	2758.2
280.0	2761.2
280.5	2763.2
281.0	2766.8
281.5	2769.4
282.0	2773.0
282.5	2776.8
283.0	2781.8
283.5	2786.4
284.0	2790.2
284.5	2795.8
285.0	2800.8
285.5	2803.2
286.0	2807.2
286.5	2810.0
287.0	2813.8
287.5	2818.0
288.0	2823.0
288.5	2826.6
289.0	2831.0
289.5	2835.4
290.0	2838.2
290.5	2842.6
291.0	2847.2
291.5	2852.2
292.0	2857.0
292.5	2860.2
293.0	2864.0
293.5	2867.0
294.0	2870.0
294.5	2874.4
295.0	2877.8
295.5	2881.0
296.0	2885.0
296.5	2889.4
297.0	2893.2
297.5	2896.8
298.0	2900.2
298.5	2905.8
299.0	2911.0
299.5	2914.8
300.0	2918.2
