0.03366	0.44
0.0	0.0
0.5	0.0
1.0	0.2
1.5	1.2
2.0	2.0
2.5	4.2
3.0	6.8
3.5	9.4
4.0	12.4
4.5	14.8
5.0	17.8
5.5	20.8
6.0	24.0
6.5	30.2
7.0	36.4
7.5	41.2
8.0	47.6
8.5	52.2
9.0	58.4
9.5	67.2
10.0	73.4
10.5	78.4
11.0	84.2
11.5	89.8
12.0	96.8
12.5	105.0
13.0	112.6
13.5	120.0
14.0	126.4
14.5	134.0
15.0	140.8
15.5	148.2
16.0	155.0
16.5	161.4
17.0	169.2
17.5	178.4
18.0	187.6
18.5	197.0
19.0	206.6
19.5	215.0
20.0	223.4
20.5	232.0
21.0	240.6
21.5	248.2
22.0	255.4
22.5	267.2
23.0	275.6
23.5	281.0
24.0	289.0
24.5	295.0
25.0	301.8
25.5	308.4
26.0	319.6
26.5	327.4
27.0	334.2
27.5	341.4
28.0	349.6
28.5	356.4
29.0	363.2
29.5	371.2
30.0	378.4
30.5	386.4
31.0	395.2
31.5	403.0
32.0	409.6
32.5	416.8
33.0	423.6
33.5	432.4
34.0	439.8
34.5	446.8
35.0	453.4
35.5	462.0
36.0	470.8
36.5	480.8
37.0	489.2
37.5	494.6
38.0	501.6
38.5	508.0
39.0	513.8
39.5	520.6
40.0	529.0
40.5	537.0
41.0	544.6
41.5	550.6
42.0	557.6
42.5	567.4
43.0	573.4
43.5	581.2
44.0	586.8
44.5	594.8
45.0	603.6
45.5	609.4
46.0	618.8
46.5	625.8
47.0	633.8
47.5	641.0
48.0	648.4
48.5	655.2
49.0	661.6
49.5	668.2
50.0	672.8
50.5	681.6
51.0	688.2
51.5	696.2
52.0	704.0
52.5	710.0
53.0	716.8
53.5	723.8
54.0	729.6
54.5	735.2
55.0	741.6
55.5	746.4
56.0	752.2
56.5	758.4
57.0	765.8
57.5	772.0
58.0	779.0
58.5	787.4
59.0	793.0
59.5	798.2
60.0	804.8
60.5	810.8
61.0	816.4
61.5	822.2
62.0	830.8
62.5	836.8
63.0	842.6
63.5	848.6
64.0	854.8
64.5	860.0
65.0	865.8
65.5	872.4
66.0	878.4
66.5	883.2
67.0	887.6
67.5	894.0
68.0	900.2
68.5	907.2
69.0	913.8
69.5	920.8
70.0	925.4
70.5	929.6
71.0	934.2
71.5	940.0
72.0	946.6
72.5	953.8
73.0	959.6
73.5	965.4
74.0	970.4
74.5	976.8
75.0	982.0
75.5	990.6
76.0	995.8
76.5	1001.8
77.0	1006.4
77.5	1013.0
78.0	1017.4
78.5	1024.0
79.0	1029.0
79.5	1035.2
80.0	1040.8
80.5	1044.8
81.0	1049.4
81.5	1055.6
82.0	1060.8
82.5	1066.6
83.0	1072.4
83.5	1079.0
84.0	1082.8
84.5	1088.0
85.0	1092.4
85.5	1099.0
86.0	1103.6
86.5	1109.8
87.0	1113.8
87.5	1119.4
88.0	1124.4
88.5	1131.8
89.0	1136.4
89.5	1141.0
90.0	1145.0
90.5	1150.4
91.0	1154.4
91.5	1158.0
92.0	1163.4
92.5	1168.2
93.0	1174.4
93.5	1179.8
94.0	1184.0
94.5	1188.6
95.0	1193.8
95.5	1199.6
96.0	1204.2
96.5	1209.8
97.0	1216.2
97.5	1220.4
98.0	1225.0
98.5	1229.2
99.0	1234.0
99.5	1240.6
100.0	1245.0
100.5	1249.0
101.0	1254.0
101.5	1259.4
102.0	1264.4
102.5	1270.8
103.0	1274.4
103.5	1279.0
104.0	1284.0
104.5	1289.4
105.0	1294.2
105.5	1300.6
106.0	1306.8
106.5	1310.6
107.0	1316.2
107.5	1321.8
108.0	1327.4
108.5	1332.4
109.0	1339.0
109.5	1344.0
110.0	1348.0
110.5	1353.6
111.0	1358.2
111.5	1364.6
112.0	1368.8
112.5	1373.2
113.0	1376.8
113.5	1381.8
114.0	1386.6
114.5	1391.8
115.0	1395.4
115.5	1399.2
116.0	1404.4
116.5	1408.4
117.0	1413.0
117.5	1417.4
118.0	1421.0
118.5	1424.8
119.0	1428.6
119.5	1432.8
120.0	1437.2
120.5	1441.0
121.0	1444.0
121.5	1447.6
122.0	1453.0
122.5	1456.2
123.0	1460.8
123.5	1464.2
124.0	1468.4
124.5	1472.6
125.0	1477.6
125.5	1480.2
126.0	1485.2
126.5	1489.8
127.0	1493.8
127.5	1497.6
128.0	1503.4
128.5	1509.0
129.0	1514.0
129.5	1519.2
130.0	1525.0
130.5	1530.4
131.0	1534.4
131.5	1540.2
132.0	1546.6
132.5	1551.2
133.0	1554.6
133.5	1559.2
134.0	1564.6
134.5	1571.2
135.0	1575.6
135.5	1580.4
136.0	1585.4
136.5	1588.8
137.0	1592.6
137.5	1597.4
138.0	1601.0
138.5	1605.0
139.0	1610.2
139.5	1615.2
140.0	1618.4
140.5	1622.4
141.0	1625.4
141.5	1630.0
142.0	1634.8
142.5	1639.6
143.0	1643.8
143.5	1649.8
144.0	1653.6
144.5	1656.4
145.0	1662.2
145.5	1665.8
146.0	1671.0
146.5	1675.4
147.0	1680.0
147.5	1683.4
148.0	1686.2
148.5	1690.4
149.0	1694.2
149.5	1698.0
150.0	1704.2
150.5	1708.8
151.0	1713.0
151.5	1718.0
152.0	1722.4
152.5	1726.4
153.0	1729.4
153.5	1732.8
154.0	1736.8
154.5	1739.6
155.0	1742.6
155.5	1746.6
156.0	1751.2
156.5	1756.0
157.0	1759.2
157.5	1764.6
158.0	1768.2
158.5	1773.4
159.0	1778.0
159.5	1781.6
160.0	1786.2
160.5	1791.0
161.0	1794.6
161.5	1797.4
162.0	1801.4
162.5	1804.2
163.0	1808.4
163.5	1812.2
164.0	1815.2
164.5	1819.8
165.0	1826.0
165.5	1830.0
166.0	1836.0
166.5	1841.6
167.0	1846.2
167.5	1850.8
168.0	1856.0
168.5	1859.6
169.0	1862.6
169.5	1865.6
170.0	1869.0
170.5	1872.2
171.0	1877.4
171.5	1882.0
172.0	1886.2
172.5	1889.2
173.0	1894.0
173.5	1898.8
174.0	1902.8
174.5	1907.8
175.0	1911.8
175.5	1915.6
176.0	1917.2
176.5	1921.4
177.0	1925.2
177.5	1929.8
178.0	1932.8
178.5	1938.0
179.0	1942.0
179.5	1946.0
180.0	1950.2
180.5	1953.0
181.0	1957.2
181.5	1961.8
182.0	1967.2
182.5	1971.2
183.0	1973.8
183.5	1977.6
184.0	1981.6
184.5	1985.8
185.0	1990.8
185.5	1996.4
186.0	2001.8
186.5	2004.6
187.0	2008.4
187.5	2012.4
188.0	2015.2
188.5	2018.0
189.0	2022.0
189.5	2024.4
190.0	2029.0
190.5	2032.8
191.0	2037.8
191.5	2042.6
192.0	2046.6
192.5	2050.2
193.0	2052.8
193.5	2057.6
194.0	2062.4
194.5	2067.6
195.0	2071.8
195.5	2076.2
196.0	2079.4
196.5	2083.2
197.0	2086.4
197.5	2089.6
198.0	2093.8
198.5	2098.4
199.0	2101.6
199.5	2106.0
200.0	2109.0
200.5	2113.0
201.0	2117.4
201.5	2122.0
202.0	2125.2
202.5	2128.6
203.0	2133.2
203.5	2138.6
204.0	2143.4
204.5	2147.2
205.0	2151.6
205.5	2156.8
206.0	2160.4
206.5	2164.4
207.0	2168.4
207.5	2171.4
208.0	2176.2
208.5	2181.8
209.0	2185.8
209.5	2188.8
210.0	2194.0
210.5	2197.8
211.0	2201.8
211.5	2204.4
212.0	2208.6
212.5	2212.2
213.0	2215.8
213.5	2219.4
214.0	2223.6
214.5	2227.2
215.0	2229.8
215.5	2233.8
216.0	2238.2
216.5	2243.4
217.0	2248.0
217.5	2251.4
218.0	2256.2
218.5	2261.0
219.0	2263.6
219.5	2266.6
220.0	2270.8
220.5	2274.6
221.0	2278.8
221.5	2282.2
222.0	2289.0
222.5	2293.6
223.0	2297.8
223.5	2304.0
224.0	2306.0
224.5	2309.4
225.0	2313.8
225.5	2317.2
226.0	2321.0
226.5	2325.0
227.0	2328.8
227.5	2332.8
228.0	2337.0
228.5	2341.8
229.0	2345.8
229.5	2350.2
230.0	2353.0
230.5	2357.8
231.0	2361.0
231.5	2363.8
232.0	2367.4
232.5	2371.2
233.0	2376.4
233.5	2380.4
234.0	2383.4
234.5	2386.0
235.0	2391.4
235.5	2395.4
236.0	2398.6
236.5	2403.4
237.0	2406.8
237.5	2410.8
238.0	2415.2
238.5	2420.4
239.0	2424.2
239.5	2428.4
240.0	2433.8
240.5	2437.2
241.0	2441.0
241.5	2445.6
242.0	2450.2
242.5	2454.4
243.0	2457.8
243.5	2462.6
244.0	2468.4
244.5	2473.0
245.0	2476.8
245.5	2481.0
246.0	2484.2
246.5	2488.6
247.0	2491.8
247.5	2496.4
248.0	2500.2
248.5	2503.6
249.0	2506.0
249.5	2509.6
250.0	2512.2
250.5	2515.8
251.0	2519.6
251.5	2523.8
252.0	2527.4
252.5	2531.8
253.0	2535.6
253.5	2539.8
254.0	2543.4
254.5	2550.0
255.0	2553.4
255.5	2556.8
256.0	2561.8
256.5	2566.4
257.0	2570.0
257.5	2572.6
258.0	2577.2
258.5	2581.0
259.0	2584.6
259.5	2589.0
260.0	2593.2
260.5	2596.6
261.0	2601.0
261.5	2605.2
262.0	2609.0
262.5	2611.6
263.0	2616.0
263.5	2619.8
264.0	2625.2
264.5	2628.8
265.0	2631.6
265.5	2636.0
266.0	2638.8
266.5	2644.8
267.0	2651.2
267.5	2656.2
268.0	2660.6
268.5	2666.4
269.0	2670.0
269.5	2673.8
270.0	2678.8
270.5	2681.4
271.0	2684.8
271.5	2686.8
272.0	2691.2
272.5	2696.4
273.0	2699.6
273.5	2703.0
274.0	2708.0
274.5	2711.8
275.0	2715.8
275.5	2718.4
276.0	2722.6
276.5	2727.4
277.0	2732.4
277.5	2735.4
278.0	2739.0
278.5	2745.6
279.0	2751.0
279.5	2754.2
280.0	2759.4
280.5	2764.0
281.0	2769.0
281.5	2773.0
282.0	2777.2
282.5	2780.2
283.0	2783.4
283.5	2787.8
284.0	2792.6
284.5	2796.6
285.0	2798.4
285.5	2801.6
286.0	2805.8
286.5	2809.8
287.0	2813.0
287.5	2817.0
288.0	2822.2
288.5	2826.0
289.0	2830.6
289.5	2834.2
290.0	2838.0
290.5	2842.8
291.0	2846.4
291.5	2851.8
292.0	2855.4
292.5	2861.8
293.0	2867.4
293.5	2870.8
294.0	2875.8
294.5	2878.2
295.0	2881.8
295.5	2885.4
296.0	2890.0
296.5	2892.8
297.0	2896.6
297.5	2900.2
298.0	2905.6
298.5	2909.8
299.0	2913.0
299.5	2915.2
300.0	2920.0
