0.00198	0.9400000000000001
0.0	0.0
0.5	0.0
1.0	0.0
1.5	0.2
2.0	0.4
2.5	0.4
3.0	0.8
3.5	1.8
4.0	2.8
4.5	3.8
5.0	5.0
5.5	6.6
6.0	7.4
6.5	9.4
7.0	11.4
7.5	13.0
8.0	14.8
8.5	17.2
9.0	20.0
9.5	22.2
10.0	25.2
10.5	29.8
11.0	34.2
11.5	38.0
12.0	41.2
12.5	45.4
13.0	49.6
13.5	54.4
14.0	59.8
14.5	63.6
15.0	67.4
15.5	70.8
16.0	76.8
16.5	83.8
17.0	88.8
17.5	94.6
18.0	98.2
18.5	102.8
19.0	110.0
19.5	116.0
20.0	121.8
20.5	126.4
21.0	133.2
21.5	138.6
22.0	145.4
22.5	151.2
23.0	155.8
23.5	163.8
24.0	172.8
24.5	180.0
25.0	187.4
25.5	193.2
26.0	197.6
26.5	204.0
27.0	210.4
27.5	215.2
28.0	221.2
28.5	227.6
29.0	234.6
29.5	242.4
30.0	249.8
30.5	257.2
31.0	264.6
31.5	271.0
32.0	278.8
32.5	285.4
33.0	291.4
33.5	299.2
34.0	306.6
34.5	314.2
35.0	321.8
35.5	328.8
36.0	339.8
36.5	345.6
37.0	351.8
37.5	359.0
38.0	366.4
38.5	371.8
39.0	378.2
39.5	385.0
40.0	391.0
40.5	397.6
41.0	406.2
41.5	413.4
42.0	419.0
42.5	424.4
43.0	431.8
43.5	439.0
44.0	446.4
44.5	453.6
45.0	459.4
45.5	468.6
46.0	475.4
46.5	481.6
47.0	487.6
47.5	494.2
48.0	502.2
48.5	509.2
49.0	515.4
49.5	522.0
50.0	529.4
50.5	535.6
51.0	542.4
51.5	548.8
52.0	555.0
52.5	562.6
53.0	567.8
53.5	574.8
54.0	580.6
54.5	584.8
55.0	591.6
55.5	597.2
56.0	604.0
56.5	608.4
57.0	614.6
57.5	620.4
58.0	626.4
58.5	632.6
59.0	637.6
59.5	644.2
60.0	648.2
60.5	653.2
61.0	658.8
61.5	665.6
62.0	671.4
62.5	678.8
63.0	683.6
63.5	690.4
64.0	695.8
64.5	703.4
65.0	710.4
65.5	716.2
66.0	721.6
66.5	727.8
67.0	734.2
67.5	739.4
68.0	746.4
68.5	753.0
69.0	757.4
69.5	762.4
70.0	767.6
70.5	774.0
71.0	778.2
71.5	784.4
72.0	788.0
72.5	795.4
73.0	799.0
73.5	804.6
74.0	809.0
74.5	814.4
75.0	819.0
75.5	823.8
76.0	828.6
76.5	833.0
77.0	839.2
77.5	846.2
78.0	850.6
78.5	855.6
79.0	861.4
79.5	865.2
80.0	870.6
80.5	875.4
81.0	880.2
81.5	885.0
82.0	889.0
82.5	893.6
83.0	898.4
83.5	903.6
84.0	909.0
84.5	916.2
85.0	921.8
85.5	926.0
86.0	930.4
86.5	937.6
87.0	944.8
87.5	950.4
88.0	956.0
88.5	960.4
89.0	965.8
89.5	971.8
90.0	976.4
90.5	981.4
91.0	987.6
91.5	993.0
92.0	999.2
92.5	1005.0
93.0	1010.0
93.5	1015.4
94.0	1021.0
94.5	1026.2
95.0	1030.8
95.5	1036.0
96.0	1041.4
96.5	1045.4
97.0	1049.6
97.5	1056.8
98.0	1062.4
98.5	1066.2
99.0	1070.0
99.5	1073.0
100.0	1076.8
100.5	1081.6
101.0	1085.8
101.5	1090.8
102.0	1094.2
102.5	1101.4
103.0	1107.0
103.5	1112.6
104.0	1118.6
104.5	1122.6
105.0	1128.8
105.5	1133.0
106.0	1136.8
106.5	1141.2
107.0	1146.4
107.5	1151.0
108.0	1156.0
108.5	1161.0
109.0	1165.0
109.5	1168.6
110.0	1172.0
110.5	1177.4
111.0	1182.6
111.5	1189.0
112.0	1194.2
112.5	1199.4
113.0	1204.2
113.5	1207.8
114.0	1212.8
114.5	1216.8
115.0	1219.8
115.5	1224.2
116.0	1228.8
116.5	1231.4
117.0	1236.8
117.5	1241.4
118.0	1246.0
118.5	1250.2
119.0	1255.8
119.5	1260.6
120.0	1264.4
120.5	1270.0
121.0	1272.8
121.5	1276.0
122.0	1280.8
122.5	1285.4
123.0	1291.0
123.5	1294.4
124.0	1298.6
124.5	1301.6
125.0	1305.4
125.5	1310.0
126.0	1314.2
126.5	1319.6
127.0	1324.0
127.5	1328.6
128.0	1332.6
128.5	1336.8
129.0	1339.6
129.5	1344.2
130.0	1348.8
130.5	1352.2
131.0	1356.8
131.5	1360.2
132.0	1363.8
132.5	1367.0
133.0	1371.0
133.5	1373.6
134.0	1377.8
134.5	1381.6
135.0	1386.6
135.5	1390.6
136.0	1393.8
136.5	1399.6
137.0	1402.2
137.5	1405.8
138.0	1410.0
138.5	1413.4
139.0	1419.4
139.5	1423.2
140.0	1428.4
140.5	1433.8
141.0	1439.0
141.5	1443.0
142.0	1449.0
142.5	1453.2
143.0	1457.6
143.5	1461.8
144.0	1464.4
144.5	1469.0
145.0	1473.4
145.5	1477.0
146.0	1482.4
146.5	1486.8
147.0	1490.2
147.5	1494.0
148.0	1497.4
148.5	1500.6
149.0	1504.6
149.5	1508.0
150.0	1512.4
150.5	1516.4
151.0	1519.0
151.5	1522.6
152.0	1527.4
152.5	1531.2
153.0	1535.0
153.5	1538.6
154.0	1542.2
154.5	1546.8
155.0	1550.0
155.5	1554.4
156.0	1558.0
156.5	1560.6
157.0	1563.6
157.5	1567.6
158.0	1571.0
158.5	1575.8
159.0	1580.0
159.5	1581.8
160.0	1585.6
160.5	1589.2
161.0	1592.8
161.5	1597.0
162.0	1601.6
162.5	1606.0
163.0	1608.2
163.5	1612.6
164.0	1615.8
164.5	1618.8
165.0	1622.8
165.5	1626.8
166.0	1632.2
166.5	1635.2
167.0	1640.0
167.5	1643.8
168.0	1648.6
168.5	1653.0
169.0	1656.6
169.5	1660.4
170.0	1662.8
170.5	1666.6
171.0	1670.0
171.5	1672.8
172.0	1677.0
172.5	1680.8
173.0	1685.4
173.5	1690.2
174.0	1693.4
174.5	1696.0
175.0	1700.2
175.5	1702.4
176.0	1705.0
176.5	1708.6
177.0	1713.2
177.5	1715.4
178.0	1718.6
178.5	1721.6
179.0	1725.6
179.5	1729.0
180.0	1732.8
180.5	1735.6
181.0	1738.4
181.5	1741.8
182.0	1745.6
182.5	1750.0
183.0	1754.4
183.5	1758.6
184.0	1761.4
184.5	1766.2
185.0	1769.0
185.5	1774.2
186.0	1777.0
186.5	1781.2
187.0	1786.0
187.5	1789.4
188.0	1792.0
188.5	1794.2
189.0	1798.0
189.5	1800.6
190.0	1803.6
190.5	1807.6
191.0	1810.8
191.5	1814.4
192.0	1817.0
192.5	1820.0
193.0	1823.6
193.5	1829.0
194.0	1831.4
194.5	1834.4
195.0	1838.8
195.5	1842.4
196.0	1846.4
196.5	1851.0
197.0	1853.4
197.5	1856.2
198.0	1860.2
198.5	1865.2
199.0	1868.8
199.5	1871.8
200.0	1875.6
200.5	1879.6
201.0	1882.8
201.5	1886.2
202.0	1891.2
202.5	1896.2
203.0	1901.2
203.5	1905.4
204.0	1909.6
204.5	1913.4
205.0	1916.4
205.5	1920.8
206.0	1924.2
206.5	1927.6
207.0	1931.0
207.5	1934.6
208.0	1938.6
208.5	1942.8
209.0	1946.6
209.5	1951.6
210.0	1955.6
210.5	1959.0
211.0	1961.6
211.5	1966.4
212.0	1970.0
212.5	1974.0
213.0	1978.2
213.5	1983.2
214.0	1988.0
214.5	1991.6
215.0	1995.4
215.5	1999.0
216.0	2002.6
216.5	2006.0
217.0	2008.6
217.5	2012.6
218.0	2015.8
218.5	2020.8
219.0	2024.4
219.5	2026.6
220.0	2030.4
220.5	2033.6
221.0	2036.8
221.5	2041.0
222.0	2044.4
222.5	2047.8
223.0	2051.6
223.5	2055.2
224.0	2058.6
224.5	2063.4
225.0	2066.2
225.5	2068.6
226.0	2072.2
226.5	2075.6
227.0	2079.0
227.5	2082.4
228.0	2087.8
228.5	2091.8
229.0	2096.2
229.5	2099.0
230.0	2103.6
230.5	2107.0
231.0	2110.0
231.5	2113.2
232.0	2117.0
232.5	2118.2
233.0	2121.6
233.5	2124.0
234.0	2127.8
234.5	2130.4
235.0	2134.4
235.5	2137.6
236.0	2141.0
236.5	2145.2
237.0	2148.4
237.5	2152.2
238.0	2156.0
238.5	2158.0
239.0	2160.6
239.5	2165.4
240.0	2168.8
240.5	2173.4
241.0	2176.8
241.5	2180.0
242.0	2183.8
242.5	2186.8
243.0	2188.8
243.5	2190.2
244.0	2191.8
244.5	2196.0
245.0	2199.0
245.5	2201.4
246.0	2205.6
246.5	2209.2
247.0	2213.4
247.5	2217.2
248.0	2220.8
248.5	2223.6
249.0	2227.4
249.5	2231.8
250.0	2234.8
250.5	2237.8
251.0	2244.0
251.5	2247.4
252.0	2251.4
252.5	2253.2
253.0	2256.0
253.5	2259.2
254.0	2260.6
254.5	2263.6
255.0	2266.2
255.5	2270.0
256.0	2272.4
256.5	2274.4
257.0	2278.2
257.5	2282.8
258.0	2286.2
258.5	2289.8
259.0	2293.2
259.5	2297.0
260.0	2301.2
260.5	2304.8
261.0	2308.8
261.5	2311.4
262.0	2315.6
262.5	2319.2
263.0	2321.2
263.5	2324.8
264.0	2327.2
264.5	2330.8
265.0	2334.4
265.5	2337.4
266.0	2341.6
266.5	2346.2
267.0	2350.0
267.5	2354.0
268.0	2357.2
268.5	2361.4
269.0	2364.4
269.5	2368.2
270.0	2372.2
270.5	2376.2
271.0	2380.2
271.5	2382.6
272.0	2386.6
272.5	2389.2
273.0	2390.6
273.5	2395.2
274.0	2398.4
274.5	2401.6
275.0	2405.4
275.5	2408.0
276.0	2411.6
276.5	2415.0
277.0	2418.6
277.5	2422.2
278.0	2425.4
278.5	2429.2
279.0	2433.0
279.5	2437.0
280.0	2439.4
280.5	2443.8
281.0	2446.6
281.5	2449.8
282.0	2455.0
282.5	2457.8
283.0	2460.4
283.5	2462.8
284.0	2464.8
284.5	2467.2
285.0	2470.2
285.5	2473.8
286.0	2477.6
286.5	2481.6
287.0	2486.0
287.5	2490.4
288.0	2494.2
288.5	2497.6
289.0	2501.6
289.5	2504.4
290.0	2507.2
290.5	2509.8
291.0	2511.6
291.5	2516.4
292.0	2520.8
292.5	2524.4
293.0	2528.0
293.5	2530.6
294.0	2534.4
294.5	2537.0
295.0	2542.4
295.5	2545.0
296.0	2548.8
296.5	2552.4
297.0	2555.4
297.5	2560.4
298.0	2564.4
298.5	2568.4
299.0	2571.6
299.5	2575.4
300.0	2578.8
