0.07128	0.9
0.0	0.0
0.5	0.2
1.0	1.0
1.5	1.6
2.0	2.8
2.5	4.4
3.0	6.2
3.5	9.2
4.0	13.0
4.5	16.4
5.0	20.2
5.5	24.4
6.0	28.0
6.5	33.2
7.0	38.8
7.5	44.2
8.0	50.6
8.5	59.8
9.0	66.4
9.5	70.8
10.0	77.6
10.5	86.0
11.0	94.2
11.5	101.4
12.0	107.6
12.5	115.0
13.0	123.0
13.5	130.4
14.0	134.8
14.5	141.0
15.0	146.4
15.5	155.0
16.0	161.6
16.5	172.2
17.0	181.8
17.5	191.8
18.0	200.2
18.5	207.0
19.0	214.2
19.5	220.8
20.0	229.2
20.5	236.8
21.0	243.6
21.5	252.4
22.0	265.0
22.5	272.6
23.0	282.6
23.5	289.8
24.0	299.4
24.5	308.8
25.0	318.2
25.5	326.8
26.0	333.2
26.5	341.0
27.0	349.6
27.5	356.6
28.0	366.4
28.5	374.0
29.0	381.8
29.5	388.6
30.0	399.6
30.5	407.0
31.0	415.2
31.5	424.0
32.0	430.0
32.5	437.2
33.0	445.2
33.5	452.8
34.0	462.8
34.5	468.8
35.0	476.2
35.5	483.2
36.0	490.6
36.5	498.2
37.0	507.2
37.5	515.4
38.0	523.4
38.5	528.6
39.0	535.8
39.5	544.2
40.0	551.2
40.5	559.6
41.0	568.0
41.5	573.4
42.0	580.6
42.5	588.2
43.0	596.0
43.5	603.4
44.0	610.0
44.5	616.0
45.0	622.2
45.5	628.8
46.0	635.4
46.5	643.4
47.0	651.6
47.5	658.6
48.0	663.2
48.5	668.6
49.0	673.4
49.5	679.2
50.0	684.8
50.5	689.0
51.0	696.2
51.5	700.6
52.0	708.2
52.5	714.8
53.0	721.0
53.5	727.8
54.0	734.2
54.5	740.0
55.0	746.0
55.5	750.8
56.0	755.8
56.5	762.4
57.0	768.0
57.5	773.6
58.0	781.8
58.5	788.8
59.0	795.8
59.5	801.0
60.0	807.8
60.5	816.2
61.0	822.8
61.5	828.6
62.0	835.2
62.5	840.8
63.0	847.0
63.5	853.6
64.0	861.2
64.5	868.4
65.0	874.8
65.5	881.4
66.0	886.2
66.5	894.4
67.0	898.6
67.5	905.0
68.0	910.8
68.5	917.0
69.0	922.4
69.5	928.4
70.0	935.2
70.5	941.4
71.0	946.2
71.5	951.4
72.0	957.8
72.5	962.8
73.0	966.6
73.5	974.2
74.0	979.6
74.5	984.4
75.0	989.4
75.5	994.0
76.0	999.2
76.5	1005.6
77.0	1012.0
77.5	1017.2
78.0	1022.4
78.5	1027.4
79.0	1031.0
79.5	1036.4
80.0	1042.2
80.5	1046.4
81.0	1051.2
81.5	1057.4
82.0	1062.8
82.5	1066.8
83.0	1070.0
83.5	1075.4
84.0	1082.0
84.5	1085.8
85.0	1091.8
85.5	1098.2
86.0	1102.4
86.5	1107.6
87.0	1112.4
87.5	1118.0
88.0	1124.2
88.5	1127.8
89.0	1133.0
89.5	1138.2
90.0	1143.2
90.5	1149.0
91.0	1153.4
91.5	1159.0
92.0	1164.4
92.5	1169.2
93.0	1174.4
93.5	1179.4
94.0	1185.2
94.5	1192.2
95.0	1199.2
95.5	1204.0
96.0	1209.6
96.5	1215.0
97.0	1218.8
97.5	1222.2
98.0	1226.0
98.5	1231.4
99.0	1235.2
99.5	1239.6
100.0	1245.4
100.5	1250.4
101.0	1253.6
101.5	1257.4
102.0	1262.8
102.5	1267.2
103.0	1272.2
103.5	1277.8
104.0	1284.4
104.5	1290.0
105.0	1294.0
105.5	1299.4
106.0	1303.8
106.5	1309.6
107.0	1314.0
107.5	1320.0
108.0	1324.6
108.5	1330.4
109.0	1334.0
109.5	1338.4
110.0	1343.6
110.5	1347.2
111.0	1352.2
111.5	1356.4
112.0	1362.0
112.5	1366.0
113.0	1371.0
113.5	1374.2
114.0	1379.4
114.5	1385.2
115.0	1389.6
115.5	1393.4
116.0	1398.4
116.5	1403.2
117.0	1407.2
117.5	1412.6
118.0	1415.8
118.5	1419.4
119.0	1423.8
119.5	1427.6
120.0	1433.2
120.5	1437.6
121.0	1442.4
121.5	1446.8
122.0	1453.0
122.5	1459.6
123.0	1464.8
123.5	1468.2
124.0	1472.8
124.5	1477.6
125.0	1482.4
125.5	1487.4
126.0	1491.4
126.5	1496.4
127.0	1499.2
127.5	1503.0
128.0	1508.8
128.5	1513.8
129.0	1518.8
129.5	1522.6
130.0	1525.8
130.5	1529.2
131.0	1532.6
131.5	1537.8
132.0	1543.4
132.5	1548.6
133.0	1553.2
133.5	1559.8
134.0	1563.6
134.5	1568.8
135.0	1573.8
135.5	1577.2
136.0	1581.6
136.5	1586.0
137.0	1589.2
137.5	1593.6
138.0	1597.0
138.5	1601.8
139.0	1606.4
139.5	1609.4
140.0	1612.8
140.5	1619.0
141.0	1622.8
141.5	1628.0
142.0	1631.2
142.5	1636.8
143.0	1641.0
143.5	1643.8
144.0	1648.2
144.5	1651.8
145.0	1656.2
145.5	1660.4
146.0	1666.0
146.5	1670.0
147.0	1674.8
147.5	1679.4
148.0	1683.0
148.5	1687.4
149.0	1692.8
149.5	1696.8
150.0	1701.2
150.5	1704.8
151.0	1709.2
151.5	1713.2
152.0	1717.6
152.5	1721.8
153.0	1726.4
153.5	1729.6
154.0	1734.2
154.5	1738.8
155.0	1744.0
155.5	1747.4
156.0	1751.6
156.5	1755.6
157.0	1758.8
157.5	1764.8
158.0	1769.6
158.5	1774.2
159.0	1778.6
159.5	1781.4
160.0	1786.2
160.5	1789.2
161.0	1794.8
161.5	1800.2
162.0	1806.0
162.5	1808.2
163.0	1812.0
163.5	1816.4
164.0	1821.0
164.5	1823.8
165.0	1829.6
165.5	1834.2
166.0	1839.2
166.5	1842.4
167.0	1846.4
167.5	1849.4
168.0	1854.6
168.5	1859.8
169.0	1862.4
169.5	1865.2
170.0	1868.0
170.5	1871.8
171.0	1875.8
171.5	1879.8
172.0	1883.4
172.5	1887.8
173.0	1891.6
173.5	1896.6
174.0	1900.8
174.5	1905.8
175.0	1908.8
175.5	1911.8
176.0	1915.8
176.5	1919.4
177.0	1924.2
177.5	1930.8
178.0	1934.4
178.5	1939.2
179.0	1945.2
179.5	1950.4
180.0	1955.2
180.5	1959.6
181.0	1965.6
181.5	1970.0
182.0	1973.2
182.5	1976.8
183.0	1981.0
183.5	1984.4
184.0	1988.6
184.5	1991.6
185.0	1996.4
185.5	1999.8
186.0	2003.4
186.5	2008.0
187.0	2010.8
187.5	2015.2
188.0	2019.8
188.5	2025.6
189.0	2031.0
189.5	2035.6
190.0	2042.4
190.5	2045.0
191.0	2050.6
191.5	2054.4
192.0	2058.6
192.5	2061.8
193.0	2067.4
193.5	2071.2
194.0	2075.4
194.5	2082.4
195.0	2086.2
195.5	2090.0
196.0	2094.2
196.5	2098.4
197.0	2101.2
197.5	2105.8
198.0	2108.4
198.5	2112.2
199.0	2115.0
199.5	2119.0
200.0	2124.0
200.5	2129.6
201.0	2133.6
201.5	2137.2
202.0	2142.6
202.5	2146.6
203.0	2149.8
203.5	2153.4
204.0	2157.4
204.5	2162.0
205.0	2167.2
205.5	2170.8
206.0	2174.4
206.5	2178.2
207.0	2182.0
207.5	2186.8
208.0	2191.0
208.5	2194.8
209.0	2198.8
209.5	2202.6
210.0	2206.4
210.5	2211.2
211.0	2215.6
211.5	2219.6
212.0	2224.2
212.5	2228.6
213.0	2231.6
213.5	2236.6
214.0	2241.4
214.5	2245.2
215.0	2250.0
215.5	2255.6
216.0	2260.4
216.5	2263.6
217.0	2268.8
217.5	2272.2
218.0	2276.4
218.5	2280.0
219.0	2283.8
219.5	2288.4
220.0	2290.4
220.5	2293.2
221.0	2295.4
221.5	2298.2
222.0	2301.4
222.5	2307.0
223.0	2311.4
223.5	2316.4
224.0	2321.8
224.5	2325.8
225.0	2330.2
225.5	2334.8
226.0	2338.0
226.5	2342.0
227.0	2344.4
227.5	2350.2
228.0	2354.6
228.5	2358.0
229.0	2362.8
229.5	2368.0
230.0	2371.4
230.5	2375.0
231.0	2379.6
231.5	2383.8
232.0	2387.4
232.5	2391.6
233.0	2397.0
233.5	2401.8
234.0	2407.0
234.5	2411.6
235.0	2415.6
235.5	2418.2
236.0	2423.0
236.5	2425.8
237.0	2430.0
237.5	2434.4
238.0	2437.6
238.5	2441.6
239.0	2445.4
239.5	2449.6
240.0	2454.4
240.5	2457.2
241.0	2461.6
241.5	2466.2
242.0	2470.6
242.5	2474.4
243.0	2478.2
243.5	2482.0
244.0	2486.2
244.5	2490.4
245.0	2493.4
245.5	2496.8
246.0	2500.8
246.5	2505.2
247.0	2510.6
247.5	2515.4
248.0	2519.6
248.5	2525.2
249.0	2527.6
249.5	2531.6
250.0	2537.0
250.5	2541.6
251.0	2546.0
251.5	2550.2
252.0	2553.8
252.5	2557.6
253.0	2563.2
253.5	2568.4
254.0	2573.0
254.5	2575.4
255.0	2578.6
255.5	2583.2
256.0	2587.6
256.5	2591.6
257.0	2596.4
257.5	2600.4
258.0	2604.0
258.5	2608.2
259.0	2611.2
259.5	2615.2
260.0	2619.0
260.5	2623.2
261.0	2626.4
261.5	2630.4
262.0	2634.6
262.5	2638.4
263.0	2641.6
263.5	2644.8
264.0	2650.2
264.5	2653.8
265.0	2658.0
265.5	2663.4
266.0	2666.6
266.5	2670.2
267.0	2673.4
267.5	2675.8
268.0	2679.0
268.5	2681.8
269.0	2686.0
269.5	2691.2
270.0	2695.2
270.5	2698.2
271.0	2701.0
271.5	2704.2
272.0	2707.8
272.5	2711.4
273.0	2716.4
273.5	2721.0
274.0	2724.2
274.5	2728.2
275.0	2733.0
275.5	2738.4
276.0	2742.4
276.5	2746.0
277.0	2750.2
277.5	2753.4
278.0	2756.4
278.5	2760.6
279.0	2764.2
279.5	2769.6
280.0	2773.4
280.5	2777.8
281.0	2780.8
281.5	2785.6
282.0	2790.0
282.5	2794.0
283.0	2798.0
283.5	2801.4
284.0	2804.8
284.5	2808.0
285.0	2811.8
285.5	2816.6
286.0	2820.6
286.5	2824.6
287.0	2827.4
287.5	2830.8
288.0	2836.8
288.5	2839.8
289.0	2842.8
289.5	2846.8
290.0	2850.6
290.5	2855.2
291.0	2858.8
291.5	2862.0
292.0	2865.2
292.5	2868.6
293.0	2873.4
293.5	2877.4
294.0	2882.6
294.5	2887.4
295.0	2891.0
295.5	2894.0
296.0	2899.2
296.5	2904.2
297.0	2907.8
297.5	2910.6
298.0	2914.8
298.5	2918.6
299.0	2923.0
299.5	2927.4
300.0	2931.2
