0.06336	0.2
0.0	0.0
0.5	0.2
1.0	0.4
1.5	1.0
2.0	1.8
2.5	4.4
3.0	5.4
3.5	8.0
4.0	11.8
4.5	14.0
5.0	18.2
5.5	23.2
6.0	27.8
6.5	32.0
7.0	35.2
7.5	42.2
8.0	47.0
8.5	53.6
9.0	60.4
9.5	66.2
10.0	70.4
10.5	77.4
11.0	83.8
11.5	90.4
12.0	95.2
12.5	103.4
13.0	108.6
13.5	114.4
14.0	122.2
14.5	129.6
15.0	136.8
15.5	145.6
16.0	152.6
16.5	160.2
17.0	169.4
17.5	178.6
18.0	185.0
18.5	192.6
19.0	200.6
19.5	208.4
20.0	220.2
20.5	227.6
21.0	237.0
21.5	245.8
22.0	255.0
22.5	264.0
23.0	272.2
23.5	280.6
24.0	288.2
24.5	295.8
25.0	304.4
25.5	314.4
26.0	322.6
26.5	329.4
27.0	334.6
27.5	340.2
28.0	347.8
28.5	355.4
29.0	362.6
29.5	370.0
30.0	379.2
30.5	386.8
31.0	395.4
31.5	404.2
32.0	410.2
32.5	418.2
33.0	428.8
33.5	438.0
34.0	443.6
34.5	451.2
35.0	458.8
35.5	467.0
36.0	477.0
36.5	483.4
37.0	490.8
37.5	500.2
38.0	507.4
38.5	518.4
39.0	526.4
39.5	535.2
40.0	543.0
40.5	548.2
41.0	557.8
41.5	563.8
42.0	570.2
42.5	577.4
43.0	584.4
43.5	590.2
44.0	596.6
44.5	606.0
45.0	612.4
45.5	620.8
46.0	627.2
46.5	632.2
47.0	639.2
47.5	643.8
48.0	650.4
48.5	657.4
49.0	663.4
49.5	671.0
50.0	678.4
50.5	686.8
51.0	692.6
51.5	699.2
52.0	706.0
52.5	713.0
53.0	720.0
53.5	725.8
54.0	733.4
54.5	739.2
55.0	745.0
55.5	751.0
56.0	756.6
56.5	763.4
57.0	770.2
57.5	775.8
58.0	783.2
58.5	789.2
59.0	794.4
59.5	802.4
60.0	805.6
60.5	810.4
61.0	815.6
61.5	822.2
62.0	827.6
62.5	833.0
63.0	839.0
63.5	846.0
64.0	852.4
64.5	858.0
65.0	863.2
65.5	868.8
66.0	875.8
66.5	881.0
67.0	886.2
67.5	891.0
68.0	898.4
68.5	902.8
69.0	908.2
69.5	914.6
70.0	920.2
70.5	925.6
71.0	932.0
71.5	938.8
72.0	944.8
72.5	951.4
73.0	957.6
73.5	963.2
74.0	967.2
74.5	975.6
75.0	981.0
75.5	988.6
76.0	995.4
76.5	1000.6
77.0	1008.0
77.5	1013.2
78.0	1018.6
78.5	1024.0
79.0	1029.8
79.5	1036.2
80.0	1042.2
80.5	1047.4
81.0	1052.8
81.5	1058.6
82.0	1063.4
82.5	1067.8
83.0	1073.2
83.5	1078.4
84.0	1084.4
84.5	1090.0
85.0	1094.6
85.5	1098.8
86.0	1102.6
86.5	1107.2
87.0	1112.2
87.5	1115.8
88.0	1122.6
88.5	1128.0
89.0	1134.0
89.5	1140.2
90.0	1143.8
90.5	1149.6
91.0	1154.0
91.5	1160.2
92.0	1164.8
92.5	1171.6
93.0	1178.0
93.5	1184.6
94.0	1189.6
94.5	1194.4
95.0	1198.4
95.5	1203.6
96.0	1208.2
96.5	1212.4
97.0	1217.6
97.5	1222.4
98.0	1225.6
98.5	1230.6
99.0	1236.2
99.5	1242.4
100.0	1246.2
100.5	1250.0
101.0	1254.6
101.5	1259.0
102.0	1264.4
102.5	1268.0
103.0	1272.4
103.5	1276.4
104.0	1279.0
104.5	1283.6
105.0	1289.0
105.5	1292.2
106.0	1296.6
106.5	1301.2
107.0	1305.0
107.5	1310.8
108.0	1315.8
108.5	1322.0
109.0	1328.0
109.5	1333.4
110.0	1337.8
110.5	1342.8
111.0	1348.8
111.5	1354.4
112.0	1358.8
112.5	1363.2
113.0	1369.0
113.5	1374.6
114.0	1379.4
114.5	1383.0
115.0	1386.4
115.5	1392.0
116.0	1395.0
116.5	1399.0
117.0	1404.0
117.5	1408.0
118.0	1412.0
118.5	1415.6
119.0	1420.6
119.5	1424.4
120.0	1430.0
120.5	1434.8
121.0	1439.2
121.5	1443.8
122.0	1447.8
122.5	1452.2
123.0	1455.2
123.5	1459.0
124.0	1465.8
124.5	1470.2
125.0	1472.6
125.5	1476.8
126.0	1480.0
126.5	1484.6
127.0	1489.8
127.5	1494.8
128.0	1500.2
128.5	1504.4
129.0	1507.8
129.5	1511.8
130.0	1515.8
130.5	1521.2
131.0	1525.8
131.5	1528.2
132.0	1533.2
132.5	1539.2
133.0	1543.4
133.5	1547.6
134.0	1552.0
134.5	1556.4
135.0	1559.8
135.5	1564.0
136.0	1568.2
136.5	1571.2
137.0	1574.6
137.5	1579.4
138.0	1583.2
138.5	1589.0
139.0	1593.8
139.5	1598.0
140.0	1603.4
140.5	1608.4
141.0	1614.4
141.5	1619.2
142.0	1624.0
142.5	1628.4
143.0	1632.4
143.5	1635.2
144.0	1639.0
144.5	1643.6
145.0	1647.4
145.5	1649.4
146.0	1654.0
146.5	1658.4
147.0	1662.4
147.5	1667.4
148.0	1673.0
148.5	1679.0
149.0	1683.6
149.5	1686.8
150.0	1691.8
150.5	1695.0
151.0	1698.6
151.5	1702.0
152.0	1706.6
152.5	1711.6
153.0	1714.0
153.5	1717.0
154.0	1720.4
154.5	1725.6
155.0	1728.6
155.5	1731.8
156.0	1736.4
156.5	1739.4
157.0	1742.8
157.5	1747.2
158.0	1753.4
158.5	1757.8
159.0	1761.6
159.5	1765.2
160.0	1769.6
160.5	1772.8
161.0	1777.0
161.5	1782.8
162.0	1787.0
162.5	1791.4
163.0	1796.8
163.5	1802.4
164.0	1806.8
164.5	1809.4
165.0	1814.0
165.5	1819.8
166.0	1823.0
166.5	1826.4
167.0	1830.2
167.5	1834.6
168.0	1838.6
168.5	1843.2
169.0	1847.4
169.5	1851.6
170.0	1856.2
170.5	1860.6
171.0	1866.0
171.5	1869.8
172.0	1873.6
172.5	1878.4
173.0	1883.2
173.5	1885.8
174.0	1889.8
174.5	1893.8
175.0	1899.2
175.5	1904.6
176.0	1908.4
176.5	1912.8
177.0	1917.2
177.5	1922.0
178.0	1925.4
178.5	1929.0
179.0	1932.4
179.5	1935.2
180.0	1939.6
180.5	1943.2
181.0	1948.2
181.5	1952.2
182.0	1956.2
182.5	1961.2
183.0	1964.4
183.5	1968.0
184.0	1971.0
184.5	1977.2
185.0	1981.8
185.5	1986.0
186.0	1989.0
186.5	1993.4
187.0	1997.6
187.5	2001.8
188.0	2004.8
188.5	2010.4
189.0	2015.2
189.5	2018.8
190.0	2023.4
190.5	2025.6
191.0	2030.0
191.5	2033.4
192.0	2036.2
192.5	2040.6
193.0	2045.2
193.5	2048.8
194.0	2051.8
194.5	2056.8
195.0	2059.2
195.5	2063.2
196.0	2066.8
196.5	2071.4
197.0	2076.4
197.5	2080.8
198.0	2085.4
198.5	2089.4
199.0	2093.2
199.5	2097.0
200.0	2101.6
200.5	2104.4
201.0	2108.0
201.5	2112.8
202.0	2117.4
202.5	2121.2
203.0	2124.4
203.5	2127.4
204.0	2131.2
204.5	2135.4
205.0	2139.4
205.5	2144.2
206.0	2147.8
206.5	2152.0
207.0	2156.4
207.5	2160.4
208.0	2163.6
208.5	2167.6
209.0	2170.6
209.5	2175.0
210.0	2178.6
210.5	2182.2
211.0	2185.2
211.5	2189.4
212.0	2195.0
212.5	2199.4
213.0	2204.6
213.5	2207.2
214.0	2211.0
214.5	2215.0
215.0	2219.0
215.5	2223.4
216.0	2227.6
216.5	2231.2
217.0	2236.0
217.5	2239.4
218.0	2243.8
218.5	2247.2
219.0	2251.4
219.5	2256.4
220.0	2259.2
220.5	2263.0
221.0	2267.8
221.5	2272.8
222.0	2276.2
222.5	2281.4
223.0	2286.2
223.5	2291.2
224.0	2296.2
224.5	2298.0
225.0	2303.0
225.5	2306.4
226.0	2311.4
226.5	2315.4
227.0	2318.8
227.5	2321.0
228.0	2324.8
228.5	2328.2
229.0	2332.2
229.5	2336.8
230.0	2340.0
230.5	2343.4
231.0	2346.4
231.5	2351.4
232.0	2355.2
232.5	2359.2
233.0	2364.4
233.5	2368.2
234.0	2371.6
234.5	2376.2
235.0	2380.0
235.5	2383.0
236.0	2386.8
236.5	2391.0
237.0	2393.8
237.5	2397.2
238.0	2402.8
238.5	2407.2
239.0	2411.4
239.5	2417.4
240.0	2421.6
240.5	2424.8
241.0	2430.8
241.5	2434.2
242.0	2439.4
242.5	2442.8
243.0	2447.0
243.5	2450.2
244.0	2455.4
244.5	2460.2
245.0	2463.6
245.5	2466.6
246.0	2470.6
246.5	2473.6
247.0	2479.2
247.5	2482.4
248.0	2486.6
248.5	2490.8
249.0	2493.8
249.5	2499.0
250.0	2502.8
250.5	2506.4
251.0	2508.8
251.5	2512.8
252.0	2518.6
252.5	2520.6
253.0	2522.8
253.5	2526.0
254.0	2530.2
254.5	2535.4
255.0	2539.6
255.5	2545.0
256.0	2549.2
256.5	2552.6
257.0	2557.2
257.5	2561.2
258.0	2564.2
258.5	2566.8
259.0	2571.0
259.5	2574.8
260.0	2578.4
260.5	2582.8
261.0	2587.0
261.5	2590.0
262.0	2594.2
262.5	2596.0
263.0	2600.4
263.5	2604.4
264.0	2609.2
264.5	2616.0
265.0	2622.8
265.5	2625.6
266.0	2628.2
266.5	2632.4
267.0	2637.6
267.5	2643.8
268.0	2647.0
268.5	2650.8
269.0	2654.4
269.5	2656.0
270.0	2659.4
270.5	2663.4
271.0	2667.2
271.5	2670.2
272.0	2672.8
272.5	2677.2
273.0	2681.4
273.5	2685.0
274.0	2688.4
274.5	2691.2
275.0	2694.8
275.5	2700.2
276.0	2703.4
276.5	2707.6
277.0	2709.4
277.5	2713.4
278.0	2718.8
278.5	2722.2
279.0	2725.6
279.5	2729.4
280.0	2732.4
280.5	2736.2
281.0	2739.4
281.5	2742.0
282.0	2746.0
282.5	2749.0
283.0	2753.4
283.5	2756.8
284.0	2760.8
284.5	2766.2
285.0	2770.0
285.5	2772.6
286.0	2774.6
286.5	2779.0
287.0	2782.6
287.5	2788.0
288.0	2792.6
288.5	2795.8
289.0	2798.6
289.5	2802.4
290.0	2805.6
290.5	2811.0
291.0	2813.0
291.5	2815.8
292.0	2819.2
292.5	2823.6
293.0	2828.2
293.5	2832.6
294.0	2837.6
294.5	2841.6
295.0	2845.8
295.5	2850.2
296.0	2855.0
296.5	2858.6
297.0	2862.4
297.5	2865.2
298.0	2870.2
298.5	2873.8
299.0	2876.8
299.5	2881.8
300.0	2886.6
