0.03366	0.36
0.0	0.0
0.5	0.0
1.0	0.2
1.5	1.2
2.0	2.2
2.5	3.2
3.0	4.2
3.5	8.4
4.0	11.4
4.5	14.8
5.0	18.2
5.5	21.2
6.0	25.4
6.5	31.2
7.0	37.0
7.5	41.4
8.0	47.6
8.5	53.2
9.0	58.0
9.5	63.2
10.0	69.4
10.5	75.8
11.0	81.6
11.5	86.2
12.0	94.0
12.5	100.0
13.0	108.2
13.5	116.2
14.0	122.8
14.5	129.8
15.0	137.6
15.5	145.8
16.0	154.4
16.5	162.0
17.0	171.2
17.5	180.4
18.0	189.2
18.5	196.6
19.0	204.8
19.5	212.4
20.0	220.6
20.5	227.4
21.0	235.2
21.5	244.2
22.0	253.2
22.5	260.0
23.0	267.6
23.5	276.6
24.0	284.8
24.5	292.6
25.0	300.6
25.5	308.0
26.0	315.8
26.5	322.8
27.0	331.4
27.5	338.6
28.0	350.0
28.5	357.8
29.0	365.4
29.5	371.6
30.0	380.2
30.5	387.4
31.0	396.2
31.5	405.6
32.0	415.0
32.5	422.8
33.0	431.0
33.5	437.0
34.0	444.8
34.5	456.2
35.0	461.0
35.5	468.8
36.0	475.6
36.5	484.2
37.0	490.8
37.5	498.6
38.0	506.8
38.5	513.0
39.0	519.4
39.5	527.0
40.0	535.0
40.5	541.2
41.0	549.6
41.5	555.4
42.0	562.4
42.5	568.0
43.0	576.2
43.5	584.6
44.0	592.4
44.5	601.2
45.0	609.0
45.5	615.6
46.0	621.6
46.5	629.0
47.0	635.6
47.5	644.8
48.0	650.2
48.5	655.2
49.0	661.0
49.5	669.8
50.0	676.6
50.5	680.6
51.0	689.0
51.5	695.2
52.0	702.6
52.5	712.6
53.0	717.8
53.5	725.2
54.0	731.2
54.5	737.8
55.0	745.2
55.5	750.8
56.0	759.8
56.5	766.8
57.0	775.0
57.5	781.2
58.0	787.0
58.5	794.8
59.0	800.0
59.5	808.0
60.0	814.2
60.5	818.2
61.0	823.2
61.5	829.2
62.0	835.0
62.5	842.8
63.0	849.4
63.5	856.2
64.0	860.6
64.5	869.0
65.0	872.0
65.5	877.0
66.0	882.2
66.5	887.4
67.0	894.2
67.5	901.0
68.0	908.2
68.5	914.2
69.0	919.6
69.5	927.2
70.0	934.0
70.5	938.6
71.0	943.6
71.5	948.2
72.0	955.0
72.5	961.0
73.0	967.6
73.5	974.2
74.0	979.6
74.5	985.6
75.0	989.8
75.5	994.0
76.0	997.4
76.5	1004.0
77.0	1010.6
77.5	1016.6
78.0	1023.4
78.5	1027.8
79.0	1032.8
79.5	1038.4
80.0	1043.6
80.5	1050.4
81.0	1056.6
81.5	1064.4
82.0	1069.6
82.5	1074.8
83.0	1081.4
83.5	1085.4
84.0	1091.6
84.5	1096.2
85.0	1100.8
85.5	1106.2
86.0	1110.0
86.5	1114.2
87.0	1119.4
87.5	1123.6
88.0	1129.0
88.5	1135.4
89.0	1139.0
89.5	1144.2
90.0	1148.4
90.5	1155.0
91.0	1158.6
91.5	1163.0
92.0	1168.4
92.5	1171.6
93.0	1176.8
93.5	1182.0
94.0	1188.4
94.5	1193.8
95.0	1200.0
95.5	1205.8
96.0	1211.0
96.5	1215.0
97.0	1221.6
97.5	1225.2
98.0	1231.4
98.5	1236.0
99.0	1240.2
99.5	1244.8
100.0	1250.2
100.5	1254.8
101.0	1260.4
101.5	1265.6
102.0	1271.2
102.5	1275.8
103.0	1279.4
103.5	1284.6
104.0	1290.0
104.5	1294.4
105.0	1301.4
105.5	1305.8
106.0	1309.4
106.5	1312.6
107.0	1318.8
107.5	1323.6
108.0	1327.2
108.5	1332.2
109.0	1337.2
109.5	1343.2
110.0	1347.4
110.5	1352.0
111.0	1356.8
111.5	1361.6
112.0	1365.4
112.5	1369.6
113.0	1375.0
113.5	1377.6
114.0	1381.0
114.5	1385.4
115.0	1391.2
115.5	1396.0
116.0	1400.6
116.5	1404.6
117.0	1409.2
117.5	1413.2
118.0	1416.8
118.5	1421.0
119.0	1425.8
119.5	1429.8
120.0	1432.8
120.5	1436.6
121.0	1441.8
121.5	1447.4
122.0	1451.2
122.5	1457.0
123.0	1462.4
123.5	1466.6
124.0	1471.4
124.5	1475.4
125.0	1480.8
125.5	1483.8
126.0	1489.6
126.5	1495.2
127.0	1497.6
127.5	1501.2
128.0	1506.2
128.5	1511.6
129.0	1517.0
129.5	1520.6
130.0	1524.8
130.5	1527.6
131.0	1530.6
131.5	1536.2
132.0	1540.8
132.5	1544.6
133.0	1548.6
133.5	1553.8
134.0	1559.0
134.5	1564.8
135.0	1566.8
135.5	1572.0
136.0	1576.2
136.5	1580.0
137.0	1583.2
137.5	1587.8
138.0	1591.8
138.5	1596.8
139.0	1602.6
139.5	1607.2
140.0	1611.6
140.5	1614.0
141.0	1619.2
141.5	1625.0
142.0	1627.0
142.5	1629.8
143.0	1633.6
143.5	1638.0
144.0	1642.2
144.5	1647.6
145.0	1652.2
145.5	1657.2
146.0	1662.2
146.5	1668.2
147.0	1674.8
147.5	1678.2
148.0	1681.0
148.5	1685.0
149.0	1689.8
149.5	1694.2
150.0	1700.4
150.5	1704.8
151.0	1707.8
151.5	1711.8
152.0	1716.0
152.5	1719.0
153.0	1724.4
153.5	1730.0
154.0	1734.0
154.5	1738.4
155.0	1743.6
155.5	1748.4
156.0	1751.6
156.5	1754.4
157.0	1759.4
157.5	1764.0
158.0	1768.6
158.5	1771.8
159.0	1777.4
159.5	1782.6
160.0	1787.2
160.5	1791.8
161.0	1796.0
161.5	1801.2
162.0	1805.0
162.5	1808.2
163.0	1811.2
163.5	1815.4
164.0	1820.6
164.5	1824.6
165.0	1827.6
165.5	1832.2
166.0	1836.6
166.5	1842.4
167.0	1847.8
167.5	1852.2
168.0	1857.2
168.5	1862.2
169.0	1867.0
169.5	1870.8
170.0	1875.0
170.5	1879.8
171.0	1883.6
171.5	1887.6
172.0	1891.2
172.5	1893.6
173.0	1896.2
173.5	1901.6
174.0	1906.8
174.5	1910.0
175.0	1913.6
175.5	1917.2
176.0	1921.4
176.5	1926.0
177.0	1930.2
177.5	1933.8
178.0	1938.2
178.5	1941.6
179.0	1947.2
179.5	1950.6
180.0	1954.0
180.5	1958.6
181.0	1963.6
181.5	1966.4
182.0	1970.2
182.5	1973.8
183.0	1977.0
183.5	1983.0
184.0	1988.8
184.5	1992.2
185.0	1996.6
185.5	2002.8
186.0	2007.6
186.5	2012.6
187.0	2017.0
187.5	2020.0
188.0	2025.6
188.5	2029.8
189.0	2035.0
189.5	2038.4
190.0	2043.6
190.5	2048.2
191.0	2052.6
191.5	2057.6
192.0	2061.0
192.5	2064.2
193.0	2069.0
193.5	2073.0
194.0	2078.0
194.5	2082.4
195.0	2084.8
195.5	2089.2
196.0	2092.8
196.5	2096.8
197.0	2099.8
197.5	2103.2
198.0	2106.8
198.5	2112.6
199.0	2116.8
199.5	2120.4
200.0	2126.4
200.5	2130.8
201.0	2134.8
201.5	2140.0
202.0	2146.0
202.5	2150.8
203.0	2154.6
203.5	2159.4
204.0	2163.2
204.5	2166.2
205.0	2169.4
205.5	2172.4
206.0	2178.0
206.5	2183.8
207.0	2188.4
207.5	2190.8
208.0	2194.6
208.5	2199.0
209.0	2202.4
209.5	2206.8
210.0	2211.0
210.5	2214.6
211.0	2218.6
211.5	2222.6
212.0	2226.8
212.5	2230.4
213.0	2235.6
213.5	2239.8
214.0	2243.6
214.5	2247.8
215.0	2253.6
215.5	2258.0
216.0	2261.8
216.5	2265.4
217.0	2270.0
217.5	2274.0
218.0	2276.4
218.5	2280.6
219.0	2284.8
219.5	2288.6
220.0	2292.0
220.5	2296.4
221.0	2301.0
221.5	2305.0
222.0	2309.2
222.5	2314.0
223.0	2317.2
223.5	2322.6
224.0	2325.2
224.5	2329.4
225.0	2334.0
225.5	2337.6
226.0	2341.6
226.5	2346.2
227.0	2352.4
227.5	2356.8
228.0	2361.6
228.5	2365.6
229.0	2370.8
229.5	2374.4
230.0	2378.4
230.5	2381.2
231.0	2385.6
231.5	2390.6
232.0	2395.0
232.5	2399.8
233.0	2402.2
233.5	2407.2
234.0	2410.4
234.5	2413.8
235.0	2417.6
235.5	2421.2
236.0	2425.0
236.5	2427.4
237.0	2431.4
237.5	2435.0
238.0	2439.0
238.5	2443.6
239.0	2448.0
239.5	2452.2
240.0	2457.6
240.5	2462.4
241.0	2466.0
241.5	2469.6
242.0	2475.4
242.5	2479.0
243.0	2483.8
243.5	2487.8
244.0	2491.8
244.5	2495.0
245.0	2498.6
245.5	2502.8
246.0	2505.8
246.5	2507.8
247.0	2510.8
247.5	2515.6
248.0	2519.6
248.5	2523.8
249.0	2527.0
249.5	2532.8
250.0	2537.0
250.5	2541.4
251.0	2546.0
251.5	2550.0
252.0	2554.4
252.5	2557.4
253.0	2561.0
253.5	2565.6
254.0	2567.8
254.5	2572.6
255.0	2578.8
255.5	2581.8
256.0	2586.8
256.5	2589.0
257.0	2592.4
257.5	2594.4
258.0	2597.4
258.5	2601.6
259.0	2605.6
259.5	2610.2
260.0	2614.8
260.5	2619.4
261.0	2624.0
261.5	2628.2
262.0	2632.2
262.5	2636.0
263.0	2640.4
263.5	2643.2
264.0	2647.0
264.5	2651.0
265.0	2656.4
265.5	2660.2
266.0	2663.2
266.5	2667.4
267.0	2670.8
267.5	2676.6
268.0	2680.6
268.5	2683.8
269.0	2687.8
269.5	2691.6
270.0	2694.8
270.5	2697.2
271.0	2700.2
271.5	2704.8
272.0	2708.6
272.5	2712.0
273.0	2716.2
273.5	2720.4
274.0	2724.0
274.5	2726.8
275.0	2730.0
275.5	2734.4
276.0	2738.6
276.5	2742.6
277.0	2745.2
277.5	2749.8
278.0	2756.4
278.5	2760.0
279.0	2763.6
279.5	2768.6
280.0	2772.4
280.5	2776.2
281.0	2779.0
281.5	2782.8
282.0	2786.6
282.5	2790.4
283.0	2793.4
283.5	2796.8
284.0	2800.6
284.5	2804.8
285.0	2811.0
285.5	2815.2
286.0	2818.6
286.5	2821.0
287.0	2825.2
287.5	2828.8
288.0	2833.6
288.5	2837.0
289.0	2843.4
289.5	2846.8
290.0	2850.8
290.5	2854.6
291.0	2857.2
291.5	2861.2
292.0	2863.8
292.5	2867.0
293.0	2872.4
293.5	2876.2
294.0	2880.0
294.5	2883.0
295.0	2886.0
295.5	2889.4
296.0	2891.4
296.5	2895.2
297.0	2898.2
297.5	2903.2
298.0	2907.0
298.5	2910.6
299.0	2913.6
299.5	2917.8
300.0	2922.2
