0.03762	0.64
0.0	0.0
0.5	0.0
1.0	0.0
1.5	1.0
2.0	2.4
2.5	3.6
3.0	5.2
3.5	9.8
4.0	13.6
4.5	15.6
5.0	18.8
5.5	23.6
6.0	28.2
6.5	31.4
7.0	35.2
7.5	41.4
8.0	48.2
8.5	52.6
9.0	59.4
9.5	65.2
10.0	68.6
10.5	75.8
11.0	82.8
11.5	89.4
12.0	97.6
12.5	103.8
13.0	111.0
13.5	118.8
14.0	125.4
14.5	134.6
15.0	143.0
15.5	151.2
16.0	158.2
16.5	168.2
17.0	176.8
17.5	184.8
18.0	192.0
18.5	201.4
19.0	210.2
19.5	218.6
20.0	226.8
20.5	233.6
21.0	242.4
21.5	251.8
22.0	260.8
22.5	271.4
23.0	280.2
23.5	288.2
24.0	295.4
24.5	301.6
25.0	310.0
25.5	319.4
26.0	326.4
26.5	335.6
27.0	342.0
27.5	352.8
28.0	359.4
28.5	367.6
29.0	376.0
29.5	385.6
30.0	393.6
30.5	401.6
31.0	409.6
31.5	416.8
32.0	423.6
32.5	433.6
33.0	443.4
33.5	450.0
34.0	459.0
34.5	466.0
35.0	474.6
35.5	481.4
36.0	489.2
36.5	496.4
37.0	504.4
37.5	511.0
38.0	518.0
38.5	523.8
39.0	529.8
39.5	538.2
40.0	545.6
40.5	554.4
41.0	561.2
41.5	568.4
42.0	575.2
42.5	582.6
43.0	591.4
43.5	600.6
44.0	607.2
44.5	616.4
45.0	623.4
45.5	631.0
46.0	637.8
46.5	645.8
47.0	654.8
47.5	663.4
48.0	669.0
48.5	676.2
49.0	685.6
49.5	692.8
50.0	700.2
50.5	705.4
51.0	712.2
51.5	719.0
52.0	723.4
52.5	728.8
53.0	734.6
53.5	740.6
54.0	747.2
54.5	753.6
55.0	759.8
55.5	767.6
56.0	772.0
56.5	778.4
57.0	784.4
57.5	789.6
58.0	795.2
58.5	801.4
59.0	810.2
59.5	814.8
60.0	821.8
60.5	829.6
61.0	835.4
61.5	843.6
62.0	847.6
62.5	852.8
63.0	861.4
63.5	868.6
64.0	876.2
64.5	880.6
65.0	886.0
65.5	892.4
66.0	898.0
66.5	904.6
67.0	912.4
67.5	919.2
68.0	923.4
68.5	928.2
69.0	934.0
69.5	938.4
70.0	943.2
70.5	948.4
71.0	953.6
71.5	957.8
72.0	963.8
72.5	972.6
73.0	979.6
73.5	984.4
74.0	989.6
74.5	996.0
75.0	1002.0
75.5	1006.0
76.0	1010.6
76.5	1016.4
77.0	1022.6
77.5	1028.2
78.0	1033.4
78.5	1038.0
79.0	1041.8
79.5	1046.8
80.0	1052.2
80.5	1057.4
81.0	1063.6
81.5	1069.8
82.0	1074.2
82.5	1080.0
83.0	1085.6
83.5	1091.4
84.0	1096.8
84.5	1103.6
85.0	1108.8
85.5	1114.4
86.0	1119.8
86.5	1124.4
87.0	1130.0
87.5	1136.2
88.0	1140.6
88.5	1146.2
89.0	1150.8
89.5	1155.4
90.0	1161.4
90.5	1166.2
91.0	1172.4
91.5	1178.4
92.0	1183.6
92.5	1188.0
93.0	1192.8
93.5	1199.0
94.0	1203.2
94.5	1207.6
95.0	1211.8
95.5	1216.6
96.0	1221.0
96.5	1226.6
97.0	1230.2
97.5	1233.8
98.0	1238.4
98.5	1241.2
99.0	1247.2
99.5	1251.8
100.0	1256.0
100.5	1260.6
101.0	1264.0
101.5	1269.0
102.0	1273.4
102.5	1279.2
103.0	1283.6
103.5	1288.0
104.0	1293.4
104.5	1298.4
105.0	1303.4
105.5	1308.4
106.0	1314.2
106.5	1320.2
107.0	1323.8
107.5	1330.4
108.0	1333.6
108.5	1338.4
109.0	1342.4
109.5	1346.2
110.0	1351.4
110.5	1358.0
111.0	1361.8
111.5	1364.8
112.0	1369.0
112.5	1373.0
113.0	1380.2
113.5	1383.4
114.0	1387.2
114.5	1392.8
115.0	1397.4
115.5	1401.2
116.0	1406.0
116.5	1412.4
117.0	1416.8
117.5	1422.8
118.0	1426.6
118.5	1432.0
119.0	1438.6
119.5	1443.2
120.0	1448.0
120.5	1452.4
121.0	1457.4
121.5	1461.0
122.0	1466.0
122.5	1469.2
123.0	1473.8
123.5	1477.0
124.0	1480.8
124.5	1485.2
125.0	1492.2
125.5	1498.0
126.0	1502.8
126.5	1506.6
127.0	1510.0
127.5	1514.8
128.0	1518.6
128.5	1522.0
129.0	1527.6
129.5	1533.4
130.0	1538.4
130.5	1541.2
131.0	1545.6
131.5	1549.8
132.0	1553.8
132.5	1560.0
133.0	1565.2
133.5	1569.4
134.0	1573.2
134.5	1578.0
135.0	1583.6
135.5	1588.8
136.0	1592.0
136.5	1595.2
137.0	1599.4
137.5	1604.0
138.0	1608.6
138.5	1611.4
139.0	1616.8
139.5	1621.2
140.0	1624.8
140.5	1630.6
141.0	1635.0
141.5	1639.8
142.0	1642.8
142.5	1647.2
143.0	1650.4
143.5	1654.2
144.0	1657.6
144.5	1662.4
145.0	1669.8
145.5	1673.2
146.0	1678.0
146.5	1681.4
147.0	1688.0
147.5	1692.8
148.0	1697.4
148.5	1701.4
149.0	1706.0
149.5	1709.4
150.0	1713.8
150.5	1718.4
151.0	1722.2
151.5	1727.6
152.0	1731.8
152.5	1736.6
153.0	1742.6
153.5	1747.0
154.0	1751.0
154.5	1755.6
155.0	1759.4
155.5	1764.8
156.0	1768.6
156.5	1772.4
157.0	1776.0
157.5	1781.2
158.0	1785.8
158.5	1790.0
159.0	1792.4
159.5	1797.4
160.0	1801.6
160.5	1804.8
161.0	1807.6
161.5	1813.0
162.0	1817.2
162.5	1822.6
163.0	1826.4
163.5	1830.6
164.0	1834.0
164.5	1839.2
165.0	1842.6
165.5	1847.0
166.0	1851.4
166.5	1856.8
167.0	1860.2
167.5	1865.6
168.0	1870.8
168.5	1877.0
169.0	1880.4
169.5	1886.2
170.0	1890.2
170.5	1893.8
171.0	1897.4
171.5	1902.4
172.0	1908.0
172.5	1912.2
173.0	1917.2
173.5	1922.4
174.0	1925.6
174.5	1930.6
175.0	1934.6
175.5	1939.0
176.0	1941.8
176.5	1944.8
177.0	1949.4
177.5	1953.2
178.0	1958.0
178.5	1963.4
179.0	1966.8
179.5	1971.8
180.0	1976.0
180.5	1979.2
181.0	1983.2
181.5	1987.2
182.0	1990.8
182.5	1994.8
183.0	1997.2
183.5	2000.8
184.0	2004.0
184.5	2008.6
185.0	2012.8
185.5	2017.2
186.0	2020.6
186.5	2024.8
187.0	2028.6
187.5	2032.2
188.0	2036.0
188.5	2040.0
189.0	2045.8
189.5	2049.0
190.0	2053.8
190.5	2058.0
191.0	2063.4
191.5	2067.2
192.0	2072.2
192.5	2076.0
193.0	2080.4
193.5	2084.4
194.0	2088.2
194.5	2092.2
195.0	2095.4
195.5	2098.6
196.0	2102.6
196.5	2107.4
197.0	2112.4
197.5	2117.8
198.0	2121.8
198.5	2124.8
199.0	2128.8
199.5	2132.0
200.0	2135.2
200.5	2139.4
201.0	2143.4
201.5	2148.0
202.0	2151.0
202.5	2154.0
203.0	2157.4
203.5	2161.2
204.0	2165.6
204.5	2170.4
205.0	2172.8
205.5	2175.8
206.0	2178.6
206.5	2182.8
207.0	2185.8
207.5	2189.2
208.0	2193.2
208.5	2197.6
209.0	2201.0
209.5	2204.8
210.0	2208.6
210.5	2213.2
211.0	2216.2
211.5	2220.4
212.0	2225.8
212.5	2230.8
213.0	2235.2
213.5	2239.8
214.0	2245.2
214.5	2250.2
215.0	2254.4
215.5	2258.6
216.0	2263.8
216.5	2269.0
217.0	2272.6
217.5	2277.0
218.0	2281.4
218.5	2285.0
219.0	2289.2
219.5	2292.8
220.0	2297.2
220.5	2300.8
221.0	2305.2
221.5	2308.4
222.0	2313.6
222.5	2317.2
223.0	2321.2
223.5	2324.8
224.0	2328.0
224.5	2333.0
225.0	2335.0
225.5	2339.2
226.0	2343.0
226.5	2348.6
227.0	2353.2
227.5	2358.8
228.0	2363.0
228.5	2367.2
229.0	2371.6
229.5	2375.0
230.0	2379.4
230.5	2384.4
231.0	2387.0
231.5	2392.2
232.0	2397.4
232.5	2401.0
233.0	2405.6
233.5	2409.2
234.0	2413.6
234.5	2417.2
235.0	2422.2
235.5	2426.6
236.0	2431.8
236.5	2437.6
237.0	2441.0
237.5	2444.6
238.0	2447.4
238.5	2451.8
239.0	2456.4
239.5	2460.2
240.0	2463.2
240.5	2465.8
241.0	2470.6
241.5	2473.8
242.0	2480.6
242.5	2483.2
243.0	2487.4
243.5	2491.8
244.0	2495.6
244.5	2499.2
245.0	2505.2
245.5	2509.8
246.0	2514.8
246.5	2519.6
247.0	2524.0
247.5	2528.2
248.0	2532.4
248.5	2537.2
249.0	2542.8
249.5	2547.4
250.0	2550.6
250.5	2555.4
251.0	2559.2
251.5	2562.8
252.0	2567.0
252.5	2571.2
253.0	2575.2
253.5	2579.6
254.0	2584.4
254.5	2589.0
255.0	2592.2
255.5	2593.6
256.0	2596.2
256.5	2599.8
257.0	2603.8
257.5	2609.2
258.0	2613.2
258.5	2616.6
259.0	2619.2
259.5	2622.6
260.0	2627.2
260.5	2632.6
261.0	2635.8
261.5	2640.2
262.0	2643.8
262.5	2647.6
263.0	2651.8
263.5	2656.4
264.0	2660.8
264.5	2663.8
265.0	2668.4
265.5	2673.8
266.0	2678.4
266.5	2682.4
267.0	2685.6
267.5	2687.8
268.0	2690.6
268.5	2694.8
269.0	2698.4
269.5	2703.8
270.0	2707.0
270.5	2710.2
271.0	2713.8
271.5	2719.2
272.0	2722.8
272.5	2727.8
273.0	2730.0
273.5	2732.4
274.0	2735.8
274.5	2740.0
275.0	2743.8
275.5	2748.8
276.0	2751.4
276.5	2755.8
277.0	2759.0
277.5	2762.0
278.0	2767.2
278.5	2771.4
279.0	2773.8
279.5	2776.8
280.0	2781.4
280.5	2786.4
281.0	2791.0
281.5	2794.0
282.0	2797.0
282.5	2801.0
283.0	2805.4
283.5	2809.4
284.0	2812.4
284.5	2814.6
285.0	2818.6
285.5	2822.0
286.0	2825.8
286.5	2831.0
287.0	2834.4
287.5	2838.0
288.0	2841.4
288.5	2844.8
289.0	2850.2
289.5	2853.6
290.0	2857.2
290.5	2861.0
291.0	2866.0
291.5	2869.8
292.0	2872.8
292.5	2875.6
293.0	2880.2
293.5	2885.0
294.0	2888.4
294.5	2892.0
295.0	2896.4
295.5	2900.0
296.0	2904.8
296.5	2908.4
297.0	2912.0
297.5	2916.6
298.0	2922.0
298.5	2925.4
299.0	2929.2
299.5	2931.4
300.0	2935.8
