0.09504	0.18
0.0	0.0
0.5	0.2
1.0	1.4
1.5	3.2
2.0	4.6
2.5	6.6
3.0	10.6
3.5	13.6
4.0	14.2
4.5	18.2
5.0	22.6
5.5	25.6
6.0	30.0
6.5	35.0
7.0	38.6
7.5	42.8
8.0	49.0
8.5	55.8
9.0	61.8
9.5	67.8
10.0	73.2
10.5	81.6
11.0	88.6
11.5	96.4
12.0	104.6
12.5	114.0
13.0	122.0
13.5	129.4
14.0	136.4
14.5	143.6
15.0	152.4
15.5	158.4
16.0	165.2
16.5	172.0
17.0	179.8
17.5	186.2
18.0	192.6
18.5	200.4
19.0	207.8
19.5	215.4
20.0	223.4
20.5	230.0
21.0	239.0
21.5	245.6
22.0	254.2
22.5	263.6
23.0	270.4
23.5	278.2
24.0	285.2
24.5	294.4
25.0	303.8
25.5	314.6
26.0	322.0
26.5	327.6
27.0	335.4
27.5	343.0
28.0	350.2
28.5	356.2
29.0	364.4
29.5	374.4
30.0	382.8
30.5	389.6
31.0	397.0
31.5	405.4
32.0	416.0
32.5	425.6
33.0	433.8
33.5	445.4
34.0	451.2
34.5	459.4
35.0	467.4
35.5	476.0
36.0	482.0
36.5	487.2
37.0	494.2
37.5	503.2
38.0	511.2
38.5	518.2
39.0	526.0
39.5	532.0
40.0	540.4
40.5	547.2
41.0	553.4
41.5	562.0
42.0	571.0
42.5	576.0
43.0	583.0
43.5	591.0
44.0	597.6
44.5	606.8
45.0	615.2
45.5	624.0
46.0	630.8
46.5	638.4
47.0	646.0
47.5	652.8
48.0	660.0
48.5	668.6
49.0	674.6
49.5	681.8
50.0	686.8
50.5	694.6
51.0	700.0
51.5	706.0
52.0	713.8
52.5	720.4
53.0	726.2
53.5	733.8
54.0	741.4
54.5	748.6
55.0	754.4
55.5	759.0
56.0	764.6
56.5	770.6
57.0	777.8
57.5	784.0
58.0	792.2
58.5	800.6
59.0	807.0
59.5	813.8
60.0	820.8
60.5	825.4
61.0	832.6
61.5	838.8
62.0	844.0
62.5	848.8
63.0	855.8
63.5	862.8
64.0	868.4
64.5	873.6
65.0	878.2
65.5	885.6
66.0	890.2
66.5	896.0
67.0	901.2
67.5	908.0
68.0	912.8
68.5	920.6
69.0	926.6
69.5	930.8
70.0	936.4
70.5	943.4
71.0	946.4
71.5	951.6
72.0	955.6
72.5	962.0
73.0	968.0
73.5	975.0
74.0	980.6
74.5	985.4
75.0	991.8
75.5	998.2
76.0	1003.4
76.5	1010.2
77.0	1013.6
77.5	1018.8
78.0	1025.0
78.5	1029.6
79.0	1034.8
79.5	1041.0
80.0	1046.4
80.5	1051.6
81.0	1057.2
81.5	1062.4
82.0	1068.4
82.5	1073.4
83.0	1078.2
83.5	1083.2
84.0	1086.8
84.5	1092.4
85.0	1097.4
85.5	1103.4
86.0	1110.2
86.5	1114.6
87.0	1118.8
87.5	1124.0
88.0	1128.8
88.5	1134.6
89.0	1140.2
89.5	1144.2
90.0	1149.8
90.5	1156.4
91.0	1163.0
91.5	1168.0
92.0	1174.8
92.5	1180.8
93.0	1186.2
93.5	1189.2
94.0	1193.8
94.5	1196.6
95.0	1200.8
95.5	1204.6
96.0	1209.8
96.5	1214.0
97.0	1218.8
97.5	1224.6
98.0	1229.8
98.5	1234.2
99.0	1239.8
99.5	1246.2
100.0	1252.0
100.5	1257.8
101.0	1262.2
101.5	1267.0
102.0	1271.8
102.5	1277.0
103.0	1281.6
103.5	1285.0
104.0	1290.6
104.5	1295.8
105.0	1299.0
105.5	1305.0
106.0	1309.6
106.5	1313.4
107.0	1318.6
107.5	1322.2
108.0	1324.6
108.5	1328.8
109.0	1334.2
109.5	1338.0
110.0	1341.8
110.5	1347.0
111.0	1351.2
111.5	1356.0
112.0	1360.2
112.5	1367.0
113.0	1371.8
113.5	1375.2
114.0	1381.0
114.5	1385.8
115.0	1388.8
115.5	1394.6
116.0	1398.8
116.5	1404.6
117.0	1409.4
117.5	1413.4
118.0	1417.8
118.5	1421.0
119.0	1427.0
119.5	1430.6
120.0	1434.0
120.5	1439.0
121.0	1444.6
121.5	1451.4
122.0	1456.0
122.5	1462.0
123.0	1468.4
123.5	1474.0
124.0	1477.4
124.5	1482.4
125.0	1488.8
125.5	1493.6
126.0	1497.2
126.5	1501.2
127.0	1505.6
127.5	1511.0
128.0	1515.2
128.5	1520.0
129.0	1525.4
129.5	1529.2
130.0	1533.2
130.5	1538.0
131.0	1542.6
131.5	1547.4
132.0	1553.4
132.5	1556.2
133.0	1560.8
133.5	1565.8
134.0	1570.4
134.5	1573.0
135.0	1578.0
135.5	1584.0
136.0	1589.4
136.5	1594.0
137.0	1599.4
137.5	1603.2
138.0	1606.4
138.5	1611.6
139.0	1615.0
139.5	1618.4
140.0	1622.6
140.5	1626.4
141.0	1630.6
141.5	1634.2
142.0	1638.8
142.5	1643.2
143.0	1647.2
143.5	1651.8
144.0	1656.2
144.5	1659.6
145.0	1663.8
145.5	1667.2
146.0	1672.0
146.5	1675.6
147.0	1679.6
147.5	1685.8
148.0	1689.6
148.5	1694.4
149.0	1697.8
149.5	1703.0
150.0	1707.0
150.5	1711.4
151.0	1713.8
151.5	1719.0
152.0	1723.4
152.5	1727.0
153.0	1729.2
153.5	1734.0
154.0	1738.6
154.5	1743.2
155.0	1748.4
155.5	1753.4
156.0	1757.8
156.5	1761.4
157.0	1765.8
157.5	1770.8
158.0	1774.2
158.5	1778.6
159.0	1781.0
159.5	1785.2
160.0	1790.2
160.5	1793.0
161.0	1796.6
161.5	1800.4
162.0	1805.8
162.5	1809.8
163.0	1813.8
163.5	1819.0
164.0	1824.6
164.5	1828.6
165.0	1832.4
165.5	1836.4
166.0	1840.2
166.5	1843.8
167.0	1848.0
167.5	1853.6
168.0	1858.2
168.5	1863.4
169.0	1867.4
169.5	1871.6
170.0	1876.8
170.5	1881.4
171.0	1885.6
171.5	1888.8
172.0	1892.0
172.5	1895.8
173.0	1900.4
173.5	1905.0
174.0	1910.4
174.5	1915.8
175.0	1920.2
175.5	1924.2
176.0	1929.0
176.5	1933.0
177.0	1936.2
177.5	1939.6
178.0	1944.8
178.5	1951.6
179.0	1957.2
179.5	1963.4
180.0	1967.8
180.5	1971.6
181.0	1976.2
181.5	1980.0
182.0	1984.8
182.5	1989.8
183.0	1994.0
183.5	1997.2
184.0	2002.4
184.5	2005.8
185.0	2009.2
185.5	2013.0
186.0	2016.6
186.5	2019.8
187.0	2023.2
187.5	2026.2
188.0	2030.0
188.5	2035.6
189.0	2038.4
189.5	2043.2
190.0	2046.2
190.5	2049.6
191.0	2053.8
191.5	2057.4
192.0	2061.2
192.5	2064.0
193.0	2067.6
193.5	2071.6
194.0	2077.2
194.5	2082.4
195.0	2086.8
195.5	2089.8
196.0	2093.2
196.5	2098.0
197.0	2102.6
197.5	2106.8
198.0	2110.6
198.5	2113.8
199.0	2118.0
199.5	2123.0
200.0	2126.6
200.5	2130.8
201.0	2135.2
201.5	2139.2
202.0	2143.6
202.5	2149.8
203.0	2153.8
203.5	2158.2
204.0	2162.6
204.5	2167.2
205.0	2171.2
205.5	2174.0
206.0	2177.4
206.5	2181.8
207.0	2184.8
207.5	2188.0
208.0	2190.4
208.5	2193.6
209.0	2198.0
209.5	2202.4
210.0	2206.0
210.5	2210.2
211.0	2212.0
211.5	2218.2
212.0	2221.4
212.5	2224.2
213.0	2229.0
213.5	2233.8
214.0	2238.6
214.5	2243.2
215.0	2247.2
215.5	2252.0
216.0	2256.0
216.5	2258.2
217.0	2262.2
217.5	2266.2
218.0	2270.6
218.5	2275.0
219.0	2281.2
219.5	2284.6
220.0	2288.6
220.5	2293.8
221.0	2297.4
221.5	2301.2
222.0	2305.0
222.5	2311.6
223.0	2315.6
223.5	2318.8
224.0	2324.2
224.5	2331.0
225.0	2334.4
225.5	2338.0
226.0	2343.6
226.5	2347.4
227.0	2351.6
227.5	2357.0
228.0	2360.8
228.5	2365.6
229.0	2370.2
229.5	2373.4
230.0	2377.4
230.5	2382.0
231.0	2385.8
231.5	2388.8
232.0	2394.2
232.5	2397.4
233.0	2401.4
233.5	2404.0
234.0	2408.8
234.5	2413.6
235.0	2419.6
235.5	2424.8
236.0	2428.6
236.5	2432.2
237.0	2437.0
237.5	2439.8
238.0	2443.6
238.5	2448.0
239.0	2452.2
239.5	2457.6
240.0	2460.2
240.5	2463.6
241.0	2468.4
241.5	2472.0
242.0	2476.4
242.5	2481.4
243.0	2484.4
243.5	2489.8
244.0	2493.0
244.5	2496.6
245.0	2501.8
245.5	2505.4
246.0	2511.0
246.5	2514.2
247.0	2517.4
247.5	2520.6
248.0	2525.2
248.5	2528.8
249.0	2532.4
249.5	2536.4
250.0	2540.0
250.5	2543.0
251.0	2546.0
251.5	2549.4
252.0	2553.8
252.5	2559.2
253.0	2562.4
253.5	2565.6
254.0	2570.0
254.5	2573.4
255.0	2577.6
255.5	2582.0
256.0	2585.4
256.5	2588.2
257.0	2591.2
257.5	2595.4
258.0	2598.8
258.5	2603.8
259.0	2607.2
259.5	2610.6
260.0	2615.6
260.5	2618.6
261.0	2623.0
261.5	2626.8
262.0	2632.4
262.5	2635.0
263.0	2639.2
263.5	2643.4
264.0	2648.6
264.5	2653.2
265.0	2657.2
265.5	2660.0
266.0	2664.0
266.5	2667.8
267.0	2672.8
267.5	2676.2
268.0	2678.6
268.5	2681.8
269.0	2687.4
269.5	2691.6
270.0	2696.4
270.5	2700.6
271.0	2703.8
271.5	2707.6
272.0	2712.0
272.5	2717.0
273.0	2720.8
273.5	2724.6
274.0	2729.0
274.5	2733.4
275.0	2738.0
275.5	2743.4
276.0	2747.6
276.5	2751.8
277.0	2755.0
277.5	2759.6
278.0	2763.4
278.5	2766.8
279.0	2771.8
279.5	2775.6
280.0	2780.2
280.5	2783.4
281.0	2787.2
281.5	2790.6
282.0	2793.8
282.5	2799.8
283.0	2803.4
283.5	2806.2
284.0	2810.4
284.5	2814.2
285.0	2817.0
285.5	2819.8
286.0	2823.8
286.5	2828.0
287.0	2832.2
287.5	2836.2
288.0	2840.6
288.5	2845.2
289.0	2850.6
289.5	2854.2
290.0	2857.4
290.5	2862.0
291.0	2867.4
291.5	2871.8
292.0	2875.8
292.5	2877.8
293.0	2882.0
293.5	2886.8
294.0	2890.4
294.5	2896.4
295.0	2901.4
295.5	2905.4
296.0	2910.0
296.5	2913.8
297.0	2916.6
297.5	2921.0
298.0	2924.0
298.5	2928.6
299.0	2932.8
299.5	2937.0
300.0	2940.6
