0.08316	0.72
0.0	0.0
0.5	0.2
1.0	0.4
1.5	1.0
2.0	2.8
2.5	4.6
3.0	6.0
3.5	8.8
4.0	13.2
4.5	15.6
5.0	19.4
5.5	23.2
6.0	27.6
6.5	32.6
7.0	35.8
7.5	40.6
8.0	46.4
8.5	54.2
9.0	62.6
9.5	68.2
10.0	73.6
10.5	79.4
11.0	84.4
11.5	91.0
12.0	97.4
12.5	105.2
13.0	111.2
13.5	118.4
14.0	126.4
14.5	132.8
15.0	139.8
15.5	149.0
16.0	157.6
16.5	166.2
17.0	174.0
17.5	180.4
18.0	187.6
18.5	195.4
19.0	203.2
19.5	211.8
20.0	220.2
20.5	229.4
21.0	238.2
21.5	246.4
22.0	254.2
22.5	261.8
23.0	270.0
23.5	279.0
24.0	287.4
24.5	295.6
25.0	303.0
25.5	311.2
26.0	319.6
26.5	327.4
27.0	334.2
27.5	341.0
28.0	347.6
28.5	354.6
29.0	360.8
29.5	367.2
30.0	375.6
30.5	384.4
31.0	393.0
31.5	399.8
32.0	408.4
32.5	415.8
33.0	422.0
33.5	429.8
34.0	438.0
34.5	446.0
35.0	453.8
35.5	460.4
36.0	468.8
36.5	477.2
37.0	486.2
37.5	495.6
38.0	501.4
38.5	509.6
39.0	517.6
39.5	524.2
40.0	531.6
40.5	540.2
41.0	546.6
41.5	554.2
42.0	563.4
42.5	571.4
43.0	581.0
43.5	591.2
44.0	601.0
44.5	608.0
45.0	614.2
45.5	622.8
46.0	630.0
46.5	637.8
47.0	645.6
47.5	654.4
48.0	662.4
48.5	670.8
49.0	678.6
49.5	686.2
50.0	692.2
50.5	699.2
51.0	705.6
51.5	712.0
52.0	718.8
52.5	724.6
53.0	732.0
53.5	738.6
54.0	744.2
54.5	749.6
55.0	753.2
55.5	759.2
56.0	765.8
56.5	773.0
57.0	779.6
57.5	786.2
58.0	795.0
58.5	803.0
59.0	809.0
59.5	815.8
60.0	823.4
60.5	831.0
61.0	836.4
61.5	843.6
62.0	849.2
62.5	854.4
63.0	861.0
63.5	867.6
64.0	874.4
64.5	881.6
65.0	886.2
65.5	891.4
66.0	899.0
66.5	906.0
67.0	912.6
67.5	920.2
68.0	927.2
68.5	934.0
69.0	940.2
69.5	946.6
70.0	952.8
70.5	957.2
71.0	961.6
71.5	968.0
72.0	974.0
72.5	977.2
73.0	981.2
73.5	986.2
74.0	994.4
74.5	1000.6
75.0	1005.6
75.5	1011.6
76.0	1016.2
76.5	1020.2
77.0	1027.4
77.5	1033.4
78.0	1035.8
78.5	1042.4
79.0	1046.4
79.5	1051.2
80.0	1056.0
80.5	1062.2
81.0	1067.2
81.5	1072.2
82.0	1078.8
82.5	1085.0
83.0	1091.2
83.5	1096.8
84.0	1102.2
84.5	1107.0
85.0	1111.8
85.5	1115.6
86.0	1120.8
86.5	1127.0
87.0	1132.4
87.5	1137.4
88.0	1142.6
88.5	1146.4
89.0	1150.2
89.5	1155.8
90.0	1161.4
90.5	1166.6
91.0	1172.2
91.5	1177.8
92.0	1183.2
92.5	1187.8
93.0	1193.6
93.5	1200.4
94.0	1206.0
94.5	1211.2
95.0	1217.0
95.5	1222.0
96.0	1227.8
96.5	1232.8
97.0	1238.0
97.5	1244.2
98.0	1248.8
98.5	1254.0
99.0	1257.8
99.5	1265.2
100.0	1269.2
100.5	1272.4
101.0	1278.2
101.5	1284.6
102.0	1288.8
102.5	1292.8
103.0	1298.0
103.5	1303.2
104.0	1308.4
104.5	1314.8
105.0	1318.4
105.5	1323.0
106.0	1327.4
106.5	1331.2
107.0	1335.0
107.5	1339.4
108.0	1344.4
108.5	1347.4
109.0	1352.2
109.5	1355.2
110.0	1359.6
110.5	1365.0
111.0	1370.4
111.5	1372.8
112.0	1377.0
112.5	1381.6
113.0	1385.6
113.5	1391.4
114.0	1396.8
114.5	1402.2
115.0	1405.8
115.5	1410.6
116.0	1415.4
116.5	1419.8
117.0	1423.4
117.5	1427.0
118.0	1433.6
118.5	1437.8
119.0	1441.6
119.5	1446.2
120.0	1450.4
120.5	1453.0
121.0	1458.4
121.5	1461.2
122.0	1466.0
122.5	1470.2
123.0	1475.0
123.5	1479.4
124.0	1483.4
124.5	1487.4
125.0	1491.8
125.5	1495.6
126.0	1502.2
126.5	1505.2
127.0	1508.6
127.5	1512.6
128.0	1517.8
128.5	1523.2
129.0	1526.0
129.5	1528.6
130.0	1533.2
130.5	1538.4
131.0	1543.0
131.5	1546.2
132.0	1549.6
132.5	1555.2
133.0	1561.6
133.5	1565.2
134.0	1569.2
134.5	1572.4
135.0	1576.8
135.5	1583.0
136.0	1587.8
136.5	1593.0
137.0	1596.0
137.5	1600.8
138.0	1604.4
138.5	1608.2
139.0	1612.6
139.5	1615.0
140.0	1620.4
140.5	1624.8
141.0	1630.2
141.5	1634.6
142.0	1638.4
142.5	1643.4
143.0	1650.0
143.5	1653.6
144.0	1658.6
144.5	1662.8
145.0	1668.0
145.5	1670.2
146.0	1676.2
146.5	1680.8
147.0	1685.6
147.5	1689.6
148.0	1694.2
148.5	1698.6
149.0	1702.4
149.5	1706.2
150.0	1711.4
150.5	1717.0
151.0	1721.6
151.5	1725.4
152.0	1730.6
152.5	1734.8
153.0	1737.6
153.5	1741.4
154.0	1748.0
154.5	1752.8
155.0	1757.0
155.5	1762.4
156.0	1766.0
156.5	1769.6
157.0	1773.4
157.5	1778.2
158.0	1783.4
158.5	1788.2
159.0	1793.8
159.5	1797.6
160.0	1801.2
160.5	1804.6
161.0	1809.2
161.5	1813.8
162.0	1817.4
162.5	1821.8
163.0	1827.0
163.5	1831.6
164.0	1834.2
164.5	1839.4
165.0	1843.0
165.5	1848.0
166.0	1852.6
166.5	1857.8
167.0	1862.2
167.5	1865.8
168.0	1868.6
168.5	1870.4
169.0	1874.4
169.5	1880.0
170.0	1884.2
170.5	1889.0
171.0	1891.6
171.5	1895.6
172.0	1899.4
172.5	1904.2
173.0	1908.6
173.5	1913.2
174.0	1916.6
174.5	1921.4
175.0	1924.8
175.5	1929.0
176.0	1932.2
176.5	1936.2
177.0	1941.2
177.5	1946.0
178.0	1949.8
178.5	1954.6
179.0	1958.6
179.5	1963.0
180.0	1968.2
180.5	1972.4
181.0	1976.4
181.5	1981.2
182.0	1985.0
182.5	1989.2
183.0	1993.0
183.5	1997.4
184.0	2001.8
184.5	2006.2
185.0	2010.2
185.5	2015.0
186.0	2019.4
186.5	2024.0
187.0	2028.0
187.5	2032.2
188.0	2036.4
188.5	2042.0
189.0	2046.0
189.5	2052.0
190.0	2056.6
190.5	2061.8
191.0	2066.4
191.5	2069.6
192.0	2072.4
192.5	2076.8
193.0	2081.2
193.5	2085.6
194.0	2088.6
194.5	2093.2
195.0	2097.0
195.5	2101.6
196.0	2103.8
196.5	2108.6
197.0	2112.8
197.5	2116.2
198.0	2121.4
198.5	2125.2
199.0	2129.0
199.5	2134.2
200.0	2139.6
200.5	2144.8
201.0	2149.6
201.5	2154.0
202.0	2157.8
202.5	2160.8
203.0	2163.8
203.5	2167.8
204.0	2172.8
204.5	2178.4
205.0	2182.0
205.5	2186.0
206.0	2188.8
206.5	2193.4
207.0	2197.2
207.5	2201.8
208.0	2206.0
208.5	2210.0
209.0	2215.4
209.5	2219.8
210.0	2225.4
210.5	2229.2
211.0	2232.6
211.5	2237.4
212.0	2242.0
212.5	2246.4
213.0	2251.6
213.5	2254.0
214.0	2260.2
214.5	2266.0
215.0	2269.6
215.5	2273.0
216.0	2276.8
216.5	2281.2
217.0	2286.0
217.5	2289.6
218.0	2294.6
218.5	2297.6
219.0	2300.6
219.5	2304.2
220.0	2308.6
220.5	2312.8
221.0	2317.6
221.5	2322.6
222.0	2327.2
222.5	2331.4
223.0	2335.6
223.5	2340.0
224.0	2342.8
224.5	2346.8
225.0	2351.8
225.5	2354.8
226.0	2358.2
226.5	2363.2
227.0	2365.8
227.5	2371.2
228.0	2374.6
228.5	2378.8
229.0	2383.2
229.5	2388.6
230.0	2391.6
230.5	2395.0
231.0	2398.2
231.5	2402.2
232.0	2406.8
232.5	2412.6
233.0	2416.6
233.5	2420.6
234.0	2424.6
234.5	2431.4
235.0	2436.0
235.5	2441.0
236.0	2444.8
236.5	2449.2
237.0	2452.6
237.5	2457.4
238.0	2460.6
238.5	2465.6
239.0	2469.8
239.5	2475.2
240.0	2479.2
240.5	2483.2
241.0	2487.0
241.5	2490.4
242.0	2494.4
242.5	2498.2
243.0	2502.2
243.5	2508.6
244.0	2512.6
244.5	2518.0
245.0	2522.6
245.5	2525.2
246.0	2529.2
246.5	2533.4
247.0	2539.0
247.5	2543.0
248.0	2548.0
248.5	2551.8
249.0	2555.4
249.5	2559.6
250.0	2564.4
250.5	2567.6
251.0	2572.0
251.5	2575.6
252.0	2580.4
252.5	2585.4
253.0	2589.0
253.5	2594.2
254.0	2599.0
254.5	2603.2
255.0	2608.4
255.5	2613.4
256.0	2618.8
256.5	2622.2
257.0	2626.6
257.5	2629.8
258.0	2633.8
258.5	2638.2
259.0	2641.2
259.5	2645.8
260.0	2650.2
260.5	2654.6
261.0	2659.8
261.5	2663.6
262.0	2667.8
262.5	2671.6
263.0	2676.0
263.5	2681.0
264.0	2684.2
264.5	2689.4
265.0	2692.8
265.5	2697.0
266.0	2699.4
266.5	2701.4
267.0	2706.4
267.5	2709.6
268.0	2713.4
268.5	2716.4
269.0	2721.4
269.5	2724.8
270.0	2727.8
270.5	2732.4
271.0	2736.0
271.5	2740.4
272.0	2744.0
272.5	2748.0
273.0	2752.0
273.5	2756.6
274.0	2760.0
274.5	2762.2
275.0	2764.6
275.5	2770.0
276.0	2774.6
276.5	2777.4
277.0	2783.0
277.5	2785.8
278.0	2788.4
278.5	2792.0
279.0	2794.2
279.5	2799.4
280.0	2801.8
280.5	2804.4
281.0	2808.2
281.5	2811.2
282.0	2814.6
282.5	2817.8
283.0	2821.4
283.5	2825.8
284.0	2829.8
284.5	2832.2
285.0	2835.4
285.5	2838.8
286.0	2840.2
286.5	2845.0
287.0	2848.4
287.5	2851.8
288.0	2853.8
288.5	2857.8
289.0	2863.0
289.5	2866.4
290.0	2870.0
290.5	2872.4
291.0	2876.6
291.5	2881.0
292.0	2885.0
292.5	2891.0
293.0	2894.0
293.5	2898.2
294.0	2902.0
294.5	2905.8
295.0	2911.6
295.5	2915.6
296.0	2919.8
296.5	2923.2
297.0	2927.2
297.5	2930.8
298.0	2935.0
298.5	2938.4
299.0	2941.6
299.5	2944.8
300.0	2947.2
