0.07326	0.54
0.0	0.0
0.5	0.0
1.0	0.4
1.5	1.2
2.0	3.0
2.5	4.8
3.0	8.4
3.5	12.0
4.0	15.4
4.5	19.4
5.0	24.0
5.5	30.0
6.0	35.2
6.5	39.0
7.0	42.0
7.5	47.6
8.0	53.0
8.5	58.2
9.0	65.8
9.5	72.2
10.0	79.4
10.5	86.2
11.0	92.2
11.5	100.4
12.0	107.4
12.5	115.0
13.0	120.6
13.5	129.2
14.0	137.4
14.5	143.4
15.0	151.0
15.5	158.2
16.0	166.2
16.5	173.4
17.0	182.0
17.5	188.2
18.0	196.4
18.5	202.8
19.0	212.2
19.5	221.0
20.0	228.8
20.5	237.6
21.0	246.0
21.5	255.2
22.0	263.8
22.5	270.8
23.0	280.4
23.5	287.6
24.0	295.0
24.5	303.6
25.0	311.4
25.5	319.4
26.0	327.6
26.5	337.8
27.0	345.4
27.5	356.8
28.0	366.4
28.5	374.6
29.0	384.8
29.5	391.2
30.0	397.8
30.5	405.0
31.0	413.2
31.5	421.2
32.0	429.6
32.5	438.4
33.0	448.4
33.5	458.2
34.0	466.8
34.5	475.4
35.0	482.2
35.5	491.0
36.0	500.4
36.5	505.6
37.0	512.6
37.5	519.4
38.0	527.2
38.5	534.6
39.0	542.6
39.5	549.8
40.0	555.8
40.5	563.2
41.0	570.0
41.5	577.6
42.0	585.6
42.5	591.6
43.0	598.2
43.5	606.2
44.0	611.8
44.5	619.2
45.0	627.2
45.5	634.4
46.0	640.6
46.5	646.8
47.0	655.0
47.5	661.2
48.0	667.6
48.5	672.0
49.0	681.2
49.5	687.2
50.0	693.4
50.5	699.8
51.0	708.0
51.5	716.2
52.0	721.6
52.5	729.4
53.0	736.8
53.5	745.2
54.0	753.4
54.5	759.0
55.0	765.6
55.5	770.8
56.0	776.6
56.5	782.6
57.0	789.0
57.5	797.2
58.0	803.0
58.5	809.6
59.0	816.4
59.5	823.2
60.0	827.2
60.5	833.0
61.0	840.4
61.5	846.6
62.0	852.8
62.5	858.4
63.0	865.0
63.5	870.6
64.0	876.2
64.5	882.4
65.0	887.6
65.5	892.8
66.0	899.4
66.5	906.6
67.0	910.4
67.5	915.8
68.0	921.2
68.5	927.8
69.0	934.4
69.5	942.2
70.0	948.2
70.5	953.4
71.0	959.2
71.5	966.6
72.0	971.4
72.5	977.6
73.0	984.2
73.5	990.6
74.0	995.4
74.5	999.6
75.0	1004.0
75.5	1009.4
76.0	1015.0
76.5	1020.4
77.0	1024.6
77.5	1028.6
78.0	1032.8
78.5	1041.0
79.0	1046.4
79.5	1050.0
80.0	1056.4
80.5	1060.4
81.0	1066.4
81.5	1070.8
82.0	1075.4
82.5	1083.0
83.0	1087.6
83.5	1093.6
84.0	1096.8
84.5	1101.8
85.0	1107.0
85.5	1113.0
86.0	1119.4
86.5	1123.6
87.0	1128.6
87.5	1134.0
88.0	1141.0
88.5	1144.2
89.0	1150.0
89.5	1155.2
90.0	1160.0
90.5	1165.4
91.0	1172.0
91.5	1179.2
92.0	1186.2
92.5	1192.6
93.0	1195.6
93.5	1198.6
94.0	1204.4
94.5	1209.6
95.0	1214.8
95.5	1220.2
96.0	1223.8
96.5	1227.8
97.0	1230.4
97.5	1234.8
98.0	1239.8
98.5	1246.8
99.0	1253.6
99.5	1259.0
100.0	1265.0
100.5	1269.8
101.0	1276.2
101.5	1280.2
102.0	1283.2
102.5	1287.4
103.0	1292.0
103.5	1296.2
104.0	1300.8
104.5	1304.6
105.0	1309.8
105.5	1314.4
106.0	1319.0
106.5	1324.8
107.0	1329.6
107.5	1334.8
108.0	1340.8
108.5	1344.6
109.0	1349.2
109.5	1353.4
110.0	1357.0
110.5	1364.4
111.0	1367.6
111.5	1372.8
112.0	1377.4
112.5	1382.4
113.0	1388.0
113.5	1392.2
114.0	1396.8
114.5	1401.8
115.0	1406.0
115.5	1410.0
116.0	1413.8
116.5	1417.8
117.0	1422.6
117.5	1427.2
118.0	1429.6
118.5	1433.6
119.0	1438.6
119.5	1441.8
120.0	1445.6
120.5	1449.4
121.0	1454.8
121.5	1459.8
122.0	1465.2
122.5	1469.8
123.0	1474.8
123.5	1479.0
124.0	1484.0
124.5	1487.8
125.0	1493.4
125.5	1498.0
126.0	1503.0
126.5	1508.4
127.0	1512.6
127.5	1518.0
128.0	1522.2
128.5	1526.2
129.0	1531.0
129.5	1536.0
130.0	1538.4
130.5	1542.0
131.0	1546.6
131.5	1552.2
132.0	1557.4
132.5	1559.8
133.0	1564.2
133.5	1568.8
134.0	1574.2
134.5	1577.4
135.0	1582.8
135.5	1587.8
136.0	1591.2
136.5	1595.0
137.0	1599.4
137.5	1603.8
138.0	1607.4
138.5	1611.8
139.0	1616.6
139.5	1621.0
140.0	1626.2
140.5	1632.8
141.0	1637.8
141.5	1641.4
142.0	1646.2
142.5	1651.6
143.0	1656.8
143.5	1661.4
144.0	1666.0
144.5	1669.2
145.0	1672.2
145.5	1676.2
146.0	1679.8
146.5	1684.2
147.0	1687.8
147.5	1691.8
148.0	1695.6
148.5	1699.8
149.0	1705.0
149.5	1710.0
150.0	1713.4
150.5	1718.2
151.0	1724.2
151.5	1727.8
152.0	1731.6
152.5	1736.0
153.0	1739.0
153.5	1743.6
154.0	1748.4
154.5	1751.2
155.0	1755.8
155.5	1760.0
156.0	1764.6
156.5	1769.4
157.0	1773.6
157.5	1777.4
158.0	1780.8
158.5	1785.6
159.0	1789.0
159.5	1793.0
160.0	1799.0
160.5	1803.8
161.0	1808.6
161.5	1813.6
162.0	1816.8
162.5	1822.2
163.0	1825.8
163.5	1828.6
164.0	1833.0
164.5	1836.8
165.0	1841.4
165.5	1846.4
166.0	1848.4
166.5	1852.8
167.0	1857.0
167.5	1863.2
168.0	1867.4
168.5	1871.6
169.0	1875.6
169.5	1879.6
170.0	1884.6
170.5	1890.2
171.0	1895.0
171.5	1901.4
172.0	1906.0
172.5	1910.6
173.0	1913.2
173.5	1917.2
174.0	1921.2
174.5	1926.4
175.0	1929.8
175.5	1933.8
176.0	1937.8
176.5	1941.4
177.0	1945.4
177.5	1950.0
178.0	1954.4
178.5	1958.4
179.0	1963.4
179.5	1967.2
180.0	1970.6
180.5	1974.6
181.0	1979.4
181.5	1983.0
182.0	1986.2
182.5	1990.2
183.0	1995.0
183.5	1998.6
184.0	2005.6
184.5	2008.2
185.0	2012.2
185.5	2015.4
186.0	2020.6
186.5	2023.4
187.0	2028.0
187.5	2032.2
188.0	2036.0
188.5	2041.0
189.0	2045.6
189.5	2051.6
190.0	2054.2
190.5	2058.8
191.0	2062.4
191.5	2067.4
192.0	2069.2
192.5	2073.0
193.0	2077.2
193.5	2080.0
194.0	2084.2
194.5	2087.2
195.0	2091.4
195.5	2095.4
196.0	2100.4
196.5	2105.8
197.0	2109.0
197.5	2113.2
198.0	2117.4
198.5	2122.4
199.0	2126.2
199.5	2130.2
200.0	2133.4
200.5	2136.2
201.0	2139.8
201.5	2144.0
202.0	2148.2
202.5	2151.8
203.0	2155.6
203.5	2161.0
204.0	2164.0
204.5	2168.6
205.0	2171.4
205.5	2175.0
206.0	2177.6
206.5	2180.6
207.0	2185.2
207.5	2191.4
208.0	2195.8
208.5	2199.6
209.0	2202.8
209.5	2206.8
210.0	2211.0
210.5	2216.0
211.0	2220.8
211.5	2224.8
212.0	2229.8
212.5	2235.0
213.0	2238.2
213.5	2242.4
214.0	2247.4
214.5	2251.2
215.0	2254.2
215.5	2259.0
216.0	2264.2
216.5	2268.8
217.0	2271.4
217.5	2275.0
218.0	2278.8
218.5	2281.0
219.0	2285.2
219.5	2289.0
220.0	2293.4
220.5	2296.6
221.0	2301.8
221.5	2305.8
222.0	2311.2
222.5	2314.2
223.0	2318.6
223.5	2323.0
224.0	2327.0
224.5	2330.6
225.0	2333.8
225.5	2340.6
226.0	2345.4
226.5	2349.4
227.0	2354.4
227.5	2359.4
228.0	2364.0
228.5	2367.2
229.0	2372.0
229.5	2376.6
230.0	2379.8
230.5	2382.8
231.0	2387.2
231.5	2390.8
232.0	2393.8
232.5	2396.2
233.0	2401.6
233.5	2405.0
234.0	2408.2
234.5	2413.0
235.0	2417.0
235.5	2421.4
236.0	2424.8
236.5	2429.0
237.0	2433.8
237.5	2439.0
238.0	2442.4
238.5	2445.8
239.0	2448.6
239.5	2452.6
240.0	2457.0
240.5	2463.0
241.0	2467.2
241.5	2469.6
242.0	2473.2
242.5	2477.6
243.0	2482.6
243.5	2485.8
244.0	2489.4
244.5	2493.2
245.0	2498.2
245.5	2502.4
246.0	2506.6
246.5	2510.0
247.0	2515.0
247.5	2521.6
248.0	2524.2
248.5	2528.6
249.0	2533.2
249.5	2537.6
250.0	2541.2
250.5	2544.0
251.0	2548.2
251.5	2552.8
252.0	2556.0
252.5	2559.6
253.0	2564.0
253.5	2568.8
254.0	2573.0
254.5	2578.0
255.0	2582.2
255.5	2587.0
256.0	2590.2
256.5	2594.0
257.0	2597.0
257.5	2600.6
258.0	2603.2
258.5	2607.2
259.0	2610.4
259.5	2615.6
260.0	2618.2
260.5	2620.8
261.0	2624.0
261.5	2628.6
262.0	2633.8
262.5	2637.4
263.0	2641.0
263.5	2644.2
264.0	2650.0
264.5	2655.2
265.0	2658.4
265.5	2663.0
266.0	2667.6
266.5	2671.8
267.0	2676.0
267.5	2679.4
268.0	2682.8
268.5	2685.8
269.0	2689.2
269.5	2692.2
270.0	2695.8
270.5	2699.4
271.0	2704.6
271.5	2710.4
272.0	2713.6
272.5	2719.0
273.0	2724.6
273.5	2729.4
274.0	2734.2
274.5	2739.2
275.0	2743.6
275.5	2747.0
276.0	2750.6
276.5	2754.8
277.0	2758.0
277.5	2761.2
278.0	2763.6
278.5	2767.8
279.0	2771.8
279.5	2776.2
280.0	2779.2
280.5	2784.0
281.0	2788.8
281.5	2791.4
282.0	2796.4
282.5	2800.6
283.0	2804.2
283.5	2808.4
284.0	2813.4
284.5	2818.6
285.0	2821.8
285.5	2825.4
286.0	2829.2
286.5	2833.2
287.0	2837.2
287.5	2842.2
288.0	2846.2
288.5	2850.2
289.0	2853.2
289.5	2857.2
290.0	2860.2
290.5	2864.0
291.0	2867.6
291.5	2871.0
292.0	2877.6
292.5	2881.2
293.0	2884.0
293.5	2887.6
294.0	2892.4
294.5	2896.8
295.0	2901.6
295.5	2904.6
296.0	2909.6
296.5	2914.6
297.0	2917.4
297.5	2922.4
298.0	2925.8
298.5	2930.2
299.0	2933.4
299.5	2937.6
300.0	2941.6
