0.06138	0.34
0.0	0.0
0.5	0.2
1.0	1.0
1.5	1.6
2.0	2.4
2.5	5.0
3.0	6.6
3.5	10.0
4.0	12.6
4.5	15.2
5.0	18.6
5.5	22.0
6.0	26.8
6.5	31.4
7.0	35.2
7.5	41.8
8.0	46.2
8.5	51.0
9.0	56.6
9.5	63.0
10.0	70.8
10.5	80.2
11.0	89.0
11.5	97.2
12.0	104.4
12.5	112.4
13.0	119.0
13.5	126.4
14.0	132.2
14.5	140.8
15.0	147.0
15.5	155.2
16.0	162.8
16.5	170.2
17.0	178.0
17.5	185.8
18.0	196.4
18.5	203.6
19.0	209.8
19.5	217.6
20.0	223.2
20.5	230.0
21.0	239.2
21.5	246.8
22.0	253.0
22.5	263.8
23.0	273.8
23.5	279.2
24.0	287.0
24.5	297.2
25.0	304.4
25.5	314.2
26.0	321.4
26.5	326.6
27.0	334.8
27.5	341.8
28.0	349.0
28.5	356.8
29.0	365.2
29.5	374.2
30.0	383.6
30.5	389.4
31.0	397.8
31.5	406.6
32.0	413.4
32.5	420.2
33.0	428.2
33.5	435.2
34.0	444.2
34.5	451.0
35.0	459.0
35.5	467.4
36.0	474.4
36.5	479.8
37.0	486.6
37.5	496.8
38.0	503.8
38.5	512.8
39.0	518.4
39.5	524.2
40.0	531.8
40.5	539.0
41.0	545.2
41.5	554.4
42.0	560.6
42.5	568.8
43.0	579.0
43.5	585.4
44.0	593.2
44.5	601.2
45.0	608.0
45.5	615.8
46.0	623.8
46.5	633.2
47.0	639.2
47.5	649.0
48.0	656.2
48.5	662.8
49.0	669.0
49.5	676.4
50.0	684.6
50.5	695.2
51.0	703.2
51.5	708.4
52.0	713.4
52.5	720.4
53.0	726.6
53.5	733.4
54.0	739.8
54.5	746.4
55.0	753.0
55.5	759.8
56.0	767.8
56.5	775.0
57.0	780.8
57.5	787.2
58.0	791.2
58.5	799.2
59.0	807.4
59.5	812.6
60.0	817.8
60.5	824.4
61.0	830.0
61.5	837.8
62.0	843.8
62.5	851.2
63.0	856.6
63.5	861.4
64.0	868.6
64.5	874.2
65.0	881.0
65.5	886.6
66.0	893.6
66.5	899.0
67.0	904.2
67.5	909.6
68.0	913.4
68.5	919.4
69.0	924.2
69.5	929.0
70.0	937.2
70.5	942.4
71.0	951.0
71.5	954.6
72.0	961.0
72.5	966.0
73.0	973.4
73.5	978.8
74.0	984.8
74.5	989.2
75.0	995.6
75.5	1001.8
76.0	1007.0
76.5	1013.4
77.0	1018.8
77.5	1023.6
78.0	1028.4
78.5	1031.4
79.0	1039.4
79.5	1047.8
80.0	1052.8
80.5	1057.2
81.0	1063.8
81.5	1069.6
82.0	1074.4
82.5	1078.6
83.0	1084.8
83.5	1090.0
84.0	1096.6
84.5	1101.6
85.0	1106.0
85.5	1111.0
86.0	1116.4
86.5	1120.6
87.0	1122.8
87.5	1126.0
88.0	1131.8
88.5	1136.6
89.0	1140.6
89.5	1144.4
90.0	1149.0
90.5	1153.2
91.0	1158.2
91.5	1163.2
92.0	1166.2
92.5	1171.2
93.0	1176.2
93.5	1184.2
94.0	1188.8
94.5	1194.2
95.0	1198.8
95.5	1204.0
96.0	1207.6
96.5	1212.2
97.0	1217.6
97.5	1222.0
98.0	1225.4
98.5	1229.6
99.0	1234.2
99.5	1237.2
100.0	1242.2
100.5	1247.4
101.0	1252.6
101.5	1259.4
102.0	1264.2
102.5	1268.0
103.0	1274.8
103.5	1279.4
104.0	1283.8
104.5	1289.2
105.0	1294.4
105.5	1298.2
106.0	1305.4
106.5	1310.4
107.0	1315.4
107.5	1322.2
108.0	1325.4
108.5	1329.2
109.0	1336.0
109.5	1340.4
110.0	1345.4
110.5	1348.8
111.0	1354.2
111.5	1359.8
112.0	1364.0
112.5	1369.2
113.0	1373.8
113.5	1378.4
114.0	1383.6
114.5	1387.2
115.0	1390.4
115.5	1395.6
116.0	1401.0
116.5	1405.0
117.0	1408.6
117.5	1413.0
118.0	1418.2
118.5	1421.2
119.0	1426.2
119.5	1431.8
120.0	1436.0
120.5	1440.8
121.0	1445.2
121.5	1450.0
122.0	1454.2
122.5	1459.2
123.0	1463.4
123.5	1468.8
124.0	1473.0
124.5	1477.0
125.0	1481.4
125.5	1484.2
126.0	1488.4
126.5	1491.2
127.0	1495.4
127.5	1500.6
128.0	1504.0
128.5	1511.0
129.0	1515.6
129.5	1519.2
130.0	1522.2
130.5	1526.8
131.0	1533.0
131.5	1538.6
132.0	1542.6
132.5	1546.2
133.0	1551.8
133.5	1556.4
134.0	1561.0
134.5	1564.6
135.0	1568.0
135.5	1573.0
136.0	1578.2
136.5	1582.8
137.0	1587.2
137.5	1592.8
138.0	1596.8
138.5	1601.8
139.0	1605.8
139.5	1611.0
140.0	1614.6
140.5	1618.0
141.0	1622.4
141.5	1626.0
142.0	1630.4
142.5	1634.2
143.0	1638.0
143.5	1641.6
144.0	1644.6
144.5	1649.4
145.0	1654.4
145.5	1657.4
146.0	1661.6
146.5	1666.4
147.0	1671.6
147.5	1674.2
148.0	1677.4
148.5	1681.0
149.0	1684.2
149.5	1688.8
150.0	1694.2
150.5	1697.4
151.0	1701.8
151.5	1705.4
152.0	1709.8
152.5	1713.2
153.0	1718.2
153.5	1721.4
154.0	1726.2
154.5	1730.2
155.0	1735.8
155.5	1739.2
156.0	1742.8
156.5	1746.2
157.0	1750.2
157.5	1756.2
158.0	1760.2
158.5	1765.0
159.0	1768.4
159.5	1773.0
160.0	1779.2
160.5	1784.6
161.0	1789.4
161.5	1793.2
162.0	1799.2
162.5	1804.2
163.0	1808.4
163.5	1813.2
164.0	1817.0
164.5	1822.4
165.0	1827.4
165.5	1831.4
166.0	1836.0
166.5	1840.6
167.0	1847.4
167.5	1852.8
168.0	1855.6
168.5	1860.6
169.0	1865.2
169.5	1869.0
170.0	1872.0
170.5	1875.6
171.0	1877.4
171.5	1883.0
172.0	1887.4
172.5	1893.0
173.0	1896.8
173.5	1902.8
174.0	1906.8
174.5	1910.2
175.0	1912.8
175.5	1918.6
176.0	1924.4
176.5	1928.0
177.0	1934.2
177.5	1937.0
178.0	1939.4
178.5	1944.0
179.0	1948.0
179.5	1952.4
180.0	1957.4
180.5	1960.6
181.0	1965.6
181.5	1969.2
182.0	1974.0
182.5	1977.0
183.0	1981.2
183.5	1987.0
184.0	1992.4
184.5	1997.2
185.0	1999.6
185.5	2004.0
186.0	2007.0
186.5	2011.8
187.0	2015.6
187.5	2019.8
188.0	2023.6
188.5	2028.0
189.0	2032.4
189.5	2036.2
190.0	2039.0
190.5	2044.0
191.0	2048.0
191.5	2052.6
192.0	2056.2
192.5	2060.6
193.0	2065.6
193.5	2068.8
194.0	2073.4
194.5	2079.0
195.0	2082.4
195.5	2086.0
196.0	2091.4
196.5	2094.4
197.0	2099.8
197.5	2103.4
198.0	2106.6
198.5	2111.6
199.0	2116.2
199.5	2119.8
200.0	2123.8
200.5	2127.4
201.0	2134.0
201.5	2137.8
202.0	2142.2
202.5	2147.6
203.0	2151.4
203.5	2154.6
204.0	2158.6
204.5	2163.8
205.0	2169.2
205.5	2173.4
206.0	2178.4
206.5	2181.8
207.0	2184.4
207.5	2187.6
208.0	2191.8
208.5	2195.8
209.0	2199.4
209.5	2204.4
210.0	2207.2
210.5	2209.2
211.0	2213.2
211.5	2216.6
212.0	2222.2
212.5	2228.4
213.0	2234.4
213.5	2239.0
214.0	2243.8
214.5	2247.8
215.0	2252.0
215.5	2256.2
216.0	2260.8
216.5	2265.4
217.0	2269.2
217.5	2271.0
218.0	2276.4
218.5	2279.4
219.0	2285.0
219.5	2287.8
220.0	2291.6
220.5	2294.8
221.0	2299.4
221.5	2304.8
222.0	2308.6
222.5	2312.8
223.0	2316.4
223.5	2320.6
224.0	2322.2
224.5	2326.4
225.0	2330.0
225.5	2333.4
226.0	2337.4
226.5	2342.0
227.0	2345.0
227.5	2348.2
228.0	2353.8
228.5	2357.2
229.0	2361.2
229.5	2364.2
230.0	2367.8
230.5	2370.6
231.0	2374.8
231.5	2379.8
232.0	2383.8
232.5	2388.2
233.0	2393.6
233.5	2398.0
234.0	2402.4
234.5	2406.0
235.0	2409.6
235.5	2412.8
236.0	2416.0
236.5	2419.8
237.0	2423.0
237.5	2428.4
238.0	2434.6
238.5	2436.8
239.0	2440.2
239.5	2444.8
240.0	2449.4
240.5	2452.4
241.0	2457.0
241.5	2461.6
242.0	2466.0
242.5	2469.8
243.0	2473.6
243.5	2477.4
244.0	2481.8
244.5	2486.0
245.0	2491.2
245.5	2496.6
246.0	2500.4
246.5	2503.6
247.0	2508.0
247.5	2511.4
248.0	2513.4
248.5	2518.4
249.0	2520.8
249.5	2525.2
250.0	2529.6
250.5	2534.0
251.0	2538.4
251.5	2543.4
252.0	2545.6
252.5	2550.0
253.0	2556.0
253.5	2559.0
254.0	2563.2
254.5	2567.4
255.0	2572.6
255.5	2576.8
256.0	2579.8
256.5	2584.0
257.0	2585.8
257.5	2589.8
258.0	2592.8
258.5	2597.2
259.0	2600.6
259.5	2604.2
260.0	2608.2
260.5	2610.4
261.0	2614.4
261.5	2617.6
262.0	2620.8
262.5	2625.4
263.0	2629.0
263.5	2632.8
264.0	2636.4
264.5	2640.4
265.0	2644.0
265.5	2648.0
266.0	2652.8
266.5	2657.2
267.0	2659.6
267.5	2664.2
268.0	2668.0
268.5	2671.0
269.0	2675.2
269.5	2679.4
270.0	2683.6
270.5	2689.0
271.0	2692.6
271.5	2695.8
272.0	2699.2
272.5	2703.4
273.0	2707.4
273.5	2712.0
274.0	2716.6
274.5	2722.4
275.0	2726.4
275.5	2731.2
276.0	2734.0
276.5	2737.0
277.0	2742.4
277.5	2746.6
278.0	2749.6
278.5	2753.4
279.0	2756.4
279.5	2760.8
280.0	2763.4
280.5	2768.6
281.0	2771.8
281.5	2775.6
282.0	2779.4
282.5	2782.4
283.0	2787.4
283.5	2791.4
284.0	2795.2
284.5	2798.4
285.0	2803.0
285.5	2807.0
286.0	2810.2
286.5	2812.4
287.0	2815.8
287.5	2819.8
288.0	2824.2
288.5	2828.6
289.0	2833.0
289.5	2836.8
290.0	2840.8
290.5	2844.2
291.0	2849.2
291.5	2853.6
292.0	2857.2
292.5	2860.2
293.0	2863.0
293.5	2867.2
294.0	2870.6
294.5	2874.2
295.0	2877.6
295.5	2881.4
296.0	2887.6
296.5	2891.0
297.0	2895.8
297.5	2899.6
298.0	2905.4
298.5	2909.2
299.0	2913.4
299.5	2916.8
300.0	2919.6
