0.06336	0.48
0.0	0.0
0.5	0.2
1.0	0.2
1.5	1.2
2.0	3.2
2.5	4.2
3.0	6.2
3.5	9.4
4.0	12.8
4.5	16.8
5.0	20.8
5.5	25.4
6.0	29.8
6.5	34.4
7.0	38.0
7.5	41.6
8.0	49.0
8.5	53.6
9.0	58.8
9.5	66.0
10.0	74.4
10.5	79.8
11.0	86.2
11.5	93.4
12.0	102.2
12.5	110.2
13.0	117.4
13.5	124.8
14.0	131.0
14.5	140.4
15.0	147.0
15.5	155.2
16.0	162.8
16.5	169.4
17.0	175.6
17.5	183.4
18.0	190.2
18.5	198.6
19.0	206.4
19.5	212.2
20.0	218.4
20.5	224.4
21.0	232.2
21.5	240.2
22.0	246.4
22.5	252.6
23.0	260.0
23.5	269.0
24.0	278.6
24.5	287.0
25.0	294.8
25.5	303.4
26.0	312.8
26.5	322.4
27.0	333.6
27.5	339.6
28.0	347.4
28.5	355.6
29.0	363.2
29.5	370.8
30.0	378.6
30.5	388.2
31.0	394.8
31.5	402.2
32.0	411.0
32.5	417.6
33.0	425.0
33.5	431.8
34.0	439.0
34.5	444.8
35.0	452.0
35.5	458.2
36.0	467.0
36.5	474.4
37.0	483.0
37.5	490.8
38.0	498.2
38.5	504.4
39.0	513.0
39.5	520.0
40.0	528.6
40.5	534.4
41.0	542.2
41.5	551.6
42.0	560.8
42.5	569.0
43.0	579.2
43.5	586.6
44.0	595.8
44.5	601.8
45.0	608.4
45.5	617.6
46.0	623.2
46.5	631.0
47.0	637.8
47.5	645.0
48.0	649.2
48.5	656.8
49.0	662.8
49.5	669.8
50.0	676.4
50.5	684.2
51.0	688.2
51.5	696.6
52.0	705.6
52.5	710.6
53.0	716.8
53.5	724.2
54.0	729.4
54.5	734.2
55.0	742.0
55.5	748.0
56.0	753.4
56.5	759.4
57.0	764.8
57.5	771.2
58.0	777.4
58.5	782.4
59.0	788.4
59.5	795.8
60.0	801.8
60.5	809.0
61.0	815.4
61.5	820.8
62.0	827.8
62.5	833.6
63.0	840.0
63.5	847.6
64.0	854.0
64.5	860.0
65.0	866.8
65.5	873.0
66.0	877.8
66.5	883.6
67.0	889.0
67.5	895.4
68.0	900.4
68.5	905.2
69.0	911.6
69.5	916.0
70.0	921.8
70.5	927.2
71.0	932.6
71.5	938.8
72.0	944.8
72.5	951.2
73.0	956.4
73.5	961.0
74.0	966.0
74.5	970.8
75.0	977.8
75.5	983.2
76.0	989.2
76.5	994.6
77.0	1000.4
77.5	1005.4
78.0	1011.2
78.5	1018.0
79.0	1023.6
79.5	1031.4
80.0	1037.2
80.5	1041.6
81.0	1048.6
81.5	1053.4
82.0	1056.6
82.5	1062.6
83.0	1067.8
83.5	1071.0
84.0	1079.0
84.5	1083.2
85.0	1089.2
85.5	1094.2
86.0	1099.8
86.5	1104.0
87.0	1109.2
87.5	1113.8
88.0	1119.8
88.5	1125.8
89.0	1132.0
89.5	1138.2
90.0	1144.0
90.5	1149.2
91.0	1154.2
91.5	1159.4
92.0	1165.2
92.5	1170.6
93.0	1175.6
93.5	1182.0
94.0	1188.0
94.5	1192.8
95.0	1198.2
95.5	1204.2
96.0	1208.4
96.5	1214.2
97.0	1218.8
97.5	1223.8
98.0	1229.0
98.5	1232.6
99.0	1238.0
99.5	1243.4
100.0	1247.4
100.5	1253.4
101.0	1258.8
101.5	1263.6
102.0	1268.8
102.5	1274.4
103.0	1279.0
103.5	1283.2
104.0	1288.4
104.5	1293.2
105.0	1298.2
105.5	1303.4
106.0	1307.4
106.5	1311.0
107.0	1315.8
107.5	1321.6
108.0	1327.2
108.5	1331.4
109.0	1336.2
109.5	1340.4
110.0	1344.2
110.5	1348.8
111.0	1353.2
111.5	1358.0
112.0	1363.0
112.5	1366.2
113.0	1370.6
113.5	1374.2
114.0	1377.6
114.5	1381.4
115.0	1385.8
115.5	1390.6
116.0	1396.4
116.5	1401.4
117.0	1405.4
117.5	1411.2
118.0	1418.6
118.5	1424.0
119.0	1429.8
119.5	1434.2
120.0	1438.0
120.5	1440.6
121.0	1444.6
121.5	1449.4
122.0	1454.2
122.5	1459.8
123.0	1465.0
123.5	1470.6
124.0	1476.8
124.5	1480.0
125.0	1485.0
125.5	1489.4
126.0	1491.8
126.5	1496.6
127.0	1500.4
127.5	1504.6
128.0	1508.6
128.5	1513.2
129.0	1518.2
129.5	1523.6
130.0	1531.0
130.5	1535.8
131.0	1541.0
131.5	1544.6
132.0	1549.6
132.5	1554.6
133.0	1560.4
133.5	1564.0
134.0	1569.8
134.5	1575.0
135.0	1580.6
135.5	1584.2
136.0	1586.2
136.5	1589.8
137.0	1594.0
137.5	1599.0
138.0	1602.8
138.5	1606.6
139.0	1611.6
139.5	1615.6
140.0	1621.6
140.5	1626.6
141.0	1630.8
141.5	1635.2
142.0	1639.4
142.5	1645.4
143.0	1650.2
143.5	1655.0
144.0	1660.2
144.5	1662.0
145.0	1666.2
145.5	1670.0
146.0	1674.8
146.5	1680.4
147.0	1685.0
147.5	1690.4
148.0	1694.6
148.5	1697.6
149.0	1701.2
149.5	1705.2
150.0	1709.0
150.5	1712.4
151.0	1715.0
151.5	1719.0
152.0	1723.8
152.5	1729.4
153.0	1733.6
153.5	1738.2
154.0	1744.0
154.5	1747.8
155.0	1750.8
155.5	1755.0
156.0	1760.0
156.5	1763.6
157.0	1769.0
157.5	1773.0
158.0	1778.6
158.5	1783.2
159.0	1788.4
159.5	1792.0
160.0	1796.0
160.5	1799.6
161.0	1803.6
161.5	1807.8
162.0	1812.0
162.5	1816.6
163.0	1821.0
163.5	1824.2
164.0	1827.8
164.5	1830.6
165.0	1835.0
165.5	1839.6
166.0	1843.2
166.5	1847.0
167.0	1851.8
167.5	1857.0
168.0	1861.4
168.5	1865.6
169.0	1869.6
169.5	1874.2
170.0	1878.6
170.5	1882.2
171.0	1886.8
171.5	1889.6
172.0	1894.2
172.5	1896.8
173.0	1901.0
173.5	1906.2
174.0	1910.4
174.5	1914.2
175.0	1918.6
175.5	1921.6
176.0	1925.8
176.5	1930.6
177.0	1934.8
177.5	1938.0
178.0	1942.6
178.5	1947.2
179.0	1952.8
179.5	1955.6
180.0	1960.2
180.5	1965.2
181.0	1972.0
181.5	1978.0
182.0	1981.8
182.5	1986.0
183.0	1991.4
183.5	1993.8
184.0	1998.8
184.5	2002.8
185.0	2007.0
185.5	2009.8
186.0	2014.4
186.5	2018.6
187.0	2022.0
187.5	2026.0
188.0	2029.8
188.5	2033.8
189.0	2038.0
189.5	2043.4
190.0	2048.0
190.5	2051.8
191.0	2056.2
191.5	2060.4
192.0	2064.0
192.5	2066.0
193.0	2068.4
193.5	2073.6
194.0	2076.6
194.5	2080.4
195.0	2084.2
195.5	2090.2
196.0	2093.6
196.5	2097.2
197.0	2101.0
197.5	2103.8
198.0	2108.4
198.5	2113.6
199.0	2117.6
199.5	2121.4
200.0	2125.6
200.5	2130.4
201.0	2133.6
201.5	2137.4
202.0	2142.8
202.5	2146.2
203.0	2150.0
203.5	2153.4
204.0	2157.2
204.5	2161.0
205.0	2165.4
205.5	2169.2
206.0	2172.6
206.5	2178.6
207.0	2183.8
207.5	2189.2
208.0	2193.4
208.5	2197.2
209.0	2202.8
209.5	2207.6
210.0	2211.6
210.5	2216.8
211.0	2220.2
211.5	2224.0
212.0	2228.0
212.5	2233.0
213.0	2236.4
213.5	2240.0
214.0	2244.6
214.5	2250.8
215.0	2254.8
215.5	2257.0
216.0	2259.2
216.5	2263.8
217.0	2267.8
217.5	2272.2
218.0	2276.8
218.5	2280.8
219.0	2285.8
219.5	2288.6
220.0	2292.2
220.5	2297.2
221.0	2301.6
221.5	2305.2
222.0	2310.8
222.5	2313.8
223.0	2317.2
223.5	2321.4
224.0	2325.8
224.5	2329.0
225.0	2333.6
225.5	2337.0
226.0	2341.4
226.5	2346.0
227.0	2349.8
227.5	2353.8
228.0	2358.2
228.5	2360.6
229.0	2365.4
229.5	2372.0
230.0	2377.0
230.5	2380.2
231.0	2382.8
231.5	2386.4
232.0	2390.8
232.5	2395.2
233.0	2399.0
233.5	2402.2
234.0	2406.0
234.5	2409.4
235.0	2412.2
235.5	2417.0
236.0	2421.8
236.5	2426.8
237.0	2429.8
237.5	2434.8
238.0	2438.0
238.5	2442.4
239.0	2446.8
239.5	2449.0
240.0	2454.2
240.5	2457.6
241.0	2461.2
241.5	2464.4
242.0	2467.8
242.5	2470.8
243.0	2474.4
243.5	2478.4
244.0	2481.4
244.5	2484.6
245.0	2487.4
245.5	2490.4
246.0	2494.6
246.5	2499.4
247.0	2502.8
247.5	2507.0
248.0	2510.6
248.5	2513.6
249.0	2517.2
249.5	2520.4
250.0	2523.4
250.5	2527.8
251.0	2532.0
251.5	2536.0
252.0	2539.2
252.5	2541.8
253.0	2545.8
253.5	2550.2
254.0	2555.0
254.5	2557.8
255.0	2562.0
255.5	2566.6
256.0	2569.2
256.5	2572.6
257.0	2575.4
257.5	2580.4
258.0	2584.2
258.5	2587.6
259.0	2591.8
259.5	2595.6
260.0	2599.0
260.5	2602.4
261.0	2606.0
261.5	2608.2
262.0	2612.0
262.5	2614.4
263.0	2618.8
263.5	2624.6
264.0	2628.8
264.5	2631.8
265.0	2636.0
265.5	2640.4
266.0	2645.4
266.5	2651.2
267.0	2655.4
267.5	2659.4
268.0	2663.4
268.5	2666.2
269.0	2668.8
269.5	2673.0
270.0	2676.8
270.5	2682.0
271.0	2686.8
271.5	2692.4
272.0	2695.2
272.5	2698.4
273.0	2704.0
273.5	2709.8
274.0	2713.0
274.5	2715.0
275.0	2719.0
275.5	2723.0
276.0	2726.4
276.5	2730.6
277.0	2733.8
277.5	2737.2
278.0	2740.2
278.5	2743.2
279.0	2747.0
279.5	2752.2
280.0	2756.4
280.5	2761.2
281.0	2765.6
281.5	2770.4
282.0	2774.8
282.5	2778.2
283.0	2780.4
283.5	2785.2
284.0	2788.0
284.5	2791.4
285.0	2795.4
285.5	2798.4
286.0	2802.2
286.5	2805.4
287.0	2810.2
287.5	2814.8
288.0	2820.2
288.5	2823.0
289.0	2826.8
289.5	2831.0
290.0	2835.0
290.5	2838.2
291.0	2843.2
291.5	2846.4
292.0	2852.0
292.5	2858.2
293.0	2861.6
293.5	2867.4
294.0	2872.0
294.5	2876.0
295.0	2879.2
295.5	2883.4
296.0	2885.8
296.5	2889.4
297.0	2891.8
297.5	2895.0
298.0	2898.2
298.5	2902.0
299.0	2906.4
299.5	2911.4
300.0	2916.6
