0.03564	0.86
0.0	0.0
0.5	0.2
1.0	0.6
1.5	1.0
2.0	2.0
2.5	4.0
3.0	7.4
3.5	9.6
4.0	13.4
4.5	16.4
5.0	20.6
5.5	25.2
6.0	29.8
6.5	34.6
7.0	40.0
7.5	44.0
8.0	49.0
8.5	52.4
9.0	57.8
9.5	63.2
10.0	69.0
10.5	75.2
11.0	82.0
11.5	90.2
12.0	96.6
12.5	104.4
13.0	110.2
13.5	117.4
14.0	123.4
14.5	131.2
15.0	139.4
15.5	146.8
16.0	154.6
16.5	162.8
17.0	171.0
17.5	178.2
18.0	187.2
18.5	193.8
19.0	201.4
19.5	208.8
20.0	216.0
20.5	224.8
21.0	233.0
21.5	239.4
22.0	247.6
22.5	256.8
23.0	264.6
23.5	272.8
24.0	282.4
24.5	290.8
25.0	299.2
25.5	307.0
26.0	314.6
26.5	324.6
27.0	333.6
27.5	341.8
28.0	351.8
28.5	358.8
29.0	367.0
29.5	375.4
30.0	382.6
30.5	390.6
31.0	400.6
31.5	408.4
32.0	415.2
32.5	422.6
33.0	429.2
33.5	436.6
34.0	448.0
34.5	454.8
35.0	460.6
35.5	468.8
36.0	476.2
36.5	483.0
37.0	492.2
37.5	501.0
38.0	506.2
38.5	513.4
39.0	522.8
39.5	532.4
40.0	539.0
40.5	544.2
41.0	550.2
41.5	559.6
42.0	566.0
42.5	573.6
43.0	581.8
43.5	589.6
44.0	597.8
44.5	604.0
45.0	612.0
45.5	616.6
46.0	621.4
46.5	628.2
47.0	636.0
47.5	641.6
48.0	650.2
48.5	657.2
49.0	663.8
49.5	669.2
50.0	675.2
50.5	683.4
51.0	689.0
51.5	697.4
52.0	704.6
52.5	710.4
53.0	715.2
53.5	723.6
54.0	728.0
54.5	735.0
55.0	740.4
55.5	746.2
56.0	752.4
56.5	757.4
57.0	763.6
57.5	770.6
58.0	775.2
58.5	781.6
59.0	790.4
59.5	795.6
60.0	802.0
60.5	808.8
61.0	814.6
61.5	818.6
62.0	824.8
62.5	832.2
63.0	838.6
63.5	845.6
64.0	852.2
64.5	856.8
65.0	861.4
65.5	867.4
66.0	873.4
66.5	879.2
67.0	884.4
67.5	890.6
68.0	897.8
68.5	903.6
69.0	909.8
69.5	915.6
70.0	920.0
70.5	926.2
71.0	933.4
71.5	939.4
72.0	946.4
72.5	952.2
73.0	957.8
73.5	963.8
74.0	969.2
74.5	975.0
75.0	979.8
75.5	986.4
76.0	991.0
76.5	996.2
77.0	1002.4
77.5	1009.4
78.0	1015.2
78.5	1020.4
79.0	1026.4
79.5	1031.4
80.0	1038.8
80.5	1043.6
81.0	1050.4
81.5	1056.2
82.0	1060.8
82.5	1065.2
83.0	1071.0
83.5	1076.0
84.0	1080.6
84.5	1086.0
85.0	1091.8
85.5	1098.6
86.0	1102.8
86.5	1108.4
87.0	1113.6
87.5	1117.6
88.0	1124.0
88.5	1129.4
89.0	1135.0
89.5	1140.6
90.0	1147.0
90.5	1151.6
91.0	1155.4
91.5	1162.8
92.0	1168.8
92.5	1174.0
93.0	1179.4
93.5	1184.6
94.0	1191.8
94.5	1198.4
95.0	1203.8
95.5	1208.8
96.0	1215.2
96.5	1219.2
97.0	1225.6
97.5	1228.6
98.0	1232.8
98.5	1237.2
99.0	1242.2
99.5	1247.8
100.0	1253.2
100.5	1258.6
101.0	1262.6
101.5	1265.0
102.0	1270.8
102.5	1275.0
103.0	1279.6
103.5	1284.4
104.0	1289.6
104.5	1295.6
105.0	1300.6
105.5	1305.6
106.0	1310.2
106.5	1314.4
107.0	1319.0
107.5	1324.2
108.0	1327.0
108.5	1330.8
109.0	1335.0
109.5	1338.8
110.0	1343.8
110.5	1349.6
111.0	1354.6
111.5	1360.0
112.0	1366.6
112.5	1371.8
113.0	1376.2
113.5	1381.6
114.0	1387.4
114.5	1391.6
115.0	1396.0
115.5	1400.8
116.0	1404.4
116.5	1408.8
117.0	1413.0
117.5	1418.4
118.0	1421.2
118.5	1426.0
119.0	1429.4
119.5	1432.8
120.0	1437.8
120.5	1443.2
121.0	1450.2
121.5	1454.4
122.0	1456.8
122.5	1462.2
123.0	1467.0
123.5	1472.2
124.0	1477.0
124.5	1480.8
125.0	1484.8
125.5	1488.4
126.0	1493.4
126.5	1498.0
127.0	1502.6
127.5	1507.2
128.0	1510.8
128.5	1517.2
129.0	1520.2
129.5	1524.8
130.0	1528.4
130.5	1532.2
131.0	1536.6
131.5	1541.4
132.0	1547.4
132.5	1552.6
133.0	1558.0
133.5	1562.6
134.0	1567.6
134.5	1571.6
135.0	1575.6
135.5	1579.4
136.0	1582.2
136.5	1586.8
137.0	1590.8
137.5	1597.4
138.0	1602.6
138.5	1606.6
139.0	1610.4
139.5	1615.6
140.0	1620.4
140.5	1623.4
141.0	1626.4
141.5	1630.6
142.0	1636.2
142.5	1639.6
143.0	1644.6
143.5	1648.8
144.0	1651.0
144.5	1655.2
145.0	1661.0
145.5	1664.2
146.0	1667.8
146.5	1672.4
147.0	1675.6
147.5	1679.2
148.0	1683.4
148.5	1689.0
149.0	1691.8
149.5	1695.6
150.0	1699.4
150.5	1703.4
151.0	1707.8
151.5	1713.0
152.0	1717.0
152.5	1719.8
153.0	1722.8
153.5	1727.4
154.0	1731.8
154.5	1736.6
155.0	1740.2
155.5	1745.0
156.0	1750.0
156.5	1752.4
157.0	1757.0
157.5	1761.0
158.0	1764.4
158.5	1768.2
159.0	1773.2
159.5	1777.4
160.0	1783.2
160.5	1786.4
161.0	1790.2
161.5	1795.2
162.0	1799.6
162.5	1804.2
163.0	1808.8
163.5	1813.2
164.0	1817.4
164.5	1820.4
165.0	1825.8
165.5	1829.0
166.0	1833.4
166.5	1837.8
167.0	1841.4
167.5	1845.0
168.0	1850.0
168.5	1855.4
169.0	1859.8
169.5	1862.2
170.0	1865.6
170.5	1871.0
171.0	1874.6
171.5	1878.8
172.0	1882.4
172.5	1887.6
173.0	1891.6
173.5	1895.8
174.0	1901.4
174.5	1904.4
175.0	1909.0
175.5	1912.4
176.0	1916.0
176.5	1918.2
177.0	1921.8
177.5	1925.8
178.0	1929.6
178.5	1934.2
179.0	1937.8
179.5	1942.0
180.0	1945.6
180.5	1951.2
181.0	1954.4
181.5	1959.2
182.0	1963.8
182.5	1968.2
183.0	1973.0
183.5	1977.4
184.0	1981.2
184.5	1987.0
185.0	1990.6
185.5	1994.6
186.0	1998.0
186.5	2002.0
187.0	2006.0
187.5	2009.2
188.0	2013.0
188.5	2016.4
189.0	2020.6
189.5	2024.2
190.0	2027.8
190.5	2032.8
191.0	2037.2
191.5	2042.4
192.0	2047.2
192.5	2051.2
193.0	2055.0
193.5	2058.2
194.0	2062.2
194.5	2065.2
195.0	2071.4
195.5	2077.2
196.0	2081.0
196.5	2085.0
197.0	2088.8
197.5	2092.8
198.0	2096.8
198.5	2103.0
199.0	2104.8
199.5	2108.6
200.0	2112.2
200.5	2116.6
201.0	2119.2
201.5	2124.0
202.0	2128.0
202.5	2131.0
203.0	2133.8
203.5	2139.4
204.0	2142.2
204.5	2145.4
205.0	2149.6
205.5	2153.6
206.0	2156.2
206.5	2160.4
207.0	2166.2
207.5	2169.6
208.0	2172.0
208.5	2176.8
209.0	2180.6
209.5	2184.6
210.0	2189.8
210.5	2192.6
211.0	2197.6
211.5	2200.2
212.0	2204.8
212.5	2209.4
213.0	2214.2
213.5	2217.0
214.0	2221.4
214.5	2226.0
215.0	2231.4
215.5	2235.8
216.0	2239.0
216.5	2243.6
217.0	2247.4
217.5	2251.2
218.0	2255.2
218.5	2258.4
219.0	2261.8
219.5	2267.4
220.0	2273.2
220.5	2277.6
221.0	2281.2
221.5	2285.4
222.0	2290.2
222.5	2294.2
223.0	2298.2
223.5	2303.4
224.0	2307.6
224.5	2310.2
225.0	2315.0
225.5	2318.2
226.0	2322.6
226.5	2326.0
227.0	2328.2
227.5	2331.2
228.0	2335.0
228.5	2339.2
229.0	2343.8
229.5	2347.2
230.0	2350.8
230.5	2355.6
231.0	2358.6
231.5	2363.2
232.0	2367.2
232.5	2372.0
233.0	2374.6
233.5	2379.0
234.0	2383.8
234.5	2387.0
235.0	2391.0
235.5	2395.2
236.0	2398.2
236.5	2401.6
237.0	2405.6
237.5	2408.8
238.0	2410.8
238.5	2414.6
239.0	2418.2
239.5	2422.4
240.0	2425.2
240.5	2428.4
241.0	2431.4
241.5	2435.6
242.0	2439.8
242.5	2443.2
243.0	2448.4
243.5	2451.8
244.0	2457.0
244.5	2462.6
245.0	2466.6
245.5	2470.2
246.0	2474.4
246.5	2479.0
247.0	2483.0
247.5	2487.2
248.0	2492.2
248.5	2497.4
249.0	2500.4
249.5	2503.2
250.0	2507.0
250.5	2512.2
251.0	2517.0
251.5	2521.0
252.0	2523.8
252.5	2526.8
253.0	2533.0
253.5	2538.0
254.0	2541.6
254.5	2546.0
255.0	2549.8
255.5	2553.0
256.0	2557.2
256.5	2561.8
257.0	2567.8
257.5	2571.6
258.0	2575.0
258.5	2580.0
259.0	2583.2
259.5	2587.8
260.0	2591.6
260.5	2594.6
261.0	2599.2
261.5	2603.2
262.0	2607.6
262.5	2614.2
263.0	2617.6
263.5	2621.0
264.0	2625.2
264.5	2628.6
265.0	2633.2
265.5	2637.4
266.0	2640.6
266.5	2644.0
267.0	2648.8
267.5	2652.2
268.0	2655.2
268.5	2659.0
269.0	2663.4
269.5	2666.4
270.0	2668.2
270.5	2671.4
271.0	2676.4
271.5	2681.0
272.0	2685.8
272.5	2690.0
273.0	2692.2
273.5	2695.8
274.0	2699.4
274.5	2704.4
275.0	2708.4
275.5	2711.6
276.0	2716.2
276.5	2721.0
277.0	2724.4
277.5	2729.2
278.0	2733.2
278.5	2737.0
279.0	2739.6
279.5	2742.8
280.0	2747.0
280.5	2749.8
281.0	2753.4
281.5	2758.2
282.0	2761.8
282.5	2764.8
283.0	2767.8
283.5	2772.0
284.0	2775.6
284.5	2779.2
285.0	2781.6
285.5	2784.8
286.0	2789.2
286.5	2793.6
287.0	2798.8
287.5	2804.0
288.0	2807.4
288.5	2811.0
289.0	2814.0
289.5	2817.8
290.0	2821.4
290.5	2824.4
291.0	2828.6
291.5	2831.2
292.0	2834.0
292.5	2837.6
293.0	2841.4
293.5	2846.0
294.0	2850.8
294.5	2856.2
295.0	2860.4
295.5	2864.4
296.0	2868.8
296.5	2872.4
297.0	2876.0
297.5	2879.0
298.0	2882.2
298.5	2886.2
299.0	2891.0
299.5	2894.8
300.0	2899.2
