0.0032076712329826506	5.092967021652129	7969.479979947096	4.9919535445482985	0.003797016743606922
25.0	0.0396810631229236	33212.0	10.0
25.275275275275277	0.04048077881466704	34040.6512346474	9.45891800495765
25.55055055055055	0.04116921100748556	34835.22183899254	8.938652867428125
25.825825825825827	0.041795873801700294	35594.904579999165	8.439732784680885
26.1011011011011	0.04246054627109386	36320.96814113633	7.961385450600316
26.376376376376378	0.0431923015104018	37015.05754721348	7.502601868916804
26.65165165165165	0.043913162033648076	37677.407245613744	7.063256019056965
26.926926926926928	0.044602054265402195	38308.053419753625	6.643345987379287
27.2022022022022	0.045292849274076084	38907.668616988	6.242471011950986
27.47747747747748	0.04600095965474266	39477.16328239939	5.860080795716132
27.75275275275275	0.04672827996477374	40017.45656684219	5.495618991502174
28.02802802802803	0.047463478975902966	40529.32133073984	5.148620336523063
28.303303303303302	0.04820141129742423	41013.49264575861	4.818642746890011
28.57857857857858	0.048967152407549674	41470.98168047172	4.505070621195654
28.853853853853856	0.04975295199460049	41902.68661240802	4.207358511890059
29.12912912912913	0.0504868280075689	42308.86836875856	3.9253597671929206
29.404404404404403	0.05118560191456453	42690.075811647584	3.658747108665281
29.67967967967968	0.051957474633088155	43047.75965217127	3.4066276852561526
29.954954954954957	0.052764481228659406	43382.95853613212	3.1683659496420957
30.23023023023023	0.05349143872410499	43695.91252286564	2.9438261718228405
30.505505505505504	0.05418019946480326	43987.27754879616	2.732611823261541
30.78078078078078	0.05491726749183339	44258.25533283703	2.5339838894537645
31.056056056056057	0.05571530560414339	44510.022388575024	2.3472183660804538
31.33133133133133	0.05654204471899691	44743.50133484236	2.171749601800219
31.606606606606608	0.05730651111172184	44959.1726753056	2.0072884276786342
31.88188188188188	0.057998142802252295	45157.55890298164	1.8535190446311351
32.15715715715716	0.058719437327594395	45339.6478580147	1.7098336653343644
32.432432432432435	0.05948218818065897	45506.410443792825	1.5756344704744665
32.70770770770771	0.06022318066747843	45658.550427319475	1.4504904271500791
32.98298298298298	0.060939291748268384	45796.767570597	1.333972551806432
33.25825825825826	0.06165118009157052	45921.819692862686	1.225615016603863
33.533533533533536	0.06234102038188818	46034.39944732755	1.1249923389506093
33.808808808808806	0.06299462624785555	46135.15939265636	1.0317037111430896
34.08408408408408	0.06364018423502682	46224.809404366046	0.9453119760179542
34.35935935935936	0.06429337705724313	46304.06284975636	0.8653773231101363
34.63463463463464	0.06493800152351588	46373.56781411453	0.7915003893872802
34.90990990990991	0.0655866037788371	46433.96603765047	0.7232853630143913
35.18518518518518	0.06627708834113374	46485.92069771519	0.6603225770222686
35.46046046046046	0.06696393599569904	46529.98307963174	0.602272056102291
35.73573573573574	0.06757162171058223	46566.588142367684	0.5488663690567319
36.01101101101101	0.06817163452380826	46596.256504445984	0.4997841143842992
36.286286286286284	0.0688430764561009	46619.560198608495	0.45467132669190113
36.56156156156156	0.06949225758815208	46636.93063265682	0.4132617997231628
36.83683683683684	0.07006717268566433	46648.738584806066	0.37532704301162884
37.112112112112115	0.07068075294856381	46655.43646249518	0.3405871636799839
37.38738738738739	0.07137611343376926	46657.46770392802	0.30876759373134427
37.66266266266266	0.07208242258116118	46655.186776847026	0.27964923513423784
37.93793793793794	0.07274870942040726	46648.8965468791	0.253045098248515
38.213213213213216	0.07335675930219838	46638.87963798953	0.22878068108074723
38.488488488488485	0.07397863159689769	46625.442616415574	0.20666629110499263
38.76376376376376	0.07468031242094757	46608.89593336143	0.18650960008770817
39.03903903903904	0.07530506005350318	46589.46016420832	0.16817440433905353
39.314314314314316	0.07576748647290435	46567.322372424154	0.15154535861103385
39.58958958958959	0.07633326689907576	46542.75344511425	0.1364544601859459
39.86486486486486	0.07712097680524646	46516.02448577786	0.12273339319792283
40.14014014014014	0.07793114261837877	46487.3179729809	0.11026920814939686
40.41541541541542	0.07866750330457005	46456.78161409145	0.09897062817641604
40.690690690690694	0.07936359543072485	46424.56545383914	0.08874481472699164
40.965965965965964	0.08006888665694034	46390.82011935058	0.07949846591382725
41.24124124124124	0.08080956047705659	46355.688465057894	0.07114305253035075
41.51651651651652	0.08143953638973005	46319.28021199944	0.06361071751311839
41.791791791791795	0.0818616600669095	46281.69014114467	0.05684289532116124
42.06706706706707	0.08234832430980901	46243.044598613866	0.050761175393470345
42.34234234234234	0.08302819933246024	46203.468722938174	0.045287821188370415
42.61761761761762	0.08360148566687481	46163.043287587876	0.04037281917468279
42.892892892892895	0.08400956826927124	46121.841159588366	0.03597105811294621
43.168168168168165	0.0845294405014895	46079.95284133264	0.032026326336939664
43.44344344344344	0.08519981418209008	46037.45992561648	0.028487936792693812
43.71871871871872	0.08588353849452908	45994.4255958945	0.02531668668733715
43.993993993993996	0.08657573480109253	45950.90707232848	0.022477069206892054
44.26926926926927	0.08730545958832749	45906.95772118264	0.019935955395850965
44.54454454454455	0.08798105906941237	45862.622075019935	0.017665717697731804
44.81981981981982	0.08855882465101964	45817.94006129092	0.01564158554862135
45.0950950950951	0.08919228973917492	45772.95389328024	0.013837329597913312
45.37037037037037	0.08993607957800266	45727.70259517998	0.012228691532016143
45.645645645645644	0.09065538390008707	45682.217211295916	0.010796388730205234
45.92092092092092	0.09129492395796669	45636.525024543276	0.00952347562088377
46.1961961961962	0.09188790039911617	45590.65202141495	0.008393801263013522
46.471471471471475	0.09247036384840994	45544.62256959171	0.0073922122489023774
46.74674674674675	0.09307298799017828	45498.45910260823	0.00650475139439509
47.02202202202202	0.093698578643905	45452.181707335476	0.005718917548722587
47.2972972972973	0.0943483382169492	45405.808335160255	0.00502353478482497
47.572572572572575	0.095047868274342	45359.35525650776	0.004408468925447239
47.847847847847845	0.0957840740527667	45312.83678648507	0.0038648006060736225
48.12312312312312	0.09646523538234923	45266.2649814396	0.003385020836395416
48.3983983983984	0.09707722089899236	45219.650773798916	0.002962307944487208
48.673673673673676	0.09769948290529984	45173.00457414765	0.002590165101387831
48.94894894894895	0.09834096108269101	45126.33569670938	0.0022627757790669965
49.22422422422423	0.09896090221730831	45079.65223534428	0.0019750821862007354
49.4994994994995	0.0995471372104035	45032.961398685424	0.0017225760266126216
49.77477477477478	0.10010075842863697	44986.26965726789	0.001501206868830593
50.05005005005005	0.10062488812343652	44939.58280900211	0.0013073415956667861
50.32532532532532	0.10114704223767443	44892.90609388483	0.0011376929520519946
50.6006006006006	0.10174930792244101	44846.24432539607	0.00098923756011839
50.87587587587588	0.10244500980981183	44799.601709426955	0.0008593296834532257
51.151151151151154	0.10314084274863501	44752.981741679396	0.000745765928425077
51.42642642642643	0.10378470741594446	44706.38744696238	0.0006466357345637902
51.70170170170171	0.10437287894793776	44659.821529278066	0.0005602276198846471
51.97697697697698	0.10494720728870623	44613.286447840146	0.0004849817505410363
52.252252252252255	0.10555929884144588	44566.7844196186	0.0004194885057204565
52.527527527527525	0.1061887358749197	44520.317360542016	0.00036252548679990344
52.8028028028028	0.10680498499493672	44473.88692595377	0.0003130323600618395
53.07807807807808	0.10741588947475511	44427.49457636771	0.0002700698169493498
53.353353353353356	0.10799819446864896	44381.1415797771	0.00023281825573326194
53.62862862862863	0.10846528082047129	44334.8290122464	0.00020057753921162513
53.90390390390391	0.10884358966848819	44288.55784327686	0.00017271362035126204
54.17917917917918	0.10928161073600967	44242.328991472954	0.00014862315705565856
54.454454454454456	0.10982772502042475	44196.14322744866	0.00012779583839503056
54.729729729729726	0.11044819932220376	44150.0012068145	0.00010979256719660192
55.005005005005	0.11103962109618885	44103.90346667919	9.424808401612084e-05
55.28028028028028	0.11152273807312606	44057.85045919217	8.085002267957575e-05
55.55555555555556	0.11201460914378122	44011.84259913773	6.930913920772706e-05
55.830830830830834	0.11260424504058947	43965.88025171617	5.9366993277966266e-05
56.10610610610611	0.11321574823047381	43919.9637136739	5.080780433114856e-05
56.38138138138139	0.11378245635921493	43874.09322955313	4.3448311431927936e-05
56.65665665665666	0.11428162620921756	43828.2690059001	3.7128902099675715e-05
56.931931931931935	0.1147168663830209	43782.4912183546	3.1709192725155514e-05
57.20720720720721	0.11512232251310832	43736.7600164711	2.7065026140595598e-05
57.48248248248248	0.11562804158363874	43691.07553012573	2.3084474757228137e-05
57.75775775775776	0.11633612882620867	43645.43786667354	1.9669635316811245e-05
58.033033033033036	0.11697805161598893	43599.84709831417	1.6744545195277275e-05
58.30830830830831	0.1173457603788079	43554.303275846105	1.424658833793907e-05
58.58358358358358	0.11771307453119531	43508.80644784939	1.2114558283848121e-05
58.85885885885886	0.1182665457447668	43463.35665336217	1.029321289450248e-05
59.134134134134136	0.1189047405143091	43417.95391506003	8.737532521661024e-06
59.40940940940941	0.11949440965946206	43372.598242783475	7.410516789729081e-06
59.68468468468468	0.11991695188861612	43327.28963704529	6.280994688194351e-06
59.95995995995996	0.12027201627045607	43282.02809375639	5.320684240027748e-06
60.23523523523524	0.12075529504789324	43236.81360473594	4.503884430144286e-06
60.510510510510514	0.12129531122607821	43191.64615467729	3.8093588986834604e-06
60.78578578578579	0.1217634916500499	43146.525722310005	3.2196064593680196e-06
61.06106106106106	0.12219644840522952	43101.452282896265	2.7193140504635467e-06
61.33633633633634	0.12267384125794002	43056.425808722684	2.2950552396347968e-06
61.611611611611615	0.12328403598112633	43011.44626927566	1.935184017027614e-06
61.88688688688689	0.12395592947100048	42966.51363083609	1.6300747715419932e-06
62.16216216216216	0.1244303539385611	42921.62785658184	1.3720382672121565e-06
62.43743743743744	0.12471967584340941	42876.788908307135	1.1542736151557435e-06
62.712712712712715	0.12504265841334453	42831.996746987155	9.705404400464297e-07
62.98798798798799	0.1254676180679182	42787.2513322275	8.154887292995246e-07
63.26326326326326	0.12597861404829444	42742.55262226332	6.846498825076422e-07
63.53853853853854	0.12652047329110697	42697.90057415461	5.743092146993376e-07
63.813813813813816	0.12705796423000973	42653.29514405495	4.813399406791469e-07
64.0890890890891	0.1276364543224232	42608.7362874711	4.0305278643434245e-07
64.36436436436436	0.12822450818519698	42564.223959259274	3.3718685566474557e-07
64.63963963963964	0.12865675099502444	42519.758113623866	2.818867908112351e-07
64.91491491491492	0.12896752275341106	42475.33870444023	2.3553273381066506e-07
65.1901901901902	0.12937667355190724	42430.96568542037	1.966726841412685e-07
65.46546546546547	0.1298677185003312	42386.639009932005	1.6409989105228223e-07
65.74074074074073	0.1303052773945288	42342.35863348248	1.3684459221577583e-07
66.01601601601601	0.13072314098565363	42298.12450904843	1.140562719962259e-07
66.29129129129129	0.13118427529535767	42253.93658945945	9.500841838106008e-08
66.56656656656656	0.13164154485393117	42209.794827399404	7.909812194476174e-08
66.84184184184184	0.13207140761195352	42165.699175447604	6.581992939358599e-08
67.11711711711712	0.1325414131438757	42121.649586116175	5.474216643704246e-08
67.3923923923924	0.1330675554482654	42077.64601185668	4.550285651473162e-08
67.66766766766767	0.13359397172682322	42033.68840507131	3.780278418152987e-08
67.94294294294295	0.13411968937406457	41989.77671813652	3.1390475473837e-08
68.21821821821823	0.1346807143490095	41945.910903417	2.605336014108985e-08
68.4934934934935	0.135255733721462	41902.09091327105	2.1614373391763883e-08
68.76876876876878	0.1358064855394699	41858.31670005995	1.7926103687584707e-08
69.04404404404404	0.13633649587018534	41814.58821615774	1.4864499528471178e-08
69.31931931931932	0.1368538973248833	41770.90541395698	1.2325281323004743e-08
69.5945945945946	0.13735048325793084	41727.268245873005	1.0221216597437779e-08
69.86986986986987	0.13783071939349187	41683.67666434854	8.479200568130975e-09
70.14514514514515	0.1383216420104314	41640.13062185741	7.037856349667316e-09
70.42042042042041	0.13884433023366868	41596.63007090716	5.845904387394709e-09
70.69569569569569	0.1394091419010947	41553.174964041355	4.860685327474834e-09
70.97097097097097	0.13999234241628172	41509.76525384143	4.046933652928793e-09
71.24624624624624	0.14054649512622747	41466.40089292862	3.375526925832128e-09
71.52152152152152	0.14100012638487955	41423.08183396564	2.8223977957829135e-09
71.7967967967968	0.14133796870534324	41379.80802965848	2.3673750024218093e-09
72.07207207207207	0.14174704259002974	41336.57943275819	1.9930857014457616e-09
72.34734734734735	0.14228268759080429	41293.39599606048	1.6851539836790494e-09
72.62262262262263	0.1426861058097115	41250.257672405445	1.4322498605673265e-09
72.8978978978979	0.14294025276624103	41207.164414679486	1.2248817469158523e-09
73.17317317317318	0.14332666503720107	41164.116175816445	1.0547877343625128e-09
73.44844844844846	0.14385933735088793	41121.11290879696	9.152348829023106e-10
73.72372372372374	0.14437353927606547	41078.15456664849	8.008622045408032e-10
73.998998998999	0.14487517595507365	41035.24110244612	7.072246311510452e-10
74.27427427427428	0.14540369902041772	40992.372469312795	6.306267028274992e-10
74.54954954954955	0.1458288030170008	40949.548620419264	5.680779043932639e-10
74.82482482482483	0.14607094323517975	40906.76950898426	5.171131242148726e-10
75.1001001001001	0.1462711587755258	40864.035088274926	4.756338079261412e-10
75.37537537537537	0.14655940852325988	40821.34531160674	4.4188701205178954e-10
75.65065065065065	0.14699795246580058	40778.70013234351	4.1443843671040853e-10
75.92592592592592	0.14752933360153742	40736.09950389724	3.921358338669383e-10
76.2012012012012	0.14801117960441326	40693.54337972819	3.740562969592256e-10
76.47647647647648	0.14845281602431964	40651.03171334496	3.5943661912019404e-10
76.75175175175175	0.14892870291963736	40608.56445830455	3.4764260166287845e-10
77.02702702702703	0.14941551083194846	40566.14156821231	3.3815724794825413e-10
77.30230230230231	0.1498716841577104	40523.76299672184	3.305590866253188e-10
77.57757757757759	0.15029625642134042	40481.42869753505	3.2450193272024334e-10
77.85285285285286	0.1506988778711276	40439.13862440211	3.1970149130130535e-10
78.12812812812814	0.1510936913483827	40396.89273112145	3.1592469542437354e-10
78.40340340340342	0.15146871022127162	40354.690971539654	3.129813821786556e-10
78.67867867867868	0.15178932223640726	40312.53329955148	3.1071666129300277e-10
78.95395395395396	0.15210109905996672	40270.41966909979	3.0900328354937224e-10
79.22922922922923	0.15248938916960028	40228.35003417561	3.077369917138161e-10
79.50450450450451	0.15293774182669045	40186.32434881797	3.0683361389197414e-10
79.77977977977977	0.15339785094284678	40144.342567113854	3.062251431061711e-10
80.05505505505505	0.1538599912353962	40102.40464319817	3.058562701623257e-10
80.33033033033033	0.15431833473409615	40060.510531253734	3.0568198711057953e-10
80.6056056056056	0.15475534216420372	40018.660185511195	3.056656728615336e-10
80.88088088088088	0.1551588077155136	39976.85356024897	3.057775039211642e-10
81.15615615615616	0.15552765803941732	39935.09060979325	3.0599320245824045e-10
81.43143143143143	0.1558908830700714	39893.37128851795	3.0629308164860767e-10
81.70670670670671	0.15629904291199062	39851.69555084466	3.0666129963724713e-10
81.98198198198199	0.1567766842951586	39810.063351242585	3.07085137657599e-10
82.25725725725727	0.15731088426703507	39768.474644228496	3.0755431541901354e-10
82.53253253253254	0.1577731798446193	39726.92938436658	3.080601610366353e-10
82.80780780780782	0.1580669526630393	39685.427526268424	3.0859531447697284e-10
83.0830830830831	0.15828384857625424	39643.969024593076	3.0915405784855493e-10
83.35835835835836	0.15851740589433674	39602.553834046994	3.097320736372121e-10
83.63363363363364	0.15880896959049715	39561.18190938402	3.10326035561718e-10
83.90890890890891	0.15920149060746558	39519.853205405234	3.109334300402806e-10
84.18418418418419	0.1597331643037696	39478.567676959006	3.115523846381496e-10
84.45945945945945	0.160308046582857	39437.32527894077	3.1218106113340274e-10
84.73473473473473	0.16077865631645222	39396.125966293	3.128174452206211e-10
85.01001001001	0.1612129020168298	39354.96969400527	3.1346015437195375e-10
85.28528528528528	0.16170748983329622	39313.856417114206	3.1410842895256125e-10
85.56056056056056	0.1621629797571764	39272.78609070339	3.147612941761528e-10
85.83583583583584	0.16252524722958028	39231.75866990327	3.154177668566483e-10
86.11111111111111	0.16292556974252737	39190.77410989122	3.1607754320444394e-10
86.38638638638639	0.16339295671601575	39149.832365891496	3.1674048758395727e-10
86.66166166166167	0.16379997476581457	39108.93339317501	3.174060187617882e-10
86.93693693693695	0.164102009890801	39068.07714705938	3.1807350693999834e-10
87.21221221221222	0.16433076125143625	39027.26358290891	3.1874256799198525e-10
87.4874874874875	0.16453522082399158	38986.49265613458	3.194130785003122e-10
87.76276276276278	0.16477061282514932	38945.76432219397	3.200851461382995e-10
88.03803803803804	0.1650867643444285	38905.07853659123	3.207590425447792e-10
88.31331331331332	0.16548840551111788	38864.435254877004	3.2143500167595383e-10
88.58858858858859	0.16586547319680167	38823.83443264827	3.221127995588062e-10
88.86386386386387	0.16615776294719267	38783.276025548366	3.2279203437793846e-10
89.13913913913915	0.1664150156270628	38742.75998926698	3.234725732825734e-10
89.41441441441442	0.1666923853475054	38702.28627954015	3.241545171236539e-10
89.68968968968969	0.1670337342326138	38661.85485215017	3.2483810990126405e-10
89.96496496496496	0.16740880487879875	38621.465662925475	3.255234325363463e-10
90.24024024024024	0.16775375330006123	38581.11866774065	3.262103114488471e-10
90.51551551551552	0.16807073508784628	38540.813822516335	3.2689861785417524e-10
90.7907907907908	0.16839598478660003	38500.551083219245	3.2758838560397295e-10
91.06606606606607	0.1687982958536595	38460.33040586216	3.2827989838945546e-10
91.34134134134135	0.16927259740646305	38420.15174650378	3.289733615341445e-10
91.61661661661662	0.16965729731534981	38380.01506124861	3.29668335067857e-10
91.8918918918919	0.1699377776137622	38339.920306247	3.303644183138908e-10
92.16716716716716	0.17028964112389056	38299.86743769522	3.310619502825674e-10
92.44244244244244	0.17071734124355356	38259.85641183529	3.317612151980522e-10
92.71771771771772	0.17109840680426544	38219.88718495487	3.3246198139486333e-10
92.992992992993	0.17139549822335387	38179.959713387245	3.331639283679733e-10
93.26826826826827	0.17162427623574636	38140.073953511324	3.338668633270661e-10
93.54354354354355	0.17185367443379507	38100.22986175165	3.345708921330588e-10
93.81881881881883	0.17216162806011132	38060.42739457832	3.3527638886517975e-10
94.0940940940941	0.17261043599888995	38020.666508506976	3.359838799830779e-10
94.36936936936937	0.17313149730583396	37980.9471600986	3.366935237794948e-10
94.64464464464464	0.1734746771671703	37941.26930595937	3.374045140597727e-10
94.91991991991992	0.17365382651805497	37901.63290274084	3.381162710793796e-10
95.1951951951952	0.17392015296143465	37862.037907139966	3.388292754616687e-10
95.47047047047047	0.17428588505006037	37822.48427589901	3.3954395030253367e-10
95.74574574574575	0.17463000610457013	37782.97196580533	3.40260177740321e-10
96.02102102102103	0.1748857906804597	37743.500933691306	3.409776180094054e-10
96.2962962962963	0.175054988425727	37704.07113643448	3.4169601248955347e-10
96.57157157157158	0.17529515809918986	37664.682530957536	3.424157457593121e-10
96.84684684684684	0.17568491710468612	37625.335074228205	3.43137412265538e-10
97.12212212212212	0.17609757487178165	37586.02872325909	3.438610059501108e-10
97.3973973973974	0.17646623765712613	37546.763435107656	3.4458627329281755e-10
97.67267267267268	0.17681595575203804	37507.53916687621	3.4531310994354117e-10
97.94794794794795	0.17712180470658967	37468.35587571187	3.460413423202466e-10
98.22322322322323	0.17734167336764364	37429.21351880651	3.4677067906068866e-10
98.4984984984985	0.17759288565781725	37390.11205339677	3.4750133055710094e-10
98.77377377377378	0.17798726629043163	37351.051436764086	3.482338781790272e-10
99.04904904904905	0.17833177089763333	37312.03162623434	3.4896805678857206e-10
99.32432432432432	0.17850177756807012	37273.05257917789	3.4970319624555374e-10
99.5995995995996	0.17871583214566564	37234.11425300983	3.504395896177312e-10
99.87487487487488	0.17907214252898002	37195.21660518977	3.51177832147177e-10
100.15015015015015	0.1794298420602921	37156.3595932217	3.519178627753297e-10
100.42542542542543	0.17974301262885653	37117.54317465392	3.5265946324321747e-10
100.70070070070071	0.18006209138246082	37078.76730707913	3.5340265255387915e-10
100.97597597597598	0.18039592986322925	37040.03194813433	3.54147479187914e-10
101.25125125125126	0.18073652801222678	37001.337055500786	3.5489395162592355e-10
101.52652652652652	0.18111587413301808	36962.682586903975	3.556421964218882e-10
101.8018018018018	0.18153605607412604	36924.06850011356	3.5639232006442206e-10
102.07707707707708	0.18187149926429086	36885.49475294318	3.5714393709032245e-10
102.35235235235236	0.18209444282265247	36846.961303250566	3.578966460054962e-10
102.62762762762763	0.18238851500816045	36808.46810893759	3.5865082186452774e-10
102.90290290290291	0.18277357531008562	36770.015127950115	3.594068301826645e-10
103.17817817817819	0.18307924121836705	36731.602318277815	3.6016431872838593e-10
103.45345345345346	0.1833085345497675	36693.22963795422	3.609230269787692e-10
103.72872872872873	0.18356998298039712	36654.89704505681	3.6168315948356245e-10
104.004004004004	0.18384426827140904	36616.60449770682	3.62444803232557e-10
104.27927927927928	0.18408318601133386	36578.35195406923	3.6320784624448315e-10
104.55455455455456	0.18433248931808935	36540.13937235273	3.6397237378577937e-10
104.82982982982983	0.18463717299681845	36501.96671080973	3.6473862085817975e-10
105.10510510510511	0.18498900472927501	36463.83392773618	3.6550673898430903e-10
105.38038038038039	0.1853312077129698	36425.74098147163	3.662766333090884e-10
105.65565565565566	0.18555782365025675	36387.687830399	3.6704783468921394e-10
105.93093093093094	0.18568419327056526	36349.67443294474	3.678200394430271e-10
106.2062062062062	0.18582115516536724	36311.70074757879	3.6859342934471863e-10
106.48148148148148	0.18599420450682003	36273.766732814496	3.6936824109533143e-10
106.75675675675676	0.1861892257266259	36235.87234720852	3.7014460524072974e-10
107.03203203203203	0.18642179477993392	36198.01754936086	3.7092268185504744e-10
107.30730730730731	0.1866897482483045	36160.20229791475	3.7170258710584856e-10
107.58258258258259	0.18691566589227832	36122.42655155655	3.724841200733036e-10
107.85785785785787	0.187090560716347	36084.690269015766	3.732670927835876e-10
108.13313313313314	0.18734120698326137	36046.99340906515	3.7405183881921275e-10
108.4084084084084	0.1877335458288906	36009.33593052054	3.748388646097711e-10
108.68368368368368	0.18824740897008602	35971.71779224078	3.7562848426293234e-10
108.95895895895896	0.18875927271102724	35934.138953127615	3.7642047292375947e-10
109.23423423423424	0.18910610838878414	35896.59937212559	3.772140428661141e-10
109.50950950950951	0.189279406578769	35859.099008222096	3.780085584943801e-10
109.78478478478479	0.18934736142261605	35821.637820447446	3.788037906001737e-10
110.06006006006007	0.18943687383620011	35784.215767874855	3.7960004313013187e-10
110.33533533533534	0.18962655127516323	35746.83280962035	3.803978472537119e-10
110.61061061061062	0.18986517060506228	35709.488904842605	3.81197418056396e-10
110.88588588588588	0.19011378328630021	35672.18401274296	3.8199877409341485e-10
111.16116116116116	0.19037076216393026	35634.91809256535	3.82801924235891e-10
111.43643643643644	0.19063558189859384	35597.6911035963	3.8360687408495483e-10
111.71171171171171	0.19091019764155653	35560.50300516486	3.844136361332565e-10
111.98698698698699	0.191225821265362	35523.35375664257	3.85222339176558e-10
112.26226226226227	0.19160492651934805	35486.24331744346	3.8603316787330853e-10
112.53753753753755	0.19196393235528966	35449.17164702389	3.868459466066526e-10
112.81281281281282	0.19224202675311652	35412.13870488249	3.8766031065149647e-10
113.08808808808809	0.1925201247103669	35375.1444505603	3.884762896029936e-10
113.36336336336336	0.19284001922513885	35338.18884364065	3.892940658601016e-10
113.63863863863864	0.1931466332316627	35301.27184374902	3.9011357008826523e-10
113.91391391391392	0.19346317331560503	35264.39341055311	3.909348384674262e-10
114.1891891891892	0.19388174333881003	35227.55350376282	3.9175824986034483e-10
114.46446446446447	0.1943075502133319	35190.75208313007	3.9258373283436086e-10
114.73973973973975	0.1945755038383073	35153.989108448666	3.9341060520608605e-10
115.01501501501502	0.1947912574896703	35117.26453955451	3.9423875074379e-10
115.2902902902903	0.19510237934634977	35080.578336325605	3.9506864396390223e-10
115.56556556556556	0.19546005510099312	35043.930458681796	3.9590046104054004e-10
115.84084084084084	0.19578438067674253	35007.32086658474	3.9673403232902007e-10
116.11611611611612	0.19602008883632038	34970.749520037876	3.975690190686399e-10
116.3913913913914	0.1962278454136575	34934.21637908646	3.9840539603595023e-10
116.66666666666667	0.19658867406977018	34897.72140381765	3.9924383558845565e-10
116.94194194194195	0.19701784399792868	34861.26455436025	4.0008452600140803e-10
117.21721721721723	0.1972653706281346	34824.84579088447	4.0092665665444257e-10
117.4924924924925	0.19740424950744775	34788.46507360221	4.017698920550699e-10
117.76776776776778	0.19761763762394058	34752.12236276704	4.0261467831779896e-10
118.04304304304304	0.1979094853841385	34715.81761867412	4.0346137010985075e-10
118.31831831831832	0.19825167969583793	34679.55080166002	4.043101298651956e-10
118.5935935935936	0.19865740011049438	34643.3218721028	4.05161131876006e-10
118.86886886886887	0.19908428532282418	34607.130790421834	4.0601434651399327e-10
119.14414414414415	0.1994017091247381	34570.97751707772	4.068692518096522e-10
119.41941941941943	0.19960174077097678	34534.86201257238	4.077254235003206e-10
119.6946946946947	0.19979293770097806	34498.784237449094	4.0858295763454945e-10
119.96996996996998	0.2000248476166474	34462.74415229238	4.0944211781196265e-10
120.24524524524524	0.20029039857280678	34426.741717727935	4.103030772838137e-10
120.52052052052052	0.20047239230029645	34390.77689442249	4.111655182342103e-10
120.7957957957958	0.20050198305168707	34354.849643083784	4.1202893679587377e-10
121.07107107107107	0.2005851332831598	34318.95992446081	4.128937443902518e-10
121.34634634634635	0.20082520574903118	34283.10769934365	4.1376065103869434e-10
121.62162162162163	0.20103158505109453	34247.29292856316	4.1462946029968683e-10
121.8968968968969	0.2011543330593503	34211.51557299107	4.1549983185278524e-10
122.17217217217218	0.2013357115660043	34175.775593540144	4.1637205868241606e-10
122.44744744744746	0.20158640234408917	34140.07295116395	4.172464045620338e-10
122.72272272272272	0.2018331514436979	34104.4076068568	4.1812278627445816e-10
122.997997997998	0.20213682297496766	34068.7795216538	4.1900137763766796e-10
123.27327327327328	0.20256958779546988	34033.188656630824	4.198825903749299e-10
123.54854854854855	0.20300667953715307	33997.63497290431	4.207662514631108e-10
123.82382382382383	0.20332930188416287	33962.11843163117	4.2165177020285127e-10
124.0990990990991	0.20355377880665954	33926.63899400895	4.225387662950613e-10
124.37437437437438	0.20374654304421175	33891.19662127577	4.2342721258699075e-10
124.64964964964966	0.20401182470081342	33855.791274710326	4.2431749455341816e-10
124.92492492492492	0.20433982458044395	33820.42291563179	4.2520986506560596e-10
125.2002002002002	0.20463033841466105	33785.091505399614	4.2610412550696667e-10
125.47547547547548	0.20491489814881927	33749.79700541366	4.270002502324501e-10
125.75075075075075	0.20526382188093314	33714.53937711417	4.278984946299741e-10
126.02602602602603	0.20556297986060879	33679.31858198157	4.287986069086823e-10
126.30130130130131	0.2057150302144693	33644.13458153643	4.2970001992066486e-10
126.57657657657658	0.20585453419934988	33608.987337339655	4.306028337071804e-10
126.85185185185186	0.20606083056430188	33573.876810992355	4.315074338717481e-10
127.12712712712714	0.2062394736572676	33538.80296413568	4.3241374196434356e-10
127.4024024024024	0.20639609674111134	33503.765758450834	4.3332172210521624e-10
127.67767767767768	0.2066542598005697	33468.76515565922	4.3423183184044806e-10
127.95295295295296	0.20697855437910465	33433.801117522125	4.351442767046601e-10
128.22822822822823	0.20724552286228942	33398.87360584072	4.360587278092207e-10
128.5035035035035	0.20749862161516686	33363.9825824561	4.3697511013891165e-10
128.7787787787788	0.2078112319158354	33329.128009249274	4.378936565040979e-10
129.05405405405406	0.2081036624530562	33294.309848141034	4.388142291439657e-10
129.32932932932934	0.20832797756160307	33259.52806109189	4.3973653762953406e-10
129.60460460460462	0.20858889608101452	33224.78261010218	4.4066077757967823e-10
129.87987987987987	0.20891422821853853	33190.07345721196	4.415872056775516e-10
130.15515515515517	0.2092034105016645	33155.400564500866	4.425156187660453e-10
130.43043043043042	0.20944987477873098	33120.763894088115	4.4344584025828873e-10
130.70570570570572	0.20972577124186342	33086.163408132576	4.443780237613513e-10
130.98098098098097	0.2100260464745349	33051.59906883268	4.453122650207357e-10
131.25625625625628	0.21031544073382483	33017.07083842625	4.462484973322394e-10
131.53153153153153	0.21061387164934783	32982.57867919061	4.4718675062036006e-10
131.80680680680683	0.21093268790374284	32948.12255344249	4.481270930320358e-10
132.08208208208208	0.21121082402591415	32913.70242353795	4.4906933500119043e-10
132.35735735735736	0.21142159071819913	32879.318251872304	4.500132309319048e-10
132.63263263263264	0.21161820952448743	32844.97000088026	4.509588097019572e-10
132.9079079079079	0.21184565903219338	32810.657633035786	4.519062720150485e-10
133.1831831831832	0.2121281860191529	32776.38111085203	4.5285586442927e-10
133.45845845845847	0.21244423299476892	32742.14039688135	4.538076859270804e-10
133.73373373373374	0.21275150091392797	32707.935453715145	4.5476164323671173e-10
134.00900900900902	0.213060283880938	32673.766243983908	4.5571770891309903e-10
134.2842842842843	0.21336538533931773	32639.632730357156	4.566758429520524e-10
134.55955955955955	0.2135311708005502	32605.534875543297	4.5763547762991244e-10
134.83483483483485	0.21352529041439883	32571.47264228963	4.5859606381247914e-10
135.1101101101101	0.21359345766362867	32537.445993382637	4.5955817278173254e-10
135.3853853853854	0.2138049153169415	32503.454891647718	4.605225059927075e-10
135.66066066066065	0.21396747885639122	32469.499299948948	4.6148881846120045e-10
135.93593593593596	0.2141115243982956	32435.5791811892	4.624570506922851e-10
136.2112112112112	0.21442577711546928	32401.694498310317	4.634279149264457e-10
136.4864864864865	0.21481381325901103	32367.845214292713	4.6440155463952267e-10
136.76176176176176	0.21508985724430044	32334.031292155352	4.6537733236210724e-10
137.03703703703704	0.21531430346604322	32300.252694955827	4.663550190100113e-10
137.31231231231232	0.21557221800367407	32266.509385790458	4.673347874989115e-10
137.5875875875876	0.215823321247558	32232.80132779404	4.683166051748912e-10
137.86286286286287	0.21605606467106	32199.12848413989	4.693004025609612e-10
138.13813813813815	0.21633578742228204	32165.490818039845	4.702863922660258e-10
138.41341341341342	0.2166591657403245	32131.888292744195	4.712747192643809e-10
138.6886886886887	0.21695097794428242	32098.32087154151	4.7226518871854e-10
138.96396396396398	0.2171728709410039	32064.788517758694	4.732575031687036e-10
139.23923923923923	0.21732887404796858	32031.29119476096	4.742514603081476e-10
139.51451451451453	0.21752901119448134	31997.828865951902	4.752473560783943e-10
139.78978978978978	0.21785760220942224	31964.401494773443	4.762457509794846e-10
140.06506506506508	0.21817901646852234	31931.00904470553	4.772465113047642e-10
140.34034034034033	0.21840719333661396	31897.65147926621	4.78249191182471e-10
140.61561561561564	0.2186475496598133	31864.328762011708	4.792538899057067e-10
140.8908908908909	0.21890981609821503	31831.040856536365	4.802607212914262e-10
141.1661661661662	0.21906811248132615	31797.7877264724	4.812692598044296e-10
141.44144144144144	0.21915279158013903	31764.569335490072	4.822793161469683e-10
141.71671671671672	0.21930835873734766	31731.385647297728	4.832913390990183e-10
141.991991991992	0.21959106111917262	31698.236625641697	4.843058895062155e-10
142.26726726726727	0.21998203974631014	31665.122234306145	4.853233049544429e-10
142.54254254254255	0.22031993448768802	31632.04243711293	4.863431771942728e-10
142.81781781781783	0.2204934294247045	31598.99719792156	4.873647530052233e-10
143.0930930930931	0.22061586590082283	31565.986480629424	4.883879422825979e-10
143.36836836836838	0.22078049646874848	31533.01024917173	4.894130608232725e-10
143.64364364364366	0.2209972312306581	31500.068467521363	4.90440382557746e-10
143.9189189189189	0.22129652866360291	31467.16109968889	4.914702348251001e-10
144.1941941941942	0.22171806780733613	31434.288109722496	4.925030218665733e-10
144.46946946946946	0.22213085303107236	31401.449461707813	4.935385041951701e-10
144.74474474474476	0.2223568547050334	31368.645119767763	4.945757769197696e-10
145.02002002002	0.2225119413909124	31335.875048062906	4.956146534150539e-10
145.29529529529532	0.2227579824253201	31303.139210791393	4.966556628714877e-10
145.57057057057057	0.22307481532467233	31270.437572188777	4.976991115650135e-10
145.84584584584587	0.22339663480745667	31237.770096527867	4.987449544103092e-10
146.12112112112112	0.22364186932270558	31205.136748118744	4.997928238541696e-10
146.3963963963964	0.22377525749035718	31172.537491308707	5.008423068612527e-10
146.67167167167167	0.22382563587824936	31139.97229048234	5.018932209999954e-10
146.94694694694695	0.22392949698435904	31107.441110061587	5.029459968650517e-10
147.22222222222223	0.22424154536397892	31074.943914505715	5.04001590347415e-10
147.4974974974975	0.2245041711598722	31042.480668310844	5.050596369610494e-10
147.77277277277278	0.22442544532616465	31010.051336009863	5.061186621536499e-10
148.04804804804806	0.22431831691403056	30977.65588217307	5.071788844103857e-10
148.32332332332334	0.22447322924416244	30945.294271408053	5.082416706960795e-10
148.59859859859858	0.22475451684764464	30912.96646835929	5.093074596257015e-10
148.8738738738739	0.22502415294563502	30880.67243770797	5.103759987824128e-10
149.14914914914914	0.22523601734426668	30848.412144172184	5.11446912412228e-10
149.42442442442444	0.2254340800769614	30816.185552506882	5.125201106286162e-10
149.6996996996997	0.225719757757368	30783.992627504	5.135959529567513e-10
149.974974974975	0.22603479355444817	30751.83333399214	5.146744595856539e-10
150.25025025025025	0.226264404246265	30719.70763683655	5.157551658438136e-10
150.52552552552555	0.2264656831228112	30687.61550093921	5.168379731872041e-10
150.8008008008008	0.22672756604638764	30655.556891238906	5.179231840641035e-10
151.07607607607608	0.22706333563587489	30623.53177271106	5.190110760810287e-10
151.35135135135135	0.22743063511613118	30591.540110367605	5.201016747745857e-10
151.62662662662663	0.22771594147719457	30559.58186925692	5.211945226943096e-10
151.9019019019019	0.22790072680043896	30527.657014463875	5.222892102660981e-10
152.17717717717719	0.22807545225800635	30495.765511109916	5.233858215134624e-10
152.45245245245246	0.22827083528533318	30463.907324352942	5.244845482661234e-10
152.72772772772774	0.22847138284449997	30432.08241938726	5.255854660675954e-10
153.00300300300302	0.22865294312017542	30400.290761443495	5.266885292174733e-10
153.2782782782783	0.22881204734467464	30368.53231578859	5.277936910793137e-10
153.55355355355357	0.2290374408673236	30336.807047725877	5.289012944764577e-10
153.82882882882885	0.22936287303470293	30305.114922594978	5.30011733011218e-10
154.10410410410412	0.22964866465817182	30273.455905771556	5.311247019753367e-10
154.37937937937937	0.2298156602264631	30241.829962667354	5.322396455575671e-10
154.65465465465465	0.2299048335890851	30210.237058730294	5.333563353607509e-10
154.92992992992993	0.23002915086004028	30178.677159444524	5.344750868335758e-10
155.2052052052052	0.23032177114377458	30147.15023033042	5.3559669718439e-10
155.48048048048048	0.23061841896695684	30115.65623694416	5.367210466685523e-10
155.75575575575576	0.23068273686697516	30084.19514487765	5.378470416461347e-10
156.03103103103103	0.23069225837075555	30052.766919758928	5.389746476360304e-10
156.3063063063063	0.23085603519929077	30021.371527252202	5.401047344563552e-10
156.5815815815816	0.2311064445172587	29990.008933057474	5.412376453372749e-10
156.85685685685687	0.23135918575158362	29958.679102910468	5.423732693849664e-10
157.13213213213214	0.23158686061905528	29927.382002582664	5.435114100217042e-10
157.40740740740742	0.23179527494764676	29896.117597881323	5.446519511188709e-10
157.6826826826827	0.23201753497801383	29864.88585464946	5.457949523160686e-10
157.95795795795797	0.2322656404555956	29833.686738765773	5.469405098700401e-10
158.23323323323325	0.23253472758399976	29802.52021614462	5.480886739095719e-10
158.50850850850853	0.23280549210726567	29771.386252735938	5.492393988388365e-10
158.7837837837838	0.23305687176032597	29740.284814525196	5.503925621555649e-10
159.05905905905905	0.23328169701361395	29709.21586753341	5.515480457307475e-10
159.33433433433433	0.23348135096318595	29678.179377817076	5.527057715753887e-10
159.6096096096096	0.23366818958576654	29647.175311468167	5.538657382011955e-10
159.88488488488488	0.23383341331077348	29616.20363461408	5.550279077655867e-10
160.16016016016016	0.23394699553532528	29585.264313417567	5.561921239845678e-10
160.43543543543544	0.23411104334310623	29554.35731407682	5.573587186754368e-10
160.7107107107107	0.2344959847076273	29523.482602825585	5.585286740410219e-10
160.985985985986	0.23494474768040474	29492.640145932666	5.597020167026814e-10
161.26126126126127	0.2352086281324727	29461.829909701824	5.60877683957548e-10
161.53653653653654	0.23537091370653557	29431.051860472104	5.620552744629572e-10
161.81181181181182	0.235552205874204	29400.305964617877	5.632350264117297e-10
162.0870870870871	0.2357126532094999	29369.592188548588	5.644169387981542e-10
162.36236236236238	0.23584211606692504	29338.910498708756	5.656009679073601e-10
162.63763763763765	0.2360185664673714	29308.260861578052	5.667874247118209e-10
162.91291291291293	0.2362403130812363	29277.643243671162	5.679765272732171e-10
163.1881881881882	0.23642212226297385	29247.057611537653	5.691680603418019e-10
163.46346346346348	0.2365244469819356	29216.503931761992	5.703616966999002e-10
163.73873873873873	0.23655599499269633	29185.98217096355	5.715572401766176e-10
164.014014014014	0.23663194086603292	29155.49229579672	5.7275505759427e-10
164.2892892892893	0.23684905095813283	29125.034272950852	5.73955841274055e-10
164.56456456456456	0.23710651028648494	29094.608069149974	5.751596462720014e-10
164.83983983983984	0.23731532686783635	29064.213651152764	5.763661203978828e-10
165.11511511511512	0.23749574041529814	29033.85098575264	5.775751014504849e-10
165.3903903903904	0.23765223218149986	29003.520039777726	5.787864941389845e-10
165.66566566566567	0.23775671599307738	28973.220780090764	5.800001067448225e-10
165.94094094094095	0.2378298570432296	28942.953173589136	5.812158945041518e-10
166.21621621621622	0.23793215596380954	28912.717187204882	5.824340956421358e-10
166.4914914914915	0.23813108866001523	28882.51278790468	5.836551835821766e-10
166.76676676676678	0.23846266325805646	28852.339942689763	5.848796609814344e-10
167.04204204204206	0.2388126616304359	28822.198618595685	5.861073802632356e-10
167.31731731731733	0.23907671280903184	28792.088782692306	5.873377704202123e-10
167.5925925925926	0.23928069036797064	28762.010402083924	5.88570539279825e-10
167.8678678678679	0.23946723559492883	28731.963443909244	5.898056698570657e-10
168.14314314314316	0.23967291775683092	28701.947875341357	5.910433153903296e-10
168.4184184184184	0.23992605734318082	28671.963663587696	5.922837142988546e-10
168.6936936936937	0.2402402638858836	28642.01077588996	5.93527100049389e-10
168.96896896896897	0.24055401587587333	28612.08917952398	5.947733647468155e-10
169.24424424424424	0.24077942232197902	28582.198841799665	5.960220373541612e-10
169.51951951951952	0.2409256168683642	28552.339730061096	5.972728236445217e-10
169.7947947947948	0.2410404354155871	28522.51181168652	5.985257301659205e-10
170.07007007007007	0.24118638137484205	28492.715054088352	5.997810449600002e-10
170.34534534534535	0.24139090086584958	28462.949424713082	6.010390995491051e-10
170.62062062062063	0.2416086422505809	28433.214891041138	6.022999275042118e-10
170.8958958958959	0.2417935308096386	28403.511420586892	6.035633457899704e-10
171.17117117117118	0.24191520153157245	28373.838980898574	6.048290874435845e-10
171.44644644644646	0.24203788201075954	28344.19753955843	6.060972546418316e-10
171.72172172172174	0.24226677171747776	28314.587064182706	6.07368400124795e-10
171.996996996997	0.2425095677243736	28285.00752242134	6.086425004359867e-10
172.2722722722723	0.2426456862568979	28255.45888195792	6.099189910682321e-10
172.54754754754757	0.2428000969081443	28225.941110509946	6.111980405682683e-10
172.82282282282284	0.2430716792235122	28196.4541758288	6.124802224806503e-10
173.0980980980981	0.2433447837871639	28166.998045699384	6.137654189801126e-10
173.37337337337337	0.24355319861774158	28137.572687940174	6.150532446537905e-10
173.64864864864865	0.24374788497566516	28108.178070403315	6.163436598514795e-10
173.92392392392392	0.2439624569533946	28078.814160974594	6.176367920882226e-10
174.1991991991992	0.2442023399933113	28049.48092757336	6.189327587687607e-10
174.47447447447448	0.24443290622431416	28020.17833815243	6.20231486029715e-10
174.74974974974975	0.2446170443789873	27990.906360698027	6.215327521946246e-10
175.02502502502503	0.24481897286466667	27961.664963229934	6.22836696831997e-10
175.3003003003003	0.24507467871198502	27932.45411380137	6.241435868323475e-10
175.57557557557558	0.24523354630711644	27903.27378049874	6.254529186250479e-10
175.85085085085086	0.24526929940298006	27874.123931441747	6.267642140562565e-10
176.12612612612614	0.2454377634925062	27845.00453478374	6.280783178596681e-10
176.40140140140142	0.2457796203124803	27815.915558711396	6.293960211860556e-10
176.6766766766767	0.2460777038770687	27786.85697144436	6.307168811239525e-10
176.95195195195197	0.2463095299720736	27757.828741235397	6.320404803236354e-10
177.22722722722725	0.2465716093182435	27728.8308363706	6.333669725175695e-10
177.50250250250252	0.24679208674246453	27699.863225169094	6.346961343798522e-10
177.77777777777777	0.24687684369781532	27670.92587598296	6.360273709468114e-10
178.05305305305305	0.24692272859742728	27642.01875719747	6.373607126112054e-10
178.32832832832833	0.24703555177291883	27613.14183723109	6.386966759709304e-10
178.6036036036036	0.24723493725789697	27584.295084535304	6.400357211288696e-10
178.87887887887888	0.24750249077507716	27555.4784675945	6.413780904552632e-10
179.15415415415416	0.24778515464930198	27526.691954925947	6.4272370913676e-10
179.42942942942943	0.2480537956950196	27497.93551507976	6.44072389270643e-10
179.7047047047047	0.24830239819567176	27469.209116638893	6.454239712370391e-10
179.97997997998	0.24852920362857842	27440.512728219117	6.467783354777577e-10
180.25525525525526	0.24872791341123568	27411.84631846898	6.481353694533248e-10
180.53053053053054	0.2488604729105365	27383.209856069734	6.494948159860804e-10
180.80580580580582	0.24890625076534256	27354.60330973531	6.508563972030036e-10
181.0810810810811	0.24892316246780252	27326.026648212424	6.522201908619296e-10
181.35635635635637	0.248981118622224	27297.479840280517	6.535865837037027e-10
181.63163163163165	0.24914231785038446	27268.962854751757	6.549561458931869e-10
181.90690690690693	0.24936196200237537	27240.475660470816	6.563290707675334e-10
182.1821821821822	0.2494935016898494	27212.01822631471	6.577048010085332e-10
182.45745745745745	0.24951680965922463	27183.590521192942	6.590828480418855e-10
182.73273273273273	0.2495044736317218	27155.19251404758	6.60463213034796e-10
183.008008008008	0.24957244533644252	27126.82417385332	6.618464514773269e-10
183.28328328328328	0.24979792442987947	27098.485469617393	6.632333277882575e-10
183.55855855855856	0.2500560859476058	27070.176370379217	6.64623787507027e-10
183.83383383383384	0.25026693716875614	27041.896845210427	6.660174106297023e-10
184.1091091091091	0.25054342432459775	27013.64686321515	6.67414444440308e-10
184.3843843843844	0.25088443789739084	26985.426393529782	6.688150601705516e-10
184.65965965965967	0.25111802080774026	26957.235405322717	6.702185534318174e-10
184.93493493493494	0.2512576350234123	26929.073867794566	6.716244938924374e-10
185.21021021021022	0.25145814790227194	26900.941750178346	6.730333260561433e-10
185.4854854854855	0.2517201756334383	26872.83902173923	6.744453682106937e-10
185.76076076076077	0.2519733967112229	26844.765651774374	6.758605069999638e-10
186.03603603603605	0.25218375763534434	26816.72160961298	6.772784997617248e-10
186.31131131131133	0.2523396844752724	26788.706864616255	6.786991213162664e-10
186.5865865865866	0.2524612617677286	26760.72138617745	6.801223120082808e-10
186.86186186186188	0.2525650950769093	26732.765143721826	6.815481119279057e-10
187.13713713713713	0.25265388500019326	26704.83810670658	6.829765639626733e-10
187.4124124124124	0.25274008322415514	26676.940244620837	6.844077604495093e-10
187.68768768768768	0.252851407723424	26649.071526985634	6.858419031677443e-10
187.96296296296296	0.253061627983632	26621.23192335396	6.872794962453251e-10
188.23823823823824	0.2534291905422232	26593.421403310713	6.887211825479844e-10
188.51351351351352	0.2537510488164702	26565.63993647225	6.90166423186649e-10
188.7887887887888	0.25384774084485134	26537.887492486396	6.916139624514988e-10
189.06406406406407	0.2539565809194337	26510.164041033047	6.930640824051696e-10
189.33933933933935	0.2542479128455104	26482.46955182403	6.945178191286309e-10
189.61461461461462	0.2545741119912116	26454.8039946026	6.959751774598021e-10
189.8898898898899	0.25482337635882374	26427.16733914344	6.974356129002964e-10
190.16516516516518	0.25498270644860715	26399.559555252796	6.988986811491691e-10
190.44044044044045	0.25513125905842243	26371.980612768566	7.003644621878644e-10
190.71571571571573	0.2553886235878093	26344.430481560354	7.018336039463959e-10
190.990990990991	0.25567330430789714	26316.909131529115	7.033061605300468e-10
191.26626626626629	0.25584581179560895	26289.416532607036	7.047814822782567e-10
191.54154154154156	0.25593005535783964	26261.95265475773	7.062592337958302e-10
191.8168168168168	0.25599630552978897	26234.517467976333	7.077395295686786e-10
192.0920920920921	0.25611680195865366	26207.1109422894	7.092228098989035e-10
192.36736736736736	0.2563055433318729	26179.733047754857	7.107094550730196e-10
192.64264264264264	0.25648928241505264	26152.383754461767	7.121993692981913e-10
192.91791791791792	0.25666012156673623	26125.063032530452	7.136924481192408e-10
193.1931931931932	0.2568722803626158	26097.770852112524	7.151888909308632e-10
193.46846846846847	0.25710466034002	26070.507183390746	7.166887340908149e-10
193.74374374374375	0.25730035368803217	26043.271996578937	7.181917204762868e-10
194.01901901901903	0.2574586407132696	26016.065261922035	7.19697668477879e-10
194.2942942942943	0.2576199814037798	25988.886949696127	7.212066557584084e-10
194.56956956956958	0.25789268218530464	25961.737030208526	7.227192823819974e-10
194.84484484484486	0.25824342718668336	25934.61547379752	7.242358026986359e-10
195.12012012012013	0.25835114407130666	25907.522250831855	7.257547814491508e-10
195.3953953953954	0.2582504860396586	25880.457331711303	7.272753915139355e-10
195.6706706706707	0.25839929816071583	25853.420686867274	7.287993648688175e-10
195.94594594594597	0.2587672395094641	25826.412286762046	7.30327761602065e-10
196.22122122122124	0.2590052535370377	25799.432101888167	7.318595593551457e-10
196.4964964964965	0.2591733325430218	25772.48010276913	7.333943499814725e-10
196.77177177177177	0.2594285962113896	25745.55625995946	7.349326469843351e-10
197.04704704704704	0.2595632201574253	25718.660544044127	7.364737561883538e-10
197.32232232232232	0.259444944799332	25691.79292563859	7.3801652251915e-10
197.5975975975976	0.25935170245485467	25664.953375389465	7.3956155409996e-10
197.87287287287288	0.25945440131358416	25638.141863974324	7.41110148396771e-10
198.14814814814815	0.2596769713432321	25611.358362101244	7.426628259688372e-10
198.42342342342343	0.2599176917962282	25584.602840508724	7.442194325891905e-10
198.6986986986987	0.26008066223957826	25557.87526996569	7.457793716031401e-10
198.97397397397398	0.2601776989690599	25531.17562127163	7.473422894399031e-10
199.24924924924926	0.2602787126563348	25504.503865256625	7.489083005449878e-10
199.52452452452454	0.26044404063035914	25477.859972781363	7.504777972726322e-10
199.7997997997998	0.26068816933478844	25451.24391473698	7.520511302204975e-10
200.0750750750751	0.26089615558833873	25424.655662044825	7.536279529899767e-10
200.35035035035037	0.26101423762980824	25398.09518565656	7.552077485960763e-10
200.62562562562564	0.26114291827590236	25371.562456554337	7.567906787527235e-10
200.90090090090092	0.26131804769156586	25345.057445750695	7.583770438587866e-10
201.17617617617617	0.26148985760338384	25318.58012428838	7.599667971176868e-10
201.45145145145145	0.26167522157210615	25292.13046324039	7.615599957848718e-10
201.72672672672672	0.2619172281330885	25265.70843371005	7.631569060741049e-10
202.002002002002	0.26210034980116204	25239.314006830653	7.647571138563386e-10
202.27727727727728	0.26211598248252777	25212.947153765486	7.663597667408951e-10
202.55255255255256	0.2621438047753222	25186.607845708255	7.679652113000913e-10
202.82782782782783	0.2623105946222706	25160.29605388296	7.695743535359674e-10
203.1031031031031	0.2624635681758899	25134.011749543435	7.711870258251221e-10
203.3783783783784	0.26256201627535936	25107.75490397345	7.728029002125164e-10
203.65365365365366	0.26276567767514614	25081.525488487056	7.744225901204934e-10
203.92892892892894	0.26307232111905793	25055.32347442827	7.760465127875062e-10
204.20420420420422	0.26333997856149444	25029.148833170813	7.77674212722389e-10
204.4794794794795	0.26353571791472297	25003.00153611825	7.79305202297877e-10
204.75475475475477	0.26368947531952214	24976.881554704054	7.809393032271375e-10
205.03003003003005	0.26384593078180124	24950.788860391636	7.825766299532097e-10
205.30530530530532	0.26403448507849064	24924.723424674263	7.842174195737131e-10
205.5805805805806	0.26422750759998603	24898.685219074945	7.858616923990034e-10
205.85585585585588	0.26438965224549577	24872.674215146384	7.875092772164998e-10
206.13113113113113	0.2644922063585744	24846.69038447093	7.891599048458157e-10
206.4064064064064	0.26456443311590205	24820.73369866068	7.90813546119602e-10
206.68168168168168	0.2646905366057645	24794.804129357537	7.924706312901417e-10
206.95695695695696	0.2648831508674921	24768.90164823306	7.941315284223548e-10
207.23223223223223	0.26510722004966014	24743.026226988328	7.957963078813083e-10
207.5075075075075	0.2653349485772975	24717.17783735395	7.974648721987023e-10
207.7827827827828	0.2655442260925761	24691.356451090018	7.99137037830462e-10
208.05805805805807	0.2657222002207764	24665.56203998611	8.008126110790589e-10
208.33333333333334	0.2658848744880266	24639.79457586129	8.024915460022335e-10
208.60860860860862	0.2661035997644263	24614.05403056421	8.041741966032557e-10
208.8838838838839	0.2663544774938484	24588.34037597288	8.058606815529549e-10
209.15915915915917	0.2664915124423081	24562.653583994423	8.075502986093823e-10
209.43443443443445	0.2665782688157466	24536.993626565436	8.092429071367103e-10
209.70970970970973	0.26681727557337215	24511.360475652185	8.109395060948726e-10
209.984984984985	0.26708642940324356	24485.754103250016	8.126401280837703e-10
210.26026026026028	0.2671845795960426	24460.17448138316	8.143437087104935e-10
210.53553553553556	0.2673113445357173	24434.621582105436	8.160505970253565e-10
210.8108108108108	0.2676420630961223	24409.09537750017	8.177619884888559e-10
211.08608608608608	0.26796476484660225	24383.595839679485	8.194775588705922e-10
211.36136136136136	0.2681500708277933	24358.1229407844	8.211963829754633e-10
211.63663663663664	0.26830926277822487	24332.67665298523	8.229184309907219e-10
211.91191191191191	0.26851792036310834	24307.256948481514	8.246440966489801e-10
212.1871871871872	0.26878616566006314	24281.863799501833	8.263737090584203e-10
212.46246246246247	0.2690475053555246	24256.49717830368	8.281071341375447e-10
212.73773773773775	0.26921864660660866	24231.157057173376	8.298438262861728e-10
213.01301301301302	0.26939268133428834	24205.843408426357	8.315839217333513e-10
213.2882882882883	0.26966679592110354	24180.55620440716	8.333280494571791e-10
213.56356356356358	0.2699231997656914	24155.295417489004	8.350759984613549e-10
213.83883883883885	0.27009846884767724	24130.061020073852	8.368272775122194e-10
214.11411411411413	0.2703320037112354	24104.852984592748	8.385823176948631e-10
214.3893893893894	0.2706356012812386	24079.671283505566	8.403414828992736e-10
214.66466466466468	0.2708418107413349	24054.51588930064	8.421041028859454e-10
214.93993993993996	0.2709518082263018	24029.38677449505	8.438697258066106e-10
215.21521521521524	0.27109600097836817	24004.28391163483	8.456387635289387e-10
215.4904904904905	0.27132591938197753	23979.207273294785	8.474117864464469e-10
215.76576576576576	0.2716272001029386	23954.156832078344	8.491891095064161e-10
216.04104104104104	0.27186571686151584	23929.13256061732	8.509702080194511e-10
216.31631631631632	0.27196761296715805	23904.13443157197	8.527543143642916e-10
216.5915915915916	0.27209785587793145	23879.162417631418	8.545418203253338e-10
216.86686686686687	0.27233381291041153	23854.216491513478	8.563334275952016e-10
217.14214214214215	0.27256023846579697	23829.296625964238	8.581289783103473e-10
217.41741741741743	0.2727053875950796	23804.402793758127	8.599279665488495e-10
217.6926926926927	0.27276180582532394	23779.534967698	8.617300058298924e-10
217.96796796796798	0.27279108249805684	23754.693120615248	8.635351772061839e-10
218.24324324324326	0.27288765716196417	23729.877225369808	8.653440672166272e-10
218.51851851851853	0.27310944464495823	23705.087254850107	8.671574059166111e-10
218.7937937937938	0.27344883514303775	23680.323181972853	8.689756542965138e-10
219.0690690690691	0.27372758891711885	23655.58497968274	8.70798128445959e-10
219.34434434434436	0.2738549200541947	23630.872620952523	8.726238513509669e-10
219.61961961961964	0.27397442432675606	23606.18607878349	8.744529658207365e-10
219.89489489489492	0.27416275995879597	23581.525326205265	8.76286004689955e-10
220.17017017017017	0.2743867677483748	23556.890336275595	8.78123147912154e-10
220.44544544544544	0.27463263167359847	23532.28108208034	8.799644431457962e-10
220.72072072072072	0.27490094353245653	23507.697536733493	8.818099290339036e-10
220.995995995996	0.2751593393479994	23483.139673377056	8.836594510959973e-10
221.27127127127127	0.27536982657478215	23458.607465181023	8.855126906628837e-10
221.54654654654655	0.2755330284435392	23434.10088534342	8.873694360462594e-10
221.82182182182183	0.2756544889627402	23409.61990709028	8.892295764931801e-10
222.0970970970971	0.27572835005998214	23385.16450367561	8.910930050625671e-10
222.37237237237238	0.27581093184427447	23360.73464838144	8.929599720832678e-10
222.64764764764766	0.27603992932237004	23336.330314518	8.94831438105224e-10
222.92292292292294	0.2763085816273293	23311.951475423197	8.967074512824957e-10
223.1981981981982	0.2763276946784408	23287.59810446222	8.985863899561037e-10
223.4734734734735	0.27625017372787625	23263.270175028378	9.00468025721934e-10
223.74874874874877	0.2763968586150681	23238.96766054342	9.023540487652731e-10
224.02402402402404	0.2766431311486562	23214.69053445661	9.042448991610854e-10
224.29929929929932	0.27680714956879704	23190.43877024459	9.061398317756446e-10
224.5745745745746	0.2769897829409151	23166.2123414119	9.080389234389394e-10
224.84984984984985	0.27724050482229784	23142.01122149089	9.099425155438024e-10
225.12512512512512	0.27741934237676946	23117.83538404125	9.118500333014875e-10
225.4004004004004	0.27750628823141604	23093.68480265026	9.137609714034562e-10
225.67567567567568	0.277633059431613	23069.559450933073	9.156757523584811e-10
225.95095095095095	0.2778521983364042	23045.459302532498	9.175949723235293e-10
226.22622622622623	0.278135065208316	23021.38433111883	9.195188738036927e-10
226.5015015015015	0.27831256418528016	22997.33451038952	9.214466393014083e-10
226.77677677677679	0.2782682686487978	22973.309814069267	9.2337703498829e-10
227.05205205205206	0.27832270538481985	22949.31021591087	9.253110954254506e-10
227.32732732732734	0.27865768840303334	22925.33568969492	9.272505926337659e-10
227.60260260260262	0.2788957263855948	22901.38620922862	9.291945234264841e-10
227.8778778778779	0.27893529416547225	22877.46174834636	9.311416119625915e-10
228.15315315315317	0.279145332913344	22853.562280910584	9.33093161049256e-10
228.42842842842845	0.27947238226898063	22829.68778081095	9.350497453387034e-10
228.70370370370372	0.279528139282749	22805.838221963604	9.37009470395675e-10
228.978978978979	0.2794654396273397	22782.01357831223	9.38971951778538e-10
229.25425425425428	0.27963279020610515	22758.21382382848	9.409389896309423e-10
229.52952952952953	0.27989023688565606	22734.43893251089	9.429109829537681e-10
229.8048048048048	0.2800542199509237	22710.688878384783	9.448871179958183e-10
230.08008008008008	0.28026117229353575	22686.96363550292	9.468676545798252e-10
230.35535535535536	0.2805615801745356	22663.263177945264	9.48853072283041e-10
230.63063063063063	0.280762597897866	22639.58747981844	9.508425522484839e-10
230.9059059059059	0.280829781188448	22615.93651525607	9.528353362061532e-10
231.1811811811812	0.28091433815544	22592.31025841911	9.548318136509177e-10
231.45645645645646	0.28105260203149324	22568.708683495584	9.56832468425841e-10
231.73173173173174	0.281201278618097	22545.131764700393	9.588373726863191e-10
232.00700700700702	0.28133182117967337	22521.579476275307	9.608464071833675e-10
232.2822822822823	0.2814217707389793	22498.05179248898	9.628593589100735e-10
232.55755755755757	0.2814475750335154	22474.54868763687	9.648759441237567e-10
232.83283283283285	0.28143034521595583	22451.070136041362	9.668960993091704e-10
233.10810810810813	0.2814863705868409	22427.616112051895	9.689204850028074e-10
233.3833833833834	0.28163728870979077	22404.186590044752	9.709496834481444e-10
233.65865865865868	0.2817713574104086	22380.78154442275	9.729834167302738e-10
233.93393393393396	0.28191475635177726	22357.400949615516	9.750216582866328e-10
234.2092092092092	0.28218561325282576	22334.044780079632	9.770651108371024e-10
234.48448448448448	0.2824610935946888	22310.713010298092	9.791135071786022e-10
234.75975975975976	0.2825577433019729	22287.405614780182	9.811655525552724e-10
235.03503503503504	0.2825842468154423	22264.122568062026	9.832210349327124e-10
235.3103103103103	0.2826666286731931	22240.863844706637	9.852805822257036e-10
235.5855855855856	0.2827418235274737	22217.62941930346	9.873442366429968e-10
235.86086086086087	0.2828122353750042	22194.419266468485	9.89412044154776e-10
236.13613613613614	0.283031743666622	22171.233360844577	9.914849833447555e-10
236.41141141141142	0.2833426374638537	22148.07167710094	9.93563365864759e-10
236.6866866866867	0.2834860571781033	22124.934189932697	9.9564581316973e-10
236.96196196196198	0.28351301403966306	22101.820874061515	9.977317095882382e-10
237.23723723723725	0.28364044038834857	22078.73170423594	9.998219794854228e-10
237.51251251251253	0.2838794415896486	22055.666655230918	1.0019173199787152e-09
237.7877877877878	0.284160754591718	22032.625701847606	1.0040177773129493e-09
238.06306306306308	0.2844090103617306	22009.60881891333	1.0061229190776268e-09
238.33833833833836	0.28460791173602673	21986.61598128165	1.0082323552162978e-09
238.61361361361364	0.28486281417877396	21963.647163832655	1.0103464795600931e-09
238.88888888888889	0.28519545158231835	21940.70234147272	1.0124656961579851e-09
239.16416416416416	0.2855071355056983	21917.78148913421	1.0145896666822275e-09
239.43943943943944	0.28575005797766173	21894.884581775575	1.0167178684304806e-09
239.71471471471472	0.28592277501069924	21872.011594381423	1.018849943096953e-09
239.98998998999	0.2860304351013153	21849.16250196251	1.0209856840036425e-09
240.26526526526527	0.2860810774594787	21826.33727955571	1.0231250043344506e-09
240.54054054054055	0.2860842428423436	21803.535902224	1.025267907140614e-09
240.81581581581582	0.28604548740758134	21780.758345056416	1.0274144309072165e-09
241.0910910910911	0.28596001849730224	21758.00458316802	1.029564572850541e-09
241.36636636636638	0.28588566006477695	21735.274591699985	1.0317186964895367e-09
241.64164164164166	0.2859728485425751	21712.568345819804	1.0338779991540247e-09
241.91691691691693	0.28621050024301403	21689.885820720898	1.0360432237333016e-09
242.1921921921922	0.28643396549367395	21667.22699162222	1.038213833510805e-09
242.4674674674675	0.2865793626639467	21644.59183376847	1.0403890652575175e-09
242.74274274274276	0.2866486396956883	21621.98032243021	1.0425684199568061e-09
243.01801801801804	0.28665686518874317	21599.392432903875	1.0447516595348948e-09
243.29329329329332	0.2866412903913767	21576.828140511796	1.0469388628725408e-09
243.56856856856857	0.2866970188816771	21554.287420602297	1.0491306926733884e-09
243.84384384384384	0.28683486608555236	21531.77024854948	1.0513276684170856e-09
244.11911911911912	0.2868826651621643	21509.276599752793	1.0535290408665696e-09
244.3943943943944	0.2867941741938473	21486.806449637254	1.0557340105145197e-09
244.66966966966967	0.28669868204027654	21464.35977365386	1.057942871050851e-09
244.94494494494495	0.2867308385214893	21441.936547279587	1.060156690843798e-09
245.22022022022023	0.28698337443845623	21419.536746017217	1.0623767940260508e-09
245.4954954954955	0.28726599873851644	21397.16034539471	1.0646028470012853e-09
245.77077077077078	0.28734084881694266	21374.807320965025	1.0668330878991395e-09
246.04604604604606	0.2873022523217486	21352.47764830688	1.0690669447037006e-09
246.32132132132134	0.28728849926987954	21330.171303024832	1.0713049327424154e-09
246.5965965965966	0.28733109651848504	21307.88826074899	1.0735476069194822e-09
246.8718718718719	0.287421805046273	21285.628497134923	1.0757952907335637e-09
247.14714714714717	0.2875220138205108	21263.391987863517	1.07804795338801e-09
247.42242242242244	0.287684682570893	21241.178708641204	1.0803059247394206e-09
247.69769769769772	0.2880194388576932	21218.988635200065	1.0825701500446725e-09
247.972972972973	0.2883521498087108	21196.821743297107	1.0848401256577887e-09
248.24824824824825	0.288430422050645	21174.678008714076	1.0871138573411985e-09
248.52352352352352	0.28844585684627194	21152.557407258468	1.0893912683246641e-09
248.7987987987988	0.28863510808316956	21130.459914763607	1.0916738696882097e-09
249.07407407407408	0.28891214886168676	21108.385507087878	1.0939621128764276e-09
249.34934934934935	0.28916025553781977	21086.334160114602	1.0962555333171858e-09
249.62462462462463	0.28932362418336943	21064.305849752156	1.0985534531880833e-09
249.8998998998999	0.2894225909738328	21042.300551934135	1.1008555552227037e-09
250.17517517517518	0.28954791190631624	21020.318242619498	1.103162231472038e-09
250.45045045045046	0.28968292907813165	20998.35889779228	1.1054736375080398e-09
250.72572572572574	0.2897529738105518	20976.422493461425	1.1077893838511806e-09
251.00100100100101	0.2898209885028865	20954.50900566109	1.1101096314035785e-09
251.2762762762763	0.2899513806149105	20932.618410450632	1.1124349213538914e-09
251.55155155155157	0.28998186633202044	20910.750683914008	1.1147645347966176e-09
251.82682682682685	0.2898590013724638	20888.905802160058	1.117097632938283e-09
252.10210210210212	0.28990468240178097	20867.083741323335	1.1194358154470865e-09
252.3773773773774	0.2901940212746497	20845.28447756353	1.121780666494909e-09
252.65265265265268	0.2903980273213348	20823.50798706444	1.1241310376185543e-09
252.92792792792793	0.2904721653988869	20801.75424603462	1.1264858615759894e-09
253.2032032032032	0.29062254086010353	20780.02323070799	1.1288458184915496e-09
253.47847847847848	0.29085230885303004	20758.3149173433	1.1312113895357739e-09
253.75375375375376	0.29107209376638943	20736.62928222391	1.1335822954543835e-09
254.02902902902903	0.29129388960123165	20714.966301657954	1.1359584342361566e-09
254.3043043043043	0.2915370855484272	20693.325951978397	1.1383398729187464e-09
254.5795795795796	0.2917487320000688	20671.708209542776	1.1407262998596375e-09
254.85485485485486	0.2919114418838403	20650.113050733275	1.1431173915357349e-09
255.13013013013014	0.29209032218372644	20628.540451956935	1.1455133786423026e-09
255.40540540540542	0.29228714820811236	20606.99038964545	1.1479144310491743e-09
255.6806806806807	0.292437165191005	20585.462840254957	1.1503202232018662e-09
255.95595595595597	0.29260073820980603	20563.95778026635	1.1527309538578328e-09
256.2312312312313	0.2928916134906421	20542.475186185387	1.1551475390691475e-09
256.5065065065065	0.29321600905860096	20521.015034542128	1.1575699514405106e-09
256.7817817817818	0.2934433022350676	20499.57730189083	1.1599972793123933e-09
257.0570570570571	0.2936170462713708	20478.161964810337	1.1624292169443832e-09
257.3323323323324	0.2937933749255483	20456.768999904107	1.1648659498900636e-09
257.60760760760763	0.29396728358805907	20435.39838380005	1.1673075708451767e-09
257.8828828828829	0.2941347513430162	20414.050093150458	1.1697541173188168e-09
258.15815815815813	0.29430328976672177	20392.724104632052	1.172205669669608e-09
258.43343343343344	0.294471844072718	20371.420394945897	1.1746622776994043e-09
258.70870870870874	0.29463231659472056	20350.138940817404	1.177123922039686e-09
258.983983983984	0.2947822842683078	20328.879718996275	1.1795905764502453e-09
259.25925925925924	0.2949305654399366	20307.64270625652	1.1820622881716579e-09
259.53453453453454	0.295125350477845	20286.427879396546	1.1845394275781215e-09
259.80980980980985	0.29539330629880034	20265.235215239067	1.1870224312292419e-09
260.0850850850851	0.2956698265015879	20244.064690630858	1.1895111433836994e-09
260.36036036036035	0.29590682792180817	20222.916282442744	1.1920051284780918e-09
260.63563563563565	0.2961085039165918	20201.78996756972	1.194504129580263e-09
260.91091091091096	0.29626029607685683	20180.68572293088	1.1970078773287836e-09
261.1861861861862	0.2963297605600279	20159.60352546936	1.1995159682718715e-09
261.46146146146145	0.296354301375243	20138.54335215247	1.2020283989104736e-09
261.73673673673676	0.2964017008113299	20117.505179971755	1.2045456458908819e-09
262.01201201201206	0.29645348134540683	20096.488985942764	1.2070678995111557e-09
262.2872872872873	0.29647871877011417	20075.494747104956	1.2095950715246934e-09
262.56256256256256	0.29651793883771854	20054.52244052192	1.2121273927923194e-09
262.8378378378378	0.2966020811173299	20033.572043281252	1.2146652398133157e-09
263.1131131131131	0.2967104116617431	20012.64353249444	1.21720872033716e-09
263.3883883883884	0.296839469966758	19991.73688529689	1.2197578857320231e-09
263.66366366366367	0.29701550376895997	19970.85207884796	1.2223129613173154e-09
263.9389389389389	0.2972624455507313	19949.989090330917	1.2248742720564057e-09
264.2142142142142	0.297593757221894	19929.147896952927	1.2274421345434056e-09
264.48948948948953	0.29796599124659195	19908.32847594484	1.2300164528462135e-09
264.7647647647648	0.2983145857764525	19887.530804561127	1.2325967055189694e-09
265.04004004004	0.29860155235835323	19866.754860079913	1.2351822787005564e-09
265.31531531531533	0.29881552482856244	19846.000619803028	1.237772687799617e-09
265.59059059059064	0.2989943379491364	19825.268061056107	1.2403678863803747e-09
265.8658658658659	0.29914385660486614	19804.557161188524	1.242967889163455e-09
266.14114114114113	0.29921172437119575	19783.86789757313	1.24557233279629e-09
266.41641641641644	0.29923675827500895	19763.20024760654	1.2481812583038758e-09
266.69169169169174	0.2993404276353743	19742.55418870931	1.2507955714638013e-09
266.966966966967	0.29953468477089157	19721.929698325643	1.2534159634062779e-09
267.24224224224224	0.29976847459803785	19701.326753923124	1.2560425277116688e-09
267.5175175175175	0.3000158226419405	19680.745332992847	1.258675142722193e-09
267.7927927927928	0.300258736585052	19660.18541304935	1.2613136016403231e-09
268.0680680680681	0.3004750473533614	19639.646971630602	1.26395761071263e-09
268.34334334334335	0.3006497945879061	19619.12998629802	1.2666068706801612e-09
268.6186186186186	0.30078450252737443	19598.63443463643	1.2692611982323589e-09
268.8938938938939	0.30090407680875164	19578.160294254176	1.2719206569865566e-09
269.1691691691692	0.30105468593672907	19557.70754278309	1.2745856295059786e-09
269.44444444444446	0.30121977109186765	19537.276157878357	1.2772562518666764e-09
269.7197197197197	0.3013414947496529	19516.866117218335	1.2799321947930428e-09
269.994994994995	0.3014078859699964	19496.47739850466	1.2826131562561729e-09
270.2702702702703	0.30143740124405516	19476.109979462322	1.2852990750204574e-09
270.54554554554556	0.3014876314820529	19455.763837839742	1.2879903371846505e-09
270.8208208208208	0.301597856575506	19435.438951408705	1.2906874914192124e-09
271.0960960960961	0.30173725271161805	19415.13529796412	1.2933906777156106e-09
271.3713713713714	0.30188258749877117	19394.85285532403	1.2960998214474144e-09
271.6466466466467	0.30203767458195435	19374.591601329677	1.2988149058914007e-09
271.9219219219219	0.3022076287819157	19354.351513845457	1.3015359622764904e-09
272.19719719719717	0.30239424864565445	19334.1325707589	1.3042630289650023e-09
272.4724724724725	0.3025750023401023	19313.934749980563	1.3069959681120953e-09
272.7477477477478	0.30271907313143337	19293.758029444005	1.3097344633856442e-09
273.02302302302303	0.30282486348722515	19273.60238710583	1.3124782978119173e-09
273.2982982982983	0.30291085862480666	19253.467800945724	1.3152274697389624e-09
273.5735735735736	0.3030269722682234	19233.354248966505	1.3179823550915797e-09
273.8488488488489	0.3031908872621291	19213.26170919405	1.3207433387406625e-09
274.12412412412414	0.30334989637871845	19193.19015967703	1.3235102837659043e-09
274.3993993993994	0.3034659142272048	19173.139578486935	1.326282817859068e-09
274.6746746746747	0.30352956067748	19153.109943718126	1.329060628502618e-09
274.94994994995	0.30357624307918285	19133.10123348797	1.3318437797403707e-09
275.22522522522524	0.3036643972504755	19113.113425936874	1.3346327587188114e-09
275.5005005005005	0.30380094742985114	19093.146499228078	1.337427943619408e-09
275.7757757757758	0.3039701036436291	19073.200431547593	1.340229469039163e-09
276.0510510510511	0.30415401441251594	19053.27520110418	1.343037293041447e-09
276.32632632632635	0.30434548676136536	19033.370786129344	1.345851337952556e-09
276.6016016016016	0.30456248461844226	19013.487164877377	1.3486716938230223e-09
276.87687687687685	0.30478969997554867	18993.624315625253	1.3514983079131098e-09
277.15215215215215	0.30496278477612926	18973.78221667243	1.3543306590601603e-09
277.42742742742746	0.30506865307184394	18953.960846341022	1.357168308141265e-09
277.7027027027027	0.3051463814160998	18934.16018297591	1.360011268443958e-09
277.97797797797796	0.3052737769940289	18914.380204944795	1.3628601484780392e-09
278.25325325325326	0.305516513910133	18894.620890638205	1.3657158573137393e-09
278.52852852852857	0.30577776681711416	18874.882218468945	1.368578254281084e-09
278.8038038038038	0.30596392491558233	18855.164166872095	1.3714465314300277e-09
279.07907907907907	0.30614171798797984	18835.466714305454	1.3743206756637807e-09
279.35435435435437	0.30632900359323795	18815.78983924939	1.3772008203171964e-09
279.6296296296297	0.30641053622481823	18796.133520206415	1.3800861671536552e-09
279.9049049049049	0.3063729094237465	18776.497735701425	1.3829760906569744e-09
280.1801801801802	0.30632500017148556	18756.882464282116	1.3858710250066596e-09
280.4554554554555	0.30635025097589724	18737.287684518826	1.3887719065426493e-09
280.7307307307308	0.30649256517110895	18717.713375004416	1.3916796975886176e-09
281.00600600600603	0.3066746065671491	18698.159514353894	1.3945944341096625e-09
281.2812812812813	0.30680525257498925	18678.62608120433	1.3975154337437591e-09
281.5565565565566	0.3069236733377188	18659.113054215195	1.4004425587328635e-09
281.83183183183183	0.3070776341906453	18639.620412068463	1.4033760970596454e-09
282.10710710710714	0.3072666701502305	18620.148133468323	1.406316239100946e-09
282.3823823823824	0.30748582054187923	18600.69619714124	1.4092630758632323e-09
282.6576576576577	0.3077315919703941	18581.26458183585	1.4122166445327984e-09
282.93293293293294	0.3079822364765179	18561.853266322967	1.4151768031408547e-09
283.20820820820825	0.3082019512260007	18542.462229395434	1.418143181094324e-09
283.4834834834835	0.30836460714975766	18523.091449868203	1.4211153336615094e-09
283.75875875875874	0.30846152770578983	18503.74090657831	1.4240929047047848e-09
284.03403403403405	0.308543109842074	18484.410578385043	1.4270760630507257e-09
284.3093093093093	0.30866487283074884	18465.100444169988	1.4300653632258654e-09
284.5845845845846	0.30884699975429974	18445.810482836823	1.433061333586115e-09
284.85985985985985	0.3090630037179867	18426.54067331121	1.4360641149471617e-09
285.13513513513516	0.30922156243352816	18407.290994540515	1.4390730776207284e-09
285.4104104104104	0.3092921126938382	18388.061425494023	1.4420875697012894e-09
285.6856856856857	0.30931286776687733	18368.851945163093	1.4451074725492822e-09
285.96096096096096	0.30932538506637264	18349.662532561168	1.4481330439281982e-09
286.23623623623627	0.3093772852931292	18330.49316672376	1.451164838037098e-09
286.5115115115115	0.3095526077804704	18311.34382670858	1.4542038976352211e-09
286.7867867867868	0.3098716983626423	18292.21449159526	1.4572510754720788e-09
287.06206206206207	0.31008263477844755	18273.10514048449	1.4603049076668204e-09
287.3373373373374	0.31008201122357193	18254.015752498453	1.4633636071120099e-09
287.6126126126126	0.31019105597480034	18234.946306782193	1.4664286005762655e-09
287.8878878878879	0.3104380401943899	18215.896782502597	1.469501055384426e-09
288.1631631631632	0.31044317690932033	18196.867158847137	1.4725786649141755e-09
288.4384384384384	0.31029285502188036	18177.857415025275	1.4756606224848348e-09
288.71371371371373	0.3104022508737523	18158.86753026954	1.4787497769993307e-09
288.988988988989	0.3107241088054868	18139.89748383403	1.4818476153095546e-09
289.2642642642643	0.31102191372409227	18120.947254993716	1.484953187814879e-09
289.53953953953953	0.3112251732773176	18102.01682304502	1.4880653036280886e-09
289.81481481481484	0.31132519203649717	18083.10616730595	1.4911831181075696e-09
290.0900900900901	0.31135204083127127	18064.21526711622	1.4943063291134268e-09
290.3653653653654	0.31137275194744596	18045.344101837327	1.497435291952302e-09
290.64064064064064	0.31149760377307745	18026.492650852728	1.5005711488234209e-09
290.91591591591595	0.311726708909836	18007.660893567405	1.5037146527582125e-09
291.1911911911912	0.3119560018108888	17988.84880940751	1.506865444018464e-09
291.4664664664665	0.3121509043842419	17970.056377820572	1.5100230077141177e-09
291.74174174174175	0.3123268929809912	17951.28357827565	1.5131871405381086e-09
292.01701701701705	0.31253302165961855	17932.530390263415	1.516358120469019e-09
292.2922922922923	0.3127859603294947	17913.796793296016	1.5195362720196548e-09
292.5675675675676	0.31295647718060493	17895.082766906577	1.522720740205726e-09
292.84284284284286	0.3130254898055704	17876.38829064954	1.5259108134219515e-09
293.1181181181181	0.31324217833199947	17857.713344101532	1.5291081040159663e-09
293.3933933933934	0.31361198651831035	17839.05790686056	1.532313713865705e-09
293.66866866866866	0.3138303274610176	17820.4219585449	1.5355258274331225e-09
293.94394394394396	0.31388811556246804	17801.8054787941	1.5387431911274506e-09
294.2192192192192	0.31398536152160383	17783.208447269637	1.5419666634411797e-09
294.4944944944945	0.31413645802385476	17764.630843654304	1.545196928388526e-09
294.76976976976977	0.31428155996302554	17746.07264765191	1.5484339347955785e-09
295.0450450450451	0.31441285015355025	17727.533838987427	1.5516775886021342e-09
295.3203203203203	0.3145508735603935	17709.01439740711	1.5549280061438663e-09
295.5955955955956	0.31475044769693045	17690.514302678534	1.5581857298661202e-09
295.8708708708709	0.3149928127495204	17672.03353459036	1.5614509601591627e-09
296.1461461461462	0.31514931071122937	17653.572072951916	1.5647227465622206e-09
296.4214214214214	0.31524322243947567	17635.129897593713	1.5680006722993949e-09
296.69669669669673	0.3154243533265687	17616.70698836783	1.571285739190975e-09
296.971971971972	0.3156268704236478	17598.3033251472	1.5745780458715212e-09
297.2472472472473	0.31569973096630183	17579.91888782523	1.5778763790580007e-09
297.52252252252254	0.31570942059434204	17561.55365631658	1.581180519078786e-09
297.7977977977978	0.3157534387872368	17543.207610557212	1.5844911572573617e-09
298.0730730730731	0.315794715209661	17524.880730503934	1.5878084312044233e-09
298.34834834834834	0.3158105676252236	17506.57299613443	1.591132240935761e-09
298.62362362362364	0.3158541534869014	17488.284387447453	1.5944629813961398e-09
298.8988988988989	0.31598505458552095	17470.014884462886	1.5978014264122401e-09
299.1741741741742	0.31625333455702037	17451.764467221645	1.6011485161881524e-09
299.44944944944945	0.3166113997043874	17433.53311578536	1.6045044585456608e-09
299.72472472472475	0.3169427824504918	17415.32081023605	1.6078683905765497e-09
300.0	0.3171295681063123	17397.127530676153	1.6112387407698804e-09
