0.006503166775599429	7.944138152026549	5056.415893248115	8.321648153863894	0.002066264274513564
25.0	0.04653820598006645	33212.0	10.0
25.275275275275277	0.04739025493049314	33818.00683494901	8.9712604272846
25.55055055055055	0.04824866721199576	34368.98807048242	8.032540617963438
25.825825825825827	0.04907140357460052	34868.21712990416	7.178503085546293
26.1011011011011	0.0498476048647741	35318.92812935923	6.403872005523644
26.376376376376378	0.05059580384237049	35724.54975572026	5.7030482213953695
26.65165165165165	0.05136820355750603	36088.806559033124	5.069942304334966
26.926926926926928	0.05218735320647841	36415.296867642355	4.498669141544756
27.2022022022022	0.0530442056878742	36707.255510683724	3.9839386765309963
27.47747747747748	0.053898693745194924	36967.464284914306	3.521203644308069
27.75275275275275	0.054709516005366894	37198.38550472981	3.1064401345105943
28.02802802802803	0.05551150835477167	37402.55460007159	2.7355015652312695
28.303303303303302	0.05631943897660838	37582.40767175099	2.404402505113455
28.57857857857858	0.057018419685320836	37739.869058899945	2.1099977436221544
28.853853853853856	0.057610852373431165	37876.86938852694	1.8491299174370963
29.12912912912913	0.05833988641940494	37995.8432308393	1.617810225556624
29.404404404404403	0.059244255983951895	38098.95122769478	1.4124985480092036
29.67967967967968	0.060128321087153144	38187.68908970007	1.2307474014633548
29.954954954954957	0.0609644072050653	38263.417074685254	1.07033089424623
30.23023023023023	0.06182089464114589	38327.509496992476	0.9289987192937715
30.505505505505504	0.06260532094800503	38381.108709795124	0.8048811543456047
30.78078078078078	0.06322617939991779	38425.206632048066	0.6963550628741706
31.056056056056057	0.06384335992491448	38460.90783631275	0.6016109196635813
31.33133133133133	0.06458267089241601	38489.29275702273	0.5188779020611742
31.606606606606608	0.06536438340488686	38511.236867868014	0.44672159693066554
31.88188188188188	0.06611422514456922	38527.47430567822	0.38393945020965525
32.15715715715716	0.0668081710697888	38538.661252595804	0.32945655468422896
32.432432432432435	0.06752381215296487	38545.42680547635	0.28224197778767324
32.70770770770771	0.06839406384898375	38548.37090053092	0.24131220354236885
32.98298298298298	0.06932700142797012	38547.97543983185	0.2058774705410548
33.25825825825826	0.07015934045802764	38544.62277061746	0.17531146057809108
33.533533533533536	0.07093989304126	38538.67743494717	0.14901680917720084
33.808808808808806	0.07172614267806017	38530.47827744962	0.12643811510977088
34.08408408408408	0.07242260822466844	38520.30958585018	0.10710947529972364
34.35935935935936	0.07301942676640462	38508.427141788234	0.0906116490230461
34.63463463463464	0.07368860996957118	38495.07920944398	0.07653753143419639
34.90990990990991	0.07448044514070445	38480.48215542252	0.06453229715077487
35.18518518518518	0.07530084298459656	38464.811611015	0.05430797960111209
35.46046046046046	0.0760401331468109	38448.212960019904	0.04562624334023001
35.73573573573574	0.07662317510866609	38430.81178155642	0.03828122061109115
36.01101101101101	0.07722373787626802	38412.72907534264	0.03207446479909228
36.286286286286284	0.07799988498878538	38394.07436320308	0.026826311593916602
36.56156156156156	0.07871779238338064	38374.931032883134	0.022400018009153658
36.83683683683684	0.07923811957376041	38355.368492154055	0.018681777809057457
37.112112112112115	0.07979604951550563	38335.4542526365	0.015560841212233072
37.38738738738739	0.0804907594563354	38315.24715215948	0.012940674593090269
37.66266266266266	0.08119147993080572	38294.794031284306	0.010744440019062886
37.93793793793794	0.08181421992454552	38274.1338512079	0.00890822727344112
38.213213213213216	0.08234133615810019	38253.30021425063	0.007376911810715005
38.488488488488485	0.08289689787817611	38232.32324554956	0.006101061978273315
38.76376376376376	0.08361277343620895	38211.229188549085	0.005037608216571599
39.03903903903904	0.08435043973963345	38190.03879213733	0.004152501951167375
39.314314314314316	0.08497824654603517	38168.76896731464	0.0034179934078856665
39.58958958958959	0.08558390520084218	38147.434685226886	0.002809510502544054
39.86486486486486	0.08623982036618423	38126.04883859426	0.0023058887897931674
40.14014014014014	0.0869367867426114	38104.62214240751	0.0018895386476702656
40.41541541541542	0.08764254516122158	38083.16348428913	0.0015458644932225874
40.690690690690694	0.08831032701471392	38061.680232120205	0.0012627667291064243
40.965965965965964	0.08890344367983895	38040.1785544897	0.0010301132200072453
41.24124124124124	0.08940355308624132	38018.66365123208	0.0008393608866345476
41.51651651651652	0.0898615630665277	37997.13996275912	0.0006832119923846472
41.791791791791795	0.09035266431854509	37975.61124966618	0.0005554838021073098
42.06706706706707	0.09094945285268272	37954.0806503248	0.0004510144069852645
42.34234234234234	0.09166623127196986	37932.550726491434	0.00036558822455948247
42.61761761761762	0.09240492020041144	37911.02352317902	0.0002958379745747861
42.892892892892895	0.09311830456378305	37889.50071695812	0.0002390010182913603
43.168168168168165	0.09383250581171679	37867.983709957334	0.00019276495290678684
43.44344344344344	0.0945153070412928	37846.47365416124	0.00015522786849938945
43.71871871871872	0.09510472203601407	37824.97149316132	0.00012482985098935062
43.993993993993996	0.09566811009491007	37803.47802223485	0.00010025427237309704
44.26926926926927	0.09630379377432116	37781.99390539403	8.039986221832382e-05
44.54454454454455	0.09698904974316727	37760.51967752874	6.437730430655651e-05
44.81981981981982	0.09767623193962006	37739.05576912245	5.1468670004765315e-05
45.0950950950951	0.0983364435540526	37717.60253499889	4.107999942408451e-05
45.37037037037037	0.09895372498272624	37696.160255156414	3.274043834464171e-05
45.645645645645644	0.09952754029701402	37674.7291611785	2.6058484581056305e-05
45.92092092092092	0.10006392125357472	37653.30944122159	2.0713911354327524e-05
46.1961961961962	0.10057686313954685	37631.9012475088	1.644547052231884e-05
46.471471471471475	0.10111049709710636	37610.504702936516	1.3040048838631526e-05
46.74674674674675	0.10170380758849643	37589.11990564528	1.0325168820307921e-05
47.02202202202202	0.10227449560125197	37567.74693192425	8.164227544799705e-06
47.2972972972973	0.1027738646021238	37546.38584168466	6.4475029011371e-06
47.572572572572575	0.10338750485789323	37525.03668351013	5.0838541919943744e-06
47.847847847847845	0.10415525969980188	37503.699494655964	4.000733466104062e-06
48.12312312312312	0.10476767856730274	37482.37430167009	3.1432035138344937e-06
48.3983983983984	0.10518042822636654	37461.061124903805	2.466508974341065e-06
48.673673673673676	0.10568036229617297	37439.75998053754	1.9327485131371823e-06
48.94894894894895	0.10633018165002475	37418.47088002267	1.5117917201247035e-06
49.22422422422423	0.10701909467548723	37397.19383068845	1.1802786017848956e-06
49.4994994994995	0.10762695010985102	37375.92883680614	9.198701658241364e-07
49.77477477477478	0.10809426216017355	37354.67590040955	7.15901807512429e-07
50.05005005005005	0.10861490409262041	37333.4350219624	5.56297121979903e-07
50.32532532532532	0.10932106169413594	37312.206200451285	4.3141477933618774e-07
50.6006006006006	0.1100520211432943	37290.98943347982	3.338812070388927e-07
50.87587587587588	0.11069105187525934	37269.78471767331	2.579262209643454e-07
51.151151151151154	0.11124620904092244	37248.592048957275	1.989308740189403e-07
51.42642642642643	0.11177295718104434	37227.41142269734	1.5320059381675364e-07
51.70170170170171	0.11234800784483236	37206.24283380005	1.1780137378882097e-07
51.97697697697698	0.1129365546133239	37185.08627677624	9.04486191388122e-08
52.252252252252255	0.1134658184355154	37163.94174582517	6.936482608514982e-08
52.527527527527525	0.11397996589816567	37142.80923492144	5.3145304124356515e-08
52.8028028028028	0.1145416035754844	37121.68873785995	4.0686201345987e-08
53.07807807807808	0.11515604772120028	37100.580248285885	3.1130698863607416e-08
53.353353353353356	0.1158126499252485	37079.483759726274	2.3815245021919794e-08
53.62862862862863	0.11648994849010856	37058.399265776534	1.7961531333599514e-08
53.90390390390391	0.11713099277917038	37037.32675955239	1.349904936007469e-08
54.17917917917918	0.1176484779244244	37016.266241541096	1.035721448796011e-08
54.454454454454456	0.11804229725754221	36995.21769855804	7.955945566572382e-09
54.729729729729726	0.11837530887155369	36974.18112406281	6.12615381105082e-09
55.005005005005	0.11873147781208797	36953.15650320082	4.761911624859989e-09
55.28028028028028	0.11918371059091636	36932.14383745385	3.7174798482467094e-09
55.55555555555556	0.11973207441268524	36911.14312006751	2.9181918325824425e-09
55.830830830830834	0.12031956784524582	36890.154344280956	2.3070663844696307e-09
56.10610610610611	0.12080506741704777	36869.17750332936	1.84065800572118e-09
56.38138138138139	0.12122105350650482	36848.21259044604	1.4852059970481425e-09
56.65665665665666	0.12182950518050234	36827.25959886399	1.2142559333440513e-09
56.931931931931935	0.12255569942107192	36806.318521816305	1.0078479253397466e-09
57.20720720720721	0.12307355684123436	36785.389352536855	8.510367127789186e-10
57.48248248248248	0.123432037889608	36764.47208426146	7.321528032698744e-10
57.75775775775776	0.12383594605059582	36743.566710228406	6.420853749699787e-10
58.033033033033036	0.12429571879478316	36722.67322367855	5.739047822521126e-10
58.30830830830831	0.12477122421747135	36701.79161785557	5.223571098474143e-10
58.58358358358358	0.12524701609776154	36680.92188600633	4.834440841361556e-10
58.85885885885886	0.12573998574342404	36660.06402138092	4.5411727761276204e-10
59.134134134134136	0.1263101241836813	36639.218017232895	4.320516815887554e-10
59.40940940940941	0.12692224712492134	36618.38386681932	4.154890188406928e-10
59.68468468468468	0.12745390762908598	36597.56156340075	4.031021179811682e-10
59.95995995995996	0.12795867104234793	36576.75110024145	3.9387488200487537e-10
60.23523523523524	0.12856332358638414	36555.952470609416	3.870310934720765e-10
60.510510510510514	0.12913468197922554	36535.165667776295	3.819888901785516e-10
60.78578578578579	0.12952108393951015	36514.390685017424	3.783091323905524e-10
61.06106106106106	0.12986302002871417	36493.627515611945	3.7565482102405627e-10
61.33633633633634	0.13030354471842942	36472.876152842866	3.737702067923343e-10
61.611611611611615	0.13085253342520764	36452.13658999696	3.7246360399624523e-10
61.88688688688689	0.13144453462637434	36431.40882036479	3.7159153642377224e-10
62.16216216216216	0.1319479978615018	36410.692837240604	3.710462701343436e-10
62.43743743743744	0.13236882207697026	36389.98863392249	3.7074627468103956e-10
62.712712712712715	0.13281052671389473	36369.296203712365	3.706300441237757e-10
62.98798798798799	0.13325729754483207	36348.61553991592	3.7065145559619066e-10
63.26326326326326	0.13365386947635025	36327.94663584266	3.707758513329515e-10
63.53853853853854	0.1340346486084386	36307.28948480588	3.709772598189983e-10
63.813813813813816	0.13444693570336086	36286.6440801227	3.7123632245965815e-10
64.0890890890891	0.13490376225297943	36266.01041511404	3.7153860951925323e-10
64.36436436436436	0.13538105551679605	36245.38848310464	3.7187329829770226e-10
64.63963963963964	0.1358082696661363	36224.7782774229	3.722321414630929e-10
64.91491491491492	0.1361940824627729	36204.17979140111	3.726089882276991e-10
65.1901901901902	0.13662308274424317	36183.59301837538	3.7299945051793814e-10
65.46546546546547	0.13711706580294317	36163.017951685586	3.7340031672011477e-10
65.74074074074073	0.1376547886755494	36142.45458467542	3.738091446932308e-10
66.01601601601601	0.13819696952383306	36121.90291069228	3.7422401756385207e-10
66.29129129129129	0.13868632775911555	36101.36292308739	3.7464336396071917e-10
66.56656656656656	0.13902720887881392	36080.83461521563	3.750657749216206e-10
66.84184184184184	0.13922610639097682	36060.317980435706	3.7549022141216115e-10
67.11711711711712	0.13950386219336064	36039.8130121102	3.75916497367743e-10
67.3923923923924	0.13994254994675423	36019.31970360552	3.763446562239653e-10
67.66766766766767	0.14043167942103363	35998.83804829177	3.7677445717187486e-10
67.94294294294295	0.1409569217623925	35978.36803954283	3.7720568441462645e-10
68.21821821821823	0.14156634089922346	35957.90967073638	3.776382965046469e-10
68.4934934934935	0.14216661946618206	35937.4629352538	3.7807202763632025e-10
68.76876876876878	0.14263736015001602	35917.02782648018	3.7850638421463667e-10
69.04404404404404	0.14302311259469047	35896.604337804376	3.789411165945387e-10
69.31931931931932	0.14340438849764428	35876.192462619074	3.793762414257473e-10
69.5945945945946	0.14384027910848876	35855.79219432071	3.7981191597169166e-10
69.86986986986987	0.14436234986619456	35835.40352630952	3.8024833132614367e-10
70.14514514514515	0.14496058353308308	35815.026451989484	3.8068560059520887e-10
70.42042042042041	0.14552173596985463	35794.66096476828	3.8112353021456463e-10
70.69569569569569	0.14587077802869078	35774.3070580572	3.815615583127549e-10
70.97097097097097	0.1461424465925982	35753.964725271406	3.8199960283136557e-10
71.24624624624624	0.14659209087432254	35733.63395982989	3.824382175553533e-10
71.52152152152152	0.14715347410559643	35713.314755155385	3.828776450604726e-10
71.7967967967968	0.14766840361824593	35693.007104674274	3.833176834952083e-10
72.07207207207207	0.1480388377884711	35672.71100181662	3.8375795487685774e-10
72.34734734734735	0.14827327795603762	35652.42644001622	3.8419820701022543e-10
72.62262262262263	0.14855496490876466	35632.15341271071	3.846386905192962e-10
72.8978978978979	0.14898020283425603	35611.89191334151	3.8507981414177135e-10
73.17317317317318	0.1495201757892991	35591.64193535374	3.8552180521346084e-10
73.44844844844846	0.15011014255801317	35571.40347219623	3.8596467501168374e-10
73.72372372372374	0.15066795459254048	35551.176517321466	3.864082393532619e-10
73.998998998999	0.1511347405948601	35530.96106418565	3.868522291770334e-10
74.27427427427428	0.1514919633084489	35510.75710624868	3.872964088021773e-10
74.54954954954955	0.15184254248110957	35490.56463697425	3.877408460177985e-10
74.82482482482483	0.15226391740796194	35470.38364982977	3.88185767862026e-10
75.1001001001001	0.15270177945650798	35450.21413828636	3.8863121398620875e-10
75.37537537537537	0.1531289098928848	35430.056095818836	3.8907715108489673e-10
75.65065065065065	0.15358094633796435	35409.90951590575	3.895236361459251e-10
75.92592592592592	0.15403823138231926	35389.774392029336	3.899706656845564e-10
76.2012012012012	0.15443971226856373	35369.65071767551	3.904180999044408e-10
76.47647647647648	0.15483363000474062	35349.538486333935	3.908659471360018e-10
76.75175175175175	0.15529394202190547	35329.43769149797	3.9131437908866114e-10
77.02702702702703	0.15571636236624167	35309.34832666464	3.9176328652283667e-10
77.30230230230231	0.1560200328155285	35289.27038533465	3.9221241188888695e-10
77.57757757757759	0.15636492842728683	35269.20386101242	3.9266192563698073e-10
77.85285285285286	0.1568245403944362	35249.14874720618	3.93112112865279e-10
78.12812812812814	0.15724373552290577	35229.1050374277	3.9356283600419457e-10
78.40340340340342	0.15759505385697742	35209.072725192476	3.940139363949645e-10
78.67867867867868	0.1580066407016928	35189.05180401974	3.9446558124370187e-10
78.95395395395396	0.1584842395781404	35169.04226743242	3.949179027374852e-10
79.22922922922923	0.1589523646133491	35149.04410895707	3.953708309698919e-10
79.50450450450451	0.15938208886472496	35129.05732212389	3.958242532606561e-10
79.77977977977977	0.1597636926331095	35109.081900466794	3.962780683975345e-10
80.05505505505505	0.16008577286619347	35089.11783752336	3.967321800414166e-10
80.33033033033033	0.1603710947826063	35069.16512683482	3.971865688154094e-10
80.6056056056056	0.1607177152802825	35049.22376194616	3.976414315201098e-10
80.88088088088088	0.16115028411666743	35029.29373640604	3.9809696178128165e-10
81.15615615615616	0.16158506693169128	35009.375043766755	3.985531194103537e-10
81.43143143143143	0.16202168225324418	34989.467677584245	3.9900987470019884e-10
81.70670670670671	0.16251836946665246	34969.57163141816	3.9946732924216505e-10
81.98198198198199	0.16297870303353731	34949.68689883175	3.999253521253586e-10
82.25725725725727	0.16328148789020347	34929.81347339186	4.003835961772963e-10
82.53253253253254	0.16357693458925893	34909.95134866908	4.008421286338916e-10
82.80780780780782	0.16399544475804373	34890.100518237705	4.0130127031620274e-10
83.0830830830831	0.16437974434576832	34870.260975675636	4.017609228702959e-10
83.35835835835836	0.16461990013074362	34850.43271456435	4.0222078835948773e-10
83.63363363363364	0.16477285276285678	34830.61572848898	4.026807724026361e-10
83.90890890890891	0.16495530421008134	34810.81001103838	4.031410497368316e-10
84.18418418418419	0.16530885621608624	34791.01555580515	4.0360203886174527e-10
84.45945945945945	0.1657390671366174	34771.23235638546	4.0406384348501014e-10
84.73473473473473	0.16603794163820706	34751.46040637901	4.04526109529216e-10
85.01001001001	0.16623966493893147	34731.699699389166	4.0498865470022625e-10
85.28528528528528	0.16646631825975336	34711.95022902297	4.054515993925479e-10
85.56056056056056	0.16681623009455812	34692.211988891206	4.059152312328208e-10
85.83583583583584	0.1673005171517919	34672.48497260824	4.0637977757625627e-10
86.11111111111111	0.16776029512640384	34652.76917379201	4.0684507630415713e-10
86.38638638638639	0.1681258014013899	34633.06458606406	4.073108706067205e-10
86.66166166166167	0.1684660267798377	34613.37120304955	4.077771172322798e-10
86.93693693693695	0.16879426022786354	34593.68901837729	4.082438124938924e-10
87.21221221221222	0.16908396864260677	34574.01802567973	4.087109008496534e-10
87.4874874874875	0.16940471732338483	34554.35821859294	4.0917848257418413e-10
87.76276276276278	0.16982705378946641	34534.709590756676	4.096467702512738e-10
88.03803803803804	0.1702091781130695	34515.072135814204	4.1011563234073264e-10
88.31331331331332	0.17045693672852047	34495.44584741237	4.105847884068752e-10
88.58858858858859	0.17076276979158725	34475.83071920173	4.110544208305993e-10
88.86386386386387	0.17121815665317303	34456.22674483651	4.1152484056061426e-10
89.13913913913915	0.17167973418817176	34436.63391797445	4.1199598540992106e-10
89.41441441441442	0.1720380168428051	34417.052232276845	4.124675961640636e-10
89.68968968968969	0.17225124848275825	34397.48168140856	4.1293940717307296e-10
89.96496496496496	0.1724232193120525	34377.92225903814	4.134114326195022e-10
90.24024024024024	0.17270760240246202	34358.3739588378	4.138839835374481e-10
90.51551551551552	0.17304088529646455	34338.83677448333	4.143571579652566e-10
90.7907907907908	0.17334106952851078	34319.31069965404	4.1483086623408366e-10
91.06606606606607	0.17373165031167243	34299.79572803291	4.1530528419560736e-10
91.34134134134135	0.1742633286004865	34280.29185330658	4.157806341078053e-10
91.61661661661662	0.17475735721983168	34260.79906916515	4.16256728519018e-10
91.8918918918919	0.17510466923033055	34241.31736930224	4.167332255886074e-10
92.16716716716716	0.17532159374255737	34221.84674741507	4.172099142110936e-10
92.44244244244244	0.17552822890860847	34202.3871972045	4.1768687386442326e-10
92.71771771771772	0.17588305573855567	34182.93871237508	4.1816446384766065e-10
92.992992992993	0.17628353451379813	34163.50128663488	4.186427447599918e-10
93.26826826826827	0.1765792353744036	34144.07491369545	4.191214746625032e-10
93.54354354354355	0.17693366233382823	34124.65958727202	4.1960079080566506e-10
93.81881881881883	0.17746001896212396	34105.25530108345	4.200810035518464e-10
94.0940940940941	0.1779348193341888	34085.86204885205	4.205619130367531e-10
94.36936936936937	0.17825289778342931	34066.47982430361	4.210431814581265e-10
94.64464464464464	0.17856633148760348	34047.10862116763	4.215248525873899e-10
94.91991991991992	0.17901663910835294	34027.74843317719	4.2200722061421014e-10
95.1951951951952	0.17968473198398174	34008.39925406903	4.2249064236123355e-10
95.47047047047047	0.18034501177804618	33989.06107758332	4.2297495343740747e-10
95.74574574574575	0.18068656269765826	33969.73389746357	4.2345947075448645e-10
96.02102102102103	0.18089656134273988	33950.41770745698	4.2394405128315445e-10
96.2962962962963	0.18123278339639376	33931.11250131445	4.244290626025738e-10
96.57157157157158	0.18163080646341914	33911.81827279041	4.249146497984057e-10
96.84684684684684	0.18201986322777186	33892.535015642796	4.25400788206948e-10
97.12212212212212	0.18243640943493167	33873.26272363308	4.258875260527593e-10
97.3973973973974	0.18286824804213794	33854.00139052631	4.263748756988752e-10
97.67267267267268	0.18323862656303908	33834.75101009102	4.268627089920931e-10
97.94794794794795	0.18354586392454453	33815.5115760993	4.273509323139447e-10
98.22322322322323	0.18383944486983333	33796.28308232678	4.278395674425337e-10
98.4984984984985	0.18413131200261498	33777.065522552664	4.283286514838607e-10
98.77377377377378	0.18443542747471572	33757.8588905597	4.288182359204642e-10
99.04904904904905	0.18484209750958383	33738.663180134194	4.293085168408949e-10
99.32432432432432	0.18536809562421303	33719.478385066024	4.2979966240877997e-10
99.5995995995996	0.18581266132147287	33700.30449914848	4.3029144044802436e-10
99.87487487487488	0.18610048337332102	33681.14151617831	4.307835554589292e-10
100.15015015015015	0.18637474384670674	33661.989429955895	4.3127604627150103e-10
100.42542542542543	0.18665062252763695	33642.84823428516	4.317689673548632e-10
100.70070070070071	0.18683716828060323	33623.717922973476	4.322622004928903e-10
100.97597597597598	0.1870547540198035	33604.5984898318	4.327558697768226e-10
101.25125125125126	0.18747399413593535	33585.48992867473	4.3325035851334083e-10
101.52652652652652	0.1879159509841854	33566.392233320286	4.3374563130488517e-10
101.8018018018018	0.18819302225085216	33547.305397589844	4.342413418646416e-10
102.07707707707708	0.1884321593042466	33528.2294153084	4.347374605606378e-10
102.35235235235236	0.18873366601476155	33509.164280304525	4.352341376579798e-10
102.62762762762763	0.18904700045227552	33490.109986410265	4.357313945995676e-10
102.90290290290291	0.18937140842466668	33471.06652746115	4.362292455424364e-10
103.17817817817819	0.189768701408062	33452.033897296285	4.367278051162693e-10
103.45345345345346	0.1901836892796626	33433.01208975821	4.3722706175001777e-10
103.72872872872873	0.1905128806406565	33414.001098692934	4.3772683362672215e-10
104.004004004004	0.19087698979854628	33395.00091795003	4.382271933182484e-10
104.27927927927928	0.1914040419723751	33376.01154138264	4.387284055170854e-10
104.55455455455456	0.19189581141772089	33357.03296284726	4.3923032919198373e-10
104.82982982982983	0.19220338074125784	33338.06517620385	4.3973261888648744e-10
105.10510510510511	0.1924619519617654	33319.10817531586	4.402352509624687e-10
105.38038038038039	0.19275794951790734	33300.161954050345	4.4073835090941236e-10
105.65565565565566	0.1930572214296415	33281.2265062778	4.412419528915889e-10
105.93093093093094	0.19329929406090535	33262.301825872164	4.4174598280478627e-10
106.2062062062062	0.19342146651495093	33243.387906710836	4.422502853572683e-10
106.48148148148148	0.19347168782446073	33224.48474267471	4.4275482720772896e-10
106.75675675675676	0.1935551783682512	33205.59232764823	4.4325975660968895e-10
107.03203203203203	0.19377712613665862	33186.71065551939	4.4376535285287193e-10
107.30730730730731	0.1941613091959206	33167.839720179654	4.442718550302612e-10
107.58258258258259	0.19450285494123912	33148.979515523846	4.447791005980702e-10
107.85785785785787	0.19468104154786714	33130.1300354502	4.4528677780051563e-10
108.13313313313314	0.19478538240314225	33111.29127386046	4.4579480787293803e-10
108.4084084084084	0.1948999149392167	33092.46322465987	4.4630327045781034e-10
108.68368368368368	0.1950787883131174	33073.6458817572	4.468123109752742e-10
108.95895895895896	0.19534222577327445	33054.83923906468	4.473220669109813e-10
109.23423423423424	0.19568019405827056	33036.043290498004	4.4783262057362513e-10
109.50950950950951	0.19602428606571762	33017.25802997628	4.483439206597718e-10
109.78478478478479	0.19631616643658406	32998.48345142203	4.488558369754798e-10
110.06006006006007	0.19661468852746225	32979.71954876128	4.49368370403234e-10
110.33533533533534	0.19695686440337498	32960.96631592353	4.4988158061570285e-10
110.61061061061062	0.1972785255286107	32942.223746841664	4.5039540851727704e-10
110.88588588588588	0.19755268618441374	32923.49183545206	4.5090976921436816e-10
111.16116116116116	0.19781734030472997	32904.7705756945	4.51424662036345e-10
111.43643643643644	0.1981148451726563	32886.05996151228	4.5194015349778527e-10
111.71171171171171	0.19846831859568098	32867.35998685213	4.524563277694529e-10
111.98698698698699	0.19874333830486954	32848.67064566414	4.5297303481149434e-10
112.26226226226227	0.19880991680702054	32829.99193190179	4.534899634920563e-10
112.53753753753755	0.19891251839387272	32811.32383952213	4.5400727173400756e-10
112.81281281281282	0.19924643774970988	32792.66636248573	4.545253797948651e-10
113.08808808808809	0.19958937376670927	32774.01949475652	4.5504424296145334e-10
113.36336336336336	0.19983316238429008	32755.383230301748	4.555636611084717e-10
113.63863863863864	0.20015525529194075	32736.757563092215	4.5608376554634583e-10
113.91391391391392	0.2005478990838749	32718.142487102155	4.566046385451874e-10
114.1891891891892	0.2008180544539549	32699.537996309096	4.5712604220109033e-10
114.46446446446447	0.20102869357488365	32680.944084694034	4.576479022128633e-10
114.73973973973975	0.2013455312040678	32662.36074624149	4.5817041929080733e-10
115.01501501501502	0.20158751893595772	32643.78797493929	4.5869346146446413e-10
115.2902902902903	0.2015889555259584	32625.225764778566	4.5921668019846347e-10
115.56556556556556	0.2016688231743939	32606.674109754083	4.5974031050942165e-10
115.84084084084084	0.20201178399332528	32588.13300386413	4.6026480598663133e-10
116.11611611611612	0.2023321931844309	32569.602441110226	4.607900580018023e-10
116.3913913913914	0.20250591735414467	32551.082415497218	4.613157998125837e-10
116.66666666666667	0.2026714036727447	32532.572921033454	4.6184204888696646e-10
116.94194194194195	0.20290424277198119	32514.07395173074	4.623689328037099e-10
117.21721721721723	0.20321520986041297	32495.585501604284	4.628965601973851e-10
117.4924924924925	0.20357783308776897	32477.107564672693	4.63424969340681e-10
117.76776776776778	0.2039412437448474	32458.640134957932	4.6395411125985206e-10
118.04304304304304	0.2042204703909494	32440.18320648531	4.644838237295822e-10
118.31831831831832	0.20439501881148214	32421.736773283523	4.6501395916426824e-10
118.5935935935936	0.20462839885075396	32403.30082938476	4.6554465463490567e-10
118.86886886886887	0.20498818622258622	32384.875368824658	4.660761100840181e-10
119.14414414414415	0.20535483563508125	32366.46038564216	4.666082926506717e-10
119.41941941941943	0.20565474123047295	32348.05587387955	4.671410701576652e-10
119.6946946946947	0.2058790481723417	32329.661827582506	4.676743342232154e-10
119.96996996996998	0.20608710465939653	32311.278240800115	4.682080936607538e-10
120.24524524524524	0.20635159294278246	32292.905107584895	4.687424617683254e-10
120.52052052052052	0.20660768530462126	32274.542421992704	4.692774260808741e-10
120.7957957957958	0.20678666958338154	32256.190178082743	4.698128773936278e-10
121.07107107107107	0.20695976316888667	32237.848369917625	4.703488404045168e-10
121.34634634634635	0.20719232529335924	32219.5169915634	4.708854286486336e-10
121.62162162162163	0.2074830492826516	32201.196037089467	4.7142272289648e-10
121.8968968968969	0.2077519044310479	32182.885500568562	4.719606658156469e-10
122.17217217217218	0.20785381805142916	32164.585376076677	4.724990059209252e-10
122.44744744744746	0.20788603509880846	32146.29565769326	4.730377002361486e-10
122.72272272272272	0.20807990498913786	32128.016339501264	4.735770531918639e-10
122.997997997998	0.2083570111448891	32109.74741558695	4.741171735063802e-10
123.27327327327328	0.20856744817767195	32091.48888003985	4.746579239717186e-10
123.54854854854855	0.2088283599847973	32073.24072695293	4.751993735645166e-10
123.82382382382383	0.20920903215993883	32055.002950422564	4.757416717269144e-10
124.0990990990991	0.20950528003818547	32036.775544548353	4.762846350925072e-10
124.37437437437438	0.20967103117759298	32018.5585034332	4.768280649540507e-10
124.64964964964966	0.2099340580904371	32000.35182118353	4.773721406813035e-10
124.92492492492492	0.21030117148937777	31982.15549190912	4.779170026744575e-10
125.2002002002002	0.2105809351472629	31963.969509722963	4.784624826025903e-10
125.47547547547548	0.21075166318000568	31945.79386874139	4.790084274915874e-10
125.75075075075075	0.2108915920148534	31927.628563084138	4.795548357577429e-10
126.02602602602603	0.2110942483626932	31909.473586874326	4.801018382307624e-10
126.30130130130131	0.21139498926390385	31891.328934238456	4.806495805129235e-10
126.57657657657658	0.21164087268363926	31873.194599306258	4.811979547312801e-10
126.85185185185186	0.21177662384127408	31855.07057621078	4.817468049308867e-10
127.12712712712714	0.2119800817925145	31836.956859088492	4.822962654934345e-10
127.4024024024024	0.21226975546306662	31818.853442079235	4.82846460873128e-10
127.67767767767768	0.21247345715794874	31800.76031932607	4.833972427733245e-10
127.95295295295296	0.21257183027013862	31782.677484975346	4.83948475726604e-10
128.22822822822823	0.2126586382255544	31764.60493317684	4.845001904378694e-10
128.5035035035035	0.21284058522068272	31746.5426580837	4.850525582082343e-10
128.7787787787788	0.21318768059879425	31728.490653852456	4.856058019040175e-10
129.05405405405406	0.2136115889524049	31710.448914642893	4.861599616619841e-10
129.32932932932934	0.21400148782086936	31692.417434618055	4.867149144014922e-10
129.60460460460462	0.21428363626489078	31674.39620794425	4.87270470036473e-10
129.87987987987987	0.21446975618455738	31656.3852287911	4.878265055474381e-10
130.15515515515517	0.2146765994746478	31638.384491331624	4.883830894015987e-10
130.43043043043042	0.21493533387219438	31620.393989742184	4.889403145384662e-10
130.70570570570572	0.2152045756949952	31602.413718202417	4.89498193404714e-10
130.98098098098097	0.21549915543975934	31584.44367089529	4.900567552906199e-10
131.25625625625628	0.21583875294625363	31566.483842007066	4.906160481913992e-10
131.53153153153153	0.21611727476761272	31548.53422572727	4.911759654193704e-10
131.80680680680683	0.21626030589703016	31530.594816248667	4.917363293200888e-10
132.08208208208208	0.2163930621247706	31512.66560776741	4.92297175951193e-10
132.35735735735736	0.21660310473932348	31494.746594483007	4.928586492500053e-10
132.63263263263264	0.21685450802202397	31476.837770598246	4.93420807837847e-10
132.9079079079079	0.21712608399740277	31458.939130319188	4.939836668861181e-10
133.1831831831832	0.21741997026881854	31441.050667855194	4.945472404892184e-10
133.45845845845847	0.21768288759632873	31423.172377418887	4.951114688616932e-10
133.73373373373374	0.2178484872568777	31405.304253226124	4.9567622074459e-10
134.00900900900902	0.21799953165674393	31387.446289496114	4.962415079736399e-10
134.2842842842843	0.21823985297018447	31369.598480451423	4.968074760914695e-10
134.55955955955955	0.21853818972373373	31351.76082031788	4.973741918487227e-10
134.83483483483485	0.21885485499219104	31333.933303324568	4.979416526860571e-10
135.1101101101101	0.21919636935763476	31316.115923703856	4.98509865176526e-10
135.3853853853854	0.21952828839021887	31298.308675691365	4.990787896714953e-10
135.66066066066065	0.21976316266985427	31280.511553525947	4.996482845163629e-10
135.93593593593596	0.2199391236824873	31262.72455144973	5.002182939437119e-10
136.2112112112112	0.22017836723886247	31244.947663708226	5.007889337039719e-10
136.4864864864865	0.22044050434797105	31227.180884550173	5.013602381980882e-10
136.76176176176176	0.22063249616516706	31209.424208227527	5.01932114258714e-10
137.03703703703704	0.22079336710549854	31191.677628995527	5.025045425578006e-10
137.31231231231232	0.22097503911847674	31173.94114111272	5.030775751339375e-10
137.5875875875876	0.22116169501203947	31156.214738840903	5.036512308443049e-10
137.86286286286287	0.22138229524932818	31138.49841644517	5.04225560776291e-10
138.13813813813815	0.22174528973500968	31120.792168193933	5.048007403385894e-10
138.41341341341342	0.2221120758576466	31103.095988358775	5.053767244889145e-10
138.6886886886887	0.22213572614090546	31085.409871214288	5.059530445023273e-10
138.96396396396398	0.22195559343440002	31067.733811038423	5.065295221312143e-10
139.23923923923923	0.2219559264754505	31050.067802112648	5.071065099470652e-10
139.51451451451453	0.2221676313179857	31032.4118387217	5.076843138538492e-10
139.78978978978978	0.2224775549101233	31014.765915153497	5.082630186468611e-10
140.06506506506508	0.2227310696882193	30997.130025699083	5.088424923954998e-10
140.34034034034033	0.22288433262700366	30979.50416465273	5.09422582052396e-10
140.61561561561564	0.22312896916101854	30961.8883263121	5.100034137751151e-10
140.8908908908909	0.22347597557637544	30944.28250497807	5.105850952642459e-10
141.1661661661662	0.22369935566164495	30926.686694954606	5.11167425786234e-10
141.44144144144144	0.22387319644346138	30909.100890548987	5.117503476198191e-10
141.71671671671672	0.22425424505247507	30891.5250860719	5.123341353355574e-10
141.991991991992	0.22465642476903316	30873.959275837122	5.129187639580956e-10
142.26726726726727	0.22480404592987094	30856.40345416149	5.135038782192222e-10
142.54254254254255	0.22493869611334907	30838.85761536522	5.14089507025811e-10
142.81781781781783	0.22526640681444976	30821.32175377192	5.146759241231232e-10
143.0930930930931	0.22554761888385996	30803.795863708252	5.152630430135856e-10
143.36836836836838	0.22569127522493776	30786.279939504035	5.158506887992772e-10
143.64364364364366	0.22592974925014891	30768.77397549247	5.164390116144606e-10
143.9189189189189	0.2262903241231766	30751.277966010013	5.170281571134969e-10
144.1941941941942	0.2265957078301511	30733.791905396203	5.176180213930525e-10
144.46946946946946	0.22682087412459634	30716.315787993797	5.18208497014162e-10
144.74474474474476	0.22702807879806958	30698.849608148787	5.187995776508175e-10
145.02002002002	0.22724577013517744	30681.393360210415	5.193912926271524e-10
145.29529529529532	0.2274728639634252	30663.947038531132	5.199836629699982e-10
145.57057057057057	0.22765275143000385	30646.510637466567	5.20576637606881e-10
145.84584584584587	0.2277704615060578	30629.08415137553	5.211701603034307e-10
146.12112112112112	0.22791092367886087	30611.66757462012	5.217642892457504e-10
146.3963963963964	0.2281385566537203	30594.26090156567	5.22359145040574e-10
146.67167167167167	0.228476358974662	30576.86412658074	5.229548457513086e-10
146.94694694694695	0.22888853615645197	30559.477244037065	5.23551437601089e-10
147.22222222222223	0.22929400274962897	30542.100248309533	5.241488606446431e-10
147.4974974974975	0.22957973590493633	30524.733133776128	5.247469398015326e-10
147.77277277277278	0.2296869542892562	30507.375894818	5.253454753865692e-10
148.04804804804806	0.2298353254529876	30490.02852581964	5.259445686569033e-10
148.32332332332334	0.23017742802093888	30472.69102116887	5.265444725888115e-10
148.59859859859858	0.23053526601820815	30455.363375256547	5.27145174358899e-10
148.8738738738739	0.23078534145158694	30438.045582476636	5.27746524061328e-10
149.14914914914914	0.23095468632545313	30420.737637226306	5.283484389580541e-10
149.42442442442444	0.2310946435698648	30403.439533905956	5.28950914336889e-10
149.6996996996997	0.23126735077610314	30386.151266919213	5.295540172920128e-10
149.974974974975	0.2315310463209288	30368.872830672914	5.301578651615222e-10
150.25025025025025	0.23192040837732228	30351.604219577115	5.307625858691323e-10
150.52552552552555	0.2323585871126935	30334.345428045002	5.313681895472246e-10
150.8008008008008	0.23272762993776913	30317.096450492834	5.319745531909481e-10
151.07607607607608	0.23289730129789832	30299.85728133995	5.325814405514632e-10
151.35135135135135	0.23288536348280645	30282.62791500889	5.331886896731024e-10
151.62662662662663	0.23297278462236698	30265.40834592554	5.337964867191493e-10
151.9019019019019	0.23321793904182464	30248.19856851904	5.344050404218938e-10
152.17717717717719	0.2334200846060054	30230.998577221515	5.350142887879592e-10
152.45245245245246	0.23361359177876134	30213.808366468307	5.356242224808231e-10
152.72772772772774	0.23396030377140498	30196.627930698025	5.362350121308068e-10
153.00300300300302	0.2343288094575079	30179.457264352346	5.368466439183803e-10
153.2782782782783	0.23454268586512964	30162.29636187598	5.374589164733592e-10
153.55355355355357	0.23472701736386498	30145.145217716876	5.380718110891284e-10
153.82882882882885	0.234992826410692	30128.003826326232	5.386854334409226e-10
154.10410410410412	0.2352555945114726	30110.87218215835	5.392997738187985e-10
154.37937937937937	0.23549313860040227	30093.750279670636	5.399148012210255e-10
154.65465465465465	0.23579987608210445	30076.63811332375	5.405305927203991e-10
154.92992992992993	0.23616381461541738	30059.535677581473	5.411471945164664e-10
155.2052052052052	0.23648150231340861	30042.44296691067	5.417645330433011e-10
155.48048048048048	0.2367056916161157	30025.359975781295	5.423825027093158e-10
155.75575575575576	0.23683882341447138	30008.28669866648	5.430010247208999e-10
156.03103103103103	0.23697639186305752	29991.223130042545	5.436201380307739e-10
156.3063063063063	0.2371772004724987	29974.169264389	5.442399347012746e-10
156.5815815815816	0.2373142974063766	29957.125096188396	5.448603535288199e-10
156.85685685685687	0.2373397162890448	29940.090619926395	5.454812966455022e-10
157.13213213213214	0.2373939621148897	29923.06583009189	5.461028349775558e-10
157.40740740740742	0.23754246878594723	29906.050721176965	5.46725092998263e-10
157.6826826826827	0.2377517883099805	29889.045287676803	5.473481325068291e-10
157.95795795795797	0.23798462367400403	29872.049524089693	5.479719624363607e-10
158.23323323323325	0.23820784886051716	29855.06342491702	5.48596555367979e-10
158.50850850850853	0.23841129623315072	29838.0869846633	5.492218797411879e-10
158.7837837837838	0.23859669075554685	29821.120197836164	5.498479130684556e-10
159.05905905905905	0.23877617425284683	29804.163058946386	5.504746505924746e-10
159.33433433433433	0.23893538050520693	29787.215562507827	5.511020740142953e-10
159.6096096096096	0.23900186279448504	29770.277703037435	5.517300946449465e-10
159.88488488488488	0.23904687495722407	29753.349475055318	5.52358716424861e-10
160.16016016016016	0.23931921156140135	29736.430873084897	5.52988199132063e-10
160.43543543543544	0.23975160064369405	29719.52189165265	5.536186742159108e-10
160.7107107107107	0.24004445613698502	29702.62252528795	5.542499392687789e-10
160.985985985986	0.24016894722988733	29685.732768523234	5.548818092706156e-10
161.26126126126127	0.24023638620709842	29668.852615894153	5.555142517412675e-10
161.53653653653654	0.24037194452872454	29651.982061939543	5.561473678434652e-10
161.81181181181182	0.2406221569242793	29635.121101201403	5.567812839829416e-10
162.0870870870871	0.24081321219375942	29618.269728224677	5.574159241557966e-10
162.36236236236238	0.24089405609924897	29601.4279375574	5.580511779467662e-10
162.63763763763765	0.24106616259287694	29584.595723750837	5.586871610156442e-10
162.91291291291293	0.24139397436201224	29567.77308135942	5.593240282319222e-10
163.1881881881882	0.2417814368602283	29550.96000494058	5.599618039160035e-10
163.46346346346348	0.2421283715495569	29534.156489054796	5.606004084247284e-10
163.73873873873873	0.24236057635582203	29517.362528265545	5.612397080725554e-10
164.014014014014	0.24254865925784963	29500.578117139474	5.618796673067849e-10
164.2892892892893	0.2427722820506598	29483.803250246376	5.6252033573442e-10
164.56456456456456	0.24295856846761243	29467.037922159074	5.631616819292269e-10
164.83983983983984	0.24305259767217352	29450.282127453433	5.638036280970601e-10
165.11511511511512	0.24310239640357992	29433.535860708438	5.644461590791226e-10
165.3903903903904	0.24316992786678218	29416.799116506205	5.650893231149774e-10
165.66566566566567	0.2433138967686777	29400.071889431976	5.657332158669809e-10
165.94094094094095	0.24351726743889004	29383.354174074066	5.663778964974102e-10
166.21621621621622	0.2437145516352179	29366.64596502381	5.670233483266667e-10
166.4914914914915	0.24391362345361123	29349.947256875617	5.6766956599285e-10
166.76676676676678	0.24414840845835262	29333.25804422701	5.683165779704372e-10
167.04204204204206	0.24441401067128482	29316.578321678557	5.689644019996824e-10
167.31731731731733	0.2446834532689606	29299.9080838339	5.696130264553132e-10
167.5925925925926	0.2449012148362735	29283.247325299704	5.70262389980553e-10
167.8678678678679	0.2450366266283404	29266.596040685657	5.709124154998496e-10
168.14314314314316	0.2451044468148384	29249.95422460453	5.71563055737965e-10
168.4184184184184	0.24512744237767037	29233.32187167219	5.72214294350225e-10
168.6936936936937	0.2451373654581671	29216.698976507563	5.728661483160903e-10
168.96896896896897	0.24521745698876285	29200.08553373272	5.735187107236133e-10
169.24424424424424	0.2454411202725764	29183.481537972846	5.741721257443042e-10
169.51951951951952	0.24565820751421766	29166.88698385606	5.748263652415365e-10
169.7947947947948	0.24574459817109776	29150.301866013444	5.754812902591406e-10
170.07007007007007	0.24591213787474936	29133.726179079287	5.76136990133006e-10
170.34534534534535	0.24627755408842772	29117.159917691024	5.767936447919938e-10
170.62062062062063	0.24664813069527589	29100.603076488995	5.774512158037734e-10
170.8958958958959	0.24691264806538532	29084.055650116494	5.781095712328862e-10
171.17117117117118	0.24709604449906877	29067.517633219883	5.787686301971676e-10
171.44644644644646	0.24721373106083738	29050.989020448564	5.79428342566185e-10
171.72172172172174	0.2472794957366161	29034.469806455018	5.800886807965027e-10
171.996996996997	0.24738682845145502	29017.95998589482	5.807497086106058e-10
172.2722722722723	0.24762666336508765	29001.459553426666	5.814115605273082e-10
172.54754754754757	0.24793360651085797	28984.968503712236	5.820742836566244e-10
172.82282282282284	0.24820209780159655	28968.48683141616	5.827378199653755e-10
173.0980980980981	0.24833024084285696	28952.014531206023	5.834020321987383e-10
173.37337337337337	0.24837201374788107	28935.551597752474	5.84066858872493e-10
173.64864864864865	0.24859051643112923	28919.09802572941	5.847324878491776e-10
173.92392392392392	0.2489216953232893	28902.653809813703	5.853990114662503e-10
174.1991991991992	0.24903816740938553	28886.218944685	5.860662120042688e-10
174.47447447447448	0.24905392680521993	28869.793425026044	5.86734016200078e-10
174.74974974974975	0.2492589816341318	28853.377245522846	5.874026241853522e-10
175.02502502502503	0.24955256793015002	28836.970400864364	5.880721066097676e-10
175.3003003003003	0.24978195934364486	28820.572885742436	5.887423850396076e-10
175.57557557557558	0.25003037804994005	28804.184694851996	5.894134701831375e-10
175.85085085085086	0.2503324561235009	28787.80582289103	5.900854007820295e-10
176.12612612612614	0.25055723311161643	28771.436264560412	5.907580944988746e-10
176.40140140140142	0.2506818482327944	28755.076014564027	5.914314658812395e-10
176.6766766766767	0.25081673918699776	28738.725067608848	5.921055414264184e-10
176.95195195195197	0.250986369749413	28722.383418404886	5.927803638547632e-10
177.22722722722725	0.2511596607872882	28706.051061665134	5.934559410318099e-10
177.50250250250252	0.2513642850129084	28689.72799210561	5.941323032144601e-10
177.77777777777777	0.2516216326498636	28673.414204445355	5.94809493086825e-10
178.05305305305305	0.25183163387785645	28657.10969340633	5.954874600287174e-10
178.32832832832833	0.25195306283066204	28640.814453713472	5.961661285675363e-10
178.6036036036036	0.2521423368876961	28624.528480094832	5.968455701740818e-10
178.87887887887888	0.2524088330597321	28608.251767281465	5.975258505432762e-10
179.15415415415416	0.2525340184333037	28591.984310007254	5.982068394920234e-10
179.42942942942943	0.2525278582991984	28575.726103009074	5.988884394201833e-10
179.7047047047047	0.2525947884225595	28559.47714102697	5.995707428886936e-10
179.97997997998	0.2528033820157512	28543.23741880403	6.002538837866534e-10
180.25525525525526	0.2531235760384515	28527.006931086307	6.009379447553406e-10
180.53053053053054	0.25340576079514604	28510.785672622715	6.016228676585926e-10
180.80580580580582	0.2535501512303523	28494.57363816506	6.023085238919273e-10
181.0810810810811	0.25370557676193783	28478.370822468285	6.029949319202924e-10
181.35635635635637	0.25397333838909997	28462.177220290374	6.036821900776665e-10
181.63163163163165	0.254296580176906	28445.992826392252	6.04370331169842e-10
181.90690690690693	0.25461383471809523	28429.81763553777	6.050593319116254e-10
182.1821821821822	0.2548765969500285	28413.65164249372	6.057491350568814e-10
182.45745745745745	0.2550519497937664	28397.49484202984	6.064396684111165e-10
182.73273273273273	0.25512123821030963	28381.34722891882	6.071308581571544e-10
183.008008008008	0.2550944041200233	28365.208797936335	6.078226508179805e-10
183.28328328328328	0.25502344612602124	28349.07954386107	6.085150432061173e-10
183.55855855855856	0.2550728960117879	28332.95946147482	6.092081666602736e-10
183.83383383383384	0.25532335545540275	28316.84854556242	6.099021953100884e-10
184.1091091091091	0.2556213710019536	28300.746790911537	6.105971466606e-10
184.3843843843844	0.25588025166030215	28284.65419231272	6.112929658532567e-10
184.65965965965967	0.25613868552950725	28268.570744559533	6.119896392525687e-10
184.93493493493494	0.2564040662662866	28252.496442448486	6.126871617062804e-10
185.21021021021022	0.2566484150965291	28236.431280779027	6.133855074177612e-10
185.4854854854855	0.25681827670329066	28220.375254353527	6.140846142357492e-10
185.76076076076077	0.2568812863492761	28204.328357977272	6.147844061029632e-10
186.03603603603605	0.25696079769940217	28188.290586458606	6.154849157707103e-10
186.31131131131133	0.25717608945525205	28172.26193460894	6.161862632425383e-10
186.5865865865866	0.2575108836609144	28156.24239724262	6.168885339176462e-10
186.86186186186188	0.2578868067601997	28140.23196917685	6.175917367833295e-10
187.13713713713713	0.258166119118941	28124.2306452317	6.182957758840601e-10
187.4124124124124	0.25831768563535246	28108.23842023012	6.190005502458687e-10
187.68768768768768	0.25842097138240416	28092.25528899809	6.197060358851384e-10
187.96296296296296	0.25853344223530117	28076.28124636459	6.204122559270262e-10
188.23823823823824	0.2586890295006888	28060.316287161553	6.211192551662542e-10
188.51351351351352	0.25888031069800926	28044.36040622386	6.218270653093073e-10
188.7887887887888	0.2590858516221264	28028.413598389292	6.225356967202762e-10
189.06406406406407	0.2592887552422249	28012.475858498554	6.232451455993104e-10
189.33933933933935	0.2594922798373698	27996.5471813953	6.239554113704453e-10
189.61461461461462	0.25973694941748243	27980.627561926143	6.246665233052862e-10
189.8898898898899	0.2600029496863124	27964.716994940605	6.253784911351008e-10
190.16516516516518	0.26019676766911076	27948.815475291067	6.260912556903026e-10
190.44044044044045	0.26032911265819336	27932.92299783283	6.268047758916919e-10
190.71571571571573	0.2604878958569433	27917.039557424207	6.275190808029986e-10
190.990990990991	0.260709185783975	27901.165148926466	6.282342205744002e-10
191.26626626626629	0.2609871193472545	27885.299767203793	6.289502325078106e-10
191.54154154154156	0.261242580968771	27869.44340712321	6.296670916679695e-10
191.8168168168168	0.2614284166582692	27853.596063554636	6.303847447570066e-10
192.0920920920921	0.2616302860483707	27837.757731370973	6.311032073998181e-10
192.36736736736736	0.2619006491389982	27821.928405448074	6.3182252901303e-10
192.64264264264264	0.26220661475274604	27806.108080664693	6.32542727782455e-10
192.91791791791792	0.262478330046254	27790.296751902424	6.332637713666337e-10
193.1931931931932	0.2626330728039856	27774.49441404571	6.339855774697076e-10
193.46846846846847	0.262746235589561	27758.701061981956	6.347081280631541e-10
193.74374374374375	0.2629660066808928	27742.91669060161	6.354315081184029e-10
194.01901901901903	0.263324743435482	27727.141294798057	6.361558099045027e-10
194.2942942942943	0.26376366806451773	27711.37486946752	6.368810697477141e-10
194.56956956956958	0.26406234425666897	27695.61740950895	6.376071752028021e-10
194.84484484484486	0.264116522482746	27679.86890982409	6.383339664708847e-10
195.12012012012013	0.26410819169418287	27664.129365317745	6.390614245421271e-10
195.3953953953954	0.26420477365198863	27648.398770897773	6.3978964261335e-10
195.6706706706707	0.264501446322423	27632.677121475	6.405187622776465e-10
195.94594594594597	0.26486375314170907	27616.964411963043	6.412488144474088e-10
196.22122122122124	0.26503440390232624	27601.260637278152	6.419796618986911e-10
196.4964964964965	0.26506286872832524	27585.56579233955	6.42711220410292e-10
196.77177177177177	0.26512618797524184	27569.879872069476	6.434435307326962e-10
197.04704704704704	0.26535930812866637	27554.20287139319	6.441767143468792e-10
197.32232232232232	0.2657778099317484	27538.53478523886	6.449108822330742e-10
197.5975975975976	0.26613780166835277	27522.875608537295	6.456459743820056e-10
197.87287287287288	0.2663102465653761	27507.22533622209	6.463818631958695e-10
198.14814814814815	0.2663905739836621	27491.5839632298	6.471184991133064e-10
198.42342342342343	0.26647587293315833	27475.951484499954	6.478558990446552e-10
198.6986986986987	0.2666382210212843	27460.327894975	6.485941219622359e-10
198.97397397397398	0.26685069203991835	27444.713189600257	6.493332017654287e-10
199.24924924924926	0.26704438571495603	27429.10736332386	6.50073125459646e-10
199.52452452452454	0.2672178317900396	27413.5104110968	6.508138813231298e-10
199.7997997997998	0.2673899856850636	27397.922327872962	6.515554709411174e-10
200.0750750750751	0.267573327612194	27382.343108609115	6.522979032704101e-10
200.35035035035037	0.26777548485554814	27366.772748264902	6.530411905882325e-10
200.62562562562564	0.2679968530084117	27351.211241802823	6.537853436449834e-10
200.90090090090092	0.26821929853898036	27335.65858418823	6.545303610296228e-10
201.17617617617617	0.2684080217288886	27320.114770389315	6.552762214725891e-10
201.45145145145145	0.2685696255623836	27304.57979537713	6.560229108606417e-10
201.72672672672672	0.26873540056681966	27289.0536541256	6.567704353347055e-10
202.002002002002	0.2689048666618673	27273.536341611536	6.575188000134895e-10
202.27727727727728	0.2690742775697288	27258.027852814586	6.58268007271854e-10
202.55255255255256	0.26928003440771187	27242.528182717277	6.590180800035978e-10
202.82782782782783	0.26953755131056684	27227.037326305028	6.597690464337921e-10
203.1031031031031	0.269792208412141	27211.55527856603	6.605209000029369e-10
203.3783783783784	0.27000575780232594	27196.082034491305	6.612736142139846e-10
203.65365365365366	0.27017735180055263	27180.61758907472	6.620271662166187e-10
203.92892892892894	0.2703264183483436	27165.16193731301	6.627815471634698e-10
204.20420420420422	0.2704854792505854	27149.71507420578	6.635367673152367e-10
204.4794794794795	0.2706695133738801	27134.276994755484	6.642928437978614e-10
204.75475475475477	0.2708810837539193	27118.84769396744	6.650497928163282e-10
205.03003003003005	0.27110806481580163	27103.42716684977	6.65807621832402e-10
205.30530530530532	0.27134543294992153	27088.015408413452	6.665663346465438e-10
205.5805805805806	0.2716212601969483	27072.612413672316	6.673259492480933e-10
205.85585585585588	0.2719156838435369	27057.218177643004	6.680864706087542e-10
206.13113113113113	0.2721196587011741	27041.832695344903	6.688478475423878e-10
206.4064064064064	0.27222244757899217	27026.45596180021	6.696100307222135e-10
206.68168168168168	0.2723284782951799	27011.087972034053	6.703730303055583e-10
206.95695695695696	0.27255651765817057	26995.728721074494	6.711369158342131e-10
207.23223223223223	0.27298310872875525	26980.37820395251	6.719017845799239e-10
207.5075075075075	0.27337594630833845	26965.036415701667	6.726676039023297e-10
207.7827827827828	0.2734861903746329	26949.703351358134	6.734342282912299e-10
208.05805805805807	0.273454551521998	26934.379005961033	6.742015977647296e-10
208.33333333333334	0.2734534649587385	26919.063374552457	6.749697424313244e-10
208.60860860860862	0.2735282014994981	26903.75645217737	6.757387120970633e-10
208.8838838838839	0.27365462913665506	26888.458233883535	6.765085392618797e-10
209.15915915915917	0.27374731546683617	26873.168714721443	6.772792103716983e-10
209.43443443443445	0.2738548571592691	26857.88788974445	6.78050737634682e-10
209.70970970970973	0.27411291476163185	26842.615754008842	6.7882319852371e-10
209.984984984985	0.27444216335579535	26827.352302573654	6.795966207049968e-10
210.26026026026028	0.27469306676829175	26812.097530500585	6.803709569526595e-10
210.53553553553556	0.2748970538825196	26796.851432854164	6.811461818964035e-10
210.8108108108108	0.2750954428619365	26781.614004701776	6.819222929208799e-10
211.08608608608608	0.275211912375405	26766.38524111353	6.826992527327939e-10
211.36136136136136	0.275251571167279	26751.165137162345	6.834770306852865e-10
211.63663663663664	0.27537915070681557	26735.953687924102	6.84255676067825e-10
211.91191191191191	0.275616989950484	26720.7508884775	6.850352427706349e-10
212.1871871871872	0.2758372367782712	26705.556733903908	6.858157193010698e-10
212.46246246246247	0.27600598120146835	26690.371219287477	6.865970806465313e-10
212.73773773773775	0.27615158844345533	26675.194339715155	6.873793178087698e-10
213.01301301301302	0.27629977940303013	26660.026090276726	6.881624344775534e-10
213.2882882882883	0.27647134720428823	26644.86646606478	6.889464432500937e-10
213.56356356356358	0.27667464075901316	26629.71546217472	6.897313589272193e-10
213.83883883883885	0.27691549293780543	26614.57307370472	6.905171969548488e-10
214.11411411411413	0.27719904088045844	26599.439295755747	6.913039727929098e-10
214.3893893893894	0.27749222737648727	26584.314123431548	6.920916857648371e-10
214.66466466466468	0.27771895428457444	26569.197551838555	6.928803041763755e-10
214.93993993993996	0.2778720182413733	26554.089576085986	6.936697978211277e-10
215.21521521521524	0.2779993777994378	26538.990191285873	6.944601596421334e-10
215.4904904904905	0.27814683619542707	26523.899392553096	6.952514020778023e-10
215.76576576576576	0.2783478864007913	26508.817175005322	6.960435497981184e-10
216.04104104104104	0.2785889153668318	26493.743533762994	6.968366190389956e-10
216.31631631631632	0.27883893227325474	26478.678463949287	6.976306117855812e-10
216.5915915915916	0.2790561723037856	26463.62196069013	6.984255137814822e-10
216.86686686686687	0.27921925948652143	26448.574019114178	6.992213045891511e-10
217.14214214214215	0.27934283579981933	26433.534634352884	7.000179717884838e-10
217.41741741741743	0.2794789499660389	26418.503801540523	7.00815524167778e-10
217.6926926926927	0.279699218673219	26403.481515814186	7.016139967382971e-10
217.96796796796798	0.2799379033143511	26388.467772313692	7.024133957778329e-10
218.24324324324326	0.2800831819518676	26373.46256618149	7.032136859226303e-10
218.51851851851853	0.28022535090785144	26358.465892562897	7.040148689269412e-10
218.7937937937938	0.28046246139653236	26343.477746606084	7.04816982032553e-10
219.0690690690691	0.28068395105297805	26328.498123461857	7.056200184776543e-10
219.34434434434436	0.28081068517148483	26313.52701828372	7.064239446113118e-10
219.61961961961964	0.28090742403788294	26298.564426227982	7.072287531899773e-10
219.89489489489492	0.28106193066686386	26283.610342453794	7.08034468758524e-10
220.17017017017017	0.2813565533832217	26268.66476212316	7.088411417739309e-10
220.44544544544544	0.28169043356921997	26253.727680400705	7.096487812891767e-10
220.72072072072072	0.2818742418439803	26238.79909245365	7.104573331647265e-10
220.995995995996	0.28205569690850013	26223.878993452076	7.112667982266457e-10
221.27127127127127	0.28243057136469213	26208.96737856902	7.12077239495977e-10
221.54654654654655	0.2827628452858469	26194.06424298004	7.128886375657285e-10
221.82182182182183	0.28287082793654356	26179.16958186324	7.137009220244538e-10
222.0970970970971	0.2829768316284485	26164.28339039969	7.145140965603701e-10
222.37237237237238	0.28317805880937647	26149.405663773305	7.153281939244378e-10
222.64764764764766	0.2833082773961576	26134.536397170563	7.161431941576171e-10
222.92292292292294	0.28337965580577895	26119.675585780697	7.169590827890967e-10
223.1981981981982	0.2835636946257891	26104.823224795848	7.177758978091483e-10
223.4734734734735	0.28381833711852206	26089.979309410835	7.185936608757735e-10
223.74874874874877	0.2840070167566598	26075.143834823084	7.194123520282317e-10
224.02402402402404	0.2841445165010016	26060.316796232768	7.202319579290631e-10
224.29929929929932	0.28429315024172014	26045.49818884285	7.210524842065738e-10
224.5745745745746	0.28450448179611876	26030.68800785907	7.218739503767488e-10
224.84984984984985	0.2847721630501678	26015.88624848989	7.226963718773135e-10
225.12512512512512	0.2849908325609745	26001.092905946385	7.235197343385784e-10
225.4004004004004	0.28514782941710753	25986.307975442338	7.243440220711928e-10
225.67567567567568	0.285338920680918	25971.531452194366	7.251692458222977e-10
225.95095095095095	0.28555861325475346	25956.763331421793	7.259954138288142e-10
226.22622622622623	0.2857407048822142	25942.003608346582	7.268225171023647e-10
226.5015015015015	0.28591467507098794	25927.25227819345	7.276505549823223e-10
226.77677677677679	0.28614335782166084	25912.5093361899	7.284795420202997e-10
227.05205205205206	0.28645959129515525	25897.774777566174	7.293094983174814e-10
227.32732732732734	0.2868450299749775	25883.048597555215	7.301404361064713e-10
227.60260260260262	0.2871822679928538	25868.330791392546	7.309723408394966e-10
227.8778778778779	0.2874197353186951	25853.621354316347	7.318051907318703e-10
228.15315315315317	0.28761531622750874	25838.920281567578	7.326389784741862e-10
228.42842842842845	0.2877964796194767	25824.22756838993	7.334737029517961e-10
228.70370370370372	0.2879586390982483	25809.543210029788	7.343093624585556e-10
228.978978978979	0.2881083159927751	25794.86720173624	7.351459567682468e-10
229.25425425425428	0.2882491057074668	25780.199538761084	7.359834864341238e-10
229.52952952952953	0.2883374719482973	25765.54021635878	7.368219441494975e-10
229.8048048048048	0.2883689620008039	25750.889229786477	7.376613220966689e-10
230.08008008008008	0.2884942279995444	25736.24657430417	7.385016408415008e-10
230.35535535535536	0.288748774040196	25721.61224517459	7.39342925788022e-10
230.63063063063063	0.2889273626627813	25706.986237662953	7.401851633786198e-10
230.9059059059059	0.2890224267917992	25692.36854703716	7.41028340487125e-10
231.1811811811812	0.28924532863576813	25677.759168568016	7.418724812006634e-10
231.45645645645646	0.2895918085945674	25663.158097529016	7.427176052170055e-10
231.73173173173174	0.28992056563681334	25648.565329196186	7.435637069226401e-10
232.00700700700702	0.29017130768889704	25633.98085884818	7.444107737181425e-10
232.2822822822823	0.290347893641526	25619.404681766355	7.452587960404279e-10
232.55755755755757	0.2905679572270552	25604.836793234852	7.461077807616504e-10
232.83283283283285	0.2908629220623865	25590.277188540535	7.469577372845472e-10
233.10810810810813	0.29102416167476136	25575.725862972733	7.478086501878356e-10
233.3833833833834	0.29101545126304507	25561.182811823415	7.486605018518951e-10
233.65865865865868	0.29106015074576	25546.648030387452	7.495133007890468e-10
233.93393393393396	0.2912135197604065	25532.121513962462	7.503670621614201e-10
234.2092092092092	0.2913908741808533	25517.603257848637	7.512217901093634e-10
234.48448448448448	0.2916125610795726	25503.09325734886	7.52077490472825e-10
234.75975975975976	0.29192633456399025	25488.591507768746	7.529341725471262e-10
235.03503503503504	0.2922502782590894	25474.09800441649	7.537918355179915e-10
235.3103103103103	0.2924942494357414	25459.61274260285	7.546504718173195e-10
235.5855855855856	0.29265215614639883	25445.13571764126	7.555100756951023e-10
235.86086086086087	0.29280010739600354	25430.666924847883	7.563706478677649e-10
236.13613613613614	0.2931168244934879	25416.206359541753	7.572322000159393e-10
236.41141141141142	0.29356889948250225	25401.75401704451	7.580947361421685e-10
236.6866866866867	0.293913934498056	25387.309892680205	7.589582482335795e-10
236.96196196196198	0.2940865264822886	25372.87398177548	7.598227317878428e-10
237.23723723723725	0.2941555627126943	25358.446279659714	7.606881862387108e-10
237.51251251251253	0.29429672860201117	25344.026781665114	7.615546145864514e-10
237.7877877877878	0.29462158674572064	25329.615483126672	7.624220199737007e-10
238.06306306306308	0.2948812949868293	25315.21237938175	7.632904012554655e-10
238.33833833833836	0.29493439818046635	25300.81746577024	7.641597601358831e-10
238.61361361361364	0.29501694164477815	25286.43073763491	7.650300980052037e-10
238.88888888888889	0.2952046247188609	25272.05219032126	7.659014157279292e-10
239.16416416416416	0.29532702120639703	25257.681819177273	7.667737150285503e-10
239.43943943943944	0.2954187178323406	25243.319619553586	7.676469976623613e-10
239.71471471471472	0.29565361158630116	25228.965586803683	7.685212627261546e-10
239.98998998999	0.2959507576497404	25214.619716283603	7.693965084647817e-10
240.26526526526527	0.2961539229175722	25200.28200335186	7.702727376735828e-10
240.54054054054055	0.29631856793743916	25185.95244336965	7.711499526632026e-10
240.81581581581582	0.2965170243154326	25171.63103170091	7.720281527203193e-10
241.0910910910911	0.29671264383411083	25157.317763712148	7.729073385936449e-10
241.36636636636638	0.2969004976019375	25143.012634772524	7.737875113732311e-10
241.64164164164166	0.2971466551487958	25128.715640253875	7.746686674873557e-10
241.91691691691693	0.2973978168959025	25114.42677553065	7.755508062408883e-10
242.1921921921922	0.29750165527028416	25100.146035979727	7.764339405724615e-10
242.4674674674675	0.2975327926529906	25085.873416980714	7.773180780060384e-10
242.74274274274276	0.2976700449468278	25071.608913916032	7.782032105517023e-10
243.01801801801804	0.2979037763699969	25057.352522170717	7.790893299750955e-10
243.29329329329332	0.2981781359064914	25043.104237132367	7.799764316057538e-10
243.56856856856857	0.2985067915652344	25028.864054191232	7.808645075684308e-10
243.84384384384384	0.2988595591113744	25014.63196874013	7.817535517632627e-10
244.11911911911912	0.2990974808115314	25000.40797617436	7.826435785663407e-10
244.3943943943944	0.2992177910775288	24986.192071891837	7.835346062294627e-10
244.66966966966967	0.29938009871591353	24971.984251293252	7.844266287948606e-10
244.94494494494495	0.2995360494992565	24957.78450978188	7.853196478072625e-10
245.22022022022023	0.29951730949064653	24943.592842763414	7.862136939817587e-10
245.4954954954955	0.29945503946151303	24929.40924564629	7.871087753379025e-10
245.77077077077078	0.29954965341084294	24915.233713841797	7.880048670648134e-10
246.04604604604606	0.29972225263623903	24901.066242763736	7.889019568965183e-10
246.32132132132134	0.2998594584641173	24886.90682782839	7.898000514669618e-10
246.5965965965966	0.29994460133917283	24872.75546445463	7.906991609791062e-10
246.8718718718719	0.3000351506484988	24858.612148063996	7.915992854954309e-10
247.14714714714717	0.3002684561108125	24844.47687408079	7.925003986307345e-10
247.42242242242244	0.30062088111849894	24830.349637931882	7.934024742163201e-10
247.69769769769772	0.30092767574157614	24816.230435046564	7.943055180447231e-10
247.972972972973	0.3011397295277073	24802.11926085667	7.952095497830802e-10
248.24824824824825	0.30128144918696825	24788.016110796652	7.961145860588654e-10
248.52352352352352	0.30140703414747094	24773.920980303636	7.970206312134573e-10
248.7987987987988	0.3015563100524664	24759.833864817363	7.979276793772964e-10
249.07407407407408	0.30169475999387435	24745.75475978015	7.988357334736027e-10
249.34934934934935	0.30181150403001533	24731.683660636874	7.997447996811767e-10
249.62462462462463	0.30196391306003956	24717.620562835087	8.006548681388003e-10
249.8998998998999	0.30216062059610416	24703.565461824932	8.0156592532505e-10
250.17517517517518	0.30234996717480617	24689.51835305907	8.024779721494213e-10
250.45045045045046	0.302521095955865	24675.47923199274	8.0339101315488e-10
250.72572572572574	0.30269849857093534	24661.4480940838	8.043050452080176e-10
251.00100100100101	0.3029379430257702	24647.424934792747	8.052200453212802e-10
251.2762762762763	0.30327363467205704	24633.4097495827	8.061359744002631e-10
251.55155155155157	0.30360336588335696	24619.402533919252	8.070528267272415e-10
251.82682682682685	0.30384600112854365	24605.40328327046	8.079706299678325e-10
252.10210210210212	0.3040464202055297	24591.411993107035	8.088893972048752e-10
252.3773773773774	0.3042270195572506	24577.428658902267	8.098091335066843e-10
252.65265265265268	0.30435534345555876	24563.453276131993	8.107298596298431e-10
252.92792792792793	0.30442653798992636	24549.48584027462	8.116516008316749e-10
253.2032032032032	0.3044704921926378	24535.526346811148	8.125743702204779e-10
253.47847847847848	0.3045825874610705	24521.574791225263	8.134981353601919e-10
253.75375375375376	0.3048462614522542	24507.631169003307	8.144228180126003e-10
254.02902902902903	0.30511106196934834	24493.69547563404	8.153484090842869e-10
254.3043043043043	0.30524690581689545	24479.767706608607	8.162749709680626e-10
254.5795795795796	0.3053980781292787	24465.8478574209	8.17202491759481e-10
254.85485485485486	0.3056377628519772	24451.935923567456	8.181309148580999e-10
255.13013013013014	0.30583151747960197	24438.031900547216	8.190602589861241e-10
255.40540540540542	0.3059301128244408	24424.135783861624	8.199905772926014e-10
255.6806806806807	0.30600020150833135	24410.24756901475	8.209218857168411e-10
255.95595595595597	0.30613235324681404	24396.367251513337	8.218541412612467e-10
256.2312312312313	0.3063951001469774	24382.494826866765	8.227872477780256e-10
256.5065065065065	0.3066347854718764	24368.63029058677	8.237212073970413e-10
256.7817817817818	0.3066837679844597	24354.77363818747	8.246561504301408e-10
257.0570570570571	0.30665356792731274	24340.92486518565	8.255921364449862e-10
257.3323323323324	0.3066779905296883	24327.083967100796	8.265291257123766e-10
257.60760760760763	0.3067957786559235	24313.250939454996	8.274670430666437e-10
257.8828828828829	0.3069749315072181	24299.425777772838	8.284058310156704e-10
258.15815815815813	0.30711510286230964	24285.60847758134	8.29345511876842e-10
258.43343343343344	0.30726498038150074	24271.79903441012	8.302860678764363e-10
258.70870870870874	0.3075715083295437	24257.997443791515	8.312273418067887e-10
258.983983983984	0.3079412365896264	24244.203701260285	8.321692427826863e-10
259.25925925925924	0.3081970029388503	24230.41780235354	8.331118493004534e-10
259.53453453453454	0.30834753601231685	24216.63974261091	8.340552465817676e-10
259.80980980980985	0.3084513590922838	24202.869517574654	8.34999469604799e-10
260.0850850850851	0.30855085286245487	24189.107122789606	8.359445108117274e-10
260.36036036036035	0.3086724551249726	24175.352553803164	8.368903308399243e-10
260.63563563563565	0.30882209059641075	24161.605806165255	8.378368780668115e-10
260.91091091091096	0.3090355506718893	24147.866875428397	8.387840475669591e-10
261.1861861861862	0.30936234507987886	24134.135757147687	8.397316505563135e-10
261.46146146146145	0.3096423000966888	24120.412446880553	8.406796956771431e-10
261.73673673673676	0.3096496461260178	24106.696940186688	8.416285365031783e-10
262.01201201201206	0.30956722840641426	24092.98923262854	8.42578304132558e-10
262.2872872872873	0.30963487958021735	24079.289319771346	8.435287673637527e-10
262.56256256256256	0.309748489632445	24065.59719718274	8.444798316224786e-10
262.8378378378378	0.3098215625758871	24051.912860432778	8.454315385045076e-10
263.1131131131131	0.3099588008797764	24038.236305094164	8.463837505074211e-10
263.3883883883884	0.3102306126319903	24024.567526742198	8.473361755959751e-10
263.66366366366367	0.31062610585874	24010.906520954697	8.482884907767921e-10
263.9389389389389	0.3110093842408509	23997.253283311802	8.492405988735702e-10
264.2142142142142	0.3111776570628795	23983.60780939596	8.501928449601101e-10
264.48948948948953	0.3111402215180109	23969.97009479211	8.511456342542906e-10
264.7647647647648	0.31102303773700113	23956.340135087878	8.520991488311565e-10
265.04004004004	0.3110172891496438	23942.7179258736	8.530531243729294e-10
265.31531531531533	0.31122595140164555	23929.10346274226	8.540069780706481e-10
265.59059059059064	0.3114767954189088	23915.496741289142	8.549604926419177e-10
265.8658658658659	0.3116674909186989	23901.897757111907	8.559137158957395e-10
266.14114114114113	0.3118710891498649	23888.306505810808	8.568664949363509e-10
266.41641641641644	0.3120893579612321	23874.722982988602	8.57818652058834e-10
266.69169169169174	0.31224988703078455	23861.147184250458	8.587702346116189e-10
266.966966966967	0.3123807135431599	23847.579105204095	8.597212174854197e-10
267.24224224224224	0.3125465966836427	23834.018741459775	8.606713409343665e-10
267.5175175175175	0.31266838459787555	23820.466088630175	8.616206232526744e-10
267.7927927927928	0.3126722269205714	23806.92114233039	8.625694209431863e-10
268.0680680680681	0.3126720381119197	23793.383898178137	8.635176799681534e-10
268.34334334334335	0.31275904688337114	23779.854351793732	8.644649193000316e-10
268.6186186186186	0.31290378250018136	23766.33249879994	8.654107114828898e-10
268.8938938938939	0.313055381571429	23752.818334821957	8.663548204817652e-10
269.1691691691692	0.3131571239327739	23739.31185548741	8.672972991813703e-10
269.44444444444446	0.31319468517845545	23725.813056426385	8.682383283221271e-10
269.7197197197197	0.3131975855664845	23712.321933271487	8.691779765190752e-10
269.994994994995	0.3132856503017264	23698.838481657953	8.701155711894061e-10
270.2702702702703	0.3135442648038575	23685.362697223605	8.710497171076779e-10
270.54554554554556	0.3137435610298524	23671.894575608476	8.719804056512093e-10
270.8208208208208	0.3137293547951711	23658.434112454877	8.72908886958221e-10
271.0960960960961	0.31373531656534015	23644.98130340788	8.738348446627485e-10
271.3713713713714	0.3138680339119507	23631.53614411517	8.74756990982029e-10
271.6466466466467	0.31396615003264217	23618.09863022671	8.756752551853521e-10
271.9219219219219	0.31401926881268216	23604.668757394913	8.765897122961873e-10
272.19719719719717	0.3141601851829492	23591.24652127485	8.774991371167669e-10
272.4724724724725	0.3143711449896819	23577.831917524014	8.784022539359808e-10
272.7477477477478	0.31456484168579507	23564.42494180228	8.792985707499895e-10
273.02302302302303	0.3147543821892326	23551.025589772005	8.801874121788624e-10
273.2982982982983	0.3149652629645236	23537.633857098033	8.810677016899671e-10
273.5735735735736	0.315155317873077	23524.24973944763	8.819388069557631e-10
273.8488488488489	0.31527910553340627	23510.873232490463	8.828007707769648e-10
274.12412412412414	0.31531167477833794	23497.504331898635	8.836542178795552e-10
274.3993993993994	0.31529327415229313	23484.143033346765	8.844993977000781e-10
274.6746746746747	0.3153299436152486	23470.789332512042	8.853347951810119e-10
274.94994994995	0.31545223232108693	23457.443225074177	8.861580017424657e-10
275.22522522522524	0.31562786097584733	23444.104706715287	8.869667830142662e-10
275.5005005005005	0.3157742635194464	23430.773773119836	8.877603542431184e-10
275.7757757757758	0.3158367861608497	23417.450419974673	8.885392875609141e-10
276.0510510510511	0.31595449073858184	23404.134642969297	8.893009962960148e-10
276.32632632632635	0.3161917696369134	23390.826437795706	8.900406242684852e-10
276.6016016016016	0.31633179791008936	23377.525800148094	8.907586488446787e-10
276.87687687687685	0.3163339371550577	23364.232725723054	8.914574091222881e-10
277.15215215215215	0.3164452010050073	23350.94721021992	8.921318982842412e-10
277.42742742742746	0.31661269213784854	23337.669249340423	8.927778938671903e-10
277.7027027027027	0.3165512892599308	23324.398838788384	8.934015600767931e-10
277.97797797797796	0.3164144308788361	23311.135974270237	8.940049238265375e-10
278.25325325325326	0.3164971669769471	23297.880651495234	8.945776323994125e-10
278.52852852852857	0.3165990341254338	23284.63286617483	8.9511624215094e-10
278.8038038038038	0.3165163033097425	23271.39261402265	8.956273428014247e-10
279.07907907907907	0.3164976463140565	23258.15989075508	8.961062497003858e-10
279.35435435435437	0.3166639638035725	23244.93469209109	8.965401574636289e-10
279.6296296296297	0.3167752336096049	23231.717013751775	8.969282476075901e-10
279.9049049049049	0.3167967345059142	23218.506851460625	8.972726399641561e-10
280.1801801801802	0.31693718091258244	23205.30420094383	8.975616691034736e-10
280.4554554554555	0.3171937151770254	23192.109057930007	8.97781172157225e-10
280.7307307307308	0.3174220282379998	23178.921418150025	8.979259072148321e-10
281.00600600600603	0.31752876595190554	23165.741277337045	8.979989251405007e-10
281.2812812812813	0.3174861968604675	23152.56863122661	8.98008441347478e-10
281.5565565565566	0.3174312676209613	23139.403475556886	8.979521229368775e-10
281.83183183183183	0.31747209551293715	23126.245806068597	8.978157337330369e-10
282.10710710710714	0.3175691320502709	23113.095618504838	8.975865300163945e-10
282.3823823823824	0.3176861890601956	23099.952908611078	8.972540005006024e-10
282.6576576576577	0.3178182068969557	23086.81767213521	8.968068655419574e-10
282.93293293293294	0.31796712996255266	23073.68990482754	8.962320584167757e-10
283.20820820820825	0.3181369547216015	23060.5696024408	8.955140672356961e-10
283.4834834834835	0.31831508812185866	23047.45676073012	8.94637299885775e-10
283.75875875875874	0.3184868870202127	23034.351375453032	8.935869925900534e-10
284.03403403403405	0.3186683003971793	23021.253442369496	8.923437957751026e-10
284.3093093093093	0.31886610133921617	23008.162957241893	8.908843765277547e-10
284.5845845845846	0.31903667228095295	22995.07991583497	8.891925098741082e-10
284.85985985985985	0.31916513673561636	22982.00431391584	8.872554609831413e-10
285.13513513513516	0.3192983993657058	22968.936147254113	8.850484177170088e-10
285.4104104104104	0.31947623251915297	22955.875411621855	8.825316713542056e-10
285.6856856856857	0.3197157422348691	22942.82210279357	8.79652602730749e-10
285.96096096096096	0.3199279349428607	22929.776216546055	8.763800461676481e-10
286.23623623623627	0.31998932314615014	22916.737748658295	8.727297658004166e-10
286.5115115115115	0.3199731279489384	22903.706694911794	8.687019109766647e-10
286.7867867867868	0.32000256440862296	22890.683051090637	8.642483054788495e-10
287.06206206206207	0.32011217424186106	22877.66681298138	8.592947320620562e-10
287.3373373373374	0.32030572930492907	22864.657976372986	8.537486032888819e-10
287.6126126126126	0.32056209558829224	22851.656537056817	8.4750945528639e-10
287.8878878878879	0.32079729297939763	22838.66249082648	8.405109165904508e-10
288.1631631631632	0.3208654655846007	22825.675833477733	8.327851299417272e-10
288.4384384384384	0.32083390158735103	22812.696560808814	8.243448337609312e-10
288.71371371371373	0.3209120183828043	22799.724668620733	8.15049185710604e-10
288.988988988989	0.3210827470667877	22786.76015271689	8.047384249013241e-10
289.2642642642643	0.3212340575959678	22773.803008902883	7.933282102993487e-10
289.53953953953953	0.32132398704196263	22760.85323629284	8.734126493404966e-10
289.81481481481484	0.3213764541215781	22747.910824071576	8.679069250169477e-10
290.0900900900901	0.32153356002382494	22734.975771370384	8.617387756601732e-10
290.3653653653654	0.3218210670846149	22722.048074004615	8.547572038652309e-10
290.64064064064064	0.3220562828388592	22709.12772779171	8.46896941892186e-10
290.91591591591595	0.3221571196163023	22696.214728551324	8.381545981086601e-10
291.1911911911912	0.32215902918348627	22683.309072105574	8.285238640359306e-10
291.4664664664665	0.3221177870193455	22670.41075427901	8.179710286339911e-10
291.74174174174175	0.32209634316929836	22657.519770898685	8.064106882676392e-10
292.01701701701705	0.32214548365200313	22644.63612107235	8.84843763883152e-10
292.2922922922923	0.3222841891327553	22631.759794062513	8.792362103726046e-10
292.5675675675676	0.32244080452488644	22618.890788993638	8.729309413528517e-10
292.84284284284286	0.32258593432980276	22606.02910170222	8.658586614218784e-10
293.1181181181181	0.32280757978377156	22593.17472802727	8.578852902955551e-10
293.3933933933934	0.32311201541502876	22580.32766381018	8.488427961122323e-10
293.66866866866866	0.32339263238574567	22567.487904894584	8.386123018466449e-10
293.94394394394396	0.3235696389506676	22554.655447126304	8.271362134106881e-10
294.2192192192192	0.32360515635208825	22541.83028635346	8.144133142390806e-10
294.4944944944945	0.3235879222133462	22529.01242167443	8.940184810420452e-10
294.76976976976977	0.32364531438430727	22516.20184243315	8.878534890458327e-10
295.0450450450451	0.3238265722042658	22503.398547745735	8.808690548655163e-10
295.3203203203203	0.3240953946712753	22490.602533470123	8.729122917626045e-10
295.5955955955956	0.3242590254369358	22477.813795466274	8.639300505167235e-10
295.8708708708709	0.324301489442013	22465.032329596488	8.538960237394e-10
296.1461461461462	0.3244933800411208	22452.258131725896	8.425777409379766e-10
296.4214214214214	0.3248547868709682	22439.4911977221	8.29659691115285e-10
296.69669669669673	0.32517240919330576	22426.731526678897	9.060848205172345e-10
296.971971971972	0.3254231948740968	22413.979108005624	8.995439597370805e-10
297.2472472472473	0.32566504843609867	22401.233940813603	8.920291175278496e-10
297.52252252252254	0.32578133221479905	22388.496020979233	8.83486180850695e-10
297.7977977977978	0.32568655712854216	22375.765344381078	8.739385537448257e-10
298.0730730730731	0.3255783266595865	22363.041906900384	8.633088421411597e-10
298.34834834834834	0.32560480041156153	22350.325704421037	8.513917036180744e-10
298.62362362362364	0.3257196624767989	22337.61673282922	8.379705353634852e-10
298.8988988988989	0.32588302673527336	22324.91499121198	9.148050868133538e-10
299.1741741741742	0.32608590080405225	22312.220469048654	9.080889212881494e-10
299.44944944944945	0.32631053072086086	22299.533165443925	9.003675479520988e-10
299.72472472472475	0.32653175399918194	22286.853076293115	8.915062811967657e-10
300.0	0.32672425249169434	22274.180197493868	8.813704070289105e-10
