0.007603934976429948	7.283450245009884	6379.921743535625	4.643042481703516	0.004380438575223333
25.0	0.04992691029900332	33212.0	10.0
25.275275275275277	0.05059115205066026	34031.81866503475	9.373849313990318
25.55055055055055	0.051273276875429055	34807.32581673329	8.779247716643699
25.825825825825827	0.052106372316519475	35542.12151406986	8.21361242155161
26.1011011011011	0.05298298541961154	36237.80384542196	7.675815365625231
26.376376376376378	0.05381312958449556	36894.73873046036	7.165624378899421
26.65165165165165	0.05458176446321947	37513.33459538934	6.68277602104691
26.926926926926928	0.055305481197826516	38094.41856304649	6.226701594445601
27.2022022022022	0.05602080133401886	38639.340992713274	5.796450648278573
27.47747747747748	0.05673860296912463	39149.57667542858	5.390980936260943
27.75275275275275	0.05745433254080612	39626.54416320514	5.009289874964925
28.02802802802803	0.058156938617265404	40071.56374316596	4.65044519681859
28.303303303303302	0.05883385792121106	40485.87392893689	4.313573026645913
28.57857857857858	0.0594746259611973	40870.67262472557	3.9978279766507967
28.853853853853856	0.060118709964144	41227.45664715689	3.7021459352691033
29.12912912912913	0.060888474634112344	41558.40946961482	3.4249614413266776
29.404404404404403	0.06179124556963619	41865.48233669946	3.1648762315508447
29.67967967967968	0.06270371155763584	42149.74439111773	2.9211326948450487
29.954954954954957	0.06354149999976916	42411.84818688456	2.69327565057756
30.23023023023023	0.06426256652500487	42652.37031026405	2.4809046678355826
30.505505505505504	0.06490281281583646	42872.17363266129	2.283410331556668
30.78078078078078	0.06554759516717731	43072.500085752035	2.099906430427915
31.056056056056057	0.06634988188667038	43255.05196063995	1.9291704201178155
31.33133133133133	0.06730081685512984	43421.27705814904	1.7701635870244103
31.606606606606608	0.06800952849263243	43571.32423258128	1.6227918664532694
31.88188188188188	0.06849189164479551	43705.60139680045	1.4867724118203867
32.15715715715716	0.0693378703983287	43826.08219454607	1.3606818208547853
32.432432432432435	0.07045866654756434	43934.18109846862	1.2435021583322303
32.70770770770771	0.07125490007095907	44029.87942155445	1.1352579043495896
32.98298298298298	0.07187554087883932	44113.65185992623	1.035614263816013
33.25825825825826	0.07274128021060858	44186.74795328289	0.9436717673343794
33.533533533533536	0.07370721126247891	44250.00363148547	0.8588310478388909
33.808808808808806	0.07453542474842771	44303.8443271615	0.780790937848433
34.08408408408408	0.07520629716402333	44348.71761663635	0.709233769916852
34.35935935935936	0.07579052488340142	44385.19158312061	0.6437537284946493
34.63463463463464	0.07643952690626445	44413.985161629855	0.5838346456129073
34.90990990990991	0.0771366121119936	44435.73293658884	0.5290211479337205
35.18518518518518	0.07770584626282231	44450.866389093724	0.4790052092480094
35.46046046046046	0.07821689093268587	44459.87691331606	0.43343479442983246
35.73573573573574	0.07885715054487015	44463.3637069786	0.39187893183296707
36.01101101101101	0.0795479258594546	44461.804481621715	0.3539945925439724
36.286286286286284	0.08017192362822119	44455.5678992975	0.31951774042970454
36.56156156156156	0.08083828386009657	44445.0649385497	0.28815319974825043
36.83683683683684	0.08161730246995295	44430.70187727301	0.2596088569108255
37.112112112112115	0.08239507617268986	44412.79233791513	0.23365971533084495
37.38738738738739	0.08311447824613424	44391.608015754755	0.21011103531872588
37.66266266266266	0.08381962613332425	44367.42390551439	0.18876543582893504
37.93793793793794	0.08454761534940812	44340.507633833964	0.16943065987977524
38.213213213213216	0.08531069621593183	44311.10782835767	0.15192805093164333
38.488488488488485	0.08600780969631518	44279.42719059415	0.1361121785677805
38.76376376376376	0.08655098624797787	44245.640003630564	0.12185812930919634
39.03903903903904	0.08715760583572982	44209.95980137	0.10901225318930863
39.314314314314316	0.08797885402639448	44172.60351327544	0.09741823991981946
39.58958958958959	0.08876650821484497	44133.71923621938	0.08696971422159896
39.86486486486486	0.08939691388185717	44093.428789170066	0.07757930694420691
40.14014014014014	0.09003991932469806	44051.872634500796	0.06914596533252441
40.41541541541542	0.09073230977200503	44009.18251041885	0.06157486638607533
40.690690690690694	0.0913688691777213	43965.46667602067	0.0547881694482605
40.965965965965964	0.09198548754429701	43920.82906249952	0.04871109044160181
41.24124124124124	0.09268167487686425	43875.37249158312	0.04326956191635459
41.51651651651652	0.09341173783911481	43829.18517934042	0.0384000622987641
41.791791791791795	0.0940971815630728	43782.34197064879	0.03404872975779438
42.06706706706707	0.0947264789379375	43734.91144234467	0.030166201255865607
42.34234234234234	0.09532925904982259	43686.95838382588	0.026705811615017262
42.61761761761762	0.09598583056787481	43638.545252891425	0.02362253665974582
42.892892892892895	0.09667991040397145	43589.72707451046	0.020876710119018812
43.168168168168165	0.09728338741066571	43540.54897093799	0.01843582880089252
43.44344344344344	0.09784143642077558	43491.0541733566	0.016268726996973883
43.71871871871872	0.09850787439013144	43441.28599199741	0.0143441434394279
43.993993993993996	0.09924010558556488	43391.28137907482	0.012635408886249545
44.26926926926927	0.09994311687803067	43341.07123057253	0.01112023194738876
44.54454454454455	0.10068542609928735	43290.6848287494	0.009777469241569596
44.81981981981982	0.10149599620660536	43240.14871823192	0.008587945276676941
45.0950950950951	0.10219923618070967	43189.484084225325	0.007536364140975958
45.37037037037037	0.10273608907299296	43138.70991151021	0.006609013739336111
45.645645645645644	0.10326414207979523	43087.84559550025	0.005791866251788511
45.92092092092092	0.10384369913350885	43036.908994101985	0.005071996471620427
46.1961961961962	0.10442830528787284	42985.91546513786	0.004438284158647227
46.471471471471475	0.10497117357189298	42934.878356984605	0.00388105893328086
46.74674674674675	0.10545255015494413	42883.80954399895	0.003391717381248939
47.02202202202202	0.10598894562606415	42832.720340184474	0.0029620416987515812
47.2972972972973	0.10667106912276368	42781.6210535739	0.0025845432834469264
47.572572572572575	0.10736306919653349	42730.52002115732	0.0022531598419443266
47.847847847847845	0.10796583569370544	42679.42430422268	0.0019627507552891547
48.12312312312312	0.10853245107560375	42628.340465388115	0.001708532342823055
48.3983983983984	0.10912884357683443	42577.27453187835	0.0014861050439245198
48.673673673673676	0.10980743768649716	42526.23191623189	0.0012915116323613625
48.94894894894895	0.11050015161018169	42475.217189511066	0.001121402911472231
49.22422422422423	0.11107721945504581	42424.2341624669	0.0009729793467565234
49.4994994994995	0.11157385618006137	42373.28633786226	0.0008436623400816178
49.77477477477478	0.11209342430701028	42322.37697874835	0.0007310447805376073
50.05005005005005	0.11272460047851843	42271.50903148219	0.0006329473167050356
50.32532532532532	0.11343635835288038	42220.68499576172	0.0005475132790216926
50.6006006006006	0.11393179517041511	42169.906786341795	0.00047330977711575455
50.87587587587588	0.11419460971938813	42119.176149900435	0.00040902464195714827
51.151151151151154	0.11464061430145898	42068.494936493036	0.00035326889515236023
51.42642642642643	0.11529941021071086	42017.864715070085	0.0003048566452663039
51.70170170170171	0.11586447795363806	41967.28665802133	0.00026288941508839035
51.97697697697698	0.11633216733972666	41916.761804114794	0.00022656501435049862
52.252252252252255	0.11685430371650479	41866.29112273081	0.00019513087903419158
52.527527527527525	0.1175079614477129	41815.875465298486	0.00016791949672360492
52.8028028028028	0.11828562356252334	41765.51556018005	0.00014435123080198514
53.07807807807808	0.11900252890645575	41715.2119589914	0.0001239761201964497
53.353353353353356	0.11955930976876525	41664.96513478982	0.00010640026551413242
53.62862862862863	0.12006252119969203	41614.77552321363	9.125660342801221e-05
53.90390390390391	0.12053584677458266	41564.64350139906	7.82202900626526e-05
54.17917917917918	0.12090216438855861	41514.56938036021	6.701429846296312e-05
54.454454454454456	0.12123724781642069	41464.55343365143	5.7388605994454066e-05
54.729729729729726	0.12169507503556076	41414.595902778885	4.911628687462925e-05
55.005005005005	0.12224266908989334	41364.6969793784	4.200651376194882e-05
55.28028028028028	0.12279709910265436	41314.85681153172	3.589999892142438e-05
55.55555555555556	0.12337672926590815	41265.07551891951	3.065799795801338e-05
55.830830830830834	0.12397958193073344	41215.35319498935	2.616075306762319e-05
56.10610610610611	0.12450767982468998	41165.689906805834	2.2307617055847213e-05
56.38138138138139	0.12496068691925016	41116.08570420477	1.901040794504404e-05
56.65665665665666	0.1254787498539113	41066.54062561612	1.61891892986029e-05
56.931931931931935	0.1260562801226082	41017.054693232785	1.3775828305325934e-05
57.20720720720721	0.12657573950374187	40967.627913261786	1.1713862714368773e-05
57.48248248248248	0.12707568491214233	40918.26028256039	9.953636612516493e-06
57.75775775775776	0.12764016553898128	40868.95178997774	8.451335447375287e-06
58.033033033033036	0.1281780277960513	40819.70241438206	7.170411286721357e-06
58.30830830830831	0.12861059222698915	40770.51212701031	6.079880496181628e-06
58.58358358358358	0.12904208235731965	40721.38089467276	5.152017691214007e-06
58.85885885885886	0.1295211442187653	40672.30867917419	4.362775502716833e-06
59.134134134134136	0.12995425875751232	40623.29543683634	3.692118426452277e-06
59.40940940940941	0.1303524885270645	40574.34112030656	3.12272334087262e-06
59.68468468468468	0.1308348634697953	40525.445679524644	2.6392944926068697e-06
59.95995995995996	0.13135801044484782	40476.60906106681	2.229020772683845e-06
60.23523523523524	0.13180008240108396	40427.83120852147	1.8812913163170056e-06
60.510510510510514	0.1322162322185919	40379.11206373729	1.586816289218669e-06
60.78578578578579	0.1326852819000745	40330.45156700278	1.3375028712135656e-06
61.06106106106106	0.1331262811068371	40281.849656793354	1.1266126828079676e-06
61.33633633633634	0.13350038568386885	40233.30627024448	9.484247232368039e-07
61.611611611611615	0.13392928729706824	40184.82134365952	7.978983788228625e-07
61.88688688688689	0.13444529074425324	40136.39481238731	6.707471336335996e-07
62.16216216216216	0.13494408031057262	40088.0266107832	5.634375359067753e-07
62.43743743743744	0.1353782900419132	40039.71667250789	4.7298233718503964e-07
62.712712712712715	0.13576157612235856	39991.46493072196	3.9681283082681513e-07
62.98798798798799	0.13617854166062093	39943.271318222905	3.32698079306477e-07
63.26326326326326	0.13670668170431144	39895.13576747275	2.7872600897603467e-07
63.53853853853854	0.13723814479917548	39847.05821294935	2.3334973516512362e-07
63.813813813813816	0.13768574855364263	39799.038587116724	1.9525406356058072e-07
64.0890890890891	0.1381552857883212	39751.076821736744	1.632852063077623e-07
64.36436436436436	0.13867664108870315	39703.1728484138	1.3646531969125064e-07
64.63963963963964	0.1391165605286043	39655.32659859471	1.1399316055337947e-07
64.91491491491492	0.13950953519753576	39607.53800365408	9.51809432425704e-08
65.1901901901902	0.14004513075482697	39559.80699493291	7.94259032039281e-08
65.46546546546547	0.14065934307044242	39512.13350370728	6.623387873899002e-08
65.74074074074073	0.14116819276464795	39464.51746120825	5.520479427836992e-08
66.01601601601601	0.1416070558761301	39416.95879867323	4.599460191900104e-08
66.29129129129129	0.1420504503838381	39369.45744735644	3.83076592118006e-08
66.56656656656656	0.14243532269967177	39322.01333852687	3.189833792212667e-08
66.84184184184184	0.1427567588416495	39274.626403484086	2.6559278250653536e-08
67.11711711711712	0.14317806736711397	39227.29657357274	2.211080412246482e-08
67.3923923923924	0.14371690555557198	39180.023780178795	1.840365707236367e-08
67.66766766766767	0.14420344648977787	39132.807954731376	1.5317609291651112e-08
67.94294294294295	0.1446625580039877	39085.649028717286	1.2750761462645554e-08
68.21821821821823	0.14524206427776457	39038.546933686484	1.061545814328465e-08
68.4934934934935	0.145847526962083	38991.50160124932	8.840268995234422e-09
68.76876876876878	0.14632389320343378	38944.51296308058	7.366904118906627e-09
69.04404404404404	0.1467384143989286	38897.58095092619	6.145333700599713e-09
69.31931931931932	0.14717295580013315	38850.705496604125	5.132986940438389e-09
69.5945945945946	0.14759670984455853	38803.886532004624	4.294600764126663e-09
69.86986986986987	0.14797989330427055	38757.1239890918	3.600878708373096e-09
70.14514514514515	0.1483222490941866	38710.41779990525	3.0273253617307023e-09
70.42042042042041	0.14866249290138847	38663.767896561105	2.553373208092252e-09
70.69569569569569	0.1490648201070552	38617.174211252815	2.1617777816471503e-09
70.97097097097097	0.1495084814748951	38570.63667625139	1.8383451817214423e-09
71.24624624624624	0.1499360345212156	38524.15522390597	1.5714220301703637e-09
71.52152152152152	0.15035934534992806	38477.729786644544	1.3512929661255249e-09
71.7967967967968	0.15080270866626727	38431.36029697438	1.169861114869949e-09
72.07207207207207	0.1512541532960635	38385.046687482136	1.0204314027163995e-09
72.34734734734735	0.15170109949988012	38338.78889083414	8.974632941553481e-10
72.62262262262263	0.1521437205834891	38292.58683977656	7.963606578776602e-10
72.8978978978979	0.15259546621993803	38246.44046713555	7.133068945894432e-10
73.17317317317318	0.1530815401490455	38200.34970581736	6.451339609738002e-10
73.44844844844846	0.1536014337997472	38154.31448880829	5.892278931685474e-10
73.72372372372374	0.1541337833527271	38108.334749174806	5.43437445789852e-10
73.998998998999	0.15464276115177453	38062.41042006347	5.059920911302844e-10
74.27427427427428	0.15508699575546686	38016.541434700935	4.754317156040926e-10
74.54954954954955	0.1554274471928315	37970.72772639398	4.50548899146242e-10
74.82482482482483	0.15567837852282643	37924.96922852948	4.3033736626684994e-10
75.1001001001001	0.1559765501223627	37879.26587457443	4.139498924667466e-10
75.37537537537537	0.15637797505347337	37833.61759807581	4.006893646308735e-10
75.65065065065065	0.156801625750187	37788.02433266049	3.8999320468550895e-10
75.92592592592592	0.15723194256737297	37742.48601203515	3.8140034249498074e-10
76.2012012012012	0.15771029611827192	37697.00256998627	3.7453015581006905e-10
76.47647647647648	0.1581826302218442	37651.57394037998	3.690727307127546e-10
76.75175175175175	0.1585713112934256	37606.20005716203	3.647750702607451e-10
77.02702702702703	0.15895054415045182	37560.88085435766	3.6142645398949154e-10
77.30230230230231	0.15939011911990583	37515.61626607169	3.5885296703959204e-10
77.57757757757759	0.1598007339265398	37470.40622648819	3.5691381961341256e-10
77.85285285285286	0.160142907897716	37425.25066987051	3.554936706271972e-10
78.12812812812814	0.16051595443722072	37380.14953056123	3.5449700739629846e-10
78.40340340340342	0.16095542500399546	37335.10274298205	3.5384582464784785e-10
78.67867867867868	0.16141396921403542	37290.11024163366	3.5347679330270567e-10
78.95395395395396	0.1618754590567376	37245.171961095635	3.53338206808635e-10
79.22922922922923	0.16233495818694196	37200.28783602637	3.533877950657418e-10
79.50450450450451	0.16270227753616653	37155.45780116295	3.5359090896755523e-10
79.77977977977977	0.1629301105493424	37110.68179132102	3.5391897262930537e-10
80.05505505505505	0.16326677487972857	37065.95974139497	3.543490633855907e-10
80.33033033033033	0.1638251111856794	37021.29158635767	3.5486303410534914e-10
80.6056056056056	0.16426548139647856	36976.677261260134	3.5544526394016476e-10
80.88088088088088	0.16450160643776002	36932.116701231644	3.5608259000289863e-10
81.15615615615616	0.16485492700492205	36887.60984147976	3.5676536996228346e-10
81.43143143143143	0.16533064378261414	36843.15661729019	3.574858758277548e-10
81.70670670670671	0.1656785471599994	36798.75696402642	3.5823684989136624e-10
81.98198198198199	0.1659470323965394	36754.41081712988	3.590125506916737e-10
82.25725725725727	0.16629923322104995	36710.118112119875	3.59809014014873e-10
82.53253253253254	0.16668895075627937	36665.878784593406	3.606228443716981e-10
82.80780780780782	0.16703011777111523	36621.69277022499	3.6145090682944556e-10
83.0830830830831	0.16730521586046762	36577.56000476668	3.6229057393445786e-10
83.35835835835836	0.16754382306208968	36533.48042404794	3.631398495183096e-10
83.63363363363364	0.16783179824040817	36489.45396397564	3.639975192061459e-10
83.90890890890891	0.16818498365402615	36445.48056053388	3.648626815780984e-10
84.18418418418419	0.16854313173597563	36401.56014978386	3.6573432778074575e-10
84.45945945945945	0.1688719339417914	36357.69266786381	3.666114804239567e-10
84.73473473473473	0.16916243698673772	36313.8780509889	3.6749330738826417e-10
85.01001001001	0.16944593762602492	36270.1162354512	3.6837928689680015e-10
85.28528528528528	0.16976313433350032	36226.40715761955	3.6926919409582334e-10
85.56056056056056	0.17013302494691046	36182.75075393951	3.701629401888895e-10
85.83583583583584	0.17054265267816246	36139.14696093318	3.710603922040003e-10
86.11111111111111	0.1709233001796014	36095.59571519915	3.719611126801869e-10
86.38638638638639	0.17125461039830286	36052.09695341237	3.7286465221871944e-10
86.66166166166167	0.17158590468298066	36008.650612324134	3.7377088846143954e-10
86.93693693693695	0.1719415643968529	35965.25662876197	3.746798416700426e-10
87.21221221221222	0.17232008164092932	35921.914939629525	3.755915215056109e-10
87.4874874874875	0.17270073607097441	35878.62548190646	3.765058362125219e-10
87.76276276276278	0.1730560807225956	35835.38819264838	3.7742258034438165e-10
88.03803803803804	0.17336919278062116	35792.20300898672	3.7834150860816074e-10
88.31331331331332	0.1736634697091818	35749.06986812867	3.792625391896847e-10
88.58858858858859	0.17405959797283552	35705.98870735719	3.801861919786454e-10
88.86386386386387	0.174568342997609	35662.95946403081	3.811129349899247e-10
89.13913913913915	0.17500617139783967	35619.98207558345	3.820422531031412e-10
89.41441441441442	0.17533928912123825	35577.05647952437	3.829735727143704e-10
89.68968968968969	0.1756903683621076	35534.18261343821	3.8390703213484943e-10
89.96496496496496	0.17609259471920308	35491.360414984876	3.8484290342158554e-10
90.24024024024024	0.1765108695922744	35448.589821899346	3.857812340859068e-10
90.51551551551552	0.17685247850889946	35405.87077199158	3.867216138289465e-10
90.7907907907908	0.17705784432602775	35363.20320314641	3.8766342920841955e-10
91.06606606606607	0.17724898712280407	35320.58705332365	3.886067853683913e-10
91.34134134134135	0.1775458076724515	35278.02226055792	3.895523486542537e-10
91.61661661661662	0.17798443826534494	35235.508762958554	3.9050082532428287e-10
91.8918918918919	0.17849333739948875	35193.04649870941	3.9145242995605484e-10
92.16716716716716	0.17889534134891627	35150.63540606871	3.9240647331139376e-10
92.44244244244244	0.17921107340503625	35108.27542336909	3.9336250976825355e-10
92.71771771771772	0.17959247914590312	35065.96648901762	3.943209249774138e-10
92.992992992993	0.1800161712728378	35023.70854149555	3.9528191207978583e-10
93.26826826826827	0.18038343315648017	34981.50151935822	3.962451456876519e-10
93.54354354354355	0.18062569788833283	34939.34536123495	3.972100366070841e-10
93.81881881881883	0.18076698898731058	34897.240005829015	3.9817623686324293e-10
94.0940940940941	0.18103996236858266	34855.185391917745	3.9914460333651256e-10
94.36936936936937	0.18152277860219598	34813.18145835229	4.001161956272158e-10
94.64464464464464	0.1820159711925031	34771.228144057335	4.0109088185586485e-10
94.91991991991992	0.18242114627829506	34729.32538803112	4.0206807933506297e-10
95.1951951951952	0.1827587283023322	34687.47312934537	4.030474284099949e-10
95.47047047047047	0.18307461982376383	34645.67130714533	4.0402887008148073e-10
95.74574574574575	0.18341330202316303	34603.91986064952	4.050125757865408e-10
96.02102102102103	0.1837447293434551	34562.218729149754	4.059985357240005e-10
96.2962962962963	0.1840313547910707	34520.567852010936	4.06986560597217e-10
96.57157157157158	0.1842936512156207	34478.96716867108	4.0797660243335213e-10
96.84684684684684	0.18458172804946438	34437.416618641175	4.089688692020902e-10
97.12212212212212	0.1849758007037103	34395.9161415052	4.099639174128295e-10
97.3973973973974	0.18543291044496504	34354.465676919885	4.109619764924407e-10
97.67267267267268	0.18577988906083154	34313.06516461457	4.119623822048477e-10
97.94794794794795	0.1860628796087519	34271.71454439124	4.1296483892892497e-10
98.22322322322323	0.18645315851429103	34230.41375612453	4.139699525576166e-10
98.4984984984985	0.18685530657736094	34189.16273976151	4.1497773384418517e-10
98.77377377377378	0.1871179434149082	34147.96143532144	4.1598745232212024e-10
99.04904904904905	0.18733903059417972	34106.80978289599	4.1699901533895604e-10
99.32432432432432	0.18760584684371864	34065.707722649044	4.180127788010895e-10
99.5995995995996	0.18783162859729674	34024.65519481656	4.190285985174878e-10
99.87487487487488	0.1880067879268242	33983.65213970648	4.2004631572530617e-10
100.15015015015015	0.18825941720226044	33942.69849769878	4.210664355267488e-10
100.42542542542543	0.18854312145907354	33901.79420924525	4.220891277669373e-10
100.70070070070071	0.18868025880729836	33860.93921486932	4.2311365396403347e-10
100.97597597597598	0.18880373745042023	33820.133455166164	4.241400899610491e-10
101.25125125125126	0.18914628370323608	33779.37687080273	4.251696427537778e-10
101.52652652652652	0.18956454442644516	33738.66940251734	4.262025532460501e-10
101.8018018018018	0.1898768045135242	33698.01099111963	4.27238114487292e-10
102.07707707707708	0.19015349240695076	33657.40157749057	4.2827612191088325e-10
102.35235235235236	0.19046585319980686	33616.84110258248	4.2931676878254214e-10
102.62762762762763	0.19080157105964635	33576.32950741878	4.303601466482981e-10
102.90290290290291	0.19112638169781357	33535.86673309394	4.314061587776379e-10
103.17817817817819	0.19139690334872775	33495.452720773406	4.324545161109542e-10
103.45345345345346	0.1916380734730185	33455.08741169351	4.3350511783596473e-10
103.72872872872873	0.19191207525364457	33414.77074716147	4.3455819497125596e-10
104.004004004004	0.1922171503148874	33374.5026685552	4.3561392052458853e-10
104.27927927927928	0.19253933784650282	33334.283117323284	4.366723615068349e-10
104.55455455455456	0.1929195190123462	33294.11203498487	4.377337745955417e-10
104.82982982982983	0.19333944506311973	33253.989363129585	4.387982702130208e-10
105.10510510510511	0.19362330547636408	33213.91504341728	4.3986506088586827e-10
105.38038038038039	0.19377698623917824	33173.88901757813	4.409335643646059e-10
105.65565565565566	0.1940693164355054	33133.91122741272	4.420046679841273e-10
105.93093093093094	0.19453476760793328	33093.98161479182	4.430792356008465e-10
106.2062062062062	0.19500401265195252	33054.1001216561	4.44157095372113e-10
106.48148148148148	0.19539291629779795	33014.266690016135	4.4523769472096905e-10
106.75675675675676	0.19568216700848667	32974.481261952365	4.4632050954369043e-10
107.03203203203203	0.19593797681288574	32934.743779615084	4.474054653274706e-10
107.30730730730731	0.1962251047646507	32895.054185224326	4.4849282940003893e-10
107.58258258258259	0.19653053706783138	32855.412421069756	4.4958274564342744e-10
107.85785785785787	0.19683278086153788	32815.818429510575	4.5067521962741257e-10
108.13313313313314	0.19712004043932166	32776.272152975434	4.5177019810924037e-10
108.4084084084084	0.19740288745692786	32736.773533962354	4.5286769427474937e-10
108.68368368368368	0.19770649178964533	32697.32251503868	4.5396784600610014e-10
108.95895895895896	0.1979659986477451	32657.91903884091	4.5507043624753667e-10
109.23423423423424	0.19809234722331245	32618.56304807461	4.5617485127754e-10
109.50950950950951	0.19821231963743224	32579.25448551447	4.572812543218587e-10
109.78478478478479	0.19848779765718927	32539.99329400428	4.5839058770708383e-10
110.06006006006007	0.19890389934958558	32500.779416456702	4.5950350777010774e-10
110.33533533533534	0.19938101015957596	32461.61279585311	4.6062012210481615e-10
110.61061061061062	0.1997889528502705	32422.49337524349	4.617398579409784e-10
110.88588588588588	0.20007593152352598	32383.421097746435	4.628620126839469e-10
111.16116116116116	0.2003005571380634	32344.395906549093	4.6398634156325695e-10
111.43643643643644	0.20053456835602276	32305.417744907165	4.6511301980595746e-10
111.71171171171171	0.2008425764518144	32266.48655614477	4.662425109761664e-10
111.98698698698699	0.20119301161432598	32227.602283654298	4.673750144304493e-10
112.26226226226227	0.20152434563276894	32188.764870896306	4.685103736665846e-10
112.53753753753755	0.20185347378218033	32149.974261399508	4.696485551512981e-10
112.81281281281282	0.20219425601735735	32111.230398760672	4.707896048308631e-10
113.08808808808809	0.20249278887440766	32072.533226644486	4.719332860278804e-10
113.36336336336336	0.20275080135679932	32033.88268878354	4.730794269737282e-10
113.63863863863864	0.2030729023634742	31995.278728978305	4.742284287812962e-10
113.91391391391392	0.2034660351018112	31956.721291096983	4.753806367753663e-10
114.1891891891892	0.2038387826457099	31918.210319075355	4.765358525115471e-10
114.46446446446447	0.2041816164394647	31879.745756916738	4.776938764490382e-10
114.73973973973975	0.20452061086051615	31841.32754869196	4.788546897815691e-10
115.01501501501502	0.20478108593285094	31802.955638539177	4.800178990302234e-10
115.2902902902903	0.2049207178407593	31764.62997066384	4.811829881401838e-10
115.56556556556556	0.20513229827349005	31726.35048933878	4.823505471306144e-10
115.84084084084084	0.2055062250902898	31688.117138904065	4.835214923525881e-10
116.11611611611612	0.2058317532236631	31649.929863766665	4.846954500630988e-10
116.3913913913914	0.2060295920451474	31611.78860840048	4.858717293600919e-10
116.66666666666667	0.20622142275377417	31573.693317346406	4.870504259442055e-10
116.94194194194195	0.2064662762235451	31535.643935212247	4.88231917567537e-10
117.21721721721723	0.20676316475027778	31497.640406672537	4.894164902243598e-10
117.4924924924925	0.20708744791709574	31459.68267646847	4.906042378982291e-10
117.76776776776778	0.20739625933936803	31421.77068940779	4.917950135377051e-10
118.04304304304304	0.20761237198064605	31383.90439036469	4.929883085507953e-10
118.31831831831832	0.20773832019802155	31346.08372427978	4.941837486057198e-10
118.5935935935936	0.20799813767357628	31308.308636160233	4.953822051017232e-10
118.86886886886887	0.20845076907728272	31270.57907107953	4.965846506483823e-10
119.14414414414415	0.20886144534665388	31232.894974177154	4.977906158058414e-10
119.41941941941943	0.20919449759673317	31195.256290658646	4.989995588654683e-10
119.6946946946947	0.20960064496151187	31157.662965795727	5.002118484166599e-10
119.96996996996998	0.20998869561897976	31120.114944925986	5.014272945223727e-10
120.24524524524524	0.21019410753450446	31082.61217345274	5.026449013028293e-10
120.52052052052052	0.21044720537263154	31045.15459684529	5.038651067205032e-10
120.7957957957958	0.2109635190155511	31007.74216063885	5.05089364788524e-10
121.07107107107107	0.21147378599504485	30970.37481043404	5.063173846098787e-10
121.34634634634635	0.21177627239047145	30933.05249189684	5.075478980486804e-10
121.62162162162163	0.21198176997982862	30895.775150758807	5.087805194302481e-10
121.8968968968969	0.21222892356049777	30858.542732817023	5.100156787941082e-10
122.17217217217218	0.21263139719408666	30821.355183933993	5.112542963032111e-10
122.44744744744746	0.21307600345803354	30784.212450037357	5.124964826808809e-10
122.72272272272272	0.21333164836595997	30747.114477119707	5.1374111910122e-10
122.997997997998	0.21348704614112002	30710.06121123879	5.149878214823655e-10
123.27327327327328	0.21371876497660863	30673.052598517534	5.162372218908843e-10
123.54854854854855	0.21398565560657196	30636.088585143745	5.174895865619725e-10
123.82382382382383	0.2142376470820002	30599.16911737003	5.187448573220578e-10
124.0990990990991	0.21453485535528793	30562.294141513823	5.200033065970393e-10
124.37437437437438	0.2148708452729765	30525.46360395725	5.212651089222755e-10
124.64964964964966	0.21512773613235472	30488.677451146934	5.225297799312014e-10
124.92492492492492	0.2153332455891926	30451.93562959406	5.237971001519951e-10
125.2002002002002	0.21563029643652032	30415.238085874404	5.250676564017829e-10
125.47547547547548	0.21595013459383583	30378.584766628053	5.263415329338721e-10
125.75075075075075	0.21615403789218074	30341.975618559285	5.276180647453438e-10
126.02602602602603	0.21635665245088193	30305.410588436695	5.288973550353714e-10
126.30130130130131	0.21666821986132062	30268.889623093135	5.3018006547474e-10
126.57657657657658	0.2169364473268029	30232.412669425383	5.314658935318417e-10
126.85185185185186	0.2170815394182937	30195.979674394137	5.327541903627475e-10
127.12712712712714	0.21723958883025898	30159.59058502414	5.340451880138537e-10
127.4024024024024	0.2174674872155997	30123.245348404023	5.353393652007568e-10
127.67767767767768	0.2177122603761236	30086.943911686132	5.366368042344831e-10
127.95295295295296	0.21795247497142092	30050.68622208648	5.37937455236705e-10
128.22822822822823	0.21818958817053816	30014.47222688468	5.392412901872457e-10
128.5035035035035	0.21840787988268162	29978.301873423887	5.405482060463839e-10
128.7787787787788	0.21858275383439266	29942.175109110667	5.418579956785587e-10
129.05405405405406	0.21868383885473452	29906.091881414948	5.431703422708017e-10
129.32932932932934	0.21875322958241405	29870.05213786998	5.44485233496387e-10
129.60460460460462	0.21899532852672812	29834.05582607247	5.458037571173536e-10
129.87987987987987	0.21944723984979417	29798.102893682273	5.471269350503244e-10
130.15515515515517	0.21989310469616896	29762.193288422135	5.484543793533114e-10
130.43043043043042	0.2202260581040542	29726.326958077705	5.4978522467915e-10
130.70570570570572	0.22045801137491702	29690.503850497542	5.511188860447536e-10
130.98098098098097	0.22069688117030759	29654.72391359318	5.524555068685296e-10
131.25625625625628	0.22104473960958454	29618.98709533899	5.537957472951902e-10
131.53153153153153	0.221338913210951	29583.293343771926	5.551392273379269e-10
131.80680680680683	0.22145770134362286	29547.6426069914	5.564850060612227e-10
132.08208208208208	0.22162597257311223	29512.03483315962	5.578335946988437e-10
132.35735735735736	0.2219541125613813	29476.469970501345	5.591859769063282e-10
132.63263263263264	0.2222577697548214	29440.94796730356	5.605418938484891e-10
132.9079079079079	0.2224576051907902	29405.468771915486	5.619007226183461e-10
133.1831831831832	0.22261432527817004	29370.032332748662	5.632623276194772e-10
133.45845845845847	0.22278661657290968	29334.638598276837	5.646269282210448e-10
133.73373373373374	0.22302072671365739	29299.2875170359	5.659949428641131e-10
134.00900900900902	0.22331963445958336	29263.97903762377	5.673667037155101e-10
134.2842842842843	0.22366762673129012	29228.713108700285	5.687423760293316e-10
134.55955955955955	0.22404216379708056	29193.489678987153	5.70121962301714e-10
134.83483483483485	0.22440772159182013	29158.3086972678	5.715052718498493e-10
135.1101101101101	0.22470541360569474	29123.170112387364	5.728918414635798e-10
135.3853853853854	0.2249146572470595	29088.07387325256	5.742812140713194e-10
135.66066066066065	0.2250699773285468	29053.019928831753	5.756732394378207e-10
135.93593593593596	0.2252298919162196	29018.00822815482	5.770681285513643e-10
136.2112112112112	0.22544617797348784	28983.03872031315	5.784663258409765e-10
136.4864864864865	0.2255809408774753	28948.111354459314	5.798674060017704e-10
136.76176176176176	0.22549536794263383	28913.226079807042	5.812702868194657e-10
137.03703703703704	0.22547817288929822	28878.382845631557	5.826757547560955e-10
137.31231231231232	0.22576261468049444	28843.581601269423	5.840856914747452e-10
137.5875875875876	0.22610189570390582	28808.822296118036	5.855001386549955e-10
137.86286286286287	0.22633076596049254	28774.10487963559	5.869182118377152e-10
138.13813813813815	0.2265428038157008	28739.42930134128	5.88339772903849e-10
138.41341341341342	0.22680302266174907	28704.795510815213	5.897650829833466e-10
138.6886886886887	0.22712081195494463	28670.20345769825	5.911943915654511e-10
138.96396396396398	0.22746435008182128	28635.65309169193	5.926277092393957e-10
139.23923923923923	0.22778557339257574	28601.144362558338	5.940647773382106e-10
139.51451451451453	0.22808165389141505	28566.677220120087	5.955053894442284e-10
139.78978978978978	0.22835868578603905	28532.251614260305	5.969494281404722e-10
140.06506506506508	0.22859601688395959	28497.867494922448	5.983966924350442e-10
140.34034034034033	0.22877905875053564	28463.524812110318	5.998469530359338e-10
140.61561561561564	0.22891773850077501	28429.22351588794	6.013000971150005e-10
140.8908908908909	0.22905022941933342	28394.963556379593	6.027562573455776e-10
141.1661661661662	0.22923880882978376	28360.744883769687	6.042158852876711e-10
141.44144144144144	0.22944168042612864	28326.567448302667	6.056790832497837e-10
141.71671671671672	0.2295562175879393	28292.43120028279	6.071453495127501e-10
141.991991991992	0.2296317183114884	28258.336090074274	6.086145917099998e-10
142.26726726726727	0.22975818558980743	28224.28206810124	6.100872531809493e-10
142.54254254254255	0.2298916863314697	28190.269084847507	6.11563416313747e-10
142.81781781781783	0.22999630751286954	28156.29709085653	6.130429401909764e-10
143.0930930930931	0.23014853789707812	28122.366036731448	6.145261580519253e-10
143.36836836836838	0.2303843602300339	28088.475873134965	6.160135255928063e-10
143.64364364364366	0.23065181194394704	28054.626550789184	6.175050870308906e-10
143.9189189189189	0.23091519664859012	28020.818020475566	6.190006732724826e-10
144.1941941941942	0.23116066882254935	27987.050233034835	6.20500081739119e-10
144.46946946946946	0.23136890094013582	27953.32313936698	6.22003053421905e-10
144.74474474474476	0.23152403187812007	27919.636690431114	6.235093071789121e-10
145.02002002002	0.2316502168098441	27885.990837245492	6.250187755980786e-10
145.29529529529532	0.23176753721410587	27852.385530887397	6.265315264443393e-10
145.57057057057057	0.23183877778099124	27818.820722493052	6.280473969170783e-10
145.84584584584587	0.23188615811082927	27785.296363257574	6.295663965212498e-10
146.12112112112112	0.2320618107983829	27751.812404435066	6.310894162312647e-10
146.3963963963964	0.23235516781576093	27718.368797338375	6.326170584110058e-10
146.67167167167167	0.2325618339626038	27684.965493338776	6.341485835461008e-10
146.94694694694695	0.23266097045970385	27651.602443866133	6.35683324483439e-10
147.22222222222223	0.23276473229538716	27618.279600408972	6.372214432442839e-10
147.4974974974975	0.2329283812204193	27584.996914514326	6.387633849918262e-10
147.77277277277278	0.2331676371460029	27551.75433778766	6.403095740801636e-10
148.04804804804806	0.23344401235742293	27518.551821892695	6.418601017676975e-10
148.32332332332334	0.23372479678587743	27485.389318551377	6.434148461010441e-10
148.59859859859858	0.2340238616920642	27452.26677954384	6.449738009015649e-10
148.8738738738739	0.23433056959092302	27419.184156708317	6.465369014215548e-10
149.14914914914914	0.23459251200304382	27386.141401941048	6.481037933936234e-10
149.42442442442444	0.23482671761724103	27353.138467196208	6.496743180634775e-10
149.6996996996997	0.23510097077395595	27320.17530448601	6.51248761005333e-10
149.974974974975	0.2353462800106375	27287.251865880353	6.528269274172924e-10
150.25025025025025	0.23545810384703997	27254.368103506844	6.544080569623028e-10
150.52552552552555	0.23554696980130788	27221.52396955086	6.559922459523735e-10
150.8008008008008	0.2357244463988187	27188.719416255557	6.575802299111798e-10
151.07607607607608	0.23589157204565497	27155.9543959215	6.591719653529586e-10
151.35135135135135	0.2360065992892289	27123.22886090671	6.607671738212852e-10
151.62662662662663	0.2361985477874204	27090.54276362677	6.623664220028679e-10
151.9019019019019	0.2364775602663312	27057.896056554604	6.639701911458824e-10
152.17717717717719	0.23671138157362379	27025.28869222028	6.655780472301081e-10
152.45245245245246	0.23688707639515946	26992.72062321104	6.671895954330354e-10
152.72772772772774	0.23707738395411343	26960.191802171354	6.688049838868617e-10
153.00300300300302	0.23734575209541398	26927.702181802837	6.704247055773048e-10
153.2782782782783	0.23771477811961805	26895.25171486413	6.720492621080924e-10
153.55355355355357	0.23806684536078251	26862.840354170676	6.736783163141993e-10
153.82882882882885	0.23831219039245713	26830.46805259465	6.753110813915815e-10
154.10410410410412	0.23850058200595903	26798.134763065093	6.769472822483794e-10
154.37937937937937	0.23867577925265382	26765.840438567826	6.785869837162616e-10
154.65465465465465	0.23884765540869302	26733.585032145336	6.802302955164652e-10
154.92992992992993	0.23903975565243715	26701.368496896725	6.818774433695967e-10
155.2052052052052	0.2392768502389218	26669.190785977655	6.835287459746799e-10
155.48048048048048	0.2394731208058674	26637.05185260012	6.851839182100526e-10
155.75575575575576	0.23953172776664855	26604.95165003239	6.868421635181576e-10
156.03103103103103	0.23958729156769618	26572.890131599226	6.885037198595816e-10
156.3063063063063	0.239773936374174	26540.867250681782	6.901695834420781e-10
156.5815815815816	0.24001959219465888	26508.882960717317	6.918400475626067e-10
156.85685685685687	0.24025014197923544	26476.93721519911	6.935148761267692e-10
157.13213213213214	0.24045026845152656	26445.029967676466	6.951938046713254e-10
157.40740740740742	0.24059528133090005	26413.16117175464	6.968764900781433e-10
157.6826826826827	0.2406504718577478	26381.330781094748	6.985624693409375e-10
157.95795795795797	0.2406508443010283	26349.538749413805	7.002516205632314e-10
158.23323323323325	0.24067514260003345	26317.78503048469	7.019443424630451e-10
158.50850850850853	0.24078953625366467	26286.069578136074	7.03641339469333e-10
158.7837837837838	0.24101116186148663	26254.39234625229	7.053432377933166e-10
159.05905905905905	0.24119816714935527	26222.753288773074	7.070496182410429e-10
159.33433433433433	0.24129924616166687	26191.152359693595	7.087598568898248e-10
159.6096096096096	0.24152932354101622	26159.589513064744	7.104748397421464e-10
159.88488488488488	0.24191482205689152	26128.064702992815	7.121953841646152e-10
160.16016016016016	0.24220685622744328	26096.577883639104	7.139205344942483e-10
160.43543543543544	0.2424034239033872	26065.12900922013	7.15649581891771e-10
160.7107107107107	0.2426908786104578	26033.718034007838	7.173831795214894e-10
160.985985985986	0.2430396234496083	26002.34491232924	7.191216217142143e-10
161.26126126126127	0.24332963422719664	25971.00959856622	7.208643717104304e-10
161.53653653653654	0.2435295073410628	25939.712047155615	7.226108427931624e-10
161.81181181181182	0.2436773082662647	25908.45221258921	7.243608491966351e-10
162.0870870870871	0.2439260482934859	25877.23004941384	7.261152232839754e-10
162.36236236236238	0.24427924809337542	25846.045512231096	7.27874597487466e-10
162.63763763763765	0.24447885732849298	25814.89855569698	7.296378036548417e-10
162.91291291291293	0.24453520032687934	25783.789134522125	7.314040580802825e-10
163.1881881881882	0.24472108730029132	25752.7172034721	7.331745218758165e-10
163.46346346346348	0.24498335062203894	25721.68271736694	7.349497066642606e-10
163.73873873873873	0.24512337760100886	25690.685631080843	7.367287247376915e-10
164.014014014014	0.24531856595070997	25659.725899542627	7.38512062097454e-10
164.2892892892893	0.24575141008457937	25628.803477735673	7.403012402982668e-10
164.56456456456456	0.24614140750920202	25597.918320697238	7.420955780799532e-10
164.83983983983984	0.24628462615484492	25567.070383518498	7.438932785382241e-10
165.11511511511512	0.2463340769455502	25536.259621344947	7.456940171310067e-10
165.3903903903904	0.24647952838995082	25505.48598937639	7.474987766377745e-10
165.66566566566567	0.2468796353810132	25474.749442866836	7.493092937825427e-10
165.94094094094095	0.2473486536817271	25444.049937123957	7.51125639793669e-10
166.21621621621622	0.24750474267231512	25413.38742750879	7.529454112057216e-10
166.4914914914915	0.24748125573780821	25382.761869436345	7.547677249915835e-10
166.76676676676678	0.24758067295300362	25352.173218375756	7.565938937343612e-10
167.04204204204206	0.247779964128951	25321.621429849783	7.584247245103462e-10
167.31731731731733	0.24799314781414558	25291.106459434694	7.602602498522753e-10
167.5925925925926	0.24820215150043595	25260.628262760263	7.621003792675896e-10
167.8678678678679	0.24838549835767004	25230.186795509693	7.639449105664935e-10
168.14314314314316	0.24850358349377563	25199.782013419554	7.657934421501414e-10
168.4184184184184	0.2485898708949261	25169.413872279798	7.676459032084537e-10
168.6936936936937	0.24873968538860514	25139.082327933782	7.695028672868289e-10
168.96896896896897	0.24895691911790974	25108.78733627809	7.713647791419706e-10
169.24424424424424	0.24918950384292798	25078.528853262378	7.732316236604226e-10
169.51951951951952	0.2493795974877388	25048.306834889314	7.75103013599482e-10
169.7947947947948	0.24950649869680394	25018.121237214564	7.769785351884464e-10
170.07007007007007	0.24967480480548152	24987.97201634688	7.788585797962396e-10
170.34534534534535	0.24993565976064633	24957.85912844799	7.807437713344071e-10
170.62062062062063	0.25019116255991153	24927.782529732314	7.826339187005807e-10
170.8958958958959	0.2503980089743249	24897.742176466993	7.845286004159379e-10
171.17117117117118	0.2505943056331274	24867.738024971903	7.864277668204869e-10
171.44644644644646	0.2507834449587867	24837.770031619577	7.883314074942284e-10
171.72172172172174	0.25094046090361544	24807.838152835076	7.902393520679669e-10
171.996996996997	0.25104246020128185	24777.942345095962	7.921513278234379e-10
172.2722722722723	0.25109586650767163	24748.082564932243	7.940671827467541e-10
172.54754754754757	0.251223044743274	24718.258768926487	7.959876260824422e-10
172.82282282282284	0.25149257293341915	24688.47091371368	7.979136327663764e-10
173.0980980980981	0.25177279132813435	24658.718955980894	7.998450296733864e-10
173.37337337337337	0.25198864286634165	24629.002852467274	8.017811916743455e-10
173.64864864864865	0.2521897686011285	24599.322559964185	8.037220038948233e-10
173.92392392392392	0.2524115916590824	24569.678035315115	8.056676248549771e-10
174.1991991991992	0.2526590116831466	24540.069235415554	8.076182052458291e-10
174.47447447447448	0.25285293155013155	24510.496117212824	8.095733234496244e-10
174.74974974974975	0.25290835544621054	24480.95863770604	8.115321039653918e-10
175.02502502502503	0.25295217269084164	24451.456753946284	8.134947760611664e-10
175.3003003003003	0.25312217804969694	24421.990423036612	8.154624418929478e-10
175.57557557557558	0.2533760375293261	24392.559602131707	8.174356127516195e-10
175.85085085085086	0.25364604535756047	24363.164248437803	8.194142005523035e-10
176.12612612612614	0.2538824575557021	24333.80431921262	8.213978064361798e-10
176.40140140140142	0.2540884037627335	24304.4797717654	8.233861677288521e-10
176.6766766766767	0.25431704414695483	24275.19056345691	8.253794617190799e-10
176.95195195195197	0.2545349053071758	24245.936651699245	8.273775903552726e-10
177.22722722722725	0.2546698138874035	24216.71799395572	8.293799917276703e-10
177.50250250250252	0.2548056726463819	24187.53454774105	8.313868401015602e-10
177.77777777777777	0.2550441101285804	24158.38627062128	8.333989625691416e-10
178.05305305305305	0.25530084250333274	24129.27312021347	8.354163775614582e-10
178.32832832832833	0.25551493470891634	24100.195054185686	8.374386817390873e-10
178.6036036036036	0.25577902615396153	24071.152030257133	8.394662281203122e-10
178.87887887887888	0.25607858512693976	24042.144006197945	8.414991734272172e-10
179.15415415415416	0.2562339965281603	24013.170939828895	8.435363903029143e-10
179.42942942942943	0.25628241681253305	23984.232789021637	8.455773296255687e-10
179.7047047047047	0.25643221858531545	23955.329511698885	8.476230463390731e-10
179.97997997998	0.2566733610023054	23926.461065834075	8.496742316110151e-10
180.25525525525526	0.2569016991712012	23897.627409451117	8.517306599128392e-10
180.53053053053054	0.2571297700924198	23868.82850062453	8.537922604218691e-10
180.80580580580582	0.2573740133821839	23840.064297479403	8.558591007407737e-10
181.0810810810811	0.2575579121765633	23811.334758191144	8.57930697460284e-10
181.35635635635637	0.25767421874154106	23782.639840985576	8.600066563914512e-10
181.63163163163165	0.2578576285545336	23753.979504139043	8.620876433476474e-10
181.90690690690693	0.258100642556417	23725.35370597819	8.641740864122624e-10
182.1821821821822	0.2582448765510816	23696.76240487962	8.6626518082286e-10
182.45745745745745	0.25830280279793494	23668.20555927014	8.68360440945376e-10
182.73273273273273	0.2583960992243825	23639.683127626824	8.704603810082588e-10
183.008008008008	0.2585993389127697	23611.195068476904	8.725659005568743e-10
183.28328328328328	0.2589300266273812	23582.741340397613	8.746777722391489e-10
183.55855855855856	0.2592678233454319	23554.321902015938	8.767956989212148e-10
183.83383383383384	0.25954255037752544	23525.936712008614	8.789189728669945e-10
184.1091091091091	0.25985663860702546	23497.58572910231	8.810478207827903e-10
184.3843843843844	0.2601928902808673	23469.268912073447	8.831822857466838e-10
184.65965965965967	0.26036224655692736	23440.986219747796	8.853210533664397e-10
184.93493493493494	0.260406948421305	23412.737611000837	8.874634899524699e-10
185.21021021021022	0.2605433687367981	23384.52304475794	8.896106934645519e-10
185.4854854854855	0.26079552649400267	23356.342479994	8.91763623597788e-10
185.76076076076077	0.2610904785632814	23328.19587573326	8.939224460643999e-10
186.03603603603605	0.2613605452168111	23300.08319104923	8.960867965700334e-10
186.31131131131133	0.26157302971929947	23272.00438506468	8.982561836460447e-10
186.5865865865866	0.26178503237327116	23243.959416951744	9.004306719181727e-10
186.86186186186188	0.26203362819701065	23215.94824593182	9.026105786510465e-10
187.13713713713713	0.2622990888121153	23187.97083127541	9.047959911316133e-10
187.4124124124124	0.26257007015132766	23160.027132302082	9.069868932322864e-10
187.68768768768768	0.262846710207265	23132.117108380437	9.091832782434955e-10
187.96296296296296	0.26310499453842473	23104.240718928	9.113849709230433e-10
188.23823823823824	0.263310817384429	23076.397923411147	9.135916025096095e-10
188.51351351351352	0.26346138775927647	23048.58868134509	9.158028938492967e-10
188.7887887887888	0.26357232083771	23020.812952293873	9.180187633027903e-10
189.06406406406407	0.2636822835181676	22993.07069587032	9.202394379658303e-10
189.33933933933935	0.26383462073486763	22965.361871735993	9.224653995095386e-10
189.61461461461462	0.2640697931015248	22937.68643960115	9.246972906899039e-10
189.8898898898899	0.26434713837276613	22910.044359224525	9.269352746234347e-10
190.16516516516518	0.26453727787334774	22882.435590413148	9.291785210813227e-10
190.44044044044045	0.2646861709787981	22854.860093022537	9.314267818806223e-10
190.71571571571573	0.264950735654912	22827.317826956878	9.336810404709887e-10
190.990990990991	0.2652664922761751	22799.80875216855	9.359415237076598e-10
191.26626626626629	0.2654952952959278	22772.33282865798	9.38207376057093e-10
191.54154154154156	0.26563914901716673	22744.890016473793	9.404780090974728e-10
191.8168168168168	0.26574386506389697	22717.48027571285	9.427533481226515e-10
192.0920920920921	0.2658672464978311	22690.10356652017	9.450337722686475e-10
192.36736736736736	0.26602044285212395	22662.75984908885	9.47319636901942e-10
192.64264264264264	0.2661430793459307	22635.449083659838	9.496107482112683e-10
192.91791791791792	0.2662462168434583	22608.171230522028	9.519070547974234e-10
193.1931931931932	0.2664030122544653	22580.92625001229	9.542090706653288e-10
193.46846846846847	0.26656471221684475	22553.71410251521	9.56516799376193e-10
193.74374374374375	0.26664094475770134	22526.53474846296	9.588295694357164e-10
194.01901901901903	0.2667195847157777	22499.388148335554	9.611475684759601e-10
194.2942942942943	0.26690960100240163	22472.274262660816	9.634717538150287e-10
194.56956956956958	0.2671838459266002	22445.193052014085	9.658026039541898e-10
194.84484484484486	0.2674800501223835	22418.14447701811	9.681399921597941e-10
195.12012012012013	0.26772347312629835	22391.12849834298	9.704832676287495e-10
195.3953953953954	0.2678992660341688	22364.145076706132	9.728318614309615e-10
195.6706706706707	0.26806185021654355	22337.194172872463	9.751857878451328e-10
195.94594594594597	0.2682229455472151	22310.27574765416	9.77545149784865e-10
196.22122122122124	0.26835899080213843	22283.38976191059	9.799098444294873e-10
196.4964964964965	0.2684380518253977	22256.536176548245	9.822795590927381e-10
196.77177177177177	0.2684632872268746	22229.714952520728	9.846540998283685e-10
197.04704704704704	0.26859729564535256	22202.926050828977	9.870345772582313e-10
197.32232232232232	0.2689239885517525	22176.169432521096	9.894224251660067e-10
197.5975975975976	0.26923909619016095	22149.44505869175	9.91817093191705e-10
197.87287287287288	0.2694472586001315	22122.752890482338	9.942174635499973e-10
198.14814814814815	0.2696705063844646	22096.0928890813	9.96623691244349e-10
198.42342342342343	0.2699433043603161	22069.465015723916	9.990361557750641e-10
198.6986986986987	0.2702091807436956	22042.869231692064	1.0014546929832648e-09
198.97397397397398	0.27045009044858875	22016.30549831428	1.0038790517988194e-09
199.24924924924926	0.27067747532849673	21989.7737769657	1.0063091480455016e-09
199.52452452452454	0.2709360197206876	21963.274029068092	1.0087452731729137e-09
199.7997997997998	0.2712489791669975	21936.80621608977	1.011187817434263e-09
200.0750750750751	0.2715407137427939	21910.370299545342	1.013636471774547e-09
200.35035035035037	0.2717540133052748	21883.96624099568	1.016090577516552e-09
200.62562562562564	0.2719010459815577	21857.59400204802	1.0185497700613716e-09
200.90090090090092	0.27203280047531836	21831.25354435595	1.0210141946268453e-09
201.17617617617617	0.27223066871631185	21804.944829619424	1.0234845936832744e-09
201.45145145145145	0.2725143154118708	21778.66781958457	1.0259616479964233e-09
201.72672672672672	0.27284679726044186	21752.422476043575	1.0284455511924445e-09
202.002002002002	0.2731042076116896	21726.20876083443	1.0309354707191246e-09
202.27727727727728	0.27317883093384954	21700.026635840928	1.0334299787238005e-09
202.55255255255256	0.2731673681053526	21673.876062992967	1.035928836716244e-09
202.82782782782783	0.27319392246174085	21647.757004266557	1.0384328586571308e-09
203.1031031031031	0.2733289473444961	21621.669421683655	1.0409431772757671e-09
203.3783783783784	0.27355376152179967	21595.613277311957	1.0434604457422406e-09
203.65365365365366	0.2737416922440402	21569.588533264636	1.0459841227604978e-09
203.92892892892894	0.2738607145011143	21543.59515170047	1.0485135780141103e-09
204.20420420420422	0.2739657630469997	21517.633094823934	1.0510488104334225e-09
204.4794794794795	0.27410069018829586	21491.70232488515	1.0535901733079038e-09
204.75475475475477	0.27428590683214893	21465.802804179744	1.0561380824462938e-09
205.03003003003005	0.2744612233590866	21439.934495048696	1.0586923525345415e-09
205.30530530530532	0.27455437623399515	21414.097359878226	1.061252278239671e-09
205.5805805805806	0.27453181541016786	21388.29136109982	1.063817098403915e-09
205.85585585585588	0.27443895633288684	21362.51646119031	1.0663866466168783e-09
206.13113113113113	0.2744403192870219	21336.77262267208	1.0689621362737546e-09
206.4064064064064	0.2745675058065074	21311.05980811272	1.0715446798809685e-09
206.68168168168168	0.2747066776496645	21285.377980124726	1.0741341414217133e-09
206.95695695695696	0.27484508538733937	21259.72710136563	1.0767303272477892e-09
207.23223223223223	0.2750337381739745	21234.107134538066	1.0793335220450455e-09
207.5075075075075	0.27527629742143306	21208.518042389613	1.0819439608705693e-09
207.7827827827828	0.27555087931349903	21182.959787712705	1.0845616351746656e-09
208.05805805805807	0.2758124745243957	21157.43233334455	1.0871861758631645e-09
208.33333333333334	0.2760344147633056	21131.935642167067	1.0898171108183712e-09
208.60860860860862	0.27624007045872306	21106.46967710696	1.092454305989701e-09
208.8838838838839	0.27641048482440983	21081.034401135585	1.095097516273411e-09
209.15915915915917	0.2764718297362475	21055.629777268765	1.0977459664996307e-09
209.43443443443445	0.27650486508408023	21030.255768567044	1.1003997834325554e-09
209.70970970970973	0.27669166758020075	21004.912338135855	1.1030605639477734e-09
209.984984984985	0.27698124807745217	20979.59944912498	1.105729009000823e-09
210.26026026026028	0.2772303407604165	20954.317064728355	1.1084044266677866e-09
210.53553553553556	0.2774162919331937	20929.065148184196	1.1110861501124128e-09
210.8108108108108	0.2775771394810764	20903.84366277513	1.1137740342194486e-09
211.08608608608608	0.27781754620652643	20878.652571828206	1.1164688539996635e-09
211.36136136136136	0.2781483203171477	20853.49183871471	1.1191712461135109e-09
211.63663663663664	0.2784133544579799	20828.36142684977	1.121880356175249e-09
211.91191191191191	0.2785735558460683	20803.261299692505	1.1245952658336927e-09
212.1871871871872	0.2787236570797695	20778.19142074628	1.1273161323017536e-09
212.46246246246247	0.2789594197761789	20753.15175355861	1.130043873158404e-09
212.73773773773775	0.2793300964377945	20728.142261721056	1.1327795473300574e-09
213.01301301301302	0.2796220895065118	20703.162908868628	1.1355221009615123e-09
213.2882882882883	0.2796490568314399	20678.213658679786	1.138269234750583e-09
213.56356356356358	0.27965948363428206	20653.294474877253	1.1410214465597754e-09
213.83883883883885	0.279852170078798	20628.405321227878	1.1437807673310274e-09
214.11411411411413	0.28013125060433786	20603.546161541977	1.146547805973377e-09
214.3893893893894	0.280387219799897	20578.716959673275	1.1493220633867432e-09
214.66466466466468	0.28054671746779136	20553.917679518887	1.1521025740204328e-09
214.93993993993996	0.2806589122483106	20529.148285019557	1.1548890886748244e-09
215.21521521521524	0.2808425253644708	20504.40874015971	1.1576824502109687e-09
215.4904904904905	0.2810317692565829	20479.699008967043	1.1604826885508347e-09
215.76576576576576	0.2811288711277605	20455.019055512425	1.1632889932202278e-09
216.04104104104104	0.2812845412183682	20430.368843910295	1.166102095984497e-09
216.31631631631632	0.28162496681909205	20405.74833831864	1.1689235942027504e-09
216.5915915915916	0.28203562021087525	20381.157502938382	1.1717536199322024e-09
216.86686686686687	0.28239873092592677	20356.596302013357	1.1745912568200423e-09
217.14214214214215	0.2826563879667572	20332.064699830367	1.1774353752553887e-09
217.41741741741743	0.28286959236405385	20307.562660719374	1.1802857227824578e-09
217.6926926926927	0.28318573750618886	20283.090149053638	1.1831434020990206e-09
217.96796796796798	0.2835186829122321	20258.647129249162	1.1860084380835948e-09
218.24324324324326	0.2836995395599798	20234.233565764505	1.1888793911182317e-09
218.51851851851853	0.28388523760313633	20209.849423101372	1.1917566288893809e-09
218.7937937937938	0.28423704453269283	20185.49466580458	1.1946418109484223e-09
219.0690690690691	0.2845533855217147	20161.169258461276	1.197534339852811e-09
219.34434434434436	0.2847123944729104	20136.873165701	1.2004327468153697e-09
219.61961961961964	0.28488610642520873	20112.60635219629	1.203337519353482e-09
219.89489489489492	0.28513296718739156	20088.36878266238	1.2062495097110277e-09
220.17017017017017	0.2853423221959567	20064.160421856803	1.2091683455438628e-09
220.44544544544544	0.2854802541653681	20039.981234579485	1.2120934774259931e-09
220.72072072072072	0.2855775135384543	20015.831185672832	1.2150247994747942e-09
220.995995995996	0.2856728399813417	19991.71024002171	1.2179625829740298e-09
221.27127127127127	0.2858099815308407	19967.618362553392	1.220907405162326e-09
221.54654654654655	0.28604125663862184	19943.55551823753	1.2238601319896636e-09
221.82182182182183	0.28634868690754695	19919.521672085964	1.22682120957262e-09
222.0970970970971	0.2865415610221572	19895.516789152287	1.2297892655235715e-09
222.37237237237238	0.286611660014801	19871.54083453218	1.232763284118423e-09
222.64764764764766	0.28684347177898595	19847.59377336401	1.2357450926439656e-09
222.92292292292294	0.2872585937839176	19823.675570828207	1.2387361509059396e-09
223.1981981981982	0.28763069595160684	19799.786192146672	1.2417354581653388e-09
223.4734734734735	0.2878545680317584	19775.925602582985	1.2447413927863074e-09
223.74874874874877	0.28792344711372003	19752.09376744258	1.2477527818579055e-09
224.02402402402404	0.2879674067592087	19728.29065207297	1.2507699827695965e-09
224.29929929929932	0.2881090162138074	19704.516221863712	1.2537943429385703e-09
224.5745745745746	0.2883079700629475	19680.77044224598	1.2568264353748045e-09
224.84984984984985	0.2884914329543556	19657.05327869245	1.259866006673907e-09
225.12512512512512	0.28858717593879013	19633.36469671725	1.2629122376769693e-09
225.4004004004004	0.28860471951869826	19609.70466187608	1.2659646541308048e-09
225.67567567567568	0.28864160314855236	19586.073139766373	1.2690238141067287e-09
225.95095095095095	0.28874476926292547	19562.470096027137	1.2720905320266132e-09
226.22622622622623	0.28892024325620563	19538.89549633878	1.2751654300147103e-09
226.5015015015015	0.289157577776708	19515.34930642306	1.2782488485707072e-09
226.77677677677679	0.28943487668505186	19491.83149204301	1.2813408296519028e-09
227.05205205205206	0.28971119732650263	19468.34201900281	1.284441035318767e-09
227.32732732732734	0.28994249614979045	19444.88085314776	1.2875488370418054e-09
227.60260260260262	0.2900897895663206	19421.44796036424	1.2906634517637575e-09
227.8778778778779	0.29018016178625927	19398.04330657979	1.293784594086399e-09
228.15315315315317	0.29032452728561564	19374.666857763266	1.2969130901874153e-09
228.42842842842845	0.2905031018253406	19351.318579924497	1.3000493317866987e-09
228.70370370370372	0.29059635597216277	19327.998439114	1.303192493177163e-09
228.978978978979	0.2906512945595767	19304.706401423304	1.3063424452059792e-09
229.25425425425428	0.29077337322270475	19281.44243298506	1.3095000787179811e-09
229.52952952952953	0.29090913309646327	19258.206499972606	1.3126655168503027e-09
229.8048048048048	0.29100171302044875	19234.9985685999	1.3158383224713357e-09
230.08008008008008	0.29112926216901724	19211.818605121818	1.3190189273277335e-09
230.35535535535536	0.2913117195264528	19188.666575833937	1.3222078199851868e-09
230.63063063063063	0.29142876771152176	19165.54244707218	1.3254042195663576e-09
230.9059059059059	0.2914391957819442	19142.44618521294	1.3286072096620587e-09
231.1811811811812	0.2914045481036369	19119.37775667328	1.3318167412671278e-09
231.45645645645646	0.29142538211435465	19096.337127910956	1.3350337288805152e-09
231.73173173173174	0.29159808302609774	19073.324265424384	1.3382597140611862e-09
232.00700700700702	0.29184661718416355	19050.33913575218	1.3414950466819044e-09
232.2822822822823	0.29205774130257234	19027.381705473013	1.3447389046221743e-09
232.55755755755757	0.29223509618389787	19004.451941205847	1.3479907648128157e-09
232.83283283283285	0.2923952818628609	18981.549809609896	1.3512504319560794e-09
233.10810810810813	0.29252374571965883	18958.675277384544	1.354517639780399e-09
233.3833833833834	0.29258851619770343	18935.828311269204	1.3577919069222582e-09
233.65865865865868	0.2925494718189204	18913.008878043296	1.361072525172473e-09
233.93393393393396	0.29252249137359165	18890.21694452654	1.364360118997445e-09
234.2092092092092	0.2927156892698625	18867.45247757914	1.3676571147632531e-09
234.48448448448448	0.2930333150375953	18844.715444101017	1.370964266706658e-09
234.75975975975976	0.29326771784628275	18822.005811031497	1.374280104257143e-09
235.03503503503504	0.29341010757519836	18799.32354534971	1.3776035419520897e-09
235.3103103103103	0.29351064032022856	18776.6686140747	1.3809343256149867e-09
235.5855855855856	0.29361834450232227	18754.040984265383	1.3842727600588174e-09
235.86086086086087	0.2937473567746712	18731.440623020408	1.3876191965022035e-09
236.13613613613614	0.2938579142733062	18708.867497477964	1.390973495909417e-09
236.41141141141142	0.2939840031105505	18686.321574815935	1.3943358991873539e-09
236.6866866866867	0.29422210755819084	18663.802822252008	1.3977075168402055e-09
236.96196196196198	0.2944746597083623	18641.31120704313	1.4010881649341068e-09
237.23723723723725	0.29456585623493575	18618.846696485278	1.4044760076260813e-09
237.51251251251253	0.2945941366606273	18596.40925791407	1.4078707573689652e-09
237.7877877877878	0.2947153798675339	18573.998858704887	1.4112737501127331e-09
238.06306306306308	0.29492356975824996	18551.615466272415	1.414685847076166e-09
238.33833833833836	0.2951583989330787	18529.259048070457	1.418107051152974e-09
238.61361361361364	0.295325089260755	18506.929571591794	1.4215364373345071e-09
238.88888888888889	0.2954885992053407	18484.627004368565	1.4249740211935772e-09
239.16416416416416	0.2958936985909293	18462.35131397263	1.4284222403712111e-09
239.43943943943944	0.29638989990970455	18440.10246801457	1.4318812759208075e-09
239.71471471471472	0.2965709355805766	18417.880434142968	1.4353472313352418e-09
239.98998998999	0.29650802048886943	18395.68518004558	1.4388181630160015e-09
240.26526526526527	0.29646092229488413	18373.516673449747	1.4422953302242079e-09
240.54054054054055	0.29650473853595805	18351.37488212189	1.445780343232257e-09
240.81581581581582	0.29665108017802727	18329.259773867314	1.4492744228662778e-09
241.0910910910911	0.2968809494866269	18307.171316530083	1.4527782198425461e-09
241.36636636636638	0.29714119070179734	18285.109477992864	1.456291653251539e-09
241.64164164164166	0.29733843667398135	18263.074226176803	1.4598137381032137e-09
241.91691691691693	0.2974950234728483	18241.06552904176	1.4633440344695424e-09
242.1921921921922	0.29773438338024444	18219.08335458652	1.4668834924186896e-09
242.4674674674675	0.29803788793011554	18197.12767084839	1.4704325782724783e-09
242.74274274274276	0.29831425554473306	18175.198445902966	1.4739906945223018e-09
243.01801801801804	0.298553056483962	18153.295647864277	1.4775573360863223e-09
243.29329329329332	0.29877830782444176	18131.419244884855	1.4811324094526395e-09
243.56856856856857	0.299031168575405	18109.569205155723	1.4847162752612787e-09
243.84384384384384	0.2992960851522882	18087.745496906176	1.4883090274076789e-09
244.11911911911912	0.29944501913803007	18065.948088403486	1.4919094335809327e-09
244.3943943943944	0.29949695158635853	18044.176947953187	1.4955168556062417e-09
244.66966966966967	0.29964499624408863	18022.432043899553	1.499132836471258e-09
244.94494494494495	0.2998511352414998	18000.713344624874	1.5027580423797869e-09
245.22022022022023	0.29993880197539996	17979.0208185491	1.506391123758795e-09
245.4954954954955	0.30002382034656455	17957.354434130528	1.510032358515934e-09
245.77077077077078	0.300278722863506	17935.71415986595	1.513683716364273e-09
246.04604604604606	0.30055673731594906	17914.099964289708	1.517345030977595e-09
246.32132132132134	0.3007075165489792	17892.51181597368	1.5210146457663349e-09
246.5965965965966	0.3007777605464356	17870.949683527742	1.5246919255936942e-09
246.8718718718719	0.3008474616472638	17849.413535599804	1.5283772730966767e-09
247.14714714714717	0.3009990577939378	17827.90334087579	1.5320718227844385e-09
247.42242242242244	0.3012553659021924	17806.41906807941	1.5357765891906682e-09
247.69769769769772	0.30158131821822026	17784.96068597199	1.5394919035739e-09
247.972972972973	0.301910770751836	17763.52816335233	1.5432173088190843e-09
248.24824824824825	0.30216877078397003	17742.121469056616	1.5469517203937309e-09
248.52352352352352	0.30232060033177005	17720.740571958486	1.5506940481494574e-09
248.7987987987988	0.30237104047036195	17699.38544096912	1.5544436100467634e-09
249.07407407407408	0.30240532496944633	17678.05604503738	1.5582008430617742e-09
249.34934934934935	0.30251412458581706	17656.752353149812	1.5619670013612918e-09
249.62462462462463	0.30276452553894856	17635.47433433051	1.5657436481323822e-09
249.8998998998999	0.30307887818311696	17614.221957640693	1.5695310310636119e-09
250.17517517517518	0.3032391274991574	17592.995192178263	1.5733270219238196e-09
250.45045045045046	0.3032924276911489	17571.794007078493	1.5771306868693847e-09
250.72572572572574	0.303446232464506	17550.61837151443	1.5809435995396746e-09
251.00100100100101	0.30369531377691594	17529.46825469625	1.584766776100358e-09
251.2762762762763	0.3039479183175136	17508.343625870984	1.5885999355395295e-09
251.55155155155157	0.3041328494183921	17487.244454322532	1.5924421370760395e-09
251.82682682682685	0.3042176181048136	17466.17070937171	1.5962924052416829e-09
252.10210210210212	0.3042469114012102	17445.122360376437	1.6001505644412604e-09
252.3773773773774	0.3042547700826596	17424.09937673165	1.6040168656646185e-09
252.65265265265268	0.3042476858311383	17403.101727869183	1.6078915532927496e-09
252.92792792792793	0.3042791302400426	17382.129383257874	1.6117753736978913e-09
253.2032032032032	0.30443209327934956	17361.18231240358	1.6156697341841266e-09
253.47847847847848	0.3046715352093775	17340.26048484881	1.6195752166979524e-09
253.75375375375376	0.3049126571212351	17319.363870172547	1.6234913056185788e-09
254.02902902902903	0.30513975317748054	17298.492437990393	1.6274174911219834e-09
254.3043043043043	0.30535936823889465	17277.646157954572	1.6313535083917302e-09
254.5795795795796	0.3055783083419088	17256.82499975391	1.6352992607082556e-09
254.85485485485486	0.30576147191588826	17236.028933113656	1.6392543079712472e-09
255.13013013013014	0.30580714871524206	17215.25792779525	1.643217250042013e-09
255.40540540540542	0.3057844221507957	17194.511953596786	1.6471879033602266e-09
255.6806806806807	0.30592880955956203	17173.790980353413	1.6511687305793386e-09
255.95595595595597	0.30618486053030136	17153.094977936482	1.6551607923056449e-09
256.2312312312313	0.30633834887338984	17132.423916253047	1.6591624559204086e-09
256.5065065065065	0.30643465434943196	17111.77776524655	1.66317312880401e-09
256.7817817817818	0.30658564269383626	17091.156494896983	1.6671936537872194e-09
257.0570570570571	0.30675889724688826	17070.560075220405	1.6712242480249287e-09
257.3323323323324	0.3069325917501123	17049.988476268954	1.6752648240443119e-09
257.60760760760763	0.30717871829606913	17029.441668131094	1.679316130371768e-09
257.8828828828829	0.3074568862077935	17008.919620931203	1.683378230427875e-09
258.15815815815813	0.3075729719171095	16988.422304829077	1.6874490133441021e-09
258.43343343343344	0.30753404368113835	16967.949690020512	1.6915271440297472e-09
258.70870870870874	0.3075145324111358	16947.50174673772	1.6956136777369147e-09
258.983983983984	0.3076287160575962	16927.07844524914	1.6997106107644354e-09
259.25925925925924	0.3079254257006266	16906.679755859186	1.7038198443226783e-09
259.53453453453454	0.3082982192630401	16886.305648907743	1.707941470771122e-09
259.80980980980985	0.30860787403976664	16865.95609477004	1.7120739936840646e-09
260.0850850850851	0.30875358553184334	16845.631063856683	1.7162152796338114e-09
260.36036036036035	0.3087567291373373	16825.33052661399	1.7203641438725441e-09
260.63563563563565	0.308823835075789	16805.05445352455	1.7245221325783858e-09
260.91091091091096	0.3090240961799042	16784.80281510672	1.7286910760458052e-09
261.1861861861862	0.3092668964279363	16764.575581914098	1.7328711834391276e-09
261.46146146146145	0.3094375133722468	16744.37272453544	1.7370612987652127e-09
261.73673673673676	0.3094506291408089	16724.194213594677	1.7412596810303983e-09
262.01201201201206	0.30946593387860105	16704.04001975163	1.7454669906827096e-09
262.2872872872873	0.3096413815667379	16683.91011370197	1.7496854857115625e-09
262.56256256256256	0.30980463381496426	16663.804466176138	1.7539147150282257e-09
262.8378378378378	0.3098522543084203	16643.723047939544	1.7581531958706217e-09
263.1131131131131	0.30996920296813013	16623.665829793397	1.7624020696325225e-09
263.3883883883884	0.3102179536033526	16603.632782574296	1.7666628317017723e-09
263.66366366366367	0.31046837323896465	16583.62387715358	1.770934991337179e-09
263.9389389389389	0.31069644432521853	16563.639084437604	1.7752179508858107e-09
264.2142142142142	0.3109621723735974	16543.678375367992	1.779512014353657e-09
264.48948948948953	0.31125777810512884	16523.74172092135	1.7838173039699368e-09
264.7647647647648	0.3115424418325651	16503.829092109147	1.788133435874729e-09
265.04004004004	0.31177705455696775	16483.940459977654	1.7924597065571854e-09
265.31531531531533	0.3119316940373671	16464.075795607932	1.796795304671406e-09
265.59059059059064	0.31199908326675296	16444.235070115883	1.8011396095865265e-09
265.8658658658659	0.31198198775127944	16424.418254652228	1.8054922439970256e-09
266.14114114114113	0.31189566682899367	16404.62532040249	1.8098531383029424e-09
266.41641641641644	0.3118089568991276	16384.856238587123	1.8142230583160525e-09
266.69169169169174	0.3118298113626294	16365.110980461632	1.818603794512129e-09
266.966966966967	0.3119442615642285	16345.389517316124	1.8229963909464628e-09
267.24224224224224	0.3120723475339731	16325.691820475035	1.827400611404422e-09
267.5175175175175	0.3121784888998293	16306.017861297249	1.8318158858546227e-09
267.7927927927928	0.31226450993297933	16286.36761117617	1.8362418635857273e-09
268.0680680680681	0.31240191077634316	16266.741041539919	1.8406791703084674e-09
268.34334334334335	0.3126097327207358	16247.13812385111	1.8451284617050897e-09
268.6186186186186	0.31277978549425944	16227.558829606387	1.849588893047582e-09
268.8938938938939	0.3129118396896237	16208.003130336741	1.8540599059106225e-09
269.1691691691692	0.3131397639378154	16188.470997607928	1.8585427420046558e-09
269.44444444444446	0.3134165744866148	16168.962403019807	1.8630376762062555e-09
269.7197197197197	0.31359426754460173	16149.477318205983	1.867543120208141e-09
269.994994994995	0.313814498112801	16130.015714834693	1.872059730227734e-09
270.2702702702703	0.3142402253728828	16110.577564608891	1.876589921285988e-09
270.54554554554556	0.3145681324765543	16091.162839264609	1.8811316464807462e-09
270.8208208208208	0.31458309491126735	16071.77151057123	1.8856809461097025e-09
271.0960960960961	0.314586652114698	16052.403550333149	1.8902388425484306e-09
271.3713713713714	0.31475019973745816	16033.058930389314	1.8948081057631475e-09
271.6466466466467	0.31494017804305274	16013.737622612181	1.8993889662326987e-09
271.9219219219219	0.3151026904500512	15994.439598907904	1.903980929831713e-09
272.19719719719717	0.31527690221467675	15975.164831216644	1.9085841548006847e-09
272.4724724724725	0.31547424660010254	15955.913291512397	1.913198895775889e-09
272.7477477477478	0.315680348892482	15936.684951802908	1.917825155639392e-09
273.02302302302303	0.31583663239859194	15917.47978412944	1.9224622262682746e-09
273.2982982982983	0.31593189095906543	15898.297760566918	1.927109506747243e-09
273.5735735735736	0.31614716724951697	15879.138853224535	1.931768836513917e-09
273.8488488488489	0.31653489302815974	15860.003034245277	1.9364420974692887e-09
274.12412412412414	0.3168463817921233	15840.89027580486	1.9411274776339667e-09
274.3993993993994	0.31700244494591634	15821.800550112259	1.9458228019098333e-09
274.6746746746747	0.31714722664519834	15802.733829410428	1.9505284200437648e-09
274.94994994995	0.31734177734903096	15783.690085975979	1.9552453307786064e-09
275.22522522522524	0.3175757280010178	15764.669292118906	1.959974077934777e-09
275.5005005005005	0.317807696310883	15745.671420182429	1.9647145168231796e-09
275.7757757757758	0.31800124120441575	15726.696442542961	1.9694661061082472e-09
276.0510510510511	0.31818973782409427	15707.744331610347	1.9742289126370183e-09
276.32632632632635	0.31843122091356396	15688.81505982786	1.9790037165747802e-09
276.6016016016016	0.31879768420856475	15669.90859967224	1.9837919482627346e-09
276.87687687687685	0.31922246256617737	15651.02492365317	1.988593729479591e-09
277.15215215215215	0.3194578880090024	15632.1640043126	1.9934060380204168e-09
277.42742742742746	0.3195650098122719	15613.325814225773	1.998227649501583e-09
277.7027027027027	0.3198423128285825	15594.510326002033	2.0030615232874495e-09
277.97797797797796	0.3201910762050364	15575.717512283392	2.0079083826494378e-09
278.25325325325326	0.32037301630815	15556.947345743982	2.012765704304502e-09
278.52852852852857	0.32054358952200274	15538.199799091428	2.0176337953440615e-09
278.8038038038038	0.3208597593855933	15519.474845066796	2.0225148581575284e-09
279.07907907907907	0.3211156217762373	15500.772456443265	2.0274077452094098e-09
279.35435435435437	0.3212105964983837	15482.09260602647	2.0323104281769874e-09
279.6296296296297	0.32133935052796386	15463.435266655522	2.0372240532629394e-09
279.9049049049049	0.32155253702281267	15444.80041120244	2.0421500334436447e-09
280.1801801801802	0.3217204477964636	15426.188012571462	2.0470876548935785e-09
280.4554554554555	0.3218009927589561	15407.59804369933	2.0520359159998533e-09
280.7307307307308	0.3218260290818413	15389.03047755554	2.0569945710339173e-09
281.00600600600603	0.3218896785830618	15370.485287142474	2.0619646748759614e-09
281.2812812812813	0.322071813850287	15351.96244549535	2.0669479634219066e-09
281.5565565565566	0.32230699790979805	15333.46192568164	2.071944751193139e-09
281.83183183183183	0.3225166875234232	15314.983700801007	2.076954242041351e-09
282.10710710710714	0.3226693596718236	15296.527743985396	2.0819755124702077e-09
282.3823823823824	0.3227797002514155	15278.094028399197	2.087008152740487e-09
282.6576576576577	0.3229113698101082	15259.68252723937	2.0920527288856934e-09
282.93293293293294	0.32305464539114026	15241.293213735133	2.0971094976488337e-09
283.20820820820825	0.32315035194763203	15222.92606114776	2.1021778662001826e-09
283.4834834834835	0.32325945572427234	15204.581042770975	2.107258249522789e-09
283.75875875875874	0.3234777347143835	15186.258131931034	2.1123521862654517e-09
284.03403403403405	0.3237723514800826	15167.957301986205	2.117460272504609e-09
284.3093093093093	0.3240643107678758	15149.678526326605	2.1225818749647473e-09
284.5845845845846	0.3242551715776036	15131.421778374028	2.1277152917692323e-09
284.85985985985985	0.3243522253049196	15113.187031582327	2.1328595074182615e-09
285.13513513513516	0.32453643962269424	15094.974259438026	2.1380162514234323e-09
285.4104104104104	0.3248125580644061	15076.783435459625	2.143186736239456e-09
285.6856856856857	0.32500534373924855	15058.614533196864	2.1483694496173863e-09
285.96096096096096	0.325134456645418	15040.467526231454	2.153563667083707e-09
286.23623623623627	0.32532684074894025	15022.342388177403	2.1587706089089707e-09
286.5115115115115	0.3255791577771315	15004.23909268052	2.1639910443035293e-09
286.7867867867868	0.3258324641414579	14986.157613418143	2.1692247043418834e-09
287.06206206206207	0.3260092734594765	14968.097924099045	2.174470387948671e-09
287.3373373373374	0.32608706646977853	14950.059998463585	2.1797270137437756e-09
287.6126126126126	0.32616416761135336	14932.043810284147	2.18499519705784e-09
287.8878878878879	0.3262797927386532	14914.049333364874	2.1902758780789473e-09
288.1631631631632	0.32638261611235664	14896.076541541288	2.195568994231394e-09
288.4384384384384	0.32647445179358076	14878.125408680435	2.2008745388595425e-09
288.71371371371373	0.3265983858908673	14860.19590868104	2.2061931000158583e-09
288.988988988989	0.32675727647827324	14842.288015473277	2.211525114050371e-09
289.2642642642643	0.32692767362855063	14824.401703018655	2.216870561228648e-09
289.53953953953953	0.327056949763255	14806.53694530987	2.2222287246953214e-09
289.81481481481484	0.32710784747063193	14788.69371637079	2.2275986363675015e-09
290.0900900900901	0.327105337412521	14770.871990256714	2.2329800094099623e-09
290.3653653653654	0.3271167160310159	14753.071741054426	2.238373583484031e-09
290.64064064064064	0.3272544120308696	14735.292942882426	2.243781395470515e-09
290.91591591591595	0.3275078882077594	14717.535569890346	2.2492046522177617e-09
291.1911911911912	0.32774363178209326	14699.799596258455	2.2546423232213027e-09
291.4664664664665	0.32783243753320657	14682.084996197611	2.260091963601011e-09
291.74174174174175	0.32770164048376993	14664.391743949476	2.265550973472785e-09
292.01701701701705	0.32757297109661326	14646.719813787611	2.2710207174732244e-09
292.2922922922923	0.32767353483648126	14629.069180017512	2.276505250074132e-09
292.5675675675676	0.3278978250214033	14611.4398169752	2.2820057820025744e-09
292.84284284284286	0.32812174535288663	14593.83169902715	2.2875213941236775e-09
293.1181181181181	0.32832048536507963	14576.244800570626	2.293051150442911e-09
293.3933933933934	0.3284754063144169	14558.67909603366	2.298594188569393e-09
293.66866866866866	0.3285652055022784	14541.134559875021	2.304149655460548e-09
293.94394394394396	0.328623272842159	14523.611166584386	2.3097174700616207e-09
294.2192192192192	0.3287179517032701	14506.108890682472	2.3152985500538242e-09
294.4944944944945	0.3288733248103046	14488.627706720772	2.3208938477133963e-09
294.76976976976977	0.3290805120261565	14471.167589281444	2.3265038744380075e-09
295.0450450450451	0.32927759721457556	14453.72851297699	2.3321281023151484e-09
295.3203203203203	0.329413879576038	14436.31045245034	2.3377654790619743e-09
295.5955955955956	0.32950161615683754	14418.913382374994	2.3434155001651255e-09
295.8708708708709	0.3295863350435927	14401.537277455189	2.3490784927129196e-09
296.1461461461462	0.3297430522055499	14384.182112425933	2.354755750784111e-09
296.4214214214214	0.32992939838856467	14366.847862052526	2.360447529037389e-09
296.69669669669673	0.3300153968789112	14349.534501130138	2.366152146792663e-09
296.971971971972	0.3300961966916666	14332.242004484702	2.371869878126942e-09
297.2472472472473	0.3303401945212436	14314.970346973181	2.3776033323453154e-09
297.52252252252254	0.33060839641493966	14297.719503482289	2.3833522306234653e-09
297.7977977977978	0.3307344072147027	14280.489448928287	2.3891140055609105e-09
298.0730730730731	0.3307931396206528	14263.280158257978	2.3948880704252764e-09
298.34834834834834	0.33087337214306006	14246.09160644874	2.400675335034013e-09
298.62362362362364	0.33100082939406417	14228.923768508203	2.4064767777710778e-09
298.8988988988989	0.33116665448810395	14211.776619474087	2.4122929218449767e-09
299.1741741741742	0.33133271473619996	14194.65013441404	2.4181235671391924e-09
299.44944944944945	0.3314918697216503	14177.544288425723	2.4239684912510585e-09
299.72472472472475	0.3316600872359283	14160.45905663686	2.4298277942819347e-09
300.0	0.3318538205980066	14143.394414205244	2.435701794683992e-09
