0.0053264940185479195	3.860332149192954	5353.783342929183	3.3695804000896374	0.006829995519626166
25.0	0.046166112956810626	33212.0	10.0
25.275275275275277	0.04699318520973432	33826.65293762493	9.573472781701195
25.55055055055055	0.04780251258765669	34422.19113712515	9.158260412218569
25.825825825825827	0.04861791043181324	34998.53996925237	8.754432512918651
26.1011011011011	0.049480822760614	35556.16936619968	8.361715723952514
26.376376376376378	0.050376669928170095	36095.31749310573	7.979982142829568
26.65165165165165	0.05121131261029024	36615.14561567614	7.609782027753571
26.926926926926928	0.05195006652259833	37114.627131813446	7.251784986447801
27.2022022022022	0.05261888859780484	37593.24022571758	6.906343829820987
27.47747747747748	0.05327376015562018	38051.174527511335	6.573363780043137
27.75275275275275	0.05397608824362487	38489.23295358623	6.252363468633057
28.02802802802803	0.05473798972559765	38908.25525371794	5.942837372986357
28.303303303303302	0.05553812378403266	39308.81956059683	5.644443794973609
28.57857857857858	0.05630324738781569	39690.88650884305	5.357229373800331
28.853853853853856	0.05698453689487259	40054.13617625913	5.081417545497224
29.12912912912913	0.05759426003657972	40398.48927375267	4.817080527798524
29.404404404404403	0.05817989933045785	40724.30484036102	4.564014488346887
29.67967967967968	0.05881580230678246	41032.45257737023	4.321693455654302
29.954954954954957	0.059520630955544884	41323.84467670354	4.089563660495938
30.23023023023023	0.06027808032823096	41599.21243421771	3.867184218123463
30.505505505505504	0.06109337644684767	41859.256422485334	3.6541327341547722
30.78078078078078	0.061950567892909265	42104.53674962396	3.450074477342775
31.056056056056057	0.06272060798979606	42334.96016123202	3.25508566945205
31.33133133133133	0.06335644728845732	42550.33228110083	3.0693063494468555
31.606606606606608	0.06404750508634204	42751.4130194506	2.892275589921508
31.88188188188188	0.06485910848841361	42939.16383825818	2.7234045882257205
32.15715715715716	0.0656528941768454	43113.907133446985	2.562506012545437
32.432432432432435	0.06637937607686806	43275.81138021194	2.4094891192435393
32.70770770770771	0.06707824227593791	43425.23824218536	2.2641412575849573
32.98298298298298	0.06781817042835485	43562.78402330674	2.1261015264332097
33.25825825825826	0.06865042046224906	43689.15797104831	1.994937164928112
33.533533533533536	0.06947789790442654	43804.72979464106	1.8704284807349711
33.808808808808806	0.07019657578802174	43909.604629806774	1.7525220245630064
34.08408408408408	0.07080852531340573	44003.96374365003	1.6411162604059895
34.35935935935936	0.07140134488407705	44088.24526043491	1.5359476186634902
34.63463463463464	0.07216455769084404	44163.28531226397	1.436501267437343
34.90990990990991	0.07304288705190633	44229.70070376856	1.3423995607308734
35.18518518518518	0.07374670371906678	44287.50598067731	1.2536435439890306
35.46046046046046	0.07429861082609336	44336.83883805347	1.1701566618998869
35.73573573573574	0.07489604170299619	44378.21422152585	1.0916245293551297
36.01101101101101	0.0755479094235164	44412.12299444329	1.0177473234827457
36.286286286286284	0.07620937088845622	44438.95566000283	0.948287867042073
36.56156156156156	0.07690449346874785	44459.11722135495	0.882999385622441
36.83683683683684	0.07764883104983787	44473.006641869935	0.8216384311518745
37.112112112112115	0.07840844358992691	44480.95627444353	0.7640030462949415
37.38738738738739	0.07915572974361304	44483.25486593851	0.7099183527947216
37.66266266266266	0.0798786684441587	44480.17362526384	0.6592201794961696
37.93793793793794	0.08055917770334516	44471.964291150325	0.6117563004061666
38.213213213213216	0.08118361968766509	44458.86764135758	0.5673810969528971
38.488488488488485	0.08181881509914325	44441.17820050722	0.5259148050893393
38.76376376376376	0.08253918288006683	44419.22843959268	0.4871534059182859
39.03903903903904	0.08327800476727087	44393.27589405286	0.45093969626166297
39.314314314314316	0.08396190401221301	44363.51914074971	0.41715331192322896
39.58958958958959	0.08460524504800059	44330.16550513894	0.3856681420294767
39.86486486486486	0.08522298820646552	44293.426633069306	0.35635510842362805
40.14014014014014	0.08581047351571104	44253.505001750265	0.3290906586274419
40.41541541541542	0.08640679816110378	44210.6139836375	0.30374413644657716
40.690690690690694	0.08708055219769105	44164.982793088355	0.28017465266454494
40.965965965965964	0.08774212057241558	44116.78588989041	0.25827554205977155
41.24124124124124	0.08825175253663259	44066.141122294495	0.23797559814771024
41.51651651651652	0.08873680173235642	44013.215408914344	0.21917256058648615
41.791791791791795	0.08934167531681726	43958.21057799958	0.20174197831988916
42.06706706706707	0.08994525494154236	43901.27363449286	0.185593700022363
42.34234234234234	0.09048622026941404	43842.52785614064	0.17065234846552235
42.61761761761762	0.09112597344743681	43782.13084532138	0.15682077590996307
42.892892892892895	0.09187194429714117	43720.22601095946	0.14401058988677565
43.168168168168165	0.09252649559931839	43656.903852693395	0.13216656103216343
43.44344344344344	0.0930724851124535	43592.25190289133	0.12123522222066749
43.71871871871872	0.09363263985134367	43526.37795700552	0.11115023691387897
43.993993993993996	0.09429612116523403	43459.39561979895	0.10184148105322348
44.26926926926927	0.09509373104839447	43391.411158242125	0.09324331887215338
44.54454454454455	0.09587921061798754	43322.50082525342	0.08530889767928386
44.81981981981982	0.0965463748337441	43252.72486080601	0.07800136268771578
45.0950950950951	0.09720431108201848	43182.15542317816	0.07127627922274152
45.37037037037037	0.09789154747483982	43110.864058738705	0.06508951266645424
45.645645645645644	0.09849916169802851	43038.90735603898	0.059406267147411505
45.92092092092092	0.0990707665734189	42966.343756236776	0.05419051263848291
46.1961961961962	0.09978043973674648	42893.24120215544	0.049400163820169866
46.471471471471475	0.10058291472825936	42819.65698163846	0.04499976758132058
46.74674674674675	0.10132466346856014	42745.633542673415	0.04096315213677885
47.02202202202202	0.1019603975921462	42671.20927351914	0.0372666530859395
47.2972972972973	0.10250207408869592	42596.42234720885	0.033886696166301515
47.572572572572575	0.10302421389906716	42521.31298481408	0.030798371635201324
47.847847847847845	0.10358721646797177	42445.92113312232	0.02797689491334463
48.12312312312312	0.10420087019577244	42370.28355915551	0.0253994373778077
48.3983983983984	0.104836323578366	42294.43270741391	0.02304585007456243
48.673673673673676	0.10543192966708605	42218.39648221273	0.02089880597428032
48.94894894894895	0.1059944620056864	42142.201264386604	0.01894190480526724
49.22422422422423	0.10656687685830887	42065.872774920594	0.017159130759655833
49.4994994994995	0.10709548244066384	41989.433413379236	0.015536530094319344
49.77477477477478	0.10752796575640593	41912.903034830364	0.014061725604221744
50.05005005005005	0.10798612430913447	41836.30277231447	0.012721511425290625
50.32532532532532	0.10854118644981603	41759.653038897224	0.011503110240390335
50.6006006006006	0.10904580875959931	41682.96977900115	0.010396535870968792
50.87587587587588	0.10947756260683209	41606.267559149666	0.00939265136007367
51.151151151151154	0.1100252719081986	41529.56238824491	0.008481393744309442
51.42642642642643	0.11067749461548919	41452.86831720478	0.007653914660346139
51.70170170170171	0.11125712416195155	41376.19605077974	0.0069034572766794
51.97697697697698	0.1118157389580915	41299.55612564477	0.006223357978693034
52.252252252252255	0.11248266903398647	41222.95931481475	0.005606791735479445
52.527527527527525	0.11313526845090954	41146.41428811594	0.005048258832898274
52.8028028028028	0.11365246609837928	41069.928186685705	0.004543183815571358
53.07807807807808	0.11415863516582042	40993.50859248362	0.004086720356976636
53.353353353353356	0.11477102065442694	40917.16306146721	0.0036740295317993763
53.62862862862863	0.11551108614956243	40840.89838471351	0.003300745344408881
53.90390390390391	0.11632216812218164	40764.72030321205	0.002963155316118627
54.17917917917918	0.11707823454321617	40688.63346882129	0.002658226325264553
54.454454454454456	0.11771491562882655	40612.64198235186	0.0023832669018438476
54.729729729729726	0.11823312317742778	40536.74972382325	0.0021357198175486515
55.005005005005	0.11877537001806039	40460.96073559999	0.0019129209727360614
55.28028028028028	0.119460283074822	40385.2789437936	0.0017122747233798443
55.55555555555556	0.12010012822078593	40309.707349916185	0.001531763274635413
55.830830830830834	0.12058598774092041	40234.24848327003	0.0013696627694114512
56.10610610610611	0.12114004258870356	40158.9051275342	0.0012240861050030504
56.38138138138139	0.12180410648845941	40083.679805099586	0.0010933075068285192
56.65665665665666	0.12233111762203179	40008.574364257205	0.0009760228994239055
56.931931931931935	0.12271814236570558	39933.5905252609	0.0008710066901833028
57.20720720720721	0.12316377462399435	39858.73010830164	0.0007769682991524999
57.48248248248248	0.12369853508249286	39783.99473662827	0.000692739071937101
57.75775775775776	0.12426434683062322	39709.3857657257	0.0006173171319325354
58.033033033033036	0.12480619157566694	39634.904341717134	0.000549830907303741
58.30830830830831	0.12530348506785693	39560.551467959194	0.0004894974269612387
58.58358358358358	0.1258281054536098	39486.328082729226	0.00043557354380936296
58.85885885885886	0.12640102251100277	39412.23501239153	0.00038738551849952713
59.134134134134136	0.12693533639011087	39338.272923071585	0.00034435961045779795
59.40940940940941	0.1274514307682044	39264.44241898099	0.000305956893619378
59.68468468468468	0.12807169067639868	39190.74404708774	0.00027167958203776666
59.95995995995996	0.12869463999963535	39117.17823437311	0.0002411023266151831
60.23523523523524	0.12911656435264454	39043.74527632349	0.00021388210206603158
60.510510510510514	0.12940605804401145	38970.445455821704	0.00018968347716746074
60.78578578578579	0.12971315480317627	38897.27905010898	0.00016817424647468614
61.06106106106106	0.13010200973030014	38824.24629207717	0.00014904981633621846
61.33633633633634	0.13055381792233198	38751.34735259053	0.00013204438899302204
61.611611611611615	0.1309205070386281	38678.582327888034	0.0001169389638632835
61.88688688688689	0.13121729106332533	38605.951285251664	0.00010353266223444623
62.16216216216216	0.13167500844004204	38533.454292775416	9.162401988564083e-05
62.43743743743744	0.13230339269002347	38461.091377237695	8.103751298412027e-05
62.712712712712715	0.13293321339495015	38388.86251082938	7.163195245921347e-05
62.98798798798799	0.13345590593366247	38316.76763273077	6.328695266523579e-05
63.26326326326326	0.13382862844856258	38244.80666272595	5.589439101608657e-05
63.53853853853854	0.13416326366948678	38172.979515242325	4.93495982445129e-05
63.813813813813816	0.13456722173219604	38101.28609460447	4.355435746333867e-05
64.0890890890891	0.13501985499095262	38029.7262853038	3.8423026864366364e-05
64.36436436436436	0.13549905711077861	37958.29995504577	3.3880637158966e-05
64.63963963963964	0.13601139440780882	37887.006958739315	2.9860525748080046e-05
64.91491491491492	0.13651308235791593	37815.84713792451	2.6304683617695937e-05
65.1901901901902	0.13692429310243245	37744.82032188945	2.316298357417352e-05
65.46546546546547	0.1373343638148835	37673.92633545941	2.038833353122804e-05
65.74074074074073	0.13788628619576246	37603.16499935309	1.793647542494443e-05
66.01601601601601	0.1384324544273607	37532.53612191077	1.5771116529928172e-05
66.29129129129129	0.1388052691955573	37462.03950209837	1.3862041032716923e-05
66.56656656656656	0.1391251062659718	37391.67493755661	1.2180138791889328e-05
66.84184184184184	0.13951062364561795	37321.44222335137	1.0698197257287844e-05
67.11711711711712	0.13995653622713383	37251.34114951057	9.392416580419382e-06
67.3923923923924	0.14043583851662278	37181.37150149594	8.242110160560588e-06
67.66766766766767	0.1409164262652992	37111.533060942806	7.229240937477348e-06
67.94294294294295	0.14141682701697803	37041.82560684381	6.337698548563287e-06
68.21821821821823	0.14197408152040977	36972.24891596585	5.553047690473966e-06
68.4934934934935	0.14247536080849987	36902.80276183196	4.863111023658641e-06
68.76876876876878	0.14279892294133045	36833.48691551055	4.257467227565795e-06
69.04404404404404	0.14308043144237917	36764.30114787291	3.7261410477652114e-06
69.31931931931932	0.14345843686370746	36695.24522920412	3.259856045274992e-06
69.5945945945946	0.14390598270550983	36626.31892815248	2.850623673392865e-06
69.86986986986987	0.1443825215504124	36557.522012010704	2.4915596505642035e-06
70.14514514514515	0.1448647181747797	36488.85424960741	2.1767007936908194e-06
70.42042042042041	0.14531693834495413	36420.31540909191	1.9008299830995902e-06
70.69569569569569	0.14570265571594215	36351.90525561146	1.6593281014946288e-06
70.97097097097097	0.1461035537223986	36283.62355412879	1.447970400875932e-06
71.24624624624624	0.14662189553675437	36215.470069424766	1.262925314828396e-06
71.52152152152152	0.1471000400732907	36147.44456565086	1.1010396580570426e-06
71.7967967967968	0.14739797182736955	36079.54680663873	9.59642973242883e-07
72.07207207207207	0.14771248714707141	36011.77655650424	8.361639956903763e-07
72.34734734734735	0.1481523442330798	35944.133579414825	7.282784567776848e-07
72.62262262262263	0.14854110855843558	35876.61763930914	6.340874878715627e-07
72.8978978978979	0.1488518797425392	35809.2285002025	5.519239395500474e-07
73.17317317317318	0.14925022398772525	35741.96592637378	4.802336164755446e-07
73.44844844844846	0.14968563671474244	35674.8296821834	4.176908172358724e-07
73.72372372372374	0.1499830159137676	35607.8195320733	3.631984085122015e-07
73.998998998999	0.15023149436115643	35540.93524078666	3.157481867291796e-07
74.27427427427428	0.15059229523232234	35474.176573383265	2.7441081722124763e-07
74.54954954954955	0.15105044607502374	35407.54329515481	2.3838939685020264e-07
74.82482482482483	0.1515498259270713	35341.03517164557	2.0700611409907274e-07
75.1001001001001	0.15204322461056638	35274.65196869028	1.7967795278622907e-07
75.37537537537537	0.15251588547944211	35208.39345244731	1.558953182154284e-07
75.65065065065065	0.15299592210247165	35142.25938942223	1.3520671932161032e-07
75.92592592592592	0.15348082724604836	35076.2495464694	1.1721743961478203e-07
76.2012012012012	0.15393983816339651	35010.36369079826	1.0158509257207984e-07
76.47647647647648	0.15435831830579358	34944.601589987506	8.80102521792265e-08
76.75175175175175	0.1547453529082546	34878.96301199603	7.62291269103476e-08
77.02702702702703	0.15518464340985627	34813.44772517518	6.600528826058026e-08
77.30230230230231	0.15572209298944664	34748.055498265436	5.713140177286228e-08
77.57757757757759	0.15621996214874864	34682.786100386395	4.9435076446810644e-08
77.85285285285286	0.15660443281598396	34617.63930105343	4.2767817403524895e-08
78.12812812812814	0.156974471582489	34552.61487019346	3.6994685902871414e-08
78.40340340340342	0.15738759183399875	34487.712578140905	3.19962890589256e-08
78.67867867867868	0.15783324389198847	34422.93219563579	2.7669568096868743e-08
78.95395395395396	0.15826104634548085	34358.27349382525	2.3926295101617467e-08
79.22922922922923	0.15861027684491255	34293.73624426659	2.0690659391201343e-08
79.50450450450451	0.15891532561945615	34229.32021893257	1.7895513571474075e-08
79.77977977977977	0.1592380765012927	34165.025190212094	1.548137297424294e-08
80.05505505505505	0.15959651848286022	34100.850930909335	1.3396539545428109e-08
80.33033033033033	0.16000440712223585	34036.79721424429	1.1596220222164585e-08
80.6056056056056	0.16048772794600338	33972.86381385355	1.004154200227005e-08
80.88088088088088	0.16100084866720452	33909.050503789775	8.699412163187612e-09
81.15615615615616	0.161406563827766	33845.35705852144	7.542099511013231e-09
81.43143143143143	0.1616993106091759	33781.78325293534	6.545227921576182e-09
81.70670670670671	0.16198095187512573	33718.32886233728	5.686882813824516e-09
81.98198198198199	0.16227919334925223	33654.993662450644	4.947974925942586e-09
82.25725725725727	0.16258744909322143	33591.777429415895	4.31206225864697e-09
82.53253253253254	0.16292627254830175	33528.67993979056	3.764886687136742e-09
82.80780780780782	0.1632939181579695	33465.700970548714	3.294173867954127e-09
83.0830830830831	0.16360338131792873	33402.8402990803	2.8895501494190527e-09
83.35835835835836	0.1638391202948708	33340.097703191204	2.542019977094473e-09
83.63363363363364	0.1641276733580076	33277.47296110323	2.2435386034021317e-09
83.90890890890891	0.16451235025209307	33214.9658514531	1.9871483316762483e-09
84.18418418418419	0.164937805244898	33152.57615329155	1.766978696675667e-09
84.45945945945945	0.16537154263813797	33090.30364608298	1.5780163671710862e-09
84.73473473473473	0.16579481938751073	33028.148109704896	1.4159506799168276e-09
85.01001001001	0.16616474259818842	32966.10932444725	1.2770873737705724e-09
85.28528528528528	0.16647036149558336	32904.187071011955	1.1582260602647924e-09
85.56056056056056	0.16684834089196066	32842.38113051232	1.0565106081759722e-09
85.83583583583584	0.16733798840021635	32780.69128447226	9.694818180729586e-10
86.11111111111111	0.16770928191933016	32719.117314825133	8.951406820654286e-10
86.38638638638639	0.16793645041014219	32657.65900391351	8.317487855673439e-10
86.66166166166167	0.16828030171230254	32596.316134488727	7.777082144274136e-10
86.93693693693695	0.16868809739590107	32535.088489709753	7.316768964660665e-10
87.21221221221222	0.16889189310975214	32473.975853142292	6.925664110528626e-10
87.4874874874875	0.16902665284563478	32412.978008758502	6.593948071675929e-10
87.76276276276278	0.16935025190035266	32352.09474093634	6.312744559738092e-10
88.03803803803804	0.16977125956400266	32291.325834458494	6.074713381338967e-10
88.31331331331332	0.17016247402888282	32230.671074511596	5.873753712530921e-10
88.58858858858859	0.17056770980160932	32170.130246685694	5.704563233484656e-10
88.86386386386387	0.17099124910177127	32109.703136973447	5.562590309098466e-10
89.13913913913915	0.1713344857133519	32049.389531769335	5.443996618047927e-10
89.41441441441442	0.17161292258272887	31989.189217868978	5.345450471540805e-10
89.68968968968969	0.1719488408170675	31929.10198246849	5.264023081808663e-10
89.96496496496496	0.17230553735103799	31869.12761316362	5.19723463009425e-10
90.24024024024024	0.1725732121078052	31809.26589794895	5.142997442263862e-10
90.51551551551552	0.17279728570908087	31749.516625217268	5.099496657170477e-10
90.7907907907908	0.1730614736717162	31689.879583758848	5.065158371350728e-10
91.06606606606607	0.17338584482821873	31630.354562760687	5.038640432854244e-10
91.34134134134135	0.17373878862125902	31570.941351805708	5.018805829595925e-10
91.61661661661662	0.17401554083891926	31511.63974087196	5.004692806169965e-10
91.8918918918919	0.17421383031828355	31452.44952033197	4.995472782568666e-10
92.16716716716716	0.17446231453259053	31393.3704809521	4.990429364721137e-10
92.44244244244244	0.17482109716021504	31334.40241389175	4.988954134670699e-10
92.71771771771772	0.1752802640207646	31275.545110702584	4.990533339514971e-10
92.992992992993	0.1757371803453334	31216.798363327714	4.994729908043318e-10
93.26826826826827	0.17608084901346147	31158.161964100964	5.0011660482087e-10
93.54354354354355	0.1763451187276292	31099.635705746263	5.009516760664787e-10
93.81881881881883	0.17658743013499265	31041.2193813769	5.019505747342127e-10
94.0940940940941	0.1768264882641366	30982.91278449478	5.030898314089488e-10
94.36936936936937	0.17709436945220952	30924.71570898972	5.043496747867665e-10
94.64464464464464	0.17744903569218504	30866.627949138703	5.057137398724972e-10
94.91991991991992	0.17787877482825354	30808.64929960514	5.071681261488859e-10
95.1951951951952	0.1783051205671513	30750.77955543807	5.087004491110395e-10
95.47047047047047	0.17865439275845674	30693.018512071456	5.102995333069501e-10
95.74574574574575	0.17888432854349115	30635.36596532346	5.119554300333313e-10
96.02102102102103	0.1791029426787758	30577.82171139587	5.136605467676942e-10
96.2962962962963	0.1794096712042286	30520.38554687333	5.154093316454735e-10
96.57157157157158	0.17971301120524194	30463.05726872254	5.171962772559252e-10
96.84684684684684	0.17997761469040044	30405.836674291502	5.190163738466216e-10
97.12212212212212	0.1803400121124931	30348.723561308998	5.208666539277107e-10
97.3973973973974	0.18076611779022034	30291.71772788374	5.22744305075507e-10
97.67267267267268	0.18102047125787643	30234.818972503454	5.246446654359452e-10
97.94794794794795	0.1811139896974975	30178.0270940344	5.265638462316275e-10
98.22322322322323	0.18122968352045846	30121.34189172079	5.285003342498184e-10
98.4984984984985	0.1814601278091599	30064.763165183984	5.304537829560345e-10
98.77377377377378	0.18180808572134113	30008.29071442174	5.32423952137159e-10
99.04904904904905	0.18207841008397269	29951.924339807345	5.344086875793061e-10
99.32432432432432	0.18215998847308798	29895.66384208896	5.364050292438371e-10
99.5995995995996	0.1822581784619973	29839.50902238919	5.384125492752227e-10
99.87487487487488	0.1825055952999604	29783.45968220431	5.404322531128357e-10
100.15015015015015	0.18286290104972397	29727.51562340342	5.424646067289993e-10
100.42542542542543	0.18325931109819288	29671.67664822773	5.445092860142165e-10
100.70070070070071	0.18361970195169858	29615.942559289855	5.465652434844206e-10
100.97597597597598	0.18397887274010538	29560.313159573212	5.486319562456567e-10
101.25125125125126	0.18439583666738474	29504.788252431328	5.507096015969701e-10
101.52652652652652	0.18474285392502832	29449.367641587007	5.527969994347689e-10
101.8018018018018	0.18493542955050923	29394.051131131662	5.54892267310467e-10
102.07707707707708	0.1851993886339535	29338.838525524887	5.569961880347356e-10
102.35235235235236	0.1856345362473022	29283.72962959365	5.591104826018969e-10
102.62762762762763	0.18601817288348754	29228.724248531347	5.612342612675739e-10
102.90290290290291	0.18629883541746114	29173.822187897244	5.633662306874703e-10
103.17817817817819	0.18663895326315133	29119.023253615993	5.655070250690316e-10
103.45345345345346	0.18706204360760342	29064.327251976803	5.676574358859579e-10
103.72872872872873	0.18749361940251308	29009.733989632674	5.698173432986116e-10
104.004004004004	0.1878856448489208	28955.243273599757	5.719861380278041e-10
104.27927927927928	0.188214989597318	28900.854911256676	5.741630632227423e-10
104.55455455455456	0.18850906053628735	28846.568710343894	5.763477788247258e-10
104.82982982982983	0.1887654461252432	28792.384478963006	5.785399769336354e-10
105.10510510510511	0.18889211243226545	28738.302025575987	5.807384124062392e-10
105.38038038038039	0.18897753357838923	28684.321159004674	5.829429923945439e-10
105.65565565565566	0.18934591045121224	28630.441688430274	5.851571459533523e-10
105.93093093093094	0.18986305866613715	28576.663423392318	5.873823182463948e-10
106.2062062062062	0.19006936751368103	28522.986173787707	5.896147449668405e-10
106.48148148148148	0.19016362973895848	28469.409749870578	5.918534200808057e-10
106.75675675675676	0.19055661124885467	28415.93396225186	5.941019772472289e-10
107.03203203203203	0.19100409721345415	28362.558621898013	5.963608161045933e-10
107.30730730730731	0.1912181483227483	28309.283540130313	5.986271267181303e-10
107.58258258258259	0.19135524958819292	28256.108528624583	6.009002647137797e-10
107.85785785785787	0.19154232769185073	28203.03339941051	6.031810872346455e-10
108.13313313313314	0.1917273081483916	28150.05796487081	6.05469746627293e-10
108.4084084084084	0.1919400702514747	28097.182037740655	6.077667060075585e-10
108.68368368368368	0.19229896894776533	28044.405431107047	6.100736712371192e-10
108.95895895895896	0.19274683070884702	27991.727958408064	6.123914491693534e-10
109.23423423423424	0.1931313814157531	27939.149433432074	6.1471903018151e-10
109.50950950950951	0.19343119946144363	27886.669670317202	6.170553323712989e-10
109.78478478478479	0.19367840154152416	27834.288483550725	6.193998108804509e-10
110.06006006006007	0.19391258806076103	27782.00568796841	6.217524564663674e-10
110.33533533533534	0.19418776844798658	27729.82109875388	6.241138723799836e-10
110.61061061061062	0.19458144575593528	27677.734531438004	6.26485441952213e-10
110.88588588588588	0.19503701640586338	27625.74580189809	6.288676943420644e-10
111.16116116116116	0.19533702461601624	27573.8547263571	6.31258624616313e-10
111.43643643643644	0.19552169254488985	27522.06112138325	6.336570121311292e-10
111.71171171171171	0.19580857068307048	27470.364803889493	6.3606430422044e-10
111.98698698698699	0.1961091184110411	27418.765591132622	6.384807140073619e-10
112.26226226226227	0.19625190251517274	27367.263300712526	6.409044742588196e-10
112.53753753753755	0.19638504032568777	27315.857750571853	6.433357983560462e-10
112.81281281281282	0.1966383170958976	27264.548758995355	6.457763541572301e-10
113.08808808808809	0.196847547713892	27213.336144608944	6.482256628521248e-10
113.36336336336336	0.196933106075604	27162.219726379153	6.506824131467813e-10
113.63863863863864	0.19702675517359064	27111.199323612702	6.531470285156466e-10
113.91391391391392	0.19721066393103187	27060.274755955787	6.556208179670704e-10
114.1891891891892	0.19749387939763718	27009.4458433934	6.581049895312843e-10
114.46446446446447	0.19783043372523962	26958.71240624863	6.606000282102005e-10
114.73973973973975	0.19814925304086703	26908.07426518199	6.631055191190942e-10
115.01501501501502	0.19841843027725722	26857.53124119083	6.656207487348461e-10
115.2902902902903	0.19864762599667554	26807.08315560876	6.681452390063871e-10
115.56556556556556	0.19893791468701622	26756.729830105083	6.706797815402221e-10
115.84084084084084	0.19933539828091434	26706.471086684127	6.732255868758829e-10
116.11611611611612	0.199738810283301	26656.30674768446	6.75782480155297e-10
116.3913913913914	0.20010002989192632	26606.23663577833	6.783497533409737e-10
116.66666666666667	0.2004577668684424	26556.260573971096	6.809272795760232e-10
116.94194194194195	0.20085215898747813	26506.378385600656	6.835154352001469e-10
117.21721721721723	0.20130483107463723	26456.589894336732	6.861147973239203e-10
117.4924924924925	0.20171829016272408	26406.894924180204	6.887246928790893e-10
117.76776776776778	0.20198826553038987	26357.293299462406	6.913433241063711e-10
118.04304304304304	0.2022194490161908	26307.784844844766	6.939704504685021e-10
118.31831831831832	0.20252495990411007	26258.369385318187	6.966072316827462e-10
118.5935935935936	0.2028955675209637	26209.046746202297	6.992545290570252e-10
118.86886886886887	0.20328992969342977	26159.816753144787	7.019125692005611e-10
119.14414414414415	0.20364790426693008	26110.679232120816	7.045808228988498e-10
119.41941941941943	0.20393255028769822	26061.634009432368	7.072584107212324e-10
119.6946946946947	0.2041369783685869	26012.680911707695	7.099445243122716e-10
119.96996996996998	0.20432222935042554	25963.81976590078	7.126392368611291e-10
120.24524524524524	0.20456657691636265	25915.05039929073	7.153435655186908e-10
120.52052052052052	0.20482900437628584	25866.372639481044	7.180578630531806e-10
120.7957957957958	0.20506406090302667	25817.78631439902	7.207818746383973e-10
121.07107107107107	0.20534392609811408	25769.29125229524	7.235162776106583e-10
121.34634634634635	0.20568736895347264	25720.887281742915	7.262618718347968e-10
121.62162162162163	0.20596966450505608	25672.574231637136	7.290177964551998e-10
121.8968968968969	0.20613694801467125	25624.35193119433	7.317826796828705e-10
122.17217217217218	0.20624163446767554	25576.2202099518	7.345560348530565e-10
122.44744744744746	0.20640624573230296	25528.17889776716	7.373389792289993e-10
122.72272272272272	0.2067598885354608	25480.22782481776	7.40134049415512e-10
122.997997997998	0.20714724666290382	25432.36682159979	7.429414276878206e-10
123.27327327327328	0.20737216149581125	25384.595718927594	7.457588268895684e-10
123.54854854854855	0.20758048910572374	25336.9143479335	7.485861789467237e-10
123.82382382382383	0.20790678298455526	25289.322540067184	7.514251199226766e-10
124.0990990990991	0.20825162084975465	25241.820127094794	7.542757655031553e-10
124.37437437437438	0.20857638825744163	25194.406941098467	7.571377329609643e-10
124.64964964964966	0.20897354548088823	25147.08281447584	7.600118790113343e-10
124.92492492492492	0.20942525277374843	25099.847579939382	7.62898695085044e-10
125.2002002002002	0.20981631933605494	25052.701070515635	7.657971360207596e-10
125.47547547547548	0.21012774241578186	25005.64311954479	7.687061034711519e-10
125.75075075075075	0.21039376759583647	24958.673560680105	7.716251320413424e-10
126.02602602602603	0.21064118592443726	24911.79222788735	7.745541853897994e-10
126.30130130130131	0.21088019664901766	24864.99895544416	7.774933705573047e-10
126.57657657657658	0.2110793647323801	24818.29357793947	7.804423802820776e-10
126.85185185185186	0.21125346687032784	24771.675930272893	7.834011566791788e-10
127.12712712712714	0.21151028935560823	24725.14584765432	7.863710451023349e-10
127.4024024024024	0.21184694839493068	24678.703165603176	7.893531277563352e-10
127.67767767767768	0.21213996844943112	24632.347719947695	7.923467105154072e-10
127.95295295295296	0.21242123884693243	24586.079346824536	7.953516409506709e-10
128.22822822822823	0.21279974659861037	24539.897882678277	7.983692164290634e-10
128.5035035035035	0.21315974079146452	24493.803164260586	8.013990090487699e-10
128.7787787787788	0.21336533271098398	24447.79502862964	8.044389009123209e-10
129.05405405405406	0.21356303487920952	24401.873313149805	8.074890680410563e-10
129.32932932932934	0.21387027828363145	24356.037855491144	8.105512018147954e-10
129.60460460460462	0.21418687386563656	24310.28849362847	8.13625388515973e-10
129.87987987987987	0.21444843927011262	24264.625065840904	8.167108594137655e-10
130.15515515515517	0.21468021648375593	24219.047410711333	8.198073218531649e-10
130.43043043043042	0.21490557450918288	24173.555367125922	8.229148513411842e-10
130.70570570570572	0.21513758766302812	24128.148774273453	8.260336909538183e-10
130.98098098098097	0.2153610486971721	24082.827471644792	8.29163846288308e-10
131.25625625625628	0.21556055132253124	24037.591299032247	8.323051241262129e-10
131.53153153153153	0.2157912039905248	23992.44009652915	8.354581093886362e-10
131.80680680680683	0.216082004983036	23947.373704529236	8.386236802905889e-10
132.08208208208208	0.21632677197336925	23902.391963725924	8.418011418289007e-10
132.35735735735736	0.21647631191890515	23857.49471511178	8.449892674083774e-10
132.63263263263264	0.21661765423474597	23812.6817999782	8.481882297549028e-10
132.9079079079079	0.21680397144439512	23767.953059914733	8.513988979949175e-10
133.1831831831832	0.21703806694448924	23723.3083368085	8.546220333151992e-10
133.45845845845847	0.21731163717231	23678.747472843606	8.57858157574071e-10
133.73373373373374	0.2176164045776678	23634.270310500615	8.611075960098494e-10
134.00900900900902	0.21798004204534546	23589.876692555972	8.643710038861016e-10
134.2842842842843	0.218410976637001	23545.56646208149	8.676490445536761e-10
134.55955955955955	0.2187972616645803	23501.3394624436	8.709407328305662e-10
134.83483483483485	0.21906336868343876	23457.195537302858	8.742442284573079e-10
135.1101101101101	0.21926990074964658	23413.134530613577	8.775588669924466e-10
135.3853853853854	0.2195017146770214	23369.156286623274	8.808852858295915e-10
135.66066066066065	0.21984224162004157	23325.26064987216	8.8422517369496e-10
135.93593593593596	0.22021148991128164	23281.447465192337	8.875788117715252e-10
136.2112112112112	0.22042761644664668	23237.716577707175	8.909439045784581e-10
136.4864864864865	0.22055126497401786	23194.067832831	8.943194265398941e-10
136.76176176176176	0.22073282325014995	23150.501076268738	8.977066509986224e-10
137.03703703703704	0.22097918893425295	23107.016154015128	9.011067261906417e-10
137.31231231231232	0.2212632326947773	23063.612912354183	9.045202198624375e-10
137.5875875875876	0.2215783874555276	23020.29119785863	9.07947513759521e-10
137.86286286286287	0.22190080665662903	22977.050857389382	9.11388592527104e-10
138.13813813813815	0.22217592368906597	22933.891738094913	9.148426789013516e-10
138.41341341341342	0.22240940043133536	22890.81368741084	9.183092264554309e-10
138.6886886886887	0.2226596766899656	22847.81655305942	9.217886300865035e-10
138.96396396396398	0.22287713335990145	22804.900183048885	9.252805124623235e-10
139.23923923923923	0.22297649668664238	22762.064425672874	9.287833513688896e-10
139.51451451451453	0.22306362261134813	22719.309129510093	9.32297429588493e-10
139.78978978978978	0.22326469640529806	22676.634143423897	9.358248038201211e-10
140.06506506506508	0.22353387938190478	22634.039316561426	9.39366503484091e-10
140.34034034034033	0.2237999259812153	22591.52449835314	9.429223483450757e-10
140.61561561561564	0.22401582844918647	22549.08953851221	9.464915180362416e-10
140.8908908908909	0.2241849208682411	22506.73428703415	9.50073399856262e-10
141.1661661661662	0.22436762456688228	22464.4585941963	9.536683844405953e-10
141.44144144144144	0.2246047673252145	22422.262310557333	9.572773982170726e-10
141.71671671671672	0.2249092474670692	22380.145286956602	9.609013975891553e-10
141.991991991992	0.2252147306330967	22338.1073745136	9.645401973535871e-10
142.26726726726727	0.2254508636305523	22296.14842462734	9.681926179277666e-10
142.54254254254255	0.22568915029561795	22254.268288976087	9.718587649037656e-10
142.81781781781783	0.22599005937477923	22212.46681951681	9.755396317057911e-10
143.0930930930931	0.22628780795505538	22170.74386848444	9.792350601416025e-10
143.36836836836838	0.2265063353549395	22129.099288391386	9.829437968657154e-10
143.64364364364366	0.22659262105043884	22087.532932027007	9.866640363973228e-10
143.9189189189189	0.22667261982483075	22046.044652457374	9.903962029943635e-10
144.1941941941942	0.2270025450189633	22004.634303024915	9.94144503906118e-10
144.46946946946946	0.22746376693866383	21963.30173734739	9.979105913667659e-10
144.74474474474476	0.2277772571434099	21922.046809317097	1.0016916049352006e-09
145.02002002002	0.22800418089714916	21880.869373100897	1.0054861533961668e-09
145.29529529529532	0.22825369557627856	21839.76928313972	1.009294772545803e-09
145.57057057057057	0.22840718110901298	21798.746394147773	1.0131161015298285e-09
145.84584584584587	0.2284391964230265	21757.80056111207	1.0169486527824338e-09
146.12112112112112	0.22858202928549756	21716.931639292423	1.0207947796136547e-09
146.3963963963964	0.22885126041375045	21676.139484220505	1.0246566461638002e-09
146.67167167167167	0.22899684848498292	21635.42395169902	1.028532173698028e-09
146.94694694694695	0.22906344720307314	21594.784897801575	1.0324203696256867e-09
147.22222222222223	0.22927814730812346	21554.222178872475	1.036323952861006e-09
147.4974974974975	0.22956580107361674	21513.73565152576	1.0402439794567734e-09
147.77277277277278	0.22978218108677234	21473.3251726446	1.0441790731522331e-09
148.04804804804806	0.23005276537217786	21432.99059938117	1.0481300865743533e-09
148.32332332332334	0.23045698095561665	21392.731789156092	1.0520989689963678e-09
148.59859859859858	0.23080001656495483	21352.54859965754	1.0560842565877024e-09
148.8738738738739	0.23098986570542399	21312.44088884082	1.0600833237838902e-09
149.14914914914914	0.2311398776125398	21272.408514928273	1.0640958387453481e-09
149.42442442442444	0.23132690133910827	21232.45133640863	1.068122757782539e-09
149.6996996996997	0.23156737220964388	21192.569212036513	1.0721651280813993e-09
149.974974974975	0.23175276142692752	21152.76200083164	1.076222083181982e-09
150.25025025025025	0.23176908355926046	21113.0295620784	1.080291110638299e-09
150.52552552552555	0.23183000910727028	21073.371755325814	1.0843735986099813e-09
150.8008008008008	0.23213711749475732	21033.788440387085	1.088473919489084e-09
151.07607607607608	0.2325294782931046	20994.279477338456	1.0925930439544915e-09
151.35135135135135	0.23285460625567014	20954.844726518775	1.096729310958276e-09
151.62662662662663	0.23309956988779246	20915.48404852921	1.1008811772794852e-09
151.9019019019019	0.23327050692626686	20876.19730423278	1.1050475034966395e-09
152.17717717717719	0.2333841570498161	20836.984354753884	1.1092276489820558e-09
152.45245245245246	0.23352962153912143	20797.84506147792	1.1134225580030161e-09
152.72772772772774	0.23381623257391876	20758.779286050878	1.1176347954480107e-09
153.00300300300302	0.23415621320808663	20719.786890378437	1.1218650112566533e-09
153.2782782782783	0.23441048466443412	20680.867736625496	1.1261114562974935e-09
153.55355355355357	0.23455951085466695	20642.021687215794	1.1303724045291735e-09
153.82882882882885	0.23465104656491081	20603.248604831577	1.1346472592573264e-09
154.10410410410412	0.23481782403793755	20564.548352413265	1.1389377489998302e-09
154.37937937937937	0.23512051095000752	20525.920793158828	1.1432462934211013e-09
154.65465465465465	0.23550211163919205	20487.365790523105	1.1475739127388327e-09
154.92992992992993	0.23586141668878227	20448.883208217252	1.1519197527079848e-09
155.2052052052052	0.23609303301755694	20410.472910208267	1.1562813688330289e-09
155.48048048048048	0.23632282932338772	20372.13476071887	1.1606589144921107e-09
155.75575575575576	0.23672088073699926	20333.868624227118	1.1650553922103726e-09
156.03103103103103	0.23707786711908083	20295.674365465282	1.1694697024463774e-09
156.3063063063063	0.23721986102763584	20257.55184941941	1.1738980250541988e-09
156.5815815815816	0.23740850186620613	20219.500941329632	1.178341731435934e-09
156.85685685685687	0.23779520449693817	20181.521506689445	1.1828045169849926e-09
157.13213213213214	0.23821190747803742	20143.613411244736	1.1872865072256301e-09
157.40740740740742	0.23852276279169252	20105.77652099333	1.1917854930375123e-09
157.6826826826827	0.23867001769460952	20068.010702184667	1.1962987170680664e-09
157.95795795795797	0.23872695168966773	20030.31582131954	1.2008252278679607e-09
158.23323323323325	0.23883596365961696	19992.69174514975	1.205366721684343e-09
158.50850850850853	0.23905164598023906	19955.138340677506	1.2099255193876678e-09
158.7837837837838	0.23936396853345077	19917.655475154825	1.2145033304687956e-09
159.05905905905905	0.23965517467175057	19880.24301608287	1.219099499350326e-09
159.33433433433433	0.23986137986371528	19842.900831211562	1.2237123982367653e-09
159.6096096096096	0.24008426033306662	19805.628788539423	1.2283425062405594e-09
159.88488488488488	0.2403448147635818	19768.426756312987	1.2329905898867435e-09
160.16016016016016	0.24054142255451796	19731.29460302607	1.2376554936136243e-09
160.43543543543544	0.2407409158701883	19694.232197419635	1.242337477772889e-09
160.7107107107107	0.2411182488173146	19657.239408481535	1.247039856184006e-09
160.985985985986	0.24156170843183258	19620.316105445494	1.2517633298820755e-09
161.26126126126127	0.24185814984218926	19583.462157790487	1.2565046924053241e-09
161.53653653653654	0.2419894238984054	19546.677435240632	1.2612610587417282e-09
161.81181181181182	0.24203176021147418	19509.961807764867	1.2660314826567891e-09
162.0870870870871	0.24216037504597315	19473.315145576744	1.2708183486221841e-09
162.36236236236238	0.2424392790352144	19436.7373191337	1.2756247332058985e-09
162.63763763763765	0.24272767581115734	19400.228199136258	1.2804505885011332e-09
162.91291291291293	0.2429331614352306	19363.78765652764	1.285294222911044e-09
163.1881881881882	0.24304101272188175	19327.415562493454	1.290154024891161e-09
163.46346346346348	0.24315203196750934	19291.111788461465	1.295030541597048e-09
163.73873873873873	0.24340361663897891	19254.876206101213	1.2999267259447516e-09
164.014014014014	0.24373790200863465	19218.70868732319	1.3048439072817624e-09
164.2892892892893	0.24405581326320638	19182.609104278294	1.3097813546103497e-09
164.56456456456456	0.24436589612589898	19146.5773293576	1.3147386541637473e-09
164.83983983983984	0.2446625359110554	19110.61323519187	1.3197153861600034e-09
165.11511511511512	0.24486747405918693	19074.716694650975	1.3247097849351896e-09
165.3903903903904	0.24499874343662933	19038.887580843588	1.329720782689555e-09
165.66566566566567	0.24519669336908356	19003.125767117035	1.3347501397493618e-09
165.94094094094095	0.24548699770517643	18967.431127056596	1.3397997577584169e-09
166.21621621621622	0.24580106869777715	18931.803534484883	1.344869895905212e-09
166.4914914914915	0.24606645153778053	18896.24286346136	1.3499594222747912e-09
166.76676676676678	0.2462439254555468	18860.748988281983	1.3550667102513884e-09
167.04204204204206	0.24644296178415317	18825.321783479052	1.3601925301242385e-09
167.31731731731733	0.24673628876099712	18789.96112382069	1.365338883640389e-09
167.5925925925926	0.2470004812013049	18754.666884310012	1.3705050541695541e-09
167.8678678678679	0.2471821108798909	18719.438940184817	1.3756894709493384e-09
168.14314314314316	0.24737895028808887	18684.277166917447	1.3808927505052105e-09
168.4184184184184	0.24761333083094728	18649.18144021422	1.3861158256210177e-09
168.6936936936937	0.2478302428609514	18614.1516360148	1.391358405461204e-09
168.96896896896897	0.24804082799963323	18579.18763049193	1.3966204861120214e-09
169.24424424424424	0.24828328633080946	18544.28930005099	1.401902813728251e-09
169.51951951951952	0.248520257827866	18509.456521329477	1.4072052798800235e-09
169.7947947947948	0.2487098765794392	18474.68917119653	1.4125270042338005e-09
170.07007007007007	0.24888150371825796	18439.987126752607	1.4178678675114931e-09
170.34534534534535	0.24905898482239205	18405.350265329096	1.4232282523067417e-09
170.62062062062063	0.249228053112932	18370.778464487757	1.4286082005732667e-09
170.8958958958959	0.2493744159456498	18336.27160202032	1.4340074809666216e-09
171.17117117117118	0.24949191345201857	18301.82955594806	1.4394258022039594e-09
171.44644644644646	0.24961695337129722	18267.452204521436	1.4448636616908698e-09
171.72172172172174	0.24980297841758395	18233.13942621974	1.4503225255547412e-09
171.996996996997	0.25000468689468436	18198.891099750424	1.4558026839001417e-09
172.2722722722723	0.25015969127072396	18164.70710404864	1.4613031465033104e-09
172.54754754754757	0.2503161159852861	18130.58731827705	1.4668240970845475e-09
172.82282282282284	0.2505254532193422	18096.531621825405	1.4723667264285814e-09
173.0980980980981	0.250778065329237	18062.539894310008	1.4779318085518585e-09
173.37337337337337	0.2510405189422401	18028.6120155732	1.4835193070527465e-09
173.64864864864865	0.2512618655734436	17994.74786568292	1.4891281844075911e-09
173.92392392392392	0.2514678655763855	17960.94732493245	1.4947581512528227e-09
174.1991991991992	0.2517381902637772	17927.210273840108	1.5004106079092528e-09
174.47447447447448	0.25199585694773297	17893.536593148452	1.506085123237021e-09
174.74974974974975	0.2521237345101383	17859.926163823824	1.511778984796397e-09
175.02502502502503	0.25225730112780276	17826.378867056435	1.5174928159706676e-09
175.3003003003003	0.25253841370879726	17792.894584260008	1.5232300350194391e-09
175.57557557557558	0.2528736637055372	17759.4731970708	1.52899146138212e-09
175.85085085085086	0.25314036942046014	17726.114587347118	1.534775238163075e-09
176.12612612612614	0.25324969225815647	17692.818637169	1.5405780707712714e-09
176.40140140140142	0.25327724020537046	17659.58522883814	1.5463989199027634e-09
176.6766766766767	0.2534583361223833	17626.414244877862	1.5522418619934416e-09
176.95195195195197	0.25377814528755605	17593.305568032116	1.5581098468833672e-09
177.22722722722725	0.2540631188176829	17560.259081264732	1.5640016116359653e-09
177.50250250250252	0.25427406402622427	17527.274667759266	1.5699153501451378e-09
177.77777777777777	0.25444724491431686	17494.3522109188	1.5758504074066885e-09
178.05305305305305	0.2546885453315366	17461.491594365667	1.5818085122916112e-09
178.32832832832833	0.25503686565837524	17428.692701940894	1.5877918786752124e-09
178.6036036036036	0.25534191332729256	17395.955417703364	1.5937990977091406e-09
178.87887887887888	0.2555167378138979	17363.27962592954	1.5998272223223e-09
179.15415415415416	0.25559975157283077	17330.665211113333	1.6058747494664183e-09
179.42942942942943	0.2556592166387034	17298.112057965787	1.611941959135688e-09
179.7047047047047	0.25577382633316803	17265.620051414688	1.6180307740130413e-09
179.97997997998	0.25595785893781153	17233.18907660401	1.6241430430238456e-09
180.25525525525526	0.256180997334795	17200.819018893402	1.6302795979645413e-09
180.53053053053054	0.25636019150635264	17168.509763857666	1.636439321085185e-09
180.80580580580582	0.25646231667250485	17136.26119728645	1.6426206249781846e-09
181.0810810810811	0.25664291426415453	17104.073205184308	1.6488256537728002e-09
181.35635635635637	0.256933355374393	17071.94567377	1.6550568120922683e-09
181.63163163163165	0.2571034928323639	17039.87848947545	1.661310986435616e-09
181.90690690690693	0.2571701078459076	17007.871538945965	1.6675860958811071e-09
182.1821821821822	0.2574113245342179	16975.924709040442	1.6738866359005208e-09
182.45745745745745	0.25778197657029767	16944.03788683021	1.680215191293886e-09
182.73273273273273	0.2580622411992388	16912.210959598164	1.6865689599653827e-09
183.008008008008	0.2583212351871744	16880.443814839095	1.6929472807973234e-09
183.28328328328328	0.2586777430874674	16848.736340259442	1.6993522979449281e-09
183.55855855855856	0.2590103368637264	16817.088423776266	1.7057830154842052e-09
183.83383383383384	0.25920669734158025	16785.499953516868	1.712236150772048e-09
184.1091091091091	0.2592934385010961	16753.97081781877	1.7187097247426973e-09
184.3843843843844	0.2593356528955702	16722.50090522939	1.7252036532542308e-09
184.65965965965967	0.25941988768723345	16691.090104505718	1.731719838161777e-09
184.93493493493494	0.259546369921663	16659.73830461371	1.7382598041568325e-09
185.21021021021022	0.25965617069962676	16628.44539472775	1.7448234351069064e-09
185.4854854854855	0.25979109428238334	16597.211264230482	1.751411610906959e-09
185.76076076076077	0.26002603324271095	16566.035802712537	1.7580267608845748e-09
186.03603603603605	0.2603523512500218	16534.91889997192	1.764670630385246e-09
186.31131131131133	0.2607064294799714	16503.860446013474	1.771343158542239e-09
186.5865865865866	0.2609434712219294	16472.860331048287	1.7780409789647252e-09
186.86186186186188	0.2610080451998442	16441.918445493524	1.7847601717244138e-09
187.13713713713713	0.2610135359125523	16411.034679972476	1.791500289324143e-09
187.4124124124124	0.26110024296009815	16380.208925314255	1.7982642585399997e-09
187.68768768768768	0.26139543319567143	16349.441072553382	1.8050573821744728e-09
187.96296296296296	0.26175703738654216	16318.731012928696	1.8118805428215491e-09
188.23823823823824	0.2619314443214509	16288.078637882647	1.8187285022857053e-09
188.51351351351352	0.2619971161322633	16257.483839061808	1.8255989978125925e-09
188.7887887887888	0.2621137064175171	16226.946508316709	1.8324940348760412e-09
189.06406406406407	0.2622916363875383	16196.466537701053	1.8394154611177213e-09
189.33933933933935	0.26252106600853164	16166.043819471293	1.8463645213844573e-09
189.61461461461462	0.2628140319466427	16135.678246086289	1.8533425078165428e-09
189.8898898898899	0.2630952411541282	16105.369710206716	1.8603486618765336e-09
190.16516516516518	0.26319180601823267	16075.118104694398	1.867378260740588e-09
190.44044044044045	0.26314486198456577	16044.923322612505	1.874428590454228e-09
190.71571571571573	0.26314819472629325	16014.78525722561	1.881502202169972e-09
190.990990990991	0.2632634641727167	15984.703801998954	1.8886026157419583e-09
191.26626626626629	0.2634698722823288	15954.678850597842	1.895732122465332e-09
191.54154154154156	0.26366510250190706	15924.710296887031	1.902890058662405e-09
191.8168168168168	0.2637750839390776	15894.798034930442	1.9100741134543308e-09
192.0920920920921	0.26385543812087975	15864.941958991118	1.9172838516824004e-09
192.36736736736736	0.26397093404215727	15835.141963530914	1.9245205447447165e-09
192.64264264264264	0.2641653968569274	15805.397943210062	1.931786298572696e-09
192.91791791791792	0.26440998667184196	15775.709792886571	1.939082082282449e-09
193.1931931931932	0.26461407357475225	15746.077407615698	1.946406432347118e-09
193.46846846846847	0.26474661912109554	15716.500682649737	1.9537574469760114e-09
193.74374374374375	0.2648227273231186	15686.979513437773	1.9611340282021777e-09
194.01901901901903	0.26491208270394295	15657.513795625493	1.9685370790894612e-09
194.2942942942943	0.2650741699250791	15628.103425054758	1.975968827874999e-09
194.56956956956958	0.26527355664091984	15598.748297762993	1.9834301573031707e-09
194.84484484484486	0.2654679046130298	15569.448309982776	1.990920714742082e-09
195.12012012012013	0.2656404342922653	15540.20335814156	1.9984398211968836e-09
195.3953953953954	0.2658297728201567	15511.013338861445	2.0059879508592303e-09
195.6706706706707	0.2661245725980631	15481.878148959002	2.0135677670772982e-09
195.94594594594597	0.2664484127123313	15452.797685444379	2.0211794309492046e-09
196.22122122122124	0.26662726564774974	15423.771845520667	2.0288186221977437e-09
196.4964964964965	0.26667101023508694	15394.800526584084	2.036482225326682e-09
196.77177177177177	0.2666813893041347	15365.883626223862	2.0441704414358076e-09
197.04704704704704	0.26679774845954723	15337.021042222037	2.0518870598582057e-09
197.32232232232232	0.2670773115282994	15308.212672552807	2.0596365696269915e-09
197.5975975975976	0.2673574040512359	15279.458415381552	2.06741827778713e-09
197.87287287287288	0.26757682603314115	15250.75816906474	2.0752300657534013e-09
198.14814814814815	0.26786205604040036	15222.111832150144	2.0830736184537107e-09
198.42342342342343	0.2681744967205072	15193.519303375997	2.0909492679724103e-09
198.6986986986987	0.26833180512329746	15164.980481670178	2.0988524860820927e-09
198.97397397397398	0.2683358954197567	15136.495266150418	2.10677979561303e-09
199.24924924924926	0.2682989672694731	15108.063556124276	2.1147314659769743e-09
199.52452452452454	0.26835844612961773	15079.685251088906	2.1227113856040047e-09
199.7997997997998	0.26857731013325	15051.360250730424	2.130724310900741e-09
200.0750750750751	0.26876703886889947	15023.088454922798	2.1387689431741103e-09
200.35035035035037	0.26882959634362397	14994.869763727758	2.1468416520176653e-09
200.62562562562564	0.2689164011340637	14966.704077395234	2.1549437015844127e-09
200.90090090090092	0.26909412273074534	14938.591296362734	2.1630779127955672e-09
201.17617617617617	0.269308762683821	14910.531321254635	2.1712450572433137e-09
201.45145145145145	0.26955770640465715	14882.52405288195	2.179445697366242e-09
201.72672672672672	0.26985680709996357	14854.569392242074	2.187680736881185e-09
202.002002002002	0.27007390634234335	14826.667240517942	2.1959472885299873e-09
202.27727727727728	0.2700899317917126	14798.8174990777	2.204239842736889e-09
202.55255255255256	0.2700805933445324	14771.020069475355	2.2125589526606973e-09
202.82782782782783	0.27018809411189887	14743.27485345027	2.2209090055498844e-09
203.1031031031031	0.27031470208688874	14715.581752926084	2.2292907468172812e-09
203.3783783783784	0.27042709726036496	14687.940670010548	2.2377038578382305e-09
203.65365365365366	0.2706207937351927	14660.35150699561	2.2461507861568065e-09
203.92892892892894	0.2708681990204651	14632.814166356658	2.2546327036042784e-09
204.20420420420422	0.2710456612602322	14605.328550751872	2.263147078879926e-09
204.4794794794795	0.2711898442933305	14577.894563022379	2.2716929941529574e-09
204.75475475475477	0.2713964109347861	14550.512106192147	2.280272466164483e-09
205.03003003003005	0.27162476917903405	14523.181083467156	2.2888859479744405e-09
205.30530530530532	0.27182181042063763	14495.901398235037	2.297532310335914e-09
205.5805805805806	0.2720217214342127	14468.672954065001	2.306211675316303e-09
205.85585585585588	0.2722487975068832	14441.495654707476	2.314924862416101e-09
206.13113113113113	0.2724847733823788	14414.369404093632	2.3236720157528184e-09
206.4064064064064	0.2727527494772211	14387.29410633517	2.332453942862891e-09
206.68168168168168	0.27310727927538914	14360.269665724096	2.3412728810783173e-09
206.95695695695696	0.2734000633150727	14333.295986731679	2.350126309706068e-09
207.23223223223223	0.2734208458686079	14306.372974007903	2.3590061811867817e-09
207.5075075075075	0.27342569614629775	14279.500532382743	2.3679137009158414e-09
207.7827827827828	0.27371279261499565	14252.678566865956	2.3768585469809706e-09
208.05805805805807	0.274052622776764	14225.906982644972	2.3858415706064304e-09
208.33333333333334	0.274275647383026	14199.185685084694	2.394858482413133e-09
208.60860860860862	0.27459894092585657	14172.51457972856	2.4039123714639002e-09
208.8838838838839	0.27501194034325244	14145.893572297402	2.4130053639343214e-09
209.15915915915917	0.2751637313566677	14119.322568687894	2.4221287425763644e-09
209.43443443443445	0.2751256884366839	14092.801474973723	2.4312778678494356e-09
209.70970970970973	0.2752784593093363	14066.330197406349	2.4404604964336205e-09
209.984984984985	0.2755492691798175	14039.908642413093	2.4496805185212256e-09
210.26026026026028	0.27569463249948895	14013.53671659616	2.4589336888120003e-09
210.53553553553556	0.2757548317865204	13987.214326733336	2.4682179414963763e-09
210.8108108108108	0.2758391190386419	13960.9413797779	2.4775349900812026e-09
211.08608608608608	0.27601483577316144	13934.717782858168	2.4868882345857914e-09
211.36136136136136	0.27628375150633827	13908.543443276909	2.4962804076779435e-09
211.63663663663664	0.27655300951153644	13882.418268510684	2.505710840970542e-09
211.91191191191191	0.2767535992268508	13856.34216620959	2.5151769385814183e-09
212.1871871871872	0.27686261228168746	13830.315044197094	2.5246760093451553e-09
212.46246246246247	0.27700319703582105	13804.336810470279	2.534209774322662e-09
212.73773773773775	0.2773356337754047	13778.40737319964	2.543784546075003e-09
213.01301301301302	0.2777017061032135	13752.52664072757	2.5534003731644986e-09
213.2882882882883	0.27790598306912906	13726.694521567908	2.5630512658053814e-09
213.56356356356358	0.278038559947588	13700.910924406668	2.572735405303499e-09
213.83883883883885	0.27818128795155506	13675.175758101694	2.5824539600166393e-09
214.11411411411413	0.27827481926962966	13649.488931681803	2.5922060066565292e-09
214.3893893893894	0.278340904364337	13623.85035434677	2.6019915365765127e-09
214.66466466466468	0.27851167427474055	13598.259935467451	2.6118147311345354e-09
214.93993993993996	0.2787304048290498	13572.717584584707	2.621677078022067e-09
215.21521521521524	0.27882479436982516	13547.223211408664	2.631574304901687e-09
215.4904904904905	0.27890482677096823	13521.77672581946	2.64150662006767e-09
215.76576576576576	0.2791449005283677	13496.378037867195	2.6514797777730373e-09
216.04104104104104	0.2794073046414161	13471.027057770405	2.6614938749442874e-09
216.31631631631632	0.2795508029846579	13445.723695915709	2.6715444898714603e-09
216.5915915915916	0.2796484438506608	13420.467862858346	2.681630574785202e-09
216.86686686686687	0.2797851366517311	13395.259469321894	2.691754087899069e-09
217.14214214214215	0.2800082226939756	13370.098426197814	2.701918114008609e-09
217.41741741741743	0.28029769462704307	13344.984644544882	2.7121244317556094e-09
217.6926926926927	0.28057571970497536	13319.918035588631	2.7223719211349185e-09
217.96796796796798	0.2808017775464709	13294.898510721168	2.7326584262907077e-09
218.24324324324326	0.28096741725833185	13269.925981501023	2.7429820339993663e-09
218.51851851851853	0.28111336006361287	13245.000359653006	2.753342632524048e-09
218.7937937937938	0.2812907518862348	13220.121557067949	2.763741852875384e-09
219.0690690690691	0.2815280900894786	13195.28948580231	2.774181933933125e-09
219.34434434434436	0.2818094971169349	13170.504058077677	2.78466411840007e-09
219.61961961961964	0.28204441078975157	13145.76518628014	2.7951863916809555e-09
219.89489489489492	0.2822116814276295	13121.07278296028	2.805746524200173e-09
220.17017017017017	0.2823781183679475	13096.426760833227	2.816345059490987e-09
220.44544544544544	0.2825479481436139	13071.827032778056	2.826982591910843e-09
220.72072072072072	0.2826775697886619	13047.273511837331	2.837658145389941e-09
220.995995995996	0.2827373022152474	13022.766111216813	2.848369992955368e-09
221.27127127127127	0.28272781344961273	12998.30474428531	2.859116848086429e-09
221.54654654654655	0.2827483292160294	12973.88932457476	2.8699011133708842e-09
221.82182182182183	0.2828561902363768	12949.519765779774	2.880726633206037e-09
222.0970970970971	0.28294615669068596	12925.195981756639	2.8915928148728782e-09
222.37237237237238	0.28300156002208626	12900.91788652337	2.902498661722359e-09
222.64764764764766	0.2831653133832386	12876.685394260106	2.9134483632612826e-09
222.92292292292294	0.2834573736094271	12852.498419308286	2.9244458922493083e-09
223.1981981981982	0.2837741591738478	12828.356876169799	2.9354907727705667e-09
223.4734734734735	0.2840116395317162	12804.260679506693	2.9465790608004254e-09
223.74874874874877	0.28410468532483235	12780.209744141022	2.9577054750233384e-09
224.02402402402404	0.2841840857286908	12756.20398505539	2.968870546261512e-09
224.29929929929932	0.28436608192252644	12732.243317392624	2.9800787983140536e-09
224.5745745745746	0.28452190263418947	12708.327656454374	2.99132922536868e-09
224.84984984984985	0.28457970753621353	12684.456917701067	3.0026185472478746e-09
225.12512512512512	0.2846546213789413	12660.631016752439	3.0139483441544964e-09
225.4004004004004	0.2847610611220335	12636.849869386777	3.0253203821494504e-09
225.67567567567568	0.28478915103879165	12613.113391540095	3.0367321376564763e-09
225.95095095095095	0.2847786753738855	12589.421499306478	3.0481831171011517e-09
226.22622622622623	0.28486250764778187	12565.774108938225	3.059677745629183e-09
226.5015015015015	0.2850645038484914	12542.171136845041	3.071220341281952e-09
226.77677677677679	0.28533762989965794	12518.612499593452	3.082812583065105e-09
227.05205205205206	0.28554070869460274	12495.098113906068	3.09445068872249e-09
227.32732732732734	0.2856293243768518	12471.627896661716	3.1061301636280425e-09
227.60260260260262	0.2858295863096169	12448.201764896381	3.1178558373141668e-09
227.8778778778779	0.2861519907251695	12424.819635801949	3.1296318618347533e-09
228.15315315315317	0.28627307962499077	12401.481426724362	3.1414495933915135e-09
228.42842842842845	0.28621910967681	12378.187055164923	3.153303371429188e-09
228.70370370370372	0.2863041273297638	12354.936438781358	3.165200474885458e-09
228.978978978979	0.2865213476948278	12331.729495386036	3.1771463006092863e-09
229.25425425425428	0.2867093539476712	12308.566142944961	3.1891390429331252e-09
229.52952952952953	0.2868098355495691	12285.446299577949	3.201175173825186e-09
229.8048048048048	0.28683749901441935	12262.369883558684	3.2132525615664692e-09
230.08008008008008	0.28692297481241064	12239.336813314976	3.225374508206984e-09
230.35535535535536	0.287143139004824	12216.347007428236	3.237546498309821e-09
230.63063063063063	0.28744512439558306	12193.400384632563	3.249770804305318e-09
230.9059059059059	0.2877717230708211	12170.496863814435	3.2620470539806485e-09
231.1811811811812	0.28807613967214424	12147.636364012464	3.2743732272709552e-09
231.45645645645646	0.2883258588353358	12124.81880441719	3.2867465741415373e-09
231.73173173173174	0.288507145882994	12102.044104370867	3.2991644959583267e-09
232.00700700700702	0.2886689302522303	12079.31218336749	3.311626912555732e-09
232.2822822822823	0.28887303182010354	12056.622961052577	3.3241361817831206e-09
232.55755755755757	0.2891367421997238	12033.976357222666	3.336694825457333e-09
232.83283283283285	0.28944314730734244	12011.37229182488	3.349304170814911e-09
233.10810810810813	0.2897239955567573	11988.81068495637	3.361962631114961e-09
233.3833833833834	0.28993108269775075	11966.291456864128	3.3746671535633665e-09
233.65865865865868	0.29005711033471127	11943.814527944929	3.3874151491791874e-09
233.93393393393396	0.2901846645972261	11921.379818745463	3.4002079032870035e-09
234.2092092092092	0.29043000865573504	11898.98724996226	3.413051011483411e-09
234.48448448448448	0.2905920649320837	11876.636742439798	3.4259408836177088e-09
234.75975975975976	0.2904334533500078	11854.328217170041	3.4388654107309052e-09
235.03503503503504	0.2903015256648904	11832.0615952951	3.4518290965116393e-09
235.3103103103103	0.2905193804996352	11809.836798106853	3.46484829525917e-09
235.5855855855856	0.2908687037927208	11787.653747043945	3.477926900331317e-09
235.86086086086087	0.2911240249759717	11765.512363691429	3.4910589188171175e-09
236.13613613613614	0.2912065763912272	11743.41256978125	3.5042366331976006e-09
236.41141141141142	0.29120639978019786	11721.354287192817	3.5174577924753742e-09
236.6866866866867	0.2913463292050571	11699.337437953423	3.530729723654322e-09
236.96196196196198	0.2915753299562268	11677.361944236578	3.5440560220267227e-09
237.23723723723725	0.29170929686629987	11655.42772836102	3.557431994649753e-09
237.51251251251253	0.2918209465628253	11633.534712791783	3.570857058781018e-09
237.7877877877878	0.2920354453816686	11611.682820140195	3.5843359443150482e-09
238.06306306306308	0.2923206396790655	11589.87197316278	3.5978710056695638e-09
238.33833833833836	0.29261885814888533	11568.102094760869	3.611461720954222e-09
238.61361361361364	0.29289093719735465	11546.373107980395	3.6251061217808952e-09
238.88888888888889	0.29311118550881693	11524.684936011707	3.6388016840225557e-09
239.16416416416416	0.2932721677272073	11503.037502189381	3.652546211659104e-09
239.43943943943944	0.29343027364795765	11481.430729992298	3.666340420362417e-09
239.71471471471472	0.29366949205749976	11459.864543043539	3.6801884183276193e-09
239.98998998999	0.2939070858985875	11438.338865109203	3.694089922740029e-09
240.26526526526527	0.2940247095914115	11416.85362009794	3.7080397797148864e-09
240.54054054054055	0.2940998844445507	11395.408732061742	3.7220373629313274e-09
240.81581581581582	0.29424668061114034	11374.004125195886	3.736087067283731e-09
241.0910910910911	0.29453015301050817	11352.639723838412	3.7501950678225565e-09
241.36636636636638	0.29489369173119523	11331.315452469165	3.764363727941545e-09
241.64164164164166	0.2951127647894563	11310.031235708619	3.778585306500932e-09
241.91691691691693	0.2951651512519121	11288.786998318681	3.792852982997378e-09
242.1921921921922	0.2952270896038305	11267.582665203576	3.807169165990066e-09
242.4674674674675	0.29536702003034326	11246.41816140898	3.8215386886803696e-09
242.74274274274276	0.2955719719492484	11225.293412121277	3.835964729956071e-09
243.01801801801804	0.2957568299553542	11204.208342666912	3.850446072979953e-09
243.29329329329332	0.29587714003086474	11183.162878512347	3.864979900932126e-09
243.56856856856857	0.2961041214585192	11162.156945265006	3.879571595270606e-09
243.84384384384384	0.296501858854083	11141.190468672432	3.894228130968368e-09
244.11911911911912	0.2968434953380688	11120.263374620354	3.908944915454012e-09
244.3943943943944	0.29700958595818455	11099.375589133022	3.923713234062146e-09
244.66966966966967	0.297053328684937	11078.527038373932	3.938528839300099e-09
244.94494494494495	0.2970942721846583	11057.717648645958	3.953393831263271e-09
245.22022022022023	0.2972591222327783	11036.947346391145	3.96831549017159e-09
245.4954954954955	0.2974206592428614	11016.216058188977	3.983293738718647e-09
245.77077077077078	0.2974339797667668	10995.523710755991	3.998322075823147e-09
246.04604604604606	0.29755870462121065	10974.870230947916	4.013407252920672e-09
246.32132132132134	0.2979531253497174	10954.255545758797	4.028561611742467e-09
246.5965965965966	0.29827167036362057	10933.679582317793	4.043778998325951e-09
246.8718718718719	0.29834549591425563	10913.142267889923	4.059047123306126e-09
247.14714714714717	0.29837383531039313	10892.64352987801	4.074365733015297e-09
247.42242242242244	0.29846293956808206	10872.18329582187	4.089739523114897e-09
247.69769769769772	0.298605033855351	10851.76149339739	4.1051717622842735e-09
247.972972972973	0.29877395356680836	10831.378050416155	4.120663792124488e-09
248.24824824824825	0.2989382263728285	10811.032894825159	4.136215239427104e-09
248.52352352352352	0.29908080585151586	10790.72595470663	4.151825086352982e-09
248.7987987987988	0.2992040987432996	10770.457158277897	4.16749272227257e-09
249.07407407407408	0.2993553342642432	10750.22643389143	4.183219932780439e-09
249.34934934934935	0.29954564503538267	10730.033710034333	4.19900865226915e-09
249.62462462462463	0.2997055578567171	10709.878915327616	4.214857155812934e-09
249.8998998998999	0.29981636254453115	10689.761978526249	4.230763305686182e-09
250.17517517517518	0.29992419463493736	10669.682828519308	4.24672770118897e-09
250.45045045045046	0.30004422576336803	10649.641394329543	4.262751567303442e-09
250.72572572572574	0.3001731041542312	10629.637605113006	4.278835730378876e-09
251.00100100100101	0.3003462877532292	10609.67139015904	4.294982562991001e-09
251.2762762762763	0.30058923242606134	10589.74267888998	4.311195145806008e-09
251.55155155155157	0.3008222678364808	10569.851400860227	4.327472067214209e-09
251.82682682682685	0.30100876610873345	10549.99748575628	4.343810554710524e-09
252.10210210210212	0.30126901753766844	10530.18086339747	4.36021435923852e-09
252.3773773773774	0.30161012700102835	10510.401463735016	4.376686736497888e-09
252.65265265265268	0.30185915215244014	10490.659216850596	4.393221836356151e-09
252.92792792792793	0.3020147844602792	10470.954052957204	4.409815213030951e-09
253.2032032032032	0.30221439454091975	10451.285902399819	4.426470245810854e-09
253.47847847847848	0.30239673075685536	10431.654695653848	4.443186557094656e-09
253.75375375375376	0.3024385132657025	10412.060363324483	4.45995786337313e-09
254.02902902902903	0.3024505156605736	10392.502836147996	4.476784892852131e-09
254.3043043043043	0.302564852690905	10372.982044991619	4.493674767563437e-09
254.5795795795796	0.30275879983758863	10353.497920852311	4.5106318241221375e-09
254.85485485485486	0.30295927725382094	10334.050394856158	4.527655784627675e-09
255.13013013013014	0.3030600706955755	10314.639398257914	4.5447412029682455e-09
255.40540540540542	0.3031005634393253	10295.264862441716	4.561885972118713e-09
255.6806806806807	0.30326161276470404	10275.926718921794	4.579097625844309e-09
255.95595595595597	0.30350195038709865	10256.624899340764	4.596379864111041e-09
256.2312312312313	0.3036569956659799	10237.359335468527	4.613727243694401e-09
256.5065065065065	0.3037497341064554	10218.129959203297	4.631136863173886e-09
256.7817817817818	0.30386132806564536	10198.936702571758	4.648610706106441e-09
257.0570570570571	0.30400592956212746	10179.77949772836	4.666151056185222e-09
257.3323323323324	0.3041515792664497	10160.658276954793	4.683758069820859e-09
257.60760760760763	0.3042032884439641	10141.572972659296	4.701427046671894e-09
257.8828828828829	0.3042066342774266	10122.523517377364	4.71915682498552e-09
258.15815815815813	0.30438621223482587	10103.509843772776	4.7369581917596495e-09
258.43343343343344	0.30465321142477736	10084.531884635191	4.754834785105068e-09
258.70870870870874	0.30470094389509766	10065.58957287838	4.772773468771115e-09
258.983983983984	0.30465000503222384	10046.682841542946	4.790770642318066e-09
259.25925925925924	0.30476828936883493	10027.811623797155	4.808837664273878e-09
259.53453453453454	0.3049831482674163	10008.975852934313	4.826979386663625e-09
259.80980980980985	0.30517966093299287	9990.175462372214	4.845193495715783e-09
260.0850850850851	0.3054065631822787	9971.410385654068	4.863480891247469e-09
260.36036036036035	0.3056935653140318	9952.680556448127	4.881843904812859e-09
260.63563563563565	0.3059929722554373	9933.98590854691	4.9002818346709426e-09
260.91091091091096	0.3062627314194389	9915.326375866984	4.918791976627333e-09
261.1861861861862	0.3064772826137567	9896.701892448864	4.937370986063595e-09
261.46146146146145	0.3066485746151588	9878.112392457047	4.956017041310253e-09
261.73673673673676	0.3068114488151289	9859.55781017993	4.9747307040643355e-09
262.01201201201206	0.3069991849036019	9841.03808002959	4.993514258684551e-09
262.2872872872873	0.3072118216230317	9822.553136541328	5.0123694974581575e-09
262.56256256256256	0.3073359874469893	9804.102914372545	5.0312916737158505e-09
262.8378378378378	0.3073444816989492	9785.687348303185	5.050275775602921e-09
263.1131131131131	0.3074353621352311	9767.306373237152	5.069328908075476e-09
263.3883883883884	0.30766435212842896	9748.959924201085	5.088459561313834e-09
263.66366366366367	0.3078817582459273	9730.647936342522	5.107665976178382e-09
263.9389389389389	0.3080801100716378	9712.370344930781	5.126946485560059e-09
264.2142142142142	0.30835586515360947	9694.12708535748	5.146305251394687e-09
264.48948948948953	0.30866665874505855	9675.918093135298	5.1657431351037615e-09
264.7647647647648	0.3089017977243386	9657.743303897205	5.185254689482101e-09
265.04004004004	0.3089474661662324	9639.60265339618	5.204829508757695e-09
265.31531531531533	0.30881290645766196	9621.496077505937	5.2244603121460915e-09
265.59059059059064	0.30882603344369225	9603.423512223168	5.2441601021984544e-09
265.8658658658659	0.3091192692208276	9585.384893665836	5.263946233330945e-09
266.14114114114113	0.30944408720657207	9567.38015806997	5.283817799573749e-09
266.41641641641644	0.30966613026412504	9549.409241790341	5.303766564178984e-09
266.69169169169174	0.3098048895891492	9531.472081301416	5.323787505908993e-09
266.966966966967	0.3099969720286119	9513.56861319805	5.3438847244131135e-09
267.24224224224224	0.31036414470692003	9495.698774195156	5.364068370818883e-09
267.5175175175175	0.3105626249854397	9477.862501123818	5.384326384865271e-09
267.7927927927928	0.31032085074660887	9460.059730931593	5.404634071324865e-09
268.0680680680681	0.31015343545519947	9442.290400688546	5.425002657175391e-09
268.34334334334335	0.31037800558678114	9424.554447585499	5.445459108981947e-09
268.6186186186186	0.3106163619591189	9406.851808928252	5.466001776148533e-09
268.8938938938939	0.31068560649020655	9389.182422138887	5.486618794531391e-09
269.1691691691692	0.3107257920436041	9371.546224758164	5.507309522114206e-09
269.44444444444446	0.3107722517121523	9353.943154444438	5.528075621946483e-09
269.7197197197197	0.31078119142737126	9336.37314897281	5.548915821958012e-09
269.994994994995	0.3108028916104951	9318.836146235664	5.569832212415774e-09
270.2702702702703	0.3109124397208048	9301.33208424268	5.590830911568728e-09
270.54554554554556	0.31110671952787666	9283.860901119962	5.6119164256703524e-09
270.8208208208208	0.31134413331938876	9266.422535109486	5.633089744103605e-09
271.0960960960961	0.3115407632532932	9249.016924568548	5.654346651485075e-09
271.3713713713714	0.3116838596172638	9231.644007970126	5.675683288281445e-09
271.6466466466467	0.3118704810231081	9214.303723903578	5.697102706189105e-09
271.9219219219219	0.3120923823912337	9196.996011073536	5.718606780280897e-09
272.19719719719717	0.3122512631464151	9179.720808298947	5.740191011035562e-09
272.4724724724725	0.3123936261934915	9162.478054514064	5.761854934772741e-09
272.7477477477478	0.3126086121361892	9145.267688768614	5.7836037460720064e-09
273.02302302302303	0.3127630076838912	9128.089650225673	5.805433233289473e-09
273.2982982982983	0.3127539751115733	9110.943878161701	5.827333956067442e-09
273.5735735735736	0.3128060365265576	9093.83031196913	5.849312782191878e-09
273.8488488488489	0.31304110901563237	9076.74889115531	5.871382520849397e-09
274.12412412412414	0.313276634039609	9059.699555339648	5.893541508042651e-09
274.3993993993994	0.31341514365163187	9042.682244254123	5.915782486231614e-09
274.6746746746747	0.3134943605402372	9025.696897744232	5.938102448184209e-09
274.94994994995	0.3135651410682989	9008.74345576891	5.96050240653304e-09
275.22522522522524	0.3136714680964491	8991.821858400262	5.982985971142829e-09
275.5005005005005	0.31378089339410176	8974.932045822668	6.005553874226533e-09
275.7757757757758	0.3138514545768162	8958.073958332498	6.0282040756342684e-09
276.0510510510511	0.3139327285066061	8941.24753633871	6.050938281872875e-09
276.32632632632635	0.3140667254890487	8924.45272036256	6.073760543144306e-09
276.6016016016016	0.31422517147084045	8907.689451036793	6.096672170567486e-09
276.87687687687685	0.3143858583330263	8890.957669105472	6.119672805630623e-09
277.15215215215215	0.3145511439236851	8874.257315423965	6.142762419620505e-09
277.42742742742746	0.314759738980508	8857.588330959119	6.1659435906928415e-09
277.7027027027027	0.3150686498304722	8840.950656789179	6.189222056047521e-09
277.97797797797796	0.3154275179865092	8824.34423410261	6.2125989293998025e-09
278.25325325325326	0.31573434822899166	8807.769004197422	6.236068466461117e-09
278.52852852852857	0.3159186507313121	8791.224908481237	6.259621827762802e-09
278.8038038038038	0.3159731752566501	8774.71188847165	6.283251993693313e-09
279.07907907907907	0.3160454671026439	8758.229885797464	6.306963516702103e-09
279.35435435435437	0.31620264422608174	8741.778842197737	6.330764323532389e-09
279.6296296296297	0.31632611673518884	8725.35869951989	6.3546525493688725e-09
279.9049049049049	0.3164223764570654	8708.969399720625	6.3786273114119185e-09
280.1801801801802	0.3166374946492986	8692.61088486704	6.402697805412744e-09
280.4554554554555	0.31692784716242944	8676.283097134648	6.426868084740315e-09
280.7307307307308	0.31714299251589234	8659.985978806182	6.451131153207576e-09
281.00600600600603	0.31729210786595197	8643.719472272856	6.475482487029724e-09
281.2812812812813	0.31744088421732974	8627.483520034699	6.4999232360012e-09
281.5565565565566	0.3176227023778353	8611.278064700095	6.524456612976365e-09
281.83183183183183	0.3178622337624877	8595.103048985451	6.549086792974589e-09
282.10710710710714	0.3181801347372985	8578.958415714995	6.5738184075841335e-09
282.3823823823824	0.31853072555025447	8562.844107819916	6.598651887514242e-09
282.6576576576577	0.3187896526201572	8546.760068337386	6.623579101685958e-09
282.93293293293294	0.3189864595167616	8530.706240411853	6.648596108730322e-09
283.20820820820825	0.31925732479854485	8514.682567295888	6.673709474179743e-09
283.4834834834835	0.31952322600232236	8498.688992347905	6.698918707873209e-09
283.75875875875874	0.3196480724900431	8482.725459031339	6.724214065141464e-09
284.03403403403405	0.31975263411108873	8466.791910917014	6.749596782547439e-09
284.3093093093093	0.31992187308778314	8450.888291682595	6.775073808619191e-09
284.5845845845846	0.3199310570427172	8435.014545109296	6.800634626949703e-09
284.85985985985985	0.31976057574047795	8419.17061508372	6.8262700681900196e-09
285.13513513513516	0.3198033433032884	8403.356445601803	6.8520011204373634e-09
285.4104104104104	0.3200615838536716	8387.571980764742	6.87784370844794e-09
285.6856856856857	0.32014125496527995	8371.817164774748	6.903781774770762e-09
285.96096096096096	0.32014150845600187	8356.09194193984	6.929810509302116e-09
286.23623623623627	0.3203981440150277	8340.396256676058	6.955950490258779e-09
286.5115115115115	0.32071342632469646	8324.730053501871	6.9822029667687975e-09
286.7867867867868	0.32080820698126206	8309.093277037071	7.008548837275753e-09
287.06206206206207	0.3208373549655373	8293.485872007066	7.034985159297134e-09
287.3373373373374	0.32096339860846834	8277.90778324276	7.0615216266977e-09
287.6126126126126	0.32116538734350225	8262.358955678481	7.088164038625891e-09
287.8878878878879	0.3213969673302027	8246.83933435152	7.114913437244971e-09
288.1631631631632	0.3216085488128286	8231.348864401893	7.141767070444056e-09
288.4384384384384	0.32175033378017454	8215.887491072132	7.1687193261069875e-09
288.71371371371373	0.3217896008359105	8200.45515970726	7.195763699149111e-09
288.988988988989	0.3218298713083272	8185.051815756067	7.222903091092307e-09
289.2642642642643	0.3219911905044336	8169.677404771077	7.2501486727115554e-09
289.53953953953953	0.32217443307306254	8154.331872406049	7.277501479725457e-09
289.81481481481484	0.3222640944462312	8139.015164415575	7.304953747401309e-09
290.0900900900901	0.3222649109232887	8123.727226656202	7.3325001393671835e-09
290.3653653653654	0.3222666070655742	8108.468005087111	7.360143519214597e-09
290.64064064064064	0.32245215552577067	8093.237445770997	7.387899942933367e-09
290.91591591591595	0.3227888280241542	8078.035494871536	7.41577900907139e-09
291.1911911911912	0.3230429245011657	8062.862098651002	7.443770210411028e-09
291.4664664664665	0.323156137730571	8047.717203471933	7.471861391960707e-09
291.74174174174175	0.32319171193226975	8032.60075579831	7.500048446906559e-09
292.01701701701705	0.32327882258504176	8017.512702196089	7.528338327998631e-09
292.2922922922923	0.3234974155602326	8002.452989332492	7.556742469439303e-09
292.5675675675676	0.3236878353431537	7987.421563973161	7.585257145191667e-09
292.84284284284286	0.3237595383858412	7972.4183729827155	7.613872667862014e-09
293.1181181181181	0.3238521847982054	7957.443363327129	7.642592799677026e-09
293.3933933933934	0.3240034881784427	7942.496482072424	7.671423382919935e-09
293.66866866866866	0.3241021877434401	7927.577676382804	7.700360149686842e-09
293.94394394394396	0.3241215556458029	7912.686893521402	7.729397924067156e-09
294.2192192192192	0.32410885825682495	7897.824080850947	7.758536673986119e-09
294.4944944944945	0.3241443304566316	7882.989185833936	7.787782815893324e-09
294.76976976976977	0.32429344021051315	7868.182156032341	7.817146428424495e-09
295.0450450450451	0.32449879618263955	7853.402939105959	7.846630554051204e-09
295.3203203203203	0.32466943272356863	7838.651482811879	7.876230303925112e-09
295.5955955955956	0.32471427685507626	7823.927735004242	7.905934849370117e-09
295.8708708708709	0.3246629298545461	7809.231643635467	7.935738620269174e-09
296.1461461461462	0.32471726159602377	7794.563156758091	7.965653877605852e-09
296.4214214214214	0.32492447398179636	7779.922222522802	7.99569367463891e-09
296.69669669669673	0.32517244653139943	7765.30878917637	8.0258587200543e-09
296.971971971972	0.3253136744624606	7750.7228050610565	8.056137626192497e-09
297.2472472472473	0.325247270423098	7736.1642186149165	8.08651377764459e-09
297.52252252252254	0.32521674504366943	7721.632978375748	8.116994931100614e-09
297.7977977977978	0.3254335970021656	7707.129032980541	8.147604395850712e-09
298.0730730730731	0.32564535329609845	7692.652331159774	8.178338718677789e-09
298.34834834834834	0.32569318124547714	7678.2028217383195	8.209182269202988e-09
298.62362362362364	0.3257568828759097	7663.780453639308	8.240138534075875e-09
298.8988988988989	0.32590131540118294	7649.3851758826195	8.27121563429888e-09
299.1741741741742	0.3260233507321714	7635.016937582639	8.302411064320417e-09
299.44944944944945	0.32609115190613325	7620.675687948956	8.333720399956593e-09
299.72472472472475	0.3261299345330467	7606.361376286837	8.365142595276248e-09
300.0	0.32616611295681064	7592.073951997117	8.396679217090595e-09
