0.006966411893024342	2.6755894238745905	5291.280970599949	7.233262407315887	0.006712208878338129
25.0	0.049142857142857155	33212.0	10.0
25.275275275275277	0.049835607537334466	33841.06165431898	9.055348138934672
25.55055055055055	0.05053833882960032	34412.12541093196	8.18846738321076
25.825825825825827	0.05129027632674578	34929.58188610327	7.393496381436721
26.1011011011011	0.05205169976580975	35397.07008726126	6.665591162397747
26.376376376376378	0.05278067248964317	35817.69186695775	6.00063358453451
26.65165165165165	0.05345158821623482	36194.32788557427	5.394800344699276
26.926926926926928	0.054103742573816414	36530.16709645169	4.843839015103419
27.2022022022022	0.05482502329644203	36828.82550517032	4.342904757303033
27.47747747747748	0.05563755481319035	37093.67253077444	3.8874810130418576
27.75275275275275	0.05651539812697897	37327.568936615455	3.473738728544997
28.02802802802803	0.05737230314276249	37532.71955822406	3.0987391600733045
28.303303303303302	0.05814046958449356	37710.9937039635	2.7599971120049562
28.57857857857858	0.05886303469108921	37864.45938805022	2.454750766570448
28.853853853853856	0.05958995512869103	37995.27758906854	2.180105871366009
29.12912912912913	0.06034636548594461	38105.52711909231	1.933275144221278
29.404404404404403	0.0611327713872925	38197.10987175979	1.7117081345004388
29.67967967967968	0.06192904168479852	38271.720380396284	1.5131333254666217
29.954954954954957	0.06275557283861924	38330.964972331734	1.3353956131339197
30.23023023023023	0.06364578654984011	38376.36769123972	1.1764484250945908
30.505505505505504	0.0645353860575449	38409.20074508837	1.0345859359454976
30.78078078078078	0.0653379039349667	38430.5330208878	0.9083773189681833
31.056056056056057	0.06603306812685746	38441.38038869195	0.796461591297018
31.33133133133133	0.06664899332963346	38442.75636212378	0.6974784246227291
31.606606606606608	0.06728470877914904	38435.70429376438	0.6100240973897425
31.88188188188188	0.06798366881661917	38421.193659642646	0.5327933385755177
32.15715715715716	0.06870356975136141	38400.05125732077	0.46467366025410733
32.432432432432435	0.06942820428833539	38373.00993868428	0.40467903456244275
32.70770770770771	0.07016578439749371	38340.73560900301	0.3519131868801859
32.98298298298298	0.07090491404719038	38303.82165188966	0.30557739382918286
33.25825825825826	0.07162446860704444	38262.79477972348	0.2649626612400333
33.533533533533536	0.0723064246428623	38218.12640027736	0.22943433914001954
33.808808808808806	0.07295260904922721	38170.245604944575	0.1984144890522522
34.08408408408408	0.07361713085141383	38119.55401106247	0.17136168132683666
34.35935935935936	0.07433217728231319	38066.41424293493	0.14778682677178037
34.63463463463464	0.0750761382901438	38011.14020104041	0.12726659058490672
34.90990990990991	0.0757750480318334	37953.997302304786	0.10944318689210181
35.18518518518518	0.0763269490638647	37895.21121704706	0.09401254612296941
35.46046046046046	0.07686429138871463	37835.006794549125	0.08067115109620368
35.73573573573574	0.07760884369109672	37773.604803287206	0.06912049959330582
36.01101101101101	0.07840804263431185	37711.17631994988	0.05912952731268711
36.286286286286284	0.07905543348589782	37647.855298302406	0.05051753485487623
36.56156156156156	0.0796633747146312	37583.772657094596	0.04310763681372248
36.83683683683684	0.08037291213690173	37519.05195202056	0.036732691784772634
37.112112112112115	0.08123418343020053	37453.80093346196	0.031246873131682208
37.38738738738739	0.08217698961171999	37388.10805825705	0.026530482208243975
37.66266266266266	0.08300279021350153	37322.04323604089	0.022488975968616175
37.93793793793794	0.08367414738768195	37255.669044298855	0.019037667540477577
38.213213213213216	0.08428335715535942	37189.044571512626	0.016096485902374433
38.488488488488485	0.08489092669720573	37122.22303510251	0.01359324426047463
38.76376376376376	0.08552698715585812	37055.25096816182	0.011464767768714709
39.03903903903904	0.08616117639484641	36988.167879311484	0.009657375916998836
39.314314314314316	0.08678077307784701	36921.00772320315	0.008124888121463284
39.58958958958959	0.0874630636914304	36853.8006035742	0.006826307345648354
39.86486486486486	0.08820488360483406	36786.572054359865	0.0057268135885914255
40.14014014014014	0.08885798056111877	36719.34275007132	0.0047981718462632855
40.41541541541542	0.08938895940617278	36652.13060548977	0.004015871231097095
40.690690690690694	0.08988456258412712	36584.95174435341	0.0033578063912485167
40.965965965965964	0.09038304955895063	36517.82012481638	0.0028047945845852094
41.24124124124124	0.09089878759957029	36450.747631151506	0.0023404699893905677
41.51651651651652	0.0914946177399381	36383.74446934416	0.0019506984325583826
41.791791791791795	0.09220438618092236	36316.81923525915	0.0016235427238407414
42.06706706706707	0.09290666253978293	36249.97882720007	0.0013493667991117595
42.34234234234234	0.09352624039673152	36183.228980452186	0.0011201085631104312
42.61761761761762	0.09414212615898902	36116.574722469486	0.000928659967453133
42.892892892892895	0.09480274029901715	36050.0203361345	0.0007689190806334333
43.168168168168165	0.09549738007129692	35983.569373867525	0.0006357726682425695
43.44344344344344	0.09621117561343606	35917.22477885759	0.0005249321539662183
43.71871871871872	0.09692415358549672	35850.98898573754	0.00043279740198331047
43.993993993993996	0.09758149328415791	35784.863989360245	0.0003563638929155959
44.26926926926927	0.09814934557829105	35718.85143960498	0.00029309411016081936
44.54454454454455	0.09875079818913972	35652.952752684876	0.0002407661192151476
44.81981981981982	0.09945870185671941	35587.16909251123	0.00019749967106551155
45.0950950950951	0.10011886943333294	35521.501343634656	0.00016179391798466886
45.37037037037037	0.1006603248753971	35455.95020503371	0.00013239977857542104
45.645645645645644	0.10118782154063795	35390.51625458885	0.0001082321983928402
45.92092092092092	0.10178698003445172	35325.19994837237	8.837143929724056e-05
46.1961961961962	0.10249924634281464	35260.0016271238	7.205454012377132e-05
46.471471471471475	0.10323738959711871	35194.92152293554	5.866651044934909e-05
46.74674674674675	0.10387729795937588	35129.95978523238	4.769710962295009e-05
47.02202202202202	0.10448973636859628	35065.116503031175	3.8730308557699584e-05
47.2972972972973	0.10515470801573594	35000.3917203875	3.140666165389269e-05
47.572572572572575	0.10577249958619435	34935.78543076893	2.5435795843990026e-05
47.847847847847845	0.10630634750462821	34871.297590924005	2.0577554117250937e-05
48.12312312312312	0.10689837802805573	34806.928131876026	1.6627046343076507e-05
48.3983983983984	0.10755222308799704	34742.67695727647	1.3416920551544826e-05
48.673673673673676	0.1081073372472554	34678.54394583941	1.0814027175682278e-05
48.94894894894895	0.10863151233805657	34614.52896090129	8.706381325453052e-06
49.22422422422423	0.10931826385676674	34550.63185331632	6.999236738195888e-06
49.4994994994995	0.11005855208453076	34486.8524594125	5.6177535480154646e-06
49.77477477477478	0.11068128978518121	34423.19060466695	4.5025960402442436e-06
50.05005005005005	0.11129480280479663	34359.64610840676	3.6037422221861134e-06
50.32532532532532	0.11200156868145653	34296.21878408843	2.879703945725674e-06
50.6006006006006	0.11272547290028546	34232.90843935864	2.2973328356288832e-06
50.87587587587588	0.11339078872583334	34169.714877462444	1.8298960332784866e-06
51.151151151151154	0.11396335137847852	34106.63789837536	1.455560025720357e-06
51.42642642642643	0.11449407862733914	34043.677299665054	1.1562882951295681e-06
51.70170170170171	0.1150909232957215	33980.83287699662	9.172158674850466e-07
51.97697697697698	0.11572298967910379	33918.104424180616	7.264589706406265e-07
52.252252252252255	0.1163071667914176	33855.49173354371	5.745446046079942e-07
52.527527527527525	0.11688344884418699	33792.99459650576	4.5374858614058344e-07
52.8028028028028	0.11750548167166094	33730.6128065955	3.578414982826587e-07
53.07807807807808	0.11814960439080127	33668.34615958399	2.818504914672027e-07
53.353353353353356	0.11879283699006447	33606.19444585155	2.2172195678137175e-07
53.62862862862863	0.11943776987172613	33544.15745558149	1.7420873354690168e-07
53.90390390390391	0.12006218428496117	33482.23497886856	1.3672106713515046e-07
54.17917917917918	0.1206185872799671	33420.426805812414	1.0719768358689077e-07
54.454454454454456	0.12111605526939016	33358.73272660535	8.398414905286338e-08
54.729729729729726	0.12160489462430814	33297.15253159063	6.575225158706287e-08
55.005005005005	0.12215037705109365	33235.68601130448	5.144172388352216e-08
55.28028028028028	0.12278521384240215	33174.33295650884	4.021475347569883e-08
55.55555555555556	0.12339722187700743	33113.09315821684	3.142030679600043e-08
55.830830830830834	0.12391107708464698	33051.966407727574	2.4545269013925187e-08
56.10610610610611	0.1244089593045025	32990.952496652375	1.9177259145805218e-08
56.38138138138139	0.12496696149705963	32930.05121692598	1.498859658696728e-08
56.65665665665666	0.1256174778389035	32869.26236081631	1.1721946638730175e-08
56.931931931931935	0.1262755078931326	32808.5857209329	9.177819766159457e-09
57.20720720720721	0.12678605242993382	32748.021090235776	7.201337004295422e-09
57.48248248248248	0.12721394287654875	32687.568262044842	5.668489176378206e-09
57.75775775775776	0.1276965715519992	32627.227030043356	4.480400822950754e-09
58.033033033033036	0.1281723473840788	32566.997188279216	3.5606033369587984e-09
58.30830830830831	0.12857315370038835	32506.878531168095	2.849691957918e-09
58.58358358358358	0.1289816762587256	32446.8708534962	2.3007547031100024e-09
58.85885885885886	0.1294793218627331	32386.9739504212	1.877082207231296e-09
59.134134134134136	0.13009692219807603	32327.187617472937	1.5502560210527875e-09
59.40940940940941	0.13075583476873537	32267.511650553824	1.2984921071931812e-09
59.68468468468468	0.13129087823857824	32207.945845939274	1.1050829367835966e-09
59.95995995995996	0.13178435649852385	32148.49000027827	9.56810765991904e-10
60.23523523523524	0.13242707451695385	32089.143910593306	8.432440720220114e-10
60.510510510510514	0.13308544130548303	32029.907374279628	7.564694373287488e-10
60.78578578578579	0.1335747262519026	31970.780189105008	6.904360422936115e-10
61.06106106106106	0.13397515939800275	31911.762153209664	6.403714668793035e-10
61.33633633633634	0.1343827543537348	31852.853065105734	6.025491966298555e-10
61.611611611611615	0.13480226384145938	31794.052723676694	5.741047413838126e-10
61.88688688688689	0.13522125556006154	31735.360928176746	5.528409377621245e-10
62.16216216216216	0.13562049431167686	31676.777478230277	5.370728179012946e-10
62.43743743743744	0.13598797355356274	31618.302173831282	5.255071418709027e-10
62.712712712712715	0.1363256428854265	31559.93481534274	5.171510611993224e-10
62.98798798798799	0.13669901235447404	31501.675203496	5.112411537716577e-10
63.26326326326326	0.13716781643833717	31443.523139390192	5.071940483528884e-10
63.53853853853854	0.13762600769473116	31385.478424491404	5.045686640287951e-10
63.813813813813816	0.13800321517621333	31327.54086063209	5.03028187541181e-10
64.0890890890891	0.13844701706586293	31269.71025001056	5.023133770841385e-10
64.36436436436436	0.13903421702860472	31211.98639519028	5.022275280866107e-10
64.63963963963964	0.1396709616749711	31154.369099099054	5.026218186572062e-10
64.91491491491492	0.14022686744872231	31096.858165028334	5.03382326813834e-10
65.1901901901902	0.14057711885001942	31039.4533966326	5.044208512769223e-10
65.46546546546547	0.14087931347774052	30982.154597928864	5.056707038784075e-10
65.74074074074073	0.1413881077837632	30924.961573296085	5.070835153601956e-10
66.01601601601601	0.14192656492473255	30867.874127474195	5.086214894168596e-10
66.29129129129129	0.14227281912295775	30810.892065563392	5.102537598539185e-10
66.56656656656656	0.14258176297315023	30754.01519302376	5.119583517404383e-10
66.84184184184184	0.14299223401608152	30697.243315674586	5.137201784972932e-10
67.11711711711712	0.1434533225765593	30640.57623969356	5.155273835764393e-10
67.3923923923924	0.1438787485637007	30584.013771616115	5.173700768423104e-10
67.66766766766767	0.1441800492446561	30527.55571833472	5.192397788991991e-10
67.94294294294295	0.1444645902411022	30471.20188709839	5.21131327231813e-10
68.21821821821823	0.14494175409227145	30414.952085512115	5.2304329528741e-10
68.4934934934935	0.14547739141417887	30358.80612153593	5.249730702682995e-10
68.76876876876878	0.14585892411334178	30302.763803484202	5.269161919852226e-10
69.04404404404404	0.14621777506391317	30246.824940025243	5.288708669555117e-10
69.31931931931932	0.14668824397773167	30190.98934018066	5.308373495539058e-10
69.5945945945946	0.14718127180150847	30135.25681332452	5.328147787225276e-10
69.86986986986987	0.14761778893840807	30079.627169182717	5.348015755203942e-10
70.14514514514515	0.1479872703683513	30024.10021783238	5.367964434407416e-10
70.42042042042041	0.14831639673851085	29968.67576970126	5.38798742440046e-10
70.69569569569569	0.14866209869959332	29913.35363556705	5.408086831007676e-10
70.97097097097097	0.14909006583006082	29858.133626556824	5.428272132642302e-10
71.24624624624624	0.1496359885910592	29803.01555414634	5.448554683173621e-10
71.52152152152152	0.15014660714566996	29747.99923015923	5.468924596151618e-10
71.7967967967968	0.15049740092337643	29693.084466766388	5.489359717495795e-10
72.07207207207207	0.15085844714792943	29638.271076485584	5.50986413364662e-10
72.34734734734735	0.15132964756080075	29583.55887218073	5.530452909768327e-10
72.62262262262263	0.1517739771402606	29528.94766706109	5.551120792868198e-10
72.8978978978979	0.15217619805314933	29474.437274680724	5.571862156705057e-10
73.17317317317318	0.15267821083993283	29420.027508937965	5.59268996761461e-10
73.44844844844846	0.15324317050644992	29365.71818407467	5.613609391851373e-10
73.72372372372374	0.15372493866007564	29311.50911467548	5.634606723211962e-10
73.998998998999	0.1541512481306609	29257.4001156673	5.65567532092577e-10
74.27427427427428	0.15459734289799285	29203.391002318764	5.67681944862726e-10
74.54954954954955	0.15502187862248978	29149.48159023947	5.69803734097299e-10
74.82482482482483	0.15537846963856036	29095.67169537935	5.719322216585114e-10
75.1001001001001	0.15567935107805927	29041.9611340281	5.740670683930166e-10
75.37537537537537	0.15598084178122243	28988.349722814586	5.76208713859328e-10
75.65065065065065	0.15638333204339924	28934.837278706247	5.783586982329746e-10
75.92592592592592	0.15686043076729994	28881.423619008376	5.805178352179838e-10
76.2012012012012	0.15728879266751808	28828.108561363428	5.826852352516518e-10
76.47647647647648	0.1577135620596548	28774.891923750492	5.848608035705373e-10
76.75175175175175	0.1582318775367451	28721.773524484768	5.87045653786227e-10
77.02702702702703	0.15872675199612352	28668.75318221673	5.892391861249488e-10
77.30230230230231	0.15908963725421746	28615.830715931523	5.914396587220913e-10
77.57757757757759	0.1594434479944383	28563.00594494855	5.93647306811913e-10
77.85285285285286	0.15987039661041463	28510.27868892082	5.958633068997913e-10
78.12812812812814	0.1603042864492261	28457.64876783419	5.980877164976136e-10
78.40340340340342	0.1606908245778708	28405.11600200677	6.003199263403789e-10
78.67867867867868	0.1610091341193727	28352.68021208834	6.025592510925248e-10
78.95395395395396	0.16128351528919174	28300.341219059785	6.048055002423186e-10
79.22922922922923	0.16156302989210594	28248.098844232485	6.070591427498452e-10
79.50450450450451	0.16186562930793919	28195.952909247706	6.093207453178356e-10
79.77977977977977	0.16219875760792793	28143.903236075952	6.115908170690567e-10
80.05505505505505	0.16257897222006595	28091.949647016372	6.138699368631741e-10
80.33033033033033	0.1630007111176078	28040.091964696163	6.161584625793743e-10
80.6056056056056	0.16340511955474385	27988.3300120699	6.18455938498567e-10
80.88088088088088	0.16376804806313444	27936.66361241892	6.207617486274348e-10
81.15615615615616	0.16412082477746642	27885.092589350847	6.230758439905932e-10
81.43143143143143	0.16447231874564583	27833.61676679891	6.253983076626342e-10
81.70670670670671	0.1648171411493244	27782.23596902135	6.277291420899531e-10
81.98198198198199	0.1652185516416755	27730.950020600874	6.300691384472894e-10
82.25725725725727	0.16574246803610307	27679.758746444077	6.324196865618472e-10
82.53253253253254	0.16629461711729446	27628.661971780697	6.34780623486688e-10
82.80780780780782	0.16674216892629953	27577.65952216294	6.371501972197066e-10
83.0830830830831	0.16698342610317632	27526.751223464973	6.395259083287462e-10
83.35835835835836	0.16709812369106392	27475.93690188246	6.419069705253435e-10
83.63363363363364	0.16744929756929133	27425.21638393222	6.442973348332197e-10
83.90890890890891	0.1680778184819534	27374.589496451394	6.467003395627541e-10
84.18418418418419	0.16867906936473373	27324.05606659648	6.491145815901639e-10
84.45945945945945	0.16914907832699375	27273.61592184295	6.515377744036711e-10
84.73473473473473	0.1695307555328337	27223.268889984767	6.539688374374098e-10
85.01001001001	0.1699156371068735	27173.0147991339	6.564081547950516e-10
85.28528528528528	0.17037372233986606	27122.853477719673	6.588568819706451e-10
85.56056056056056	0.17083397261322789	27072.78475448806	6.613149611759441e-10
85.83583583583584	0.17125070375347973	27022.808458501135	6.637817907575365e-10
86.11111111111111	0.1716958320284381	26972.924419136576	6.662578539381262e-10
86.38638638638639	0.17215077371572374	26923.13246608701	6.687432697897497e-10
86.66166166166167	0.17247600683606115	26873.432429359313	6.712363864554022e-10
86.93693693693695	0.17276157218974444	26823.82413927426	6.737371772925517e-10
87.21221221221222	0.1732357011335366	26774.30742646608	6.762484970384336e-10
87.4874874874875	0.17371217267176678	26724.88212188145	6.787700293569926e-10
87.76276276276278	0.17391015517463396	26675.548056778855	6.812980314340436e-10
88.03803803803804	0.17404877639035887	26626.305062728487	6.838326368316889e-10
88.31331331331332	0.17435774152624006	26577.152971611667	6.863768453004016e-10
88.58858858858859	0.17471438827268077	26528.091615619964	6.88931230144135e-10
88.86386386386387	0.17504049589041018	26479.12082725464	6.914952154411055e-10
89.13913913913915	0.17541672756079982	26430.240439326215	6.940694290673304e-10
89.41441441441442	0.1758224048205729	26381.45028495385	6.966540600512284e-10
89.68968968968969	0.1761369703243082	26332.750197564637	6.992477190835425e-10
89.96496496496496	0.17639093196611844	26284.140010893174	7.018498309582547e-10
90.24024024024024	0.1766947155387855	26235.619558981107	7.04461411016327e-10
90.51551551551552	0.17707301670772005	26187.188676176473	7.070834968911714e-10
90.7907907907908	0.17751396330818034	26138.847197133076	7.097166738830862e-10
91.06606606606607	0.17798911968631587	26090.59495680992	7.123609971737565e-10
91.34134134134135	0.17844796946467584	26042.431790470637	7.150158674143889e-10
91.61661661661662	0.17880601971900464	25994.357533682858	7.17679792825582e-10
91.8918918918919	0.17908312305488477	25946.372022317795	7.203520005833157e-10
92.16716716716716	0.17942174942752562	25898.47509254976	7.230337968734628e-10
92.44244244244244	0.17982465009783796	25850.666580855508	7.257261378801117e-10
92.71771771771772	0.1801926905231051	25802.946324013552	7.284284209331706e-10
92.992992992993	0.1804979782219377	25755.31415910367	7.311398780788855e-10
93.26826826826827	0.1807466765764813	25707.76992350642	7.338600669175044e-10
93.54354354354355	0.18094535689858332	25660.313454902545	7.365887762381169e-10
93.81881881881883	0.18112472173362287	25612.944591272462	7.393262683836825e-10
94.0940940940941	0.18137443245405302	25565.66317089576	7.420739031102496e-10
94.36936936936937	0.18170707925364332	25518.46903235061	7.448328006858132e-10
94.64464464464464	0.18201074861233574	25471.36201451303	7.476022880176585e-10
94.91991991991992	0.18229446336637867	25424.34195655647	7.50382028348823e-10
95.1951951951952	0.18267574789522384	25377.40869795142	7.531733419737866e-10
95.47047047047047	0.18312801396317788	25330.562078464664	7.559768053657624e-10
95.74574574574575	0.1835504551427451	25283.801938158653	7.587915018565905e-10
96.02102102102103	0.18390467027614832	25237.12811739107	7.616163041994552e-10
96.2962962962963	0.1841871697449187	25190.54045681427	7.644504009360607e-10
96.57157157157158	0.18443618154625913	25144.038797374826	7.672937497163268e-10
96.84684684684684	0.18469285966462148	25097.622980312954	7.701468778057908e-10
97.12212212212212	0.18498613798150088	25051.29284716197	7.730105442143824e-10
97.3973973973974	0.18528054253810097	25005.048239747703	7.758848126891317e-10
97.67267267267268	0.1854788746417124	24958.889000187835	7.787684451961773e-10
97.94794794794795	0.1856358169859216	24912.814970891577	7.816613302974734e-10
98.22322322322323	0.18589181409960845	24866.825994559207	7.84565280492069e-10
98.4984984984985	0.1862043456888978	24820.921914181337	7.874809859941248e-10
98.77377377377378	0.18647799838199874	24775.102573038308	7.904076531599643e-10
99.04904904904905	0.18672960881386033	24729.367814699785	7.933449759492009e-10
99.32432432432432	0.18699815006946313	24683.71748302424	7.962932823700908e-10
99.5995995995996	0.1873064423006596	24638.15142215844	7.992531188205055e-10
99.87487487487488	0.18763648500705413	24592.669476536794	8.022246295120239e-10
100.15015015015015	0.1879175659714397	24547.27149088084	8.052069672009072e-10
100.42542542542543	0.18812600607365282	24501.957310198715	8.081992426025198e-10
100.70070070070071	0.18829145947742326	24456.726779784713	8.112012627160455e-10
100.97597597597598	0.188517528452139	24411.579745218838	8.142143214104124e-10
101.25125125125126	0.18890398003978898	24366.516052366263	8.172406825472372e-10
101.52652652652652	0.18932578960238772	24321.535547376567	8.202801941634386e-10
101.8018018018018	0.1896509880487801	24276.638076683168	8.233309536939295e-10
102.07707707707708	0.18994562485669766	24231.823487003057	8.263925852266937e-10
102.35235235235236	0.19027712496130889	24187.091625336256	8.294657748809519e-10
102.62762762762763	0.19064797330830402	24142.442338965226	8.325510378869017e-10
102.90290290290291	0.19102607599193713	24097.875475454337	8.356482948520755e-10
103.17817817817819	0.19135428754993272	24053.39088264926	8.387567142189501e-10
103.45345345345346	0.1916447036551059	24008.98840867657	8.418759124554889e-10
103.72872872872873	0.19195354912114276	23964.66790194327	8.450064238351279e-10
104.004004004004	0.19231129445507952	23920.429211136234	8.481490488509919e-10
104.27927927927928	0.19271681040220412	23876.272185221667	8.513043286724806e-10
104.55455455455456	0.19309010477835714	23832.1966734445	8.544715270940871e-10
104.82982982982983	0.19338016365229055	23788.202525327877	8.576494465490226e-10
105.10510510510511	0.1936424904128893	23744.289590672804	8.608380682111123e-10
105.38038038038039	0.1939084428744838	23700.45771955758	8.640378330285778e-10
105.65565565565566	0.19415861821647304	23656.706762337253	8.672487800756403e-10
105.93093093093094	0.1944054131823101	23613.03656964313	8.704711242149622e-10
106.2062062062062	0.19468340582261623	23569.446992382294	8.73705512855865e-10
106.48148148148148	0.1949598772310853	23525.937881737027	8.76951934816704e-10
106.75675675675676	0.19519277144648792	23482.50908916426	8.802098007768473e-10
107.03203203203203	0.19546640266611587	23439.160466395257	8.83479925327736e-10
107.30730730730731	0.19582043027206306	23395.89186543503	8.867634373546134e-10
107.58258258258259	0.19606092280955903	23352.703138561556	8.900583461500927e-10
107.85785785785787	0.1961572857454434	23309.594138325454	8.933628876488735e-10
108.13313313313314	0.1964149866925251	23266.564717549947	8.966802635739943e-10
108.4084084084084	0.19689393806938138	23223.614729330024	9.000135055519194e-10
108.68368368368368	0.1973711018147687	23180.744027031556	9.033614582351952e-10
108.95895895895896	0.19770746911668766	23137.95246429095	9.067213576985793e-10
109.23423423423424	0.19785922893212404	23095.23989501473	9.100907335630725e-10
109.50950950950951	0.19798667232476216	23052.60617337932	9.134702603906794e-10
109.78478478478479	0.19826684342579406	23010.051153830576	9.168629696149403e-10
110.06006006006007	0.19865327143817457	22967.57469108298	9.202702345498969e-10
110.33533533533534	0.19905471017547177	22925.17664011911	9.236916631900556e-10
110.61061061061062	0.1993933958941469	22882.85685618912	9.271258752363841e-10
110.88588588588588	0.1996511940065098	22840.61519481038	9.305716990247769e-10
111.16116116116116	0.19988488915532962	22798.451511767038	9.340291980229038e-10
111.43643643643644	0.2001531287566288	22756.365663109544	9.374992896098527e-10
111.71171171171171	0.20050224663846217	22714.357505154152	9.409832828902866e-10
111.98698698698699	0.2008982930033291	22672.426894482312	9.4448156773878e-10
112.26226226226227	0.2012822624936044	22630.57368794014	9.479935500415665e-10
112.53753753753755	0.2016599999143364	22588.79774263805	9.515189369599562e-10
112.81281281281282	0.20204402996130497	22547.098915950217	9.550577353952353e-10
113.08808808808809	0.20241411901898498	22505.477065514104	9.586096664897321e-10
113.36336336336336	0.20271383356146339	22463.932049229887	9.62173724030287e-10
113.63863863863864	0.2028449316561535	22422.46372525992	9.657477954639297e-10
113.91391391391392	0.20288023411543057	22381.071952028502	9.693315762737693e-10
114.1891891891892	0.20304542403761144	22339.756588221604	9.72928246873394e-10
114.46446446446447	0.20334669797100044	22298.517492786064	9.765400284544463e-10
114.73973973973975	0.2036713092362207	22257.35452492896	9.801667210054413e-10
115.01501501501502	0.20402039596472313	22216.26754411727	9.83808227280461e-10
115.2902902902903	0.20440294963605304	22175.256410077425	9.874646362975311e-10
115.56556556556556	0.2047110994642458	22134.320982794645	9.911343949039438e-10
115.84084084084084	0.204893218266315	22093.461122512537	9.948157117933476e-10
116.11611611611612	0.2050588797764792	22052.676689732867	9.985090802071772e-10
116.3913913913914	0.2052794973259991	22011.96754521502	1.0022159270654082e-09
116.66666666666667	0.20555409019208853	21971.333549975425	1.005937197389157e-09
116.94194194194195	0.2058523268087202	21930.77456528703	1.0096730701445007e-09
117.21721721721723	0.2061303148606092	21890.290452678815	1.0134230096859439e-09
117.4924924924925	0.2063852423743647	21849.88107393538	1.017186637432914e-09
117.76776776776778	0.20663461010856277	21809.546291096492	1.0209639904573762e-09
118.04304304304304	0.20690072756173625	21769.28596645664	1.0247554545663282e-09
118.31831831831832	0.20715913859753124	21729.099962564476	1.0285609239556343e-09
118.5935935935936	0.20726743533540196	21688.988142222173	1.0323781416255686e-09
118.86886886886887	0.2072593311940771	21648.95036848523	1.0362061585560774e-09
119.14414414414415	0.20744815876817388	21608.986504662433	1.0400492393302967e-09
119.41941941941943	0.20781592229555587	21569.096414314863	1.0439099310703015e-09
119.6946946946947	0.2080479619280608	21529.279961255004	1.047785007010684e-09
119.96996996996998	0.208201952047372	21489.53700954683	1.0516732695198614e-09
120.24524524524524	0.20850052319496043	21449.867423505588	1.055577450170755e-09
120.52052052052052	0.20884678674963406	21410.271067696867	1.0594978353953411e-09
120.7957957957958	0.20909572738560733	21370.747806936044	1.0634323424044718e-09
121.07107107107107	0.2093043703779425	21331.297506288138	1.0673805271503475e-09
121.34634634634635	0.2095270636414249	21291.920031067348	1.071342978691637e-09
121.62162162162163	0.20973823687639784	21252.615246836474	1.0753196943062248e-09
121.8968968968969	0.20996459942601553	21213.38301940652	1.0793111164133402e-09
122.17217217217218	0.21029533546471108	21174.22321483635	1.0833189791734914e-09
122.44744744744746	0.21070111103591058	21135.13569943206	1.0873439674672294e-09
122.72272272272272	0.21107638005742954	21096.12033974636	1.0913848553618992e-09
122.997997997998	0.21139979150342778	21057.17700257828	1.0954405197072357e-09
123.27327327327328	0.21168719892058138	21018.305554972765	1.0995105031506518e-09
123.54854854854855	0.21195279395437178	20979.505864220242	1.1035947557482362e-09
123.82382382382383	0.2121910000269906	20940.777797856088	1.1076931735725713e-09
124.0990990990991	0.21235191445669685	20902.121223660146	1.1118048985073587e-09
124.37437437437438	0.21246617863024803	20863.536009656385	1.1159298862229825e-09
124.64964964964966	0.21268181858845248	20825.02202411265	1.1200705355293685e-09
124.92492492492492	0.21299401463751358	20786.579135539967	1.1242283498245515e-09
125.2002002002002	0.21327050070753756	20748.20721269187	1.1284021641318535e-09
125.47547547547548	0.21354033992980545	20709.906124564226	1.132591719067238e-09
125.75075075075075	0.2138871008197265	20671.675740394876	1.136798240978744e-09
126.02602602602603	0.21420343214299734	20633.51592966289	1.1410207784146072e-09
126.30130130130131	0.214399979444994	20595.426562088127	1.1452572599903822e-09
126.57657657657658	0.2146289624216244	20557.40750763119	1.1495088807811872e-09
126.85185185185186	0.21494091017467912	20519.458636492836	1.1537772730189246e-09
127.12712712712714	0.2151306784665896	20481.579819113093	1.1580601050491879e-09
127.4024024024024	0.21522592675854527	20443.770926171197	1.1623563469650236e-09
127.67767767767768	0.21551292810695877	20406.03182858559	1.1666701320597606e-09
127.95295295295296	0.21592618160631563	20368.362397512916	1.171003060951192e-09
128.22822822822823	0.21618737730130058	20330.76250434719	1.1753515211859063e-09
128.5035035035035	0.21626593928653323	20293.23202071978	1.1797126860087126e-09
128.7787787787788	0.21625694154636038	20255.77081849919	1.1840863471833841e-09
129.05405405405406	0.21633738407114764	20218.378769790743	1.1884753761151211e-09
129.32932932932934	0.21655572611623133	20181.055746935966	1.1928824708487274e-09
129.60460460460462	0.21663359405144117	20143.801622511568	1.1973046619943549e-09
129.87987987987987	0.21657689268055713	20106.616269329486	1.2017401491694952e-09
130.15515515515517	0.2168159246556952	20069.499560437194	1.20619515392964e-09
130.43043043043042	0.21733550525415674	20032.451369116538	1.2106734638319564e-09
130.70570570570572	0.21775883791368925	19995.47156888258	1.2151710633612735e-09
130.98098098098097	0.2180768133032769	19958.560033483922	1.2196852338451724e-09
131.25625625625628	0.2184350463607564	19921.716636902416	1.2242167652387679e-09
131.53153153153153	0.21877085414849906	19884.941253352496	1.2287651027975612e-09
131.80680680680683	0.21900151385840805	19848.233757280614	1.2333284784056732e-09
132.08208208208208	0.21917068487913374	19811.594023365094	1.2379065366104647e-09
132.35735735735736	0.21931959992841846	19775.021926515685	1.2424997864112077e-09
132.63263263263264	0.21944866722639803	19738.517341873045	1.2471085804945247e-09
132.9079079079079	0.2195912807370248	19702.080144808377	1.2517337495637833e-09
133.1831831831832	0.21981159625273808	19665.7102109231	1.2563769751103774e-09
133.45845845845847	0.22008044177948177	19629.407416048212	1.261038846872828e-09
133.73373373373374	0.2203150924632026	19593.171636243776	1.2657183077822491e-09
134.00900900900902	0.2204826950805155	19557.002747798586	1.2704141227328264e-09
134.2842842842843	0.2206038749740812	19520.900627229865	1.2751258879185371e-09
134.55955955955955	0.22082045329636169	19484.865151283047	1.2798558890132348e-09
134.83483483483485	0.22116534956417316	19448.896196931157	1.2846062015758498e-09
135.1101101101101	0.22138688980695168	19412.993641373872	1.2893736796361192e-09
135.3853853853854	0.2214455853886446	19377.157362037462	1.294155627153363e-09
135.66066066066065	0.22161203442447067	19341.387236575018	1.2989552029840734e-09
135.93593593593596	0.22195373790869571	19305.68314286558	1.3037756666365845e-09
136.2112112112112	0.22235797997868484	19270.04495901345	1.3086170911383546e-09
136.4864864864865	0.22271028003794402	19234.472563347717	1.3134774772104515e-09
136.76176176176176	0.22294028992082734	19198.965834421957	1.3183543004685695e-09
137.03703703703704	0.22317452499795498	19163.524651014162	1.3232482767144725e-09
137.31231231231232	0.223524016581291	19128.14889212634	1.3281619079279725e-09
137.5875875875876	0.22390546406966724	19092.838436983697	1.3330952901623394e-09
137.86286286286287	0.2242409705596457	19057.593165034235	1.3380470853456691e-09
138.13813813813815	0.2245150693978174	19022.412955948475	1.3430161858042278e-09
138.41341341341342	0.22474974629718167	18987.29768961913	1.3480023166129426e-09
138.6886886886887	0.22499455968387802	18952.247246160707	1.3530062389779791e-09
138.96396396396398	0.22525496441546697	18917.261505909046	1.3580285602955003e-09
139.23923923923923	0.2255077076598078	18882.340349420847	1.363069260500537e-09
139.51451451451453	0.22572431531246562	18847.48365747324	1.3681278240609966e-09
139.78978978978978	0.22588510340937576	18812.691311063427	1.3732035827444023e-09
140.06506506506508	0.22600668764919454	18777.9631914083	1.3782964453571165e-09
140.34034034034033	0.22614277949287956	18743.299179944173	1.3834073794662352e-09
140.61561561561564	0.22640210145085074	18708.699158326403	1.388539059171173e-09
140.8908908908909	0.22675279955222002	18674.163008428804	1.3936926075712943e-09
141.1661661661662	0.2269968583165607	18639.69061234282	1.3988650363196995e-09
141.44144144144144	0.22715937129677852	18605.281852377626	1.4040549573740069e-09
141.71671671671672	0.2274123552999853	18570.93661105999	1.4092647725810793e-09
141.991991991992	0.22768783617724014	18536.654771133428	1.4144947360278801e-09
142.26726726726727	0.22784446900984107	18502.436215557613	1.4197423481962918e-09
142.54254254254255	0.22791568052018807	18468.280827508333	1.4250066930075439e-09
142.81781781781783	0.22799003023087758	18434.188490377248	1.4302889056614087e-09
143.0930930930931	0.228173091133698	18400.15908777148	1.4355917497880583e-09
143.36836836836838	0.2284866981223071	18366.192503513066	1.4409174181315145e-09
143.64364364364366	0.22882251546969928	18332.288621638298	1.4462652362104229e-09
143.9189189189189	0.22911049821091703	18298.447326397392	1.4516334565597813e-09
144.1941941941942	0.22932986844317013	18264.66850225418	1.4570206062268868e-09
144.46946946946946	0.22948712651385436	18230.95203388582	1.4624259115193768e-09
144.74474474474476	0.22960908702852534	18197.297806182396	1.4678494319551909e-09
145.02002002002	0.22975361793673743	18163.705704246622	1.4732923580351598e-09
145.29529529529532	0.2299745598553403	18130.175613393418	1.4787565182668291e-09
145.57057057057057	0.23027796322186725	18096.70741914946	1.4842432102792486e-09
145.84584584584587	0.2306265361689115	18063.301007252645	1.4897525465715404e-09
146.12112112112112	0.23092229683473114	18029.956263651602	1.4952826968734242e-09
146.3963963963964	0.23117863056886875	17996.673074505514	1.5008328084047321e-09
146.67167167167167	0.23153103056831018	17963.45132618403	1.5064050589239984e-09
146.94694694694695	0.23189582479765156	17930.29090526638	1.5119991802044543e-09
147.22222222222223	0.23207120905708553	17897.191698540744	1.5176110214788239e-09
147.4974974974975	0.23218446303903478	17864.15359300454	1.5232405512106288e-09
147.77277277277278	0.23243763496744016	17831.17647586426	1.5288918110216674e-09
148.04804804804806	0.2327402495940303	17798.26023453442	1.534565543018175e-09
148.32332332332334	0.23297178659243495	17765.404756637097	1.5402598213702791e-09
148.59859859859858	0.23312114316764787	17732.609930001814	1.5459732496295017e-09
148.8738738738739	0.23323414871003234	17699.875642665236	1.5517059072385495e-09
149.14914914914914	0.23340883288619405	17667.201782870972	1.5574598536177282e-09
149.42442442442444	0.23360933022947736	17634.588239068817	1.5632356747833407e-09
149.6996996996997	0.23369801922204333	17602.03489991422	1.569030964695161e-09
149.974974974975	0.23374542622564037	17569.54165426831	1.5748456883392259e-09
150.25025025025025	0.23390482993260836	17537.10839119775	1.5806829886664375e-09
150.52552552552555	0.23415037508668443	17504.73499997392	1.586544326849556e-09
150.8008008008008	0.23441371293216692	17472.42137007247	1.5924292407422455e-09
151.07607607607608	0.23467676465560297	17440.16739117301	1.5983371035555678e-09
151.35135135135135	0.2349201780695383	17407.972953158795	1.6042671576570015e-09
151.62662662662663	0.23510702245410858	17375.83794611625	1.6102181969667398e-09
151.9019019019019	0.23525274236662858	17343.762260334755	1.6161898225318055e-09
152.17717717717719	0.23542987954846858	17311.745786306383	1.6221833283279233e-09
152.45245245245246	0.23567212127648143	17279.788414725444	1.6282002536934804e-09
152.72772772772774	0.23597861971062914	17247.890036488032	1.6342415701788355e-09
153.00300300300302	0.23630918257350622	17216.05054269155	1.6403070700381079e-09
153.2782782782783	0.23661862723645244	17184.269824634346	1.6463957065558358e-09
153.55355355355357	0.23690461289270864	17152.547773815408	1.6525068152907518e-09
153.82882882882885	0.2371535415413372	17120.88428193402	1.6586397293635668e-09
154.10410410410412	0.23730484298360136	17089.279240889224	1.6647927817989892e-09
154.37937937937937	0.23738424759265755	17057.732542779675	1.6709655158586497e-09
154.65465465465465	0.23753920868240996	17026.244079903587	1.6771608200432131e-09
154.92992992992993	0.23781602103300883	16994.81374475811	1.6833815031428129e-09
155.2052052052052	0.23816311391805411	16963.441430038718	1.6896282321041374e-09
155.48048048048048	0.23849180770433154	16932.127028638784	1.695899549280383e-09
155.75575575575576	0.23872920966128547	16900.87043364918	1.7021930201369667e-09
156.03103103103103	0.23896841071971384	16869.6715383584	1.7085091865898179e-09
156.3063063063063	0.2392768719221367	16838.53023625208	1.7148498753705307e-09
156.5815815815816	0.23950354172359875	16807.44642101213	1.721212968374965e-09
156.85685685685687	0.23960689957366074	16776.4199865166	1.727596290246581e-09
157.13213213213214	0.23979166566696128	16745.450826839966	1.734002994383176e-09
157.40740740740742	0.2400763925362906	16714.538836252297	1.7404354602834135e-09
157.6826826826827	0.24027320020624712	16683.68390921837	1.7468910691272835e-09
157.95795795795797	0.24037190270144018	16652.88594039775	1.753368019605744e-09
158.23323323323325	0.24047553582342876	16622.144824644743	1.7598675041581605e-09
158.50850850850853	0.24063036490621376	16591.460457007855	1.7663913094707975e-09
158.7837837837838	0.24084187031665946	16560.832732729366	1.7729406906032778e-09
159.05905905905905	0.2410510324871536	16530.261547244787	1.7795151438473547e-09
159.33433433433433	0.24120750125482027	16499.746796182528	1.7861132735395931e-09
159.6096096096096	0.2413118900589431	16469.288375363674	1.7927342699490244e-09
159.88488488488488	0.24140548633263828	16438.886180801743	1.7993785931109016e-09
160.16016016016016	0.2415699072649265	16408.54010870241	1.8060483942305785e-09
160.43543543543544	0.241820252231599	16378.250055463026	1.812745371958771e-09
160.7107107107107	0.24211283670815645	16348.015917672059	1.8194696203901336e-09
160.985985985986	0.24238049245691348	16317.83759210873	1.8262197138847285e-09
161.26126126126127	0.24256332438242126	16287.714975742625	1.832993455480537e-09
161.53653653653654	0.24268558728464074	16257.647965733599	1.8397900873131078e-09
161.81181181181182	0.24279777440282163	16227.63645943149	1.846610330955166e-09
162.0870870870871	0.2429544154928906	16197.680354375774	1.853455910688019e-09
162.36236236236238	0.24316935916525353	16167.779548295119	1.8603282365921387e-09
162.63763763763765	0.2433898104968785	16137.933939106844	1.867226993001699e-09
162.91291291291293	0.2435706853219256	16108.14342491659	1.874150983385102e-09
163.1881881881882	0.24368783157575927	16078.40790401804	1.8810989528913206e-09
163.46346346346348	0.24379505824830605	16048.727274892777	1.88807141951732e-09
163.73873873873873	0.24397346325321784	16019.101436209998	1.895070625739509e-09
164.014014014014	0.24418282744316847	15989.530286825871	1.9020970392780193e-09
164.2892892892893	0.244367180768956	15960.01372578312	1.9091496729798273e-09
164.56456456456456	0.2445714088050781	15930.55165231096	1.9162290194715452e-09
164.83983983983984	0.24484734755690754	15901.143965824787	1.923336641515063e-09
165.11511511511512	0.24521505756383327	15871.790565925723	1.930474007547645e-09
165.3903903903904	0.24562333205536857	15842.49135240011	1.9376408404139852e-09
165.66566566566567	0.24594408762425662	15813.246225218918	1.9448339722374627e-09
165.94094094094095	0.24614674885101204	15784.055084537678	1.9520507912083373e-09
166.21621621621622	0.24628233721090384	15754.91783069638	1.959290962973346e-09
166.4914914914915	0.24642637920518304	15725.834364219216	1.966556122246567e-09
166.76676676676678	0.24663439415253913	15696.804585814161	1.9738486276292636e-09
167.04204204204206	0.2468281749350395	15667.82839637228	1.9811680695765182e-09
167.31731731731733	0.2469458456524082	15638.905696967404	1.988512746337838e-09
167.5925925925926	0.24706019735227241	15610.03638885619	1.995883421121692e-09
167.8678678678679	0.2472258976710971	15581.220373477756	2.0032819197284048e-09
168.14314314314316	0.24743643799701653	15552.45755245313	2.010709232434146e-09
168.4184184184184	0.24766728553007183	15523.747827584908	2.0181654045991557e-09
168.6936936936937	0.2478846426760369	15495.091100856833	2.025649680386208e-09
168.96896896896897	0.24808432382391649	15466.487274433595	2.033161541359373e-09
169.24424424424424	0.24829007425122743	15437.936250660561	2.0407012984338706e-09
169.51951951951952	0.2485840417605682	15409.437932063614	2.0482712068393253e-09
169.7947947947948	0.24899376005834042	15380.992221348659	2.055873355185403e-09
170.07007007007007	0.24930578649003213	15352.599021400587	2.0635037640265253e-09
170.34534534534535	0.24944184283860205	15324.25823528331	2.0711581322018674e-09
170.62062062062063	0.24966820793393463	15295.969766240496	2.0788405273516348e-09
170.8958958958959	0.25001909068873307	15267.733517694538	2.0865542959870405e-09
171.17117117117118	0.2502321810834001	15239.549393245321	2.0942949404955166e-09
171.44644644644646	0.2503455228610895	15211.417296670796	2.1020607457181367e-09
171.72172172172174	0.2505911375681463	15183.337131927248	2.1098565470111823e-09
171.996996996997	0.25093319080120674	15155.308803148166	2.117684396357669e-09
172.2722722722723	0.2512352781659055	15127.33221464359	2.1255421297174407e-09
172.54754754754757	0.251443031326758	15099.407270900034	2.133427114796868e-09
172.82282282282284	0.25154188208349026	15071.533876580288	2.141337439962621e-09
173.0980980980981	0.2515626862350053	15043.711936523237	2.1492727748367146e-09
173.37337337337337	0.25158779916138396	15015.941355743678	2.1572350536600918e-09
173.64864864864865	0.2517545057544033	14988.2220394322	2.1652289938517026e-09
173.92392392392392	0.25200251256431827	14960.553892954218	2.1732559312667943e-09
174.1991991991992	0.2521235329454961	14932.936821849204	2.181311350698752e-09
174.47447447447448	0.25223251430379545	14905.370731831363	2.1893955547549093e-09
174.74974974974975	0.2525362208623079	14877.855528789603	2.1975141298388547e-09
175.02502502502503	0.2527638377683037	14850.391118785714	2.205663439047913e-09
175.3003003003003	0.252669573858734	14822.977408054108	2.213834937942914e-09
175.57557557557558	0.252564153239156	14795.614303003276	2.222031648906308e-09
175.85085085085086	0.2526787084484921	14768.301710215233	2.2302614818743926e-09
176.12612612612614	0.2529078357569216	14741.039536444117	2.2385264626044212e-09
176.40140140140142	0.2531336248751275	14713.827688615826	2.246824748809168e-09
176.6766766766767	0.2532755920672123	14686.6660738278	2.2551531559596855e-09
176.95195195195197	0.25340213064229766	14659.554599349205	2.26351163912174e-09
177.22722722722725	0.2536535685914334	14632.49317262086	2.2719039571785393e-09
177.50250250250252	0.2539695071979943	14605.481701254255	2.280330798130944e-09
177.77777777777777	0.254236076753087	14578.520093031057	2.288789575355215e-09
178.05305305305305	0.2544601911401289	14551.608255903184	2.2972789779065607e-09
178.32832832832833	0.2546754290917507	14524.7460979926	2.3057991730168835e-09
178.6036036036036	0.254908586505794	14497.933527590962	2.3143510297603643e-09
178.87887887887888	0.25516628363784793	14471.170453159251	2.3229352934083007e-09
179.15415415415416	0.25542974483093384	14444.456783327376	2.331551947924222e-09
179.42942942942943	0.2557008253366325	14417.79242689391	2.3402010833270893e-09
179.7047047047047	0.2559910852777681	14391.177292825836	2.348883117676315e-09
179.97997997998	0.25622730556619777	14364.611290257946	2.357596348288419e-09
180.25525525525526	0.25632836698503436	14338.094328492465	2.366337585585098e-09
180.53053053053054	0.25639616760827416	14311.62631699942	2.3751077695283113e-09
180.80580580580582	0.25655679995810177	14285.207165416392	2.3839109739071213e-09
181.0810810810811	0.25684096826547376	14258.836783547877	2.392750522017836e-09
181.35635635635637	0.2571775259061276	14232.515081364638	2.4016264752236426e-09
181.63163163163165	0.25735835213974906	14206.241969002906	2.4105331437531276e-09
181.90690690690693	0.25739604405408095	14180.017356764843	2.419467545249863e-09
182.1821821821822	0.2575332538178287	14153.841155119047	2.4284347248403805e-09
182.45745745745745	0.25780134370919505	14127.713274699507	2.4374386062832707e-09
182.73273273273273	0.2580930512767799	14101.633626304805	2.4464785620395075e-09
183.008008008008	0.2583452334616566	14075.602120897982	2.455552497501393e-09
183.28328328328328	0.25853874999319254	14049.618669606361	2.4646586831126533e-09
183.55855855855856	0.2587481910712802	14023.683183721607	2.473798255052883e-09
183.83383383383384	0.259023807192231	13997.795574699308	2.482973363219179e-09
184.1091091091091	0.2593172144411587	13971.955754158349	2.4921839572349518e-09
184.3843843843844	0.2595715919290493	13946.16363388056	2.501428440766539e-09
184.65965965965967	0.2597426442193548	13920.419125810458	2.510704655070907e-09
184.93493493493494	0.2598962844083336	13894.722142055363	2.5200132615242477e-09
185.21021021021022	0.260156508549714	13869.072594885283	2.5293582644811576e-09
185.4854854854855	0.2603918692634166	13843.470396731716	2.5387382943183815e-09
185.76076076076077	0.26043152243997236	13817.915460187174	2.5481476560977677e-09
186.03603603603605	0.26051845532920564	13792.407698006424	2.557590073289978e-09
186.31131131131133	0.26083062695003245	13766.947023105955	2.567072968921925e-09
186.5865865865866	0.26104325004235174	13741.53334856181	2.576591313978829e-09
186.86186186186188	0.26100856792318106	13716.166587609936	2.5861378752442223e-09
187.13713713713713	0.26099751101835245	13690.846653647464	2.5957163688040937e-09
187.4124124124124	0.2611182933494706	13665.573460231803	2.6053322151948955e-09
187.68768768768768	0.26128103731024027	13640.3469210796	2.6149860170751244e-09
187.96296296296296	0.2614410822754286	13615.166950066623	2.62467686811963e-09
188.23823823823824	0.261585554681798	13590.03346122758	2.634403910248035e-09
188.51351351351352	0.26169161502026356	13564.94636875578	2.6441660126188218e-09
188.7887887887888	0.2617654155653289	13539.905587002959	2.6539627449577885e-09
189.06406406406407	0.2619259190530569	13514.911030479418	2.6637974744366415e-09
189.33933933933935	0.2622066918726647	13489.962613853417	2.673673254897564e-09
189.61461461461462	0.26242224375579276	13465.060251950019	2.6835863525529274e-09
189.8898898898899	0.2625290845036156	13440.203859751342	2.6935333143511623e-09
190.16516516516518	0.26268453977142653	13415.393352397077	2.7035169342182542e-09
190.44044044044045	0.26291292253700316	13390.628645183662	2.7135396499944935e-09
190.71571571571573	0.2631406185761985	13365.909653563613	2.72360070887392e-09
190.990990990991	0.26340497366322707	13341.236293145674	2.7337008722747476e-09
191.26626626626629	0.2637438196648593	13316.608479694527	2.743841808988892e-09
191.54154154154156	0.26396202718421985	13292.02612912958	2.754018560479384e-09
191.8168168168168	0.2639367560637383	13267.489157524962	2.764224487692454e-09
192.0920920920921	0.263893199689959	13242.997481110615	2.7744626952461277e-09
192.36736736736736	0.2639645714527852	13218.551016271671	2.7847391758803727e-09
192.64264264264264	0.2640605794615088	13194.149679547254	2.7950546914123776e-09
192.91791791791792	0.2641598906454038	13169.793387630485	2.8054090840747696e-09
193.1931931931932	0.26431527411594447	13145.48205736847	2.8158039777288512e-09
193.46846846846847	0.2644776267774098	13121.215605761632	2.8262388458512384e-09
193.74374374374375	0.2645668158028571	13096.993949963286	2.8367109156968387e-09
194.01901901901903	0.2646757903838807	13072.817007280051	2.8472215601981734e-09
194.2942942942943	0.26490033079025194	13048.684695171618	2.8577746836158926e-09
194.56956956956958	0.2651470088769541	13024.596931249658	2.86836966649094e-09
194.84484484484486	0.26530950968695705	13000.553633277486	2.8790028203665686e-09
195.12012012012013	0.26533532307372487	12976.554719170017	2.889670365158168e-09
195.3953953953954	0.26531892579603744	12952.600106994068	2.900373168462323e-09
195.6706706706707	0.2655016482887137	12928.689714968745	2.9111195623875752e-09
195.94594594594597	0.26585659724148364	12904.823461464008	2.921913622938578e-09
196.22122122122124	0.26617437300917435	12881.001264999639	2.932751023798739e-09
196.4964964964965	0.2663899377875081	12857.223044245544	2.9436271979892753e-09
196.77177177177177	0.26652805549898967	12833.488718021872	2.954540349122645e-09
197.04704704704704	0.26671200581267085	12809.798205299157	2.9654935105450376e-09
197.32232232232232	0.2669987121993143	12786.151425197771	2.9764903758807e-09
197.5975975975976	0.2672252367896463	12762.54829698668	2.9875278159990756e-09
197.87287287287288	0.2673413858052771	12738.98874008367	2.998602419851759e-09
198.14814814814815	0.2675026399507334	12715.472674055956	3.0097173895733266e-09
198.42342342342343	0.2677287376349071	12692.000018619321	3.0208753039237806e-09
198.6986986986987	0.26791522276232693	12668.5706936373	3.0320742628374175e-09
198.97397397397398	0.26808720493054017	12645.184619121472	3.043314061499563e-09
199.24924924924926	0.26833050443000533	12621.841715231463	3.0545975098437762e-09
199.52452452452454	0.26865664338137446	12598.541902274326	3.0659266957532193e-09
199.7997997997998	0.2690221017688875	12575.285100704063	3.0773014436269268e-09
200.0750750750751	0.2692919347335605	12552.071231120899	3.088717185396932e-09
200.35035035035037	0.26942680414418513	12528.900214271456	3.100170012221876e-09
200.62562562562564	0.2695879106298573	12505.771971049382	3.111663162259363e-09
200.90090090090092	0.2697804516391861	12482.686422494382	3.1231987477421002e-09
201.17617617617617	0.26982452151390873	12459.643489791111	3.1347719403025093e-09
201.45145145145145	0.26971411440571796	12436.643094269672	3.1463797844815983e-09
201.72672672672672	0.26957306639839684	12413.68515740597	3.1580248363835733e-09
202.002002002002	0.26954205151745786	12390.769600821504	3.169713455696822e-09
202.27727727727728	0.2697190887560971	12367.896346282936	3.181452789102728e-09
202.55255255255256	0.2700118651564436	12345.065315700918	3.1932438826088924e-09
202.82782782782783	0.2702858142730865	12322.276431129645	3.205082762226036e-09
203.1031031031031	0.2704197090855802	12299.529614766629	3.2169629869631676e-09
203.3783783783784	0.2704513316442839	12276.824788953181	3.228882210168922e-09
203.65365365365366	0.2706203730070785	12254.161876175101	3.2408475218189645e-09
203.92892892892894	0.27087940479173744	12231.540799061055	3.2528614328770064e-09
204.20420420420422	0.2709624680110721	12208.96148038128	3.264916106814087e-09
204.4794794794795	0.27097084787626063	12186.423843049068	3.2770106501614303e-09
204.75475475475477	0.271152188789583	12163.927810121184	3.289153380580964e-09
205.03003003003005	0.27149814845423587	12141.473304796415	3.3013488902631772e-09
205.30530530530532	0.2718920665847501	12119.060250414752	3.3135957605343694e-09
205.5805805805806	0.2721388955247625	12096.688570456785	3.325886288232103e-09
205.85585585585588	0.2722083327736552	12074.358188544196	3.338215017449391e-09
206.13113113113113	0.27237039104554794	12052.069028440963	3.3505885543071783e-09
206.4064064064064	0.2726806439845697	12029.82101405208	3.363012776609204e-09
206.68168168168168	0.27294758788345835	12007.614069422087	3.3754842367464173e-09
206.95695695695696	0.273130767372538	11985.448118735538	3.3879995618895642e-09
207.23223223223223	0.273291202791334	11963.323086317234	3.4005590942552925e-09
207.5075075075075	0.2734530128351071	11941.2388966318	3.413163975731577e-09
207.7827827827828	0.2736286652296633	11919.19547428336	3.425815388184159e-09
208.05805805805807	0.27384394378150867	11897.192744015356	3.438515028681887e-09
208.33333333333334	0.27406746119205805	11875.230630709999	3.451262797849439e-09
208.60860860860862	0.2741426071805326	11853.309059387377	3.4640529488633822e-09
208.8838838838839	0.2741093516079321	11831.42795520619	3.47688371476709e-09
209.15915915915917	0.2742696557083519	11809.587243464819	3.489765322898535e-09
209.43443443443445	0.2746254994799706	11787.786849599579	3.5027038090713753e-09
209.70970970970973	0.2749404937183892	11766.026699183225	3.515693924896499e-09
209.984984984985	0.2751535186282339	11744.306717925598	3.528730463148566e-09
210.26026026026028	0.27531604645445357	11722.626831673935	3.541812441257364e-09
210.53553553553556	0.27558111793041734	11700.986966413144	3.5549451141623777e-09
210.8108108108108	0.27599802832209797	11679.387048265042	3.568133428048695e-09
211.08608608608608	0.27625544711263084	11657.827003486205	3.5813685533030616e-09
211.36136136136136	0.27625016953263865	11636.3067584688	3.5946416124475917e-09
211.63663663663664	0.2763099133454533	11614.82623974257	3.607960009666544e-09
211.91191191191191	0.2765474961908793	11593.385373973493	3.6213323399989975e-09
212.1871871871872	0.2768240410579335	11571.984087962195	3.6347583070929656e-09
212.46246246246247	0.2770620281681558	11550.622308644026	3.648234863967479e-09
212.73773773773775	0.27723729798846697	11529.299963089084	3.6617594256732636e-09
213.01301301301302	0.277375075921632	11508.016978502223	3.6753315621650765e-09
213.2882882882883	0.27751634122166685	11486.7732822229	3.68895268209594e-09
213.56356356356358	0.2776933709642517	11465.568801724885	3.7026249151392698e-09
213.83883883883885	0.2779093317579328	11444.403464615847	3.7163496817241977e-09
214.11411411411413	0.27811286475854036	11423.27719863682	3.7301258782496545e-09
214.3893893893894	0.27829118308910616	11402.18993166216	3.743952459702942e-09
214.66466466466468	0.27848664999915124	11381.14159169959	3.757830569684068e-09
214.93993993993996	0.27872086740535584	11360.132106889867	3.771761790621786e-09
215.21521521521524	0.27898979273763574	11339.16140550637	3.785746950937577e-09
215.4904904904905	0.2792354607565538	11318.22941595458	3.799784322448576e-09
215.76576576576576	0.27940092132078076	11297.336066771819	3.813870753318437e-09
216.04104104104104	0.27954532636866136	11276.481286627655	3.828006875296854e-09
216.31631631631632	0.2797363784748429	11255.665004323715	3.8421958183192184e-09
216.5915915915916	0.2799802396990239	11234.887148793096	3.8564396916543195e-09
216.86686686686687	0.28024522443279204	11214.147649099914	3.87073851559608e-09
217.14214214214215	0.28045991791204494	11193.446434438829	3.885089526776222e-09
217.41741741741743	0.28063359104276997	11172.783434135257	3.899491614580269e-09
217.6926926926927	0.2808433789272688	11152.158577645521	3.913947341259247e-09
217.96796796796798	0.28103485972906744	11131.571794555864	3.928456043729399e-09
218.24324324324326	0.28110728249722317	11111.023014581933	3.943013342580613e-09
218.51851851851853	0.28114766696280535	11090.512167569612	3.95762036667411e-09
218.7937937937938	0.28127835281810776	11070.039183494993	3.972282823135429e-09
219.0690690690691	0.28151854272749977	11049.603992463564	3.987004824739837e-09
219.34434434434436	0.2817817767674196	11029.206524709338	4.001785252371503e-09
219.61961961961964	0.2818273298208603	11008.846710593716	4.016613655677533e-09
219.89489489489492	0.28171173629536245	10988.524480606962	4.031486519409027e-09
220.17017017017017	0.28183765828311935	10968.239765370025	4.046418600531507e-09
220.44544544544544	0.28222729384683964	10947.992495632068	4.06141928307618e-09
220.72072072072072	0.28263175835493254	10927.782602268644	4.076483614825923e-09
220.995995995996	0.2829722637165873	10907.610016282446	4.091605612382125e-09
221.27127127127127	0.2832464714874396	10887.474668803517	4.106781898186979e-09
221.54654654654655	0.2834422783031356	10867.376491088953	4.122010147757031e-09
221.82182182182183	0.2835572677254763	10847.315414522734	4.137289029121846e-09
222.0970970970971	0.28361946292248663	10827.291370615669	4.152619047480731e-09
222.37237237237238	0.2836819962043483	10807.304291005317	4.168002810394953e-09
222.64764764764766	0.2838219579639425	10787.354107455913	4.183445146298522e-09
222.92292292292294	0.2839940712661802	10767.440751857373	4.1989469452377745e-09
223.1981981981982	0.2840658477738891	10747.564156224556	4.214503142194694e-09
223.4734734734735	0.2841539072075233	10727.724252698517	4.230115969236952e-09
223.74874874874877	0.28445038088646984	10707.920973546778	4.245795045323098e-09
224.02402402402404	0.2847958806376116	10688.154251160917	4.26153902493964e-09
224.29929929929932	0.28501188824894647	10668.424018056214	4.2773395396429765e-09
224.5745745745746	0.285222582586268	10648.730206873297	4.293197363610107e-09
224.84984984984985	0.2855225379488919	10629.072750377733	4.309117136802358e-09
225.12512512512512	0.2858447329389152	10609.451581458787	4.325098645568178e-09
225.4004004004004	0.28609766776350287	10589.866633129035	4.341137874461796e-09
225.67567567567568	0.28619666876836525	10570.317838524175	4.357228955450255e-09
225.95095095095095	0.28624949536363525	10550.805130904011	4.373373405691697e-09
226.22622622622623	0.28646190027466	10531.328443652861	4.389581221797929e-09
226.5015015015015	0.2867925579567236	10511.887710277764	4.405856291142559e-09
226.77677677677679	0.28711929351412596	10492.482864407739	4.422195493743471e-09
227.05205205205206	0.2874158069089765	10473.113839794143	4.438596023046971e-09
227.32732732732734	0.2876980505063113	10453.780570310744	4.455057121146473e-09
227.60260260260262	0.2880231470508687	10434.482989953742	4.4715810129593624e-09
227.8778778778779	0.28837968529907115	10415.221032841111	4.4881685343508605e-09
228.15315315315317	0.2886588693299385	10395.994633211742	4.504815380594276e-09
228.42842842842845	0.2888632174196457	10376.803725425923	4.5215193607006885e-09
228.70370370370372	0.28909209778191886	10357.648243965772	4.5382838193725105e-09
228.978978978979	0.2893951246700096	10338.528123434684	4.555112960083986e-09
229.25425425425428	0.28976907513381306	10319.443298556756	4.572009086701656e-09
229.52952952952953	0.29008610708940924	10300.393704175754	4.588967793360739e-09
229.8048048048048	0.2902667801214274	10281.37927525517	4.605983120327319e-09
230.08008008008008	0.2904841445333411	10262.399946879717	4.623059731857095e-09
230.35535535535536	0.29079567989664024	10243.455654254332	4.640202948260558e-09
230.63063063063063	0.2909880769404102	10224.546332702124	4.657406062456902e-09
230.9059059059059	0.29107764170893075	10205.671917665706	4.674666192033913e-09
231.1811811811812	0.2913283740795687	10186.832344708659	4.691993988996581e-09
231.45645645645646	0.2916858239981557	10168.027549513148	4.7093929684898075e-09
231.73173173173174	0.29191923051374735	10149.257467878497	4.726854513499681e-09
232.00700700700702	0.2920705170579137	10130.522035722828	4.744375894938941e-09
232.2822822822823	0.29225252174500843	10111.821189083328	4.761960948294279e-09
232.55755755755757	0.29243327185804197	10093.154864115053	4.779610409761422e-09
232.83283283283285	0.29259051426946175	10074.522997090738	4.797323750350486e-09
233.10810810810813	0.29279422546833	10055.925524401278	4.815104068606506e-09
233.3833833833834	0.2930406011144744	10037.362382554955	4.832953014768631e-09
233.65865865865868	0.2932201767550877	10018.833508176489	4.850866448148503e-09
233.93393393393396	0.2933547767392361	10000.338838007749	4.86884321597477e-09
234.2092092092092	0.2935638022761291	9981.878308908214	4.886888454964184e-09
234.48448448448448	0.29383201349002885	9963.451857853821	4.905004396558706e-09
234.75975975975976	0.2940851796908024	9945.059421936332	4.9231888497421375e-09
235.03503503503504	0.29429659988840273	9926.700938363445	4.941439440949665e-09
235.3103103103103	0.2944698314029536	9908.376344458793	4.959755139099304e-09
235.5855855855856	0.29465176455578035	9890.085577662045	4.978137738552551e-09
235.86086086086087	0.2948458733988431	9871.828575528387	4.996588507480678e-09
236.13613613613614	0.29497666185810467	9853.605275727728	5.015104601528719e-09
236.41141141141142	0.29507461433705245	9835.415616045266	5.0336860360852014e-09
236.6866866866867	0.2952696313654994	9817.259534381987	5.052339254787395e-09
236.96196196196198	0.29551825725842357	9799.136968753213	5.071065811454888e-09
237.23723723723725	0.29568890589954844	9781.047857287718	5.0898602403814046e-09
237.51251251251253	0.29579145824937464	9762.992138228554	5.108720127016993e-09
237.7877877877878	0.29587394274304074	9744.969749933134	5.127646610746881e-09
238.06306306306308	0.2959300398471674	9726.980630872613	5.146640110056607e-09
238.33833833833836	0.2959903757302251	9709.024719631963	5.165702480267972e-09
238.61361361361364	0.2961812447195431	9691.101954910475	5.184841147059065e-09
238.88888888888889	0.2964636480743177	9673.212275520333	5.204058390078205e-09
239.16416416416416	0.2965942181473626	9655.355620384811	5.223343414772215e-09
239.43943943943944	0.29660151762900855	9637.531928540164	5.242691824936258e-09
239.71471471471472	0.29670730475337115	9619.741139136853	5.26211247009156e-09
239.98998998999	0.29690921070334114	9601.983191437663	5.2816102218202036e-09
240.26526526526527	0.29709546860272745	9584.258024816656	5.301182227842435e-09
240.54054054054055	0.29715207410723204	9566.565578758918	5.3208212471211255e-09
240.81581581581582	0.29707255006970085	9548.905792861193	5.340523066005755e-09
241.0910910910911	0.29712615395434	9531.278606833808	5.360299241793089e-09
241.36636636636638	0.2973720461178506	9513.68396049887	5.380159302536628e-09
241.64164164164166	0.2974888090367642	9496.12179378707	5.400092070495556e-09
241.91691691691693	0.2974856997613167	9478.592046740041	5.420092002673766e-09
242.1921921921922	0.2976843611479092	9461.094659512642	5.4401728484014486e-09
242.4674674674675	0.2980135150211703	9443.62957236966	5.460338595933941e-09
242.74274274274276	0.29821750350823006	9426.196725684124	5.480578244469886e-09
243.01801801801804	0.2983635341722764	9408.796059939663	5.500889403978928e-09
243.29329329329332	0.29855129779176315	9391.427515730571	5.521276112304714e-09
243.56856856856857	0.29860828078141244	9374.091033759423	5.54173162595686e-09
243.84384384384384	0.2984803836483148	9356.786554837794	5.562249487341462e-09
244.11911911911912	0.2984468832312754	9339.514019888786	5.582841027920823e-09
244.3943943943944	0.2986123225991825	9322.273369945413	5.60351814995602e-09
244.66966966966967	0.29883128012666127	9305.064546148375	5.624279783264545e-09
244.94494494494495	0.2990142385418774	9287.887489746307	5.6451207041169506e-09
245.22022022022023	0.29913524244860934	9270.742142096073	5.6660367949049225e-09
245.4954954954955	0.29925336534715874	9253.628444663276	5.687029106464987e-09
245.77077077077078	0.2994406162604465	9236.546339022176	5.7081022321201636e-09
246.04604604604606	0.29966576562243974	9219.49576685463	5.729257134288578e-09
246.32132132132134	0.29989025083604204	9202.47666994984	5.750492386810103e-09
246.5965965965966	0.3001231805444471	9185.488990204538	5.7718078451116615e-09
246.8718718718719	0.3003347107574074	9168.532669622462	5.79320193670055e-09
247.14714714714717	0.3004342896506421	9151.607650313646	5.8146689720631286e-09
247.42242242242244	0.3004769393966535	9134.713874495454	5.836208979366092e-09
247.69769769769772	0.30063384107814567	9117.851284493358	5.857831525022104e-09
247.972972972973	0.3008689079390832	9101.01982273901	5.879539981668313e-09
248.24824824824825	0.3010592922654759	9084.219431769288	5.9013295287083266e-09
248.52352352352352	0.3012555811286282	9067.45005422758	5.923200489787511e-09
248.7987987987988	0.3015095574199856	9050.711632863597	5.945156069543098e-09
249.07407407407408	0.30169639394461556	9034.004110531667	5.967191178673747e-09
249.34934934934935	0.3017659851797742	9017.327430191155	5.989300364843039e-09
249.62462462462463	0.3018649890212078	9000.681534908004	6.011489022557987e-09
249.8998998998999	0.3020373292022786	8984.066367853646	6.0337627005565644e-09
250.17517517517518	0.30219433938085244	8967.481872303642	6.056119548589147e-09
250.45045045045046	0.30234568142326	8950.927991638357	6.078559250421125e-09
250.72572572572574	0.30256017277864805	8934.404669343287	6.101085695826645e-09
251.00100100100101	0.3028048386484429	8917.911849007956	6.123699269702152e-09
251.2762762762763	0.3030264569854342	8901.449474325571	6.1463972852688755e-09
251.55155155155157	0.303264558817692	8885.01748909362	6.1691806981249505e-09
251.82682682682685	0.30354229891166157	8868.61583721355	6.192051507647444e-09
252.10210210210212	0.303792722516278	8852.24446268978	6.215007084662138e-09
252.3773773773774	0.3039814871660805	8835.90330962977	6.238044159188887e-09
252.65265265265268	0.304137329625049	8819.592322244418	6.261162759912475e-09
252.92792792792793	0.3042816697303963	8803.311444847808	6.284364281797408e-09
253.2032032032032	0.3044258481888402	8787.060621856912	6.307650279579859e-09
253.47847847847848	0.3045845080180105	8770.839797791457	6.3310225950109994e-09
253.75375375375376	0.3047689618891588	8754.648917273687	6.354483038282579e-09
254.02902902902903	0.3049638606698391	8738.487925027937	6.3780318386520005e-09
254.3043043043043	0.3051474836992522	8722.356765880377	6.401667989785827e-09
254.5795795795796	0.30530438628656476	8706.255384758893	6.425390180655442e-09
254.85485485485486	0.3054441987782047	8690.18372669311	6.44919841810639e-09
255.13013013013014	0.305616119560301	8674.141736814605	6.4730957828090075e-09
255.40540540540542	0.30581309855204514	8658.129360356166	6.4970836736671945e-09
255.6806806806807	0.30596884597657326	8642.146542651064	6.521159029443534e-09
255.95595595595597	0.30608244683722463	8626.193229133478	6.5453202867838e-09
256.2312312312313	0.3061953032689563	8610.269365338694	6.569569238806985e-09
256.5065065065065	0.30632908734881925	8594.374896902767	6.593908312635777e-09
256.7817817817818	0.3064961640432189	8578.509769562204	6.61833972560395e-09
257.0570570570571	0.3067046657612878	8562.673929153789	6.642865333143294e-09
257.3323323323324	0.3069282294014305	8546.867321614034	6.6674846944393884e-09
257.60760760760763	0.3070702555460989	8531.08989297832	6.692191820253838e-09
257.8828828828829	0.3071525725167122	8515.34158938184	6.716984963826402e-09
258.15815815815813	0.3073546608495447	8499.622357060975	6.741874379933934e-09
258.43343343343344	0.30765526260792964	8483.932142351176	6.766864457549871e-09
258.70870870870874	0.3078826812786341	8468.27089168526	6.791947106845801e-09
258.983983983984	0.30806745384554174	8452.638551595237	6.817120027695642e-09
259.25925925925924	0.3083040111624556	8437.035068712747	6.842388016229406e-09
259.53453453453454	0.3084945538705237	8421.46038976697	6.867747709411442e-09
259.80980980980985	0.3085661479780561	8405.914461584698	6.893192882158142e-09
260.0850850850851	0.308671296339082	8390.39723109241	6.918729899439745e-09
260.36036036036035	0.308879453829725	8374.908645315249	6.944366718254623e-09
260.63563563563565	0.30906410291755826	8359.448651374882	6.970099798919543e-09
260.91091091091096	0.3092140817832628	8344.01719649049	6.995926698490282e-09
261.1861861861862	0.30944121963961513	8328.614227979813	7.021853376230413e-09
261.46146146146145	0.30970801258202246	8313.239693257474	7.047880819202023e-09
261.73673673673676	0.3098925909749031	8297.893539833918	7.07400194363055e-09
262.01201201201206	0.30995341894572187	8282.575715316043	7.100210440283429e-09
262.2872872872873	0.3099258663460898	8267.28616740783	7.126505325825578e-09
262.56256256256256	0.310005691698734	8252.024843911815	7.1528988343908765e-09
262.8378378378378	0.31026641966711077	8236.791692727662	7.17940247410218e-09
263.1131131131131	0.3104620437836574	8221.586661848685	7.2060066484242e-09
263.3883883883884	0.3105395136097549	8206.409699363614	7.2327029307976404e-09
263.66366366366367	0.31072361163299567	8191.260753459391	7.2595016432997826e-09
263.9389389389389	0.3110026917043261	8176.139772418472	7.2864077387070705e-09
264.2142142142142	0.31119053882840525	8161.04670461682	7.31341182604233e-09
264.48948948948953	0.3112921838542224	8145.981498525746	7.340509375094591e-09
264.7647647647648	0.3114002965092055	8130.944102712667	7.367704236770698e-09
265.04004004004	0.3115811920101347	8115.934465840647	7.39500303421483e-09
265.31531531531533	0.3118454416791068	8100.952536667654	7.422410201424449e-09
265.59059059059064	0.3120798647814872	8085.998264045035	7.449920757615714e-09
265.8658658658659	0.31226545781971443	8071.071596918348	7.477530951090496e-09
266.14114114114113	0.3125535518995029	8056.172484329043	7.505249097712975e-09
266.41641641641644	0.31291700579000936	8041.300875412342	7.533078005428939e-09
266.69169169169174	0.3131599298986111	8026.456719395237	7.561006168455566e-09
266.966966966967	0.31327788733649875	8011.639965598381	7.58902731975573e-09
267.24224224224224	0.3133748383857793	7996.850563437111	7.617145306226076e-09
267.5175175175175	0.31349743047688644	7982.0884624206565	7.645365504830226e-09
267.7927927927928	0.3136704320474011	7967.353612151744	7.673692646561377e-09
268.0680680680681	0.31391541040098475	7952.645962326376	7.702130920067677e-09
268.34334334334335	0.31421615814389303	7937.9654627332575	7.73068164806988e-09
268.6186186186186	0.3144858432615466	7923.312063252803	7.759339767888353e-09
268.8938938938939	0.31469865266912717	7908.685713857642	7.788100995303842e-09
269.1691691691692	0.3149067746875197	7894.086364613359	7.816966834739135e-09
269.44444444444446	0.3150939374469189	7879.513965677525	7.845937137304505e-09
269.7197197197197	0.3152056866328612	7864.968467299084	7.875008215235906e-09
269.994994994995	0.31530650041629354	7850.4498198195615	7.904182766294029e-09
270.2702702702703	0.31548085549690635	7835.957973673126	7.9334683062676e-09
270.54554554554556	0.3156693808936642	7821.492879384777	7.962864863398417e-09
270.8208208208208	0.3158362336693024	7807.054487570415	7.99237012851445e-09
271.0960960960961	0.31609481131737693	7792.642748938442	8.021991068196943e-09
271.3713713713714	0.31645596037789386	7778.257614288378	8.051732357617235e-09
271.6466466466467	0.31674987902026563	7763.8990345085995	8.081584652744946e-09
271.9219219219219	0.3169062500069431	7749.566960577296	8.111538198361468e-09
272.19719719719717	0.31696630904109757	7735.261343563617	8.141590927158359e-09
272.4724724724725	0.3170367746756922	7720.982134628293	8.171749524991181e-09
272.7477477477478	0.3172183358442046	7706.729285023426	8.202024936409598e-09
273.02302302302303	0.31739151613070765	7692.502746089694	8.232414575026274e-09
273.2982982982983	0.3174503917761914	7678.30246925632	8.262909624398084e-09
273.5735735735736	0.31756118827461194	7664.128406044173	8.293517624592505e-09
273.8488488488489	0.31778933044193075	7649.980508064426	8.324247523155927e-09
274.12412412412414	0.3179234485690997	7635.858727015032	8.355088879712687e-09
274.3993993993994	0.31796935006289545	7621.76301468315	8.386036781901374e-09
274.6746746746747	0.31818253802953217	7607.693322948065	8.417107542322534e-09
274.94994994995	0.3184105334992992	7593.649603776041	8.448298804889696e-09
275.22522522522524	0.3182976888847159	7579.631809217646	8.479583296927762e-09
275.5005005005005	0.3181395537832512	7565.639891415545	8.51096856932609e-09
275.7757757757758	0.31834133639073897	7551.673802605787	8.542488886914585e-09
276.0510510510511	0.31863249509237485	7537.733495109281	8.57414248886465e-09
276.32632632632635	0.3187372725526265	7523.818921331522	8.6059080784326e-09
276.6016016016016	0.3187581495386538	7509.930033767102	8.63778227296697e-09
276.87687687687685	0.3187984016153322	7496.066784999611	8.669771227123625e-09
277.15215215215215	0.3188845894769404	7482.229127700504	8.701880394851094e-09
277.42742742742746	0.3190004718747944	7468.417014628413	8.7341116440781e-09
277.7027027027027	0.31910357200220346	7454.630398628641	8.766462952974593e-09
277.97797797797796	0.31920645452960394	7440.86923263369	8.798934424349083e-09
278.25325325325326	0.31934760084633307	7427.133469663448	8.831529270785703e-09
278.52852852852857	0.3195449714759323	7413.423062824773	8.86425079219453e-09
278.8038038038038	0.3197757614639161	7399.737965310802	8.897099208039384e-09
279.07907907907907	0.3199181893297321	7386.078130399491	8.930065460877365e-09
279.35435435435437	0.3199603396723856	7372.443511454874	8.963144048838899e-09
279.6296296296297	0.32010717448088954	7358.834061929752	8.996348176514526e-09
279.9049049049049	0.3203719768353313	7345.249735363046	9.029686070573905e-09
280.1801801801802	0.3205575210560754	7331.690485376863	9.063146900459549e-09
280.4554554554555	0.3207085869525684	7318.156265679492	9.096728687929406e-09
280.7307307307308	0.3209929029886007	7304.647030066908	9.13044378847948e-09
281.00600600600603	0.3212802841856794	7291.162732418674	9.164288687546546e-09
281.2812812812813	0.3214028690671789	7277.703326697234	9.198248503729501e-09
281.5565565565566	0.32150458725726805	7264.268766951924	9.232327005734765e-09
281.83183183183183	0.32171557912706567	7250.859007318657	9.26653672041329e-09
282.10710710710714	0.3219746215828981	7237.474002017209	9.3008795906668e-09
282.3823823823824	0.3221848429500274	7224.11370535056	9.335349135393916e-09
282.6576576576577	0.32224459742403294	7210.778071704642	9.36993402046055e-09
282.93293293293294	0.32220021735262544	7197.4670555502125	9.404632191335175e-09
283.20820820820825	0.32220708771786666	7184.1806114441815	9.43945527318823e-09
283.4834834834835	0.3223040814272788	7170.918694027903	9.474412740178919e-09
283.75875875875874	0.3224571082968498	7157.681258026003	9.50950705294025e-09
284.03403403403405	0.3225735504258488	7144.468258245414	9.544732207443889e-09
284.3093093093093	0.3226187002647669	7131.279649576008	9.580082441423233e-09
284.5845845845846	0.3227641692205673	7118.115386993312	9.615569029599024e-09
284.85985985985985	0.32303116432110573	7104.975425556287	9.651199892371624e-09
285.13513513513516	0.323142107952269	7091.859720402961	9.68695653397757e-09
285.4104104104104	0.3230523145795609	7078.76822675353	9.722825752384593e-09
285.6856856856857	0.32297751190656515	7065.70089991386	9.758818698094762e-09
285.96096096096096	0.32305506683645074	7052.657695274306	9.794952889939159e-09
286.23623623623627	0.3233265814794583	7039.638568308188	9.831241287865263e-09
286.5115115115115	0.3235954914737752	7026.64347456824	9.867674486635076e-09
286.7867867867868	0.323687523983422	7013.672369686722	9.904233147387492e-09
287.06206206206207	0.32382393796583425	7000.72520938098	9.940926039643497e-09
287.3373373373374	0.32413484611023413	6987.801949451991	9.977769022681088e-09
287.6126126126126	0.3243837433588205	6974.90254577892	1.0014750585142692e-08
287.8878878878879	0.3244598028631239	6962.026954320734	1.0051855508280872e-08
288.1631631631632	0.3244698222717747	6949.175131119243	1.0089085146410276e-08
288.4384384384384	0.32452766423519297	6936.347032299075	1.0126450163881293e-08
288.71371371371373	0.3247201342305489	6923.542614067133	1.016396385139077e-08
288.988988988989	0.32496178149510807	6910.761832709943	1.0201626071763777e-08
289.2642642642643	0.32512426011049994	6898.004644592802	1.0239425921739604e-08
289.53953953953953	0.3252568034319858	6885.271006162287	1.027736221822088e-08
289.81481481481484	0.32542020340848243	6872.560873946282	1.0315439873096043e-08
290.0900900900901	0.3255745883102909	6859.874204552326	1.0353658221831786e-08
290.3653653653654	0.3256971187678862	6847.21095466771	1.039201516459444e-08
290.64064064064064	0.3258167714174591	6834.571081060122	1.0430512391396222e-08
290.91591591591595	0.32594997471172543	6821.954540577302	1.046915247876087e-08
291.1911911911912	0.3260940682719484	6809.361290146617	1.0507936791174812e-08
291.4664664664665	0.32622047492115364	6796.791286774503	1.054686376366435e-08
291.74174174174175	0.32630137775174606	6784.244487546341	1.0585930353834051e-08
292.01701701701705	0.326400482355428	6771.720849627693	1.0625140900534939e-08
292.2922922922923	0.3265692355485611	6759.2203302640155	1.0664502532460632e-08
292.5675675675676	0.32670969991645493	6746.7428867781655	1.0704010447708594e-08
292.84284284284286	0.3267863348388102	6734.288476571232	1.0743659198642458e-08
293.1181181181181	0.3269430400507173	6721.85705712518	1.0783459198483846e-08
293.3933933933934	0.32719454215295873	6709.448586000709	1.0823417490462404e-08
293.66866866866866	0.3273859389280293	6697.06302083444	1.0863523952957412e-08
293.94394394394396	0.3275176122135174	6684.700319341184	1.0903773615062036e-08
294.2192192192192	0.32769633907269863	6672.360439315504	1.0944173905106796e-08
294.4944944944945	0.3279030861597494	6660.043338629573	1.0984727213821946e-08
294.76976976976977	0.32808270309850646	6647.748975232473	1.1025429987797762e-08
295.0450450450451	0.32827385218734567	6635.477307151503	1.1066284213548574e-08
295.3203203203203	0.32849826757146044	6623.228292491819	1.110729320756083e-08
295.5955955955956	0.32867555949708016	6611.001889434603	1.114845151256315e-08
295.8708708708709	0.32879507860585344	6598.79805623806	1.1189755563273428e-08
296.1461461461462	0.3289673588782167	6586.616751239245	1.1231214077387336e-08
296.4214214214214	0.32918374672927103	6574.457932852	1.1272831051004015e-08
296.69669669669673	0.32933566076752957	6562.321559565144	1.1314598650813556e-08
296.971971971972	0.32950293105616546	6550.207589945437	1.135652059541838e-08
297.2472472472473	0.329812755034706	6538.115982638243	1.1398611108538754e-08
297.52252252252254	0.33005623531480305	6526.046696361817	1.1440858096343234e-08
297.7977977977978	0.3300508455873662	6513.999689907555	1.1483238230977903e-08
298.0730730730731	0.3300528647599992	6501.974922147164	1.1525764025489792e-08
298.34834834834834	0.33024040239373564	6489.972352031289	1.1568459239795767e-08
298.62362362362364	0.33048895507370046	6477.991938584279	1.161132457768522e-08
298.8988988988989	0.3307337151013671	6466.033640905048	1.1654354495099992e-08
299.1741741741742	0.3310084739594312	6454.097418168576	1.1697549686067766e-08
299.44944944944945	0.33125164780133526	6442.18322962417	1.1740904858777353e-08
299.72472472472475	0.33133021042534344	6430.29103459407	1.1784404661930154e-08
300.0	0.331109634551495	6418.420792473259	1.1828028270859854e-08
