0.0024812577911617426	4.830349640030969	9753.822171919954	2.8735952149743484	0.003959593731617269
25.0	0.03670431893687708	33212.0	10.0
25.275275275275277	0.03753361666843229	34168.21536690095	9.70746243862233
25.55055055055055	0.03834237312262389	35114.803073927535	9.41745597244671
25.825825825825827	0.03899912546692366	36047.06609212038	9.131368269334109
26.1011011011011	0.03962339823180067	36963.65979276623	8.849600286385167
26.376376376376378	0.04030303648840557	37865.39768063385	8.571917238871425
26.65165165165165	0.0410292919302617	38752.77210299126	8.298178753040125
26.926926926926928	0.041772142831957265	39625.53390826954	8.02846287652662
27.2022022022022	0.04249298977267796	40482.626620224255	7.763085720170064
27.47747747747748	0.04318658821441619	41322.995806565086	7.502363132005333
27.75275275275275	0.04386634448619162	42145.966816421635	7.246499347510216
28.02802802802803	0.044548454159388864	42951.247616009394	6.995586031839713
28.303303303303302	0.04524585749253801	43738.81354803743	6.749636127517011
28.57857857857858	0.04595910707605395	44508.64849928641	6.508660066917638
28.853853853853856	0.046660569928844986	45260.27004285189	6.2728057475006285
29.12912912912913	0.04728060239663109	45992.13567524835	6.042533710153835
29.404404404404403	0.04784544117338263	46703.34835074693	5.818114724090516
29.67967967967968	0.04848352969019056	47395.101089731	5.599203739850752
29.954954954954957	0.04924579415386843	48069.17731754407	5.3852812865745445
30.23023023023023	0.05011015467738394	48726.80278174857	5.175991712712506
30.505505505505504	0.05093861312907237	49367.175523174345	4.9715766981979055
30.78078078078078	0.05160975412142986	49988.06204432731	4.772700167699069
31.056056056056057	0.052239300637795805	50589.022181606364	4.579498126702846
31.33133133133133	0.05294685636021968	51171.136836639525	4.391658344743459
31.606606606606608	0.05373594319335028	51735.39507169875	4.2088953168177605
31.88188188188188	0.05454661676906205	52282.00891263684	4.031152274288205
32.15715715715716	0.05526270761303153	52809.9806373262	3.8587289885068694
32.432432432432435	0.05590461461782759	53318.71924004198	3.6918056601158344
32.70770770770771	0.056595349901096915	53808.952866610525	3.5301738220537247
32.98298298298298	0.057336040375215024	54281.353919046225	3.373641205699366
33.25825825825826	0.058067913944596136	54736.0243405363	3.2221834857427836
33.533533533533536	0.058750485782484714	55172.768024495264	3.075864163008329
33.808808808808806	0.059392087708385236	55591.549682943856	2.934699395362698
34.08408408408408	0.060119528088242016	55993.36123149768	2.7984025548903197
34.35935935935936	0.06093729880335449	56379.114926915485	2.666710176750119
34.63463463463464	0.06162155851526117	56748.08922591446	2.539840112644203
34.90990990990991	0.06218626417175355	57099.850308905974	2.4179256313433437
35.18518518518518	0.06288557114294024	57435.694350324426	2.3005901757063167
35.46046046046046	0.0636692584163579	57756.45828728231	2.1875921457642766
35.73573573573574	0.06432996664480124	58061.73173204755	2.0790573576525024
36.01101101101101	0.06492845876337483	58351.57782221519	1.97497217423766
36.286286286286284	0.06559737394740206	58626.79754277102	1.875105436480713
36.56156156156156	0.06635663031010448	58888.212438122944	1.7792196676676242
36.83683683683684	0.06716328240841438	59136.362105913264	1.6871602391948968
37.112112112112115	0.06789765409827364	59371.23438419529	1.5989349962412862
37.38738738738739	0.068519227764201	59592.7269406477	1.514578368296596
37.66266266266266	0.06909996137989659	59801.115663936405	1.434013326261984
37.93793793793794	0.06970297497834264	59996.93579582534	1.3570863006823841
38.213213213213216	0.0703674525979184	60180.832579001566	1.2836111242875208
38.488488488488485	0.07104268489000166	60353.23315680225	1.2134657136797624
38.76376376376376	0.07166529503701655	60514.35824004861	1.1465887002612865
39.03903903903904	0.0723094867075879	60664.67663302534	1.0828455118678886
39.314314314314316	0.07303435732358281	60804.7982150118	1.0220598398489134
39.58958958958959	0.07375664149156831	60935.06083513161	0.9641353684503023
39.86486486486486	0.07438729340711689	61055.58369694044	0.9090401255577748
40.14014014014014	0.0748722003008323	61166.40970805551	0.8567645912575942
40.41541541541542	0.07532232478238363	61267.89219059274	0.8072077287956139
40.690690690690694	0.07597765150111625	61360.877021134016	0.7601231920329337
40.965965965965964	0.07676914927409244	61445.963353164116	0.7153370925185264
41.24124124124124	0.07747446744833035	61523.279023061725	0.6728142837844608
41.51651651651652	0.07808132214660747	61592.965651411454	0.632515515038337
41.791791791791795	0.07867105042256754	61655.32884674472	0.5943531497974209
42.06706706706707	0.07938050082527588	61710.87608146955	0.558179948157835
42.34234234234234	0.08019621977782564	61760.041368862556	0.5238701614269403
42.61761761761762	0.08079492306231162	61802.78851496043	0.4914365088373184
42.892892892892895	0.0811687427445437	61839.13948922277	0.4608745759134241
43.168168168168165	0.0817078140631771	61869.628329319676	0.4320289940462677
43.44344344344344	0.08241364826501096	61894.72616486507	0.40476276706435393
43.71871871871872	0.0830171551279041	61914.57293197885	0.37903637644821064
43.993993993993996	0.0835366323191807	61929.345705758926	0.3547993109389278
44.26926926926927	0.08410002190396176	61939.34680160723	0.3319640841464446
44.54454454454455	0.08473106293879834	61944.87704184721	0.31044355269624474
44.81981981981982	0.08540163187443008	61946.190700865256	0.29016419795288295
45.0950950950951	0.08602529602135611	61943.46272205779	0.2710758047476001
45.37037037037037	0.08656496250325685	61936.8444615887	0.25313505475294973
45.645645645645644	0.08707071320357863	61926.52608978129	0.2362871394077805
45.92092092092092	0.08759023545629634	61912.72233353562	0.2204699502871887
46.1961961961962	0.08816087482373358	61895.65664472103	0.2056187380462428
46.471471471471475	0.08880545359925517	61875.54740887656	0.19167017500331815
46.74674674674675	0.08951731978542493	61852.59130643217	0.17856726154218477
47.02202202202202	0.09017278322600956	61826.91405218138	0.1662738540885651
47.2972972972973	0.09068187025032999	61798.60513543552	0.1547644472236051
47.572572572572575	0.09118522417126541	61767.81895498068	0.1439943727884265
47.847847847847845	0.09176538624476054	61734.732273648304	0.13391232055456997
48.12312312312312	0.09231476726956918	61699.47045176297	0.12448207592463971
48.3983983983984	0.09281572689063233	61662.14972349972	0.11567007423388867
48.673673673673676	0.09336990522064242	61622.91329412136	0.10743476294380092
48.94894894894895	0.093975002316107	61581.892548508156	0.09973802791803502
49.22422422422423	0.09456470935492356	61539.19240694394	0.0925495140406967
49.4994994994995	0.09517490272867679	61494.92175363698	0.0858376640030747
49.77477477477478	0.09583955628702504	61449.19002011379	0.07957072417569931
50.05005005005005	0.09640590704138426	61402.0680103059	0.07372829241438413
50.32532532532532	0.0967974854538311	61353.613847547225	0.06829368181762666
50.6006006006006	0.09722468704897158	61303.926008785296	0.06323829137048345
50.87587587587588	0.09780024066436947	61253.11320992707	0.05853047017528811
51.151151151151154	0.09844009088344462	61201.259799671665	0.054145715372112525
51.42642642642643	0.09906957360539956	61148.433132777165	0.05006450647756392
51.70170170170171	0.09964626611576402	61094.69206704434	0.04626980610391349
51.97697697697698	0.10022688173957543	61040.10042177178	0.04274309540159254
52.252252252252255	0.10088962816702023	60984.72654755121	0.03946449927892375
52.527527527527525	0.10155052735354606	60928.624467296984	0.036418344201277965
52.8028028028028	0.10212019661245153	60871.83723069531	0.0335921739712344
53.07807807807808	0.10264806910911622	60814.4117202446	0.03097238872220087
53.353353353353356	0.10319099786279448	60756.3972561544	0.02854465493389139
53.62862862862863	0.10377352390526919	60697.84154716578	0.02629509826785548
53.90390390390391	0.10441928990308647	60638.790172990826	0.02421045665159097
54.17917917917918	0.10514875943097127	60579.28609429698	0.022278225409481545
54.454454454454456	0.10591086701329462	60519.365602748076	0.020487851956534624
54.729729729729726	0.10660975935615226	60459.0576058307	0.01883094876436677
55.005005005005	0.10717139521290271	60398.38681019728	0.017300357346613133
55.28028028028028	0.10757982388284743	60337.37748311688	0.015889040804139578
55.55555555555556	0.10800372562746333	60276.06064092929	0.014587964937707634
55.830830830830834	0.10856059893594468	60214.469181212226	0.013387531022148192
56.10610610610611	0.10915831859541059	60152.629405087435	0.01228007427544791
56.38138138138139	0.10972887740653078	60090.56345099824	0.011259148552273167
56.65665665665666	0.11027396413378837	60028.29226900532	0.01031865090310182
56.931931931931935	0.11078087278548303	59965.83527009524	0.009452925342283713
57.20720720720721	0.11123437162310469	59903.21044216514	0.008656729151195763
57.48248248248248	0.11173669029859637	59840.43701767932	0.007924446949245654
57.75775775775776	0.11239746828762781	59777.534693052025	0.007250320401157417
58.033033033033036	0.11307083297619648	59714.51832784738	0.006630010671994084
58.30830830830831	0.11361007111286502	59651.39934040771	0.006060188582346965
58.58358358358358	0.11408284190536054	59588.18999795206	0.005537271048837829
58.85885885885886	0.11457186505725567	59524.9031110163	0.005057514814440406
59.134134134134136	0.11511975336580761	59461.550952940706	0.004617322325752401
59.40940940940941	0.11569905863645707	59398.144393539624	0.0042135103567021645
59.68468468468468	0.11622243904666615	59334.69250815889	0.003843421163546587
59.95995995995996	0.11670054034987733	59271.20397447072	0.0035045113127082543
60.23523523523524	0.11719999187210008	59207.687510568816	0.0031942226664399675
60.510510510510514	0.11773531255437532	59144.151228261566	0.002910173006907822
60.78578578578579	0.11828200718453649	59080.602365301056	0.002650235164823375
61.06106106106106	0.11874971658533044	59017.04700111053	0.0024126210984114524
61.33633633633634	0.11912476963835018	58953.49081645013	0.0021956583305781587
61.611611611611615	0.11958094663191059	58889.94012912996	0.001997484769105605
61.88688688688689	0.12014266232678115	58826.4007364183	0.001816389738033952
62.16216216216216	0.12062592179216305	58762.877009118885	0.0016510811933143133
62.43743743743744	0.12104892171391092	58699.37315144255	0.0015003147954151263
62.712712712712715	0.12157887434824251	58635.893710243094	0.0013627438501103812
62.98798798798799	0.12220461438685333	58572.44270762907	0.0012371748875372114
63.26326326326326	0.12282655133045389	58509.023450032204	0.0011226241138304607
63.53853853853854	0.12334517851076607	58445.63871620029	0.001018262224774078
63.813813813813816	0.12373590280903266	58382.291087257465	0.0009233172802701341
64.0890890890891	0.12416977230000519	58318.983408145315	0.0008369387434293045
64.36436436436436	0.12471090220176806	58255.718380314065	0.0007583174623662383
64.63963963963964	0.12520740286833346	58192.49812917901	0.0006868132232502879
64.91491491491492	0.1256107409765586	58129.32454522009	0.0006218543861633403
65.1901901901902	0.12599115796663743	58066.19954267655	0.000562861413589841
65.46546546546547	0.12640260665324143	58003.12488771862	0.000509298283161678
65.74074074074073	0.12687401392102324	57940.10223930306	0.000460659802407007
66.01601601601601	0.12736330820833677	57877.13303856922	0.00041650445396450135
66.29129129129129	0.12782217913486782	57814.21854350227	0.00037644424746044843
66.56656656656656	0.1282676090998192	57751.35992412389	0.00034011671837106213
66.84184184184184	0.12873262882471728	57688.55827468679	0.00030718136165351254
67.11711711711712	0.12925275393273758	57625.814609967994	0.00027732074864791315
67.3923923923924	0.1297913193991312	57563.129813576095	0.000250255790101592
67.66766766766767	0.13023537501647295	57500.50461504762	0.0002257525291875986
67.94294294294295	0.1306411033908106	57437.93972365596	0.0002035827478632372
68.21821821821823	0.131166216757961	57375.43586382314	0.00018351353539309564
68.4934934934935	0.1317477183562661	57312.99364264026	0.0001653463341306847
68.76876876876878	0.132249174819269	57250.61354568896	0.0001489182080982861
69.04404404404404	0.13265810339536882	57188.296016004366	0.0001340786060076085
69.31931931931932	0.13300783366087057	57126.041472182944	0.00012068403726092224
69.5945945945946	0.13336221611517549	57063.850312695824	0.00010859680857114713
69.86986986986987	0.13376205387612494	57001.722902663896	9.768892861163006e-05
70.14514514514515	0.13420671015747904	56939.6595627296	8.784539849483843e-05
70.42042042042041	0.13470222810612117	56877.66057529004	7.896238855621718e-05
70.69569569569569	0.13525326116218045	56815.72618776908	7.094628592404793e-05
70.97097097097097	0.13575701551216365	56753.85659763015	6.37181205656702e-05
71.24624624624624	0.13609008317684118	56692.05196171328	5.721082624009609e-05
71.52152152152152	0.1363545595821842	56630.31243827584	5.13568766518945e-05
71.7967967967968	0.13668814495592563	56568.63818353804	4.608930886213496e-05
72.07207207207207	0.13709611086026827	56507.029329460514	4.134826116833561e-05
72.34734734734735	0.13753730004421508	56445.48598173061	3.708157278340849e-05
72.62262262262263	0.13793533526025878	56384.008221347474	3.324432356389947e-05
72.8978978978979	0.13829796237553466	56322.59611676189	2.9795266358779195e-05
73.17317317317318	0.13872703592060615	56261.24973125501	2.669465972187101e-05
73.44844844844846	0.13922651007597242	56199.96911379155	2.3906962163382192e-05
73.72372372372374	0.13973507542659738	56138.754296813284	2.140148439484322e-05
73.998998998999	0.1402505751749629	56077.60530265654	1.9150505253712805e-05
74.27427427427428	0.1407779723667709	56016.52214488428	1.7128882573996185e-05
74.54954954954955	0.14124513401894218	55955.504825822245	1.531477873182699e-05
74.82482482482483	0.14162402794537685	55894.55334056099	1.3688486361600406e-05
75.1001001001001	0.14203411680312616	55833.667682775646	1.2230722252485753e-05
75.37537537537537	0.14248050997051614	55772.8478395194	1.0924157254630359e-05
75.65065065065065	0.1427872460626374	55712.093787083235	9.75462940060468e-06
75.92592592592592	0.14301339848177427	55651.40549969442	8.708595085309379e-06
76.2012012012012	0.14340287307004237	55590.78295274708	7.772188027414735e-06
76.47647647647648	0.14387176991741746	55530.22611413064	6.933757374695906e-06
76.75175175175175	0.1442186244389067	55469.73494393706	6.183948978433522e-06
77.02702702702703	0.14457332449075286	55409.30940181587	5.513559065008863e-06
77.30230230230231	0.14505570608237398	55348.949445876744	4.913857894624146e-06
77.57757757757759	0.14543712139530926	55288.65502795751	4.377963056102516e-06
77.85285285285286	0.14564967264811224	55228.42609730444	3.8997661022045834e-06
78.12812812812814	0.1460153618146203	55168.26260480733	3.472711643875816e-06
78.40340340340342	0.1465567599811059	55108.16449879338	3.0910171798364364e-06
78.67867867867868	0.14694976543154478	55048.13172265479	2.7503476745198733e-06
78.95395395395396	0.14717911733239625	54988.16421865686	2.4467160628230914e-06
79.22922922922923	0.14742897481519654	54928.2619292398	2.1761154830494656e-06
79.50450450450451	0.14773968682160596	54868.42479564976	1.9349123255038406e-06
79.77977977977977	0.14809766081690695	54808.652757720134	1.7199067993603567e-06
80.05505505505505	0.14851381221205312	54748.94575418658	1.5282425327284601e-06
80.33033033033033	0.14896408217996468	54689.303722664314	1.3574105014995294e-06
80.6056056056056	0.14933588217375507	54629.72659950954	1.2052817968047365e-06
80.88088088088088	0.14962081809074607	54570.21432046231	1.0699275405459662e-06
81.15615615615616	0.14996010413945426	54510.7668211421	9.494877891525941e-07
81.43143143143143	0.1503617671515109	54451.38403653749	8.423095447190336e-07
81.70670670670671	0.1507209559066445	54392.065900812784	7.469920137706191e-07
81.98198198198199	0.15100103303749582	54332.8123476515	6.622920015054899e-07
82.25725725725727	0.15121960863411238	54273.62331212125	5.870903231122882e-07
82.53253253253254	0.1514787158665451	54214.498728168524	5.203220434612579e-07
82.80780780780782	0.15185342355943116	54155.438528877865	4.6101070010967035e-07
83.0830830830831	0.15227135573958273	54096.44264691655	4.083253133314934e-07
83.35835835835836	0.1526833976473886	54037.51101465926	3.6154341045271913e-07
83.63363363363364	0.15312074995088837	53978.643564322854	3.200109769729405e-07
83.90890890890891	0.15355837621440785	53919.84022793421	2.831521463177562e-07
84.18418418418419	0.15391549746561273	53861.10093733123	2.5046906419999293e-07
84.45945945945945	0.15423452175843758	53802.42562429023	2.215039427309256e-07
84.73473473473473	0.15461580883277978	53743.81422055431	1.9583066557399035e-07
85.01001001001	0.15501714917595802	53685.266657751	1.73079431323029e-07
85.28528528528528	0.155381285265262	53626.78286741875	1.5292890841558628e-07
85.56056056056056	0.155795616030774	53568.36278108949	1.3508165946858837e-07
85.83583583583584	0.15630185039091624	53510.00633026599	1.1927094728993734e-07
86.11111111111111	0.15677808533695267	53451.71344638148	1.0527280176997595e-07
86.38638638638639	0.1571379979811533	53393.484060843395	9.289303008353906e-08
86.66166166166167	0.15737569451074113	53335.31810507158	8.195584972720198e-08
86.93693693693695	0.15761140475939908	53277.215510527654	7.229514811703497e-08
87.21221221221222	0.15802859753375756	53219.17620871577	6.375425200352624e-08
87.4874874874875	0.15854261609012701	53161.20013113015	5.6201569049104804e-08
87.76276276276278	0.15898174841901622	53103.28720926183	4.952859679546038e-08
88.03803803803804	0.1593776611744534	53045.43737464362	4.3636529435418055e-08
88.31331331331332	0.15977312862996632	52987.65055885202	3.843569486900817e-08
88.58858858858859	0.16008653061021252	52929.926693496505	3.384873619891812e-08
88.86386386386387	0.16032807755086484	52872.265710235064	2.980596236769819e-08
89.13913913913915	0.16067998555329013	52814.66754078825	2.62411911893438e-08
89.41441441441442	0.16116278380065785	52757.13211692347	2.3096389853849553e-08
89.68968968968969	0.1616307274831161	52699.65937044903	2.0323436095928178e-08
89.96496496496496	0.1620275668690567	52642.2492332268	1.78803317656238e-08
90.24024024024024	0.16236019532516924	52584.90163717844	1.572935779142443e-08
90.51551551551552	0.16266137794086824	52527.61651428732	1.3836453382089035e-08
90.7907907907908	0.1629625353209383	52470.39379659912	1.217107270495481e-08
91.06606606606607	0.16325978571097466	52413.23341622133	1.0706268282133375e-08
91.34134134134135	0.16355056581086624	52356.13530532474	9.418250810296954e-09
91.61661661661662	0.1638499263691956	52299.099396144986	8.285903006917795e-09
91.8918918918919	0.1641775636400288	52242.12562098348	7.2904977298608215e-09
92.16716716716716	0.16455037706311607	52185.21391220804	6.4154864641842055e-09
92.44244244244244	0.16489930366086986	52128.36420225221	5.646655124962373e-09
92.71771771771772	0.1651190446138744	52071.57642361624	4.971820182846011e-09
92.992992992993	0.16532207610396238	52014.850508871066	4.379658809654993e-09
93.26826826826827	0.16567418316039884	51958.186390658266	3.859690412832403e-09
93.54354354354355	0.1661364148311571	51901.58400168761	3.402964330392657e-09
93.81881881881883	0.16662598998348443	51845.0432747376	3.001885388416393e-09
94.0940940940941	0.16708948682675687	51788.56414265646	2.6498745347957692e-09
94.36936936936937	0.16749599053156491	51732.14653836287	2.3411530085669773e-09
94.64464464464464	0.16784292325244798	51675.79039484641	2.070585326909457e-09
94.91991991991992	0.16815106830863008	51619.49564516781	1.8335820065639234e-09
95.1951951951952	0.1684558707595483	51563.262222459074	1.6260420958110318e-09
95.47047047047047	0.1687428521246302	51507.09005992335	1.4443728695023469e-09
95.74574574574575	0.16898008798780437	51450.97909083496	1.285437698077847e-09
96.02102102102103	0.16920016270703925	51394.9292485398	1.1464384908963181e-09
96.2962962962963	0.1694487753411945	51338.94046645535	1.0248835612852081e-09
96.57157157157158	0.16974235096205137	51283.012678070634	9.185851571142556e-10
96.84684684684684	0.1700866599826988	51227.14581694615	8.256311096113045e-10
97.12212212212212	0.17047693583708912	51171.339816713975	7.443550980112522e-10
97.3973973973974	0.17086524074153941	51115.59461107766	6.733203208466877e-10
97.67267267267268	0.17116614139406847	51059.910133812235	6.112929782052616e-10
97.94794794794795	0.17144412792176372	51004.28631876455	5.571579402621492e-10
98.22322322322323	0.1718402392122186	50948.72309985321	5.098978182744673e-10
98.4984984984985	0.1722637480524703	50893.22041106826	4.686536860519984e-10
98.77377377377378	0.17257941768892127	50837.7781864711	4.3270057131271926e-10
99.04904904904905	0.17288423950828136	50782.396360194805	4.013767154622615e-10
99.32432432432432	0.17327621882728375	50727.07486644401	3.74086948970271e-10
99.5995995995996	0.17371567109075875	50671.81363949474	3.503203866767782e-10
99.87487487487488	0.17415736143100205	50616.61261369433	3.296366207173733e-10
100.15015015015015	0.17457615200917867	50561.47172346146	3.116518364523142e-10
100.42542542542543	0.17493564521709212	50506.39090328603	2.960315945477202e-10
100.70070070070071	0.17520076727116837	50451.37008772917	2.8248333591259767e-10
100.97597597597598	0.17545514297483705	50396.4092114232	2.707429057838226e-10
101.25125125125126	0.1758195974591021	50341.50820907167	2.6057268520903545e-10
101.52652652652652	0.17627130470134802	50286.66701544909	2.517687907517083e-10
101.8018018018018	0.17671718389720154	50231.8855654009	2.4415844727481856e-10
102.07707707707708	0.1769953677665898	50177.163793843305	2.375959581655122e-10
102.35235235235236	0.17708972358426703	50122.50163576337	2.3195178041699103e-10
102.62762762762763	0.1772612693726412	50067.89902621908	2.2710376665810672e-10
102.90290290290291	0.17760269278305435	50013.35590033918	2.2294452284538543e-10
103.17817817817819	0.17799378739216182	49958.872193322924	2.1938449799389297e-10
103.45345345345346	0.17836124734136402	49904.447840440094	2.1634713414976893e-10
103.72872872872873	0.17867332614060613	49850.08277703093	2.137658295196428e-10
104.004004004004	0.1789132190049411	49795.776938506075	2.1158229846293176e-10
104.27927927927928	0.17910840652843413	49741.53026034651	2.0974506879513113e-10
104.55455455455456	0.1794329223573724	49687.34267810358	2.0820771423125774e-10
104.82982982982983	0.17993838585549687	49633.214127398845	2.0693006073646336e-10
105.10510510510511	0.1803278946919573	49579.144543923794	2.0587940703691256e-10
105.38038038038039	0.1804747905876884	49525.133863439914	2.0502738108727923e-10
105.65565565565566	0.18055042165141344	49471.182021778724	2.0434797697550557e-10
105.93093093093094	0.1807547658678657	49417.28895484175	2.0381790106118463e-10
106.2062062062062	0.1812417566115816	49363.45459860044	2.0341690364462615e-10
106.48148148148148	0.1817099985009221	49309.678889095776	2.0312835707473132e-10
106.75675675675676	0.1817702493858699	49255.961762438215	2.0293811619121606e-10
107.03203203203203	0.18175235084174096	49202.303154807974	2.0283312077925537e-10
107.30730730730731	0.18201488015204942	49148.703002455	2.0280191313533742e-10
107.58258258258259	0.1823748333734462	49095.161241698544	2.0283483847317717e-10
107.85785785785787	0.18266402999676296	49041.67780892717	2.029235215572512e-10
108.13313313313314	0.1829023366709685	48988.25264059871	2.0306064046829432e-10
108.4084084084084	0.18315367373357544	48934.88567324027	2.0323986299161068e-10
108.68368368368368	0.183498196833084	48881.57684344813	2.0345579208307312e-10
108.95895895895896	0.18389164465872732	48828.326087887595	2.0370373545510743e-10
109.23423423423424	0.18423697873782607	48775.13334329293	2.0397950205655557e-10
109.50950950950951	0.18461312540066221	48721.998546467345	2.0427955325749436e-10
109.78478478478479	0.18510383391888902	48668.92163428296	2.0460096341952035e-10
110.06006006006007	0.1855627611732694	48615.902543680546	2.0494097131577404e-10
110.33533533533534	0.1858722403473127	48562.94121166951	2.0529695788570837e-10
110.61061061061062	0.18608535225760398	48510.037575327915	2.0566671871019836e-10
110.88588588588588	0.18626409523859588	48457.191571802374	2.060484474382277e-10
111.16116116116116	0.18645232397186132	48404.40313830804	2.06440663775519e-10
111.43643643643644	0.18666974528630334	48351.672212128426	2.0684212978480179e-10
111.71171171171171	0.18691803301662344	48298.998730615385	2.072517826381028e-10
111.98698698698699	0.187201570149239	48246.38263118903	2.0766871594979913e-10
112.26226226226227	0.18752573890142843	48193.8238513376	2.0809216047012917e-10
112.53753753753755	0.1878932525723813	48141.32232861747	2.085214596071542e-10
112.81281281281282	0.1882925202214926	48088.87800065299	2.0895602274745709e-10
113.08808808808809	0.18867597548536758	48036.4908051365	2.0939523644207707e-10
113.36336336336336	0.1890047792314514	47984.160679828135	2.09838483879982e-10
113.63863863863864	0.18926626104607913	47931.887562555836	2.1028520199509716e-10
113.91391391391392	0.18950724403579017	47879.671391215285	2.1073500690111579e-10
114.1891891891892	0.18981778113339898	47827.51210376991	2.1118776845975539e-10
114.46446446446447	0.19014363262064526	47775.40963825063	2.116432542973744e-10
114.73973973973975	0.19037694953563591	47723.36393275586	2.1210102118766586e-10
115.01501501501502	0.1906212878233487	47671.37492545145	2.125609199122919e-10
115.2902902902903	0.19099226514642417	47619.442554570735	2.1302308453823663e-10
115.56556556556556	0.19138248422880252	47567.566758414214	2.134873878361174e-10
115.84084084084084	0.19171794014307494	47515.74747534958	2.139535516694164e-10
116.11611611611612	0.1920837552203892	47463.98464381173	2.1442153055558867e-10
116.3913913913914	0.192477339695379	47412.27820230261	2.1489127965321268e-10
116.66666666666667	0.19277519803270213	47360.62808939109	2.1536247773593532e-10
116.94194194194195	0.1929991369227133	47309.034243712944	2.1583489843721155e-10
117.21721721721723	0.1932662552209028	47257.49660397089	2.163086160910975e-10
117.4924924924925	0.1935352598987434	47206.0151089344	2.1678360005372976e-10
117.76776776776778	0.19372925770393087	47154.589697439595	2.1725964732450553e-10
118.04304304304304	0.1939398108099253	47103.22030838926	2.1773679465535994e-10
118.31831831831832	0.19424676414104092	47051.90688075281	2.1821525813119073e-10
118.5935935935936	0.1945851438544735	47000.649353566056	2.1869507369141166e-10
118.86886886886887	0.19489607551025484	46949.44766593125	2.191761363948027e-10
119.14414414414415	0.1951668826524282	46898.30175701693	2.1965832711636975e-10
119.41941941941943	0.19544082415416222	46847.21156605796	2.2014164408789817e-10
119.6946946946947	0.19579573068660658	46796.177032355394	2.2062626641519904e-10
119.96996996996998	0.19616467424997203	46745.198095276406	2.211121927571696e-10
120.24524524524524	0.19643560979207972	46694.274694254156	2.2159916227671638e-10
120.52052052052052	0.19671635289699174	46643.40676878783	2.220872021222274e-10
120.7957957957958	0.19712304105443768	46592.59425844258	2.225766056467359e-10
121.07107107107107	0.19755436978609905	46541.83710284935	2.230673887509192e-10
121.34634634634635	0.19790260526065206	46491.13524170478	2.2355931470528622e-10
121.62162162162163	0.1981327336754849	46440.48861477119	2.2405209990222008e-10
121.8968968968969	0.1982880089704394	46389.89716187651	2.2454560290297106e-10
122.17217217217218	0.19848572399603967	46339.36082291433	2.250399763235179e-10
122.44744744744746	0.19874065028359436	46288.87953784368	2.2553538547769882e-10
122.72272272272272	0.19900372529611327	46238.453246689	2.2603185765088599e-10
122.997997997998	0.19931955770417722	46188.081889540095	2.2652952065318157e-10
123.27327327327328	0.19972523265537648	46137.76540655203	2.2702857066990437e-10
123.54854854854855	0.2000573257612878	46087.503737944986	2.2752879359209137e-10
123.82382382382383	0.20022347063660004	46037.296824004174	2.280297908708762e-10
124.0990990990991	0.20042041797839164	45987.144605080015	2.285316830026754e-10
124.37437437437438	0.2007436868625197	45937.047021587954	2.2903479696617695e-10
124.64964964964966	0.20108363392664622	45887.00401400827	2.2953915529895424e-10
124.92492492492492	0.2013616852908036	45837.01552288603	2.3004459327452253e-10
125.2002002002002	0.20155403735322786	45787.08148883107	2.3055091483237388e-10
125.47547547547548	0.20175674297796253	45737.201852517945	2.3105817866687903e-10
125.75075075075075	0.2020869796511838	45687.37655468595	2.315667106545728e-10
126.02602602602603	0.2024337999627003	45637.60553613884	2.3207652811609508e-10
126.30130130130131	0.20266272995712512	45587.88873774479	2.325873296014985e-10
126.57657657657658	0.20279358537142037	45538.22610043639	2.3309890518332626e-10
126.85185185185186	0.20289149680774274	45488.6175652106	2.3361122980032706e-10
127.12712712712714	0.20304784279828098	45439.06307312875	2.3412449805635443e-10
127.4024024024024	0.20327037780428522	45389.56256531636	2.346388945688625e-10
127.67767767767768	0.2034779995228695	45340.115982963034	2.3515438531511957e-10
127.95295295295296	0.2036716183718436	45290.723267322435	2.356709438067925e-10
128.22822822822823	0.2038936981167665	45241.384359712254	2.3618864847389424e-10
128.5035035035035	0.20406783653029226	45192.09920151406	2.3670738525958824e-10
128.7787787787788	0.20412053440244007	45142.86773417323	2.37226882708203e-10
129.05405405405406	0.20417981279298325	45093.68989919901	2.3774721415698977e-10
129.32932932932934	0.20435888109155922	45044.565638164444	2.38268712008524e-10
129.60460460460462	0.2046271964395045	44995.49489270619	2.387915872112807e-10
129.87987987987987	0.20489846042816592	44946.47760452442	2.3931581392025217e-10
130.15515515515517	0.20504797659550164	44897.51371538276	2.398410724279863e-10
130.43043043043042	0.20514107519904615	44848.60316710831	2.403672470693875e-10
130.70570570570572	0.20537592770835766	44799.74590159164	2.408947144952776e-10
130.98098098098097	0.2056825429287268	44750.94186078663	2.4142362801047695e-10
131.25625625625628	0.2058856565638407	44702.19098671022	2.4195369758404275e-10
131.53153153153153	0.2059886699863873	44653.4932214426	2.4248468487607414e-10
131.80680680680683	0.20606235954893423	44604.84850712699	2.430165577164623e-10
132.08208208208208	0.20621075325876145	44556.25678596979	2.4354953978438526e-10
132.35735735735736	0.20644581978015825	44507.718000240326	2.440838507633837e-10
132.63263263263264	0.2066195402156405	44459.232092270744	2.4461932030269056e-10
132.9079079079079	0.20674862316857548	44410.79900445599	2.451558442431471e-10
133.1831831831832	0.20701732018112887	44362.418679253904	2.4569378078606595e-10
133.45845845845847	0.20735873446085085	44314.09105918495	2.4623327277310504e-10
133.73373373373374	0.20757734384422727	44265.8160868321	2.467739671809552e-10
134.00900900900902	0.20772626821324455	44217.5937048409	2.473156934563727e-10
134.2842842842843	0.20792249627689102	44169.42385591945	2.4785859177400456e-10
134.55955955955955	0.2081593017072784	44121.30648283826	2.484027652586958e-10
134.83483483483485	0.2084203813447293	44073.24152843016	2.489482621581261e-10
135.1101101101101	0.20872779827401824	44025.2289355903	2.49495177726197e-10
135.3853853853854	0.20906456649799898	43977.268647275974	2.5004355168536477e-10
135.66066066066065	0.2093609002987627	43929.36060650663	2.505932473506812e-10
135.93593593593596	0.20961527526735768	43881.50475636374	2.5114414540606113e-10
136.2112112112112	0.20987814990006604	43833.701039990854	2.516962687293486e-10
136.4864864864865	0.21015269965554878	43785.949400593425	2.5224964491064775e-10
136.76176176176176	0.21040574868683065	43738.249781438775	2.5280421628629827e-10
137.03703703703704	0.2105469448905653	43690.602125855956	2.533597123627324e-10
137.31231231231232	0.2105652899436205	43643.00637723574	2.539158771992834e-10
137.5875875875876	0.21070470184135026	43595.462479030764	2.5447309480859996e-10
137.86286286286287	0.21106123784937092	43547.97037475531	2.5503192800513666e-10
138.13813813813815	0.21142964380352763	43500.53000798504	2.555923475871546e-10
138.41341341341342	0.21172579242193773	43453.141322357056	2.561541212881541e-10
138.6886886886887	0.21200856371261662	43405.80426156988	2.56717198401833e-10
138.96396396396398	0.21228477890983388	43358.51876938338	2.572815532905846e-10
139.23923923923923	0.21252655876324839	43311.28478961868	2.578470956123577e-10
139.51451451451453	0.21271241857837148	43264.10226615803	2.5841369608593595e-10
139.78978978978978	0.21285273968415092	43216.97114294489	2.5898127151244737e-10
140.06506506506508	0.21305754869375595	43169.891363983814	2.595500252357127e-10
140.34034034034033	0.21338428811428053	43122.86287334045	2.6012027256055257e-10
140.61561561561564	0.21374131222527096	43075.88561514127	2.606920524248905e-10
140.8908908908909	0.21402062470602543	43028.95953357355	2.612651290440025e-10
141.1661661661662	0.21412887703561304	42982.084572885295	2.618390707998273e-10
141.44144144144144	0.21416022433008572	42935.26067738531	2.624137483338345e-10
141.71671671671672	0.21431548846750803	42888.48779144323	2.629895544569225e-10
141.991991991992	0.214520278738781	42841.765859489205	2.6356663549768464e-10
142.26726726726727	0.21462510549007868	42795.09482601384	2.641447410622675e-10
142.54254254254255	0.2147170491233806	42748.474635568266	2.6472387827879334e-10
142.81781781781783	0.21489477726314124	42701.9052327641	2.653043013812078e-10
143.0930930930931	0.21512246899347978	42655.38656227324	2.6588613564082194e-10
143.36836836836838	0.2153687064984863	42608.91856882786	2.664694082746249e-10
143.64364364364366	0.21564050681869693	42562.50119722034	2.670541604254188e-10
143.9189189189189	0.2159365406967521	42516.13439230322	2.6764042393036794e-10
144.1941941941942	0.21624290603012575	42469.818098989046	2.6822819096307606e-10
144.46946946946946	0.21652931616382304	42423.55226225043	2.688173787206529e-10
144.74474474474476	0.21676068024392683	42377.33682711984	2.694078289214072e-10
145.02002002002	0.21692679824152108	42331.17173868966	2.699993826512366e-10
145.29529529529532	0.21704953331834043	42285.05694211208	2.7059196177917346e-10
145.57057057057057	0.21722538656229468	42238.99238259912	2.7118574594523034e-10
145.84584584584587	0.2174934577500727	42192.97800542249	2.7178098653849386e-10
146.12112112112112	0.21775646724930728	42147.0137559135	2.7237764831356166e-10
146.3963963963964	0.21796451457643284	42101.09957946292	2.729755748163257e-10
146.67167167167167	0.21814194051138938	42055.235421521065	2.7357469674011545e-10
146.94694694694695	0.21832569467319818	42009.42122759769	2.741750505082779e-10
147.22222222222223	0.2185514457223427	41963.656943261936	2.747767584849187e-10
147.4974974974975	0.2188017243210543	41917.942514142225	2.7537987949806207e-10
147.77277277277278	0.21904245916639936	41872.27788592618	2.75984376227721e-10
148.04804804804806	0.21926736280995496	41826.66300436061	2.765902015724928e-10
148.32332332332334	0.21946572992988447	41781.097815251385	2.771972888348341e-10
148.59859859859858	0.21960089594538865	41735.582264463395	2.778054880210636e-10
148.8738738738739	0.2197244128559735	41690.116297920555	2.78414806021185e-10
149.14914914914914	0.22000887752610762	41644.69986160582	2.7902569404491516e-10
149.42442442442444	0.2203926349233283	41599.33290156092	2.796383731949533e-10
149.6996996996997	0.22063083764555344	41554.0153638862	2.8025239727155533e-10
149.974974974975	0.22081371435382757	41508.74719474079	2.8086762486956995e-10
150.25025025025025	0.22114551031912819	41463.52834034261	2.814844663751976e-10
150.52552552552555	0.22143918346127417	41418.35874696804	2.8210278245027246e-10
150.8008008008008	0.2215279322286877	41373.23836095189	2.8272202376625004e-10
151.07607607607608	0.22169504961053435	41328.167128687564	2.833424648995193e-10
151.35135135135135	0.222071389549988	41283.144996627045	2.8396467722482717e-10
151.62662662662663	0.22236665357277158	41238.17191128039	2.8458838562967717e-10
151.9019019019019	0.22249612413972392	41193.24781921587	2.8521313887163953e-10
152.17717717717719	0.22264381093697697	41148.372667060095	2.858390384247931e-10
152.45245245245246	0.22288598691109524	41103.5464014979	2.8646636906763004e-10
152.72772772772774	0.22320731179105513	41058.76896927218	2.8709533026562827e-10
153.00300300300302	0.2235382185509997	41014.040317183775	2.8772590786486944e-10
153.2782782782783	0.22381265957534158	40969.360392091425	2.8835791747308877e-10
153.55355355355357	0.2240625803869692	40924.72914091182	2.889912886847544e-10
153.82882882882885	0.2243322615284633	40880.14651061949	2.8962607915118393e-10
154.10410410410412	0.22463897454795342	40835.612448246735	2.902623830448139e-10
154.37937937937937	0.2249443354149936	40791.12690088356	2.9090017885891373e-10
154.65465465465465	0.2251462203197697	40746.689815677506	2.9153918038608203e-10
154.92992992992993	0.2252761925131089	40702.30113983371	2.9217923153130493e-10
155.2052052052052	0.22547204186708514	40657.96082061492	2.9282056525819327e-10
155.48048048048048	0.22576956396481812	40613.6688053414	2.9346347164686897e-10
155.75575575575576	0.22612791150001382	40569.425041390736	2.9410808619372784e-10
156.03103103103103	0.22639939676411652	40525.22947619775	2.9475413225862885e-10
156.3063063063063	0.22649894317804334	40481.08205725443	2.954011536770575e-10
156.5815815815816	0.22661370326415128	40436.982732110155	2.9604926505684877e-10
156.85685685685687	0.22688531150560412	40392.93144837151	2.9669893846118774e-10
157.13213213213214	0.22729020060064084	40348.928153702174	2.9735050683347244e-10
157.40740740740742	0.2276863401733963	40304.97279582271	2.9800387153012e-10
157.6826826826827	0.22785375466332253	40261.06532251044	2.9865836530539326e-10
157.95795795795797	0.22792236660563628	40217.20568159971	2.9931377699609475e-10
158.23323323323325	0.22818843387524057	40173.39382098193	2.999707203292583e-10
158.50850850850853	0.2285410884628758	40129.62968860517	3.0062941288513534e-10
158.7837837837838	0.22878835184351637	40085.91323247406	3.012895240942863e-10
159.05905905905905	0.22902922693049513	40042.24440064995	3.0195104310216595e-10
159.33433433433433	0.22934412534777746	39998.62314125083	3.0261417660591304e-10
159.6096096096096	0.22963309214494954	39955.049402451135	3.03278829879558e-10
159.88488488488488	0.22984772280891005	39911.523132481736	3.0394479458177753e-10
160.16016016016016	0.23003687651183616	39868.04427962992	3.0461202854696605e-10
160.43543543543544	0.23024410937757928	39824.61279223932	3.052806141497076e-10
160.7107107107107	0.2304935451270439	39781.22861870992	3.059506855356419e-10
160.985985985986	0.23072780177123114	39737.89170749782	3.066222006220663e-10
161.26126126126127	0.23088012934935812	39694.602007115245	3.072949448930941e-10
161.53653653653654	0.23102659501197173	39651.35946613056	3.0796894522966564e-10
161.81181181181182	0.23124675665487926	39608.16403316822	3.0864443952512767e-10
162.0870870870871	0.23151668851023252	39565.01565690864	3.093215619895179e-10
162.36236236236238	0.23177371692795387	39521.91428608808	3.1000025532386066e-10
162.63763763763765	0.23192554520318429	39478.85986949859	3.106802220435256e-10
162.91291291291293	0.23199733717989554	39435.852355988005	3.1136128300902e-10
163.1881881881882	0.23211776298550224	39392.891694459984	3.120436390815247e-10
163.46346346346348	0.23223324899119058	39349.97783387381	3.12727312315635e-10
163.73873873873873	0.23223228547528568	39307.11072324431	3.134120175296923e-10
164.014014014014	0.2323464368753172	39264.290311642	3.1409814951029404e-10
164.2892892892893	0.2327671037390631	39221.51654819306	3.147865614409958e-10
164.56456456456456	0.2331115481940122	39178.789382078794	3.1547691709906907e-10
164.83983983983984	0.23315347555671165	39136.10876253563	3.1616831654261894e-10
165.11511511511512	0.2332269481660693	39093.4746388556	3.168609276479405e-10
165.3903903903904	0.2334800383474162	39050.886960386124	3.1755529774253766e-10
165.66566566566567	0.23375388356240756	39008.345676529614	3.182514460018813e-10
165.94094094094095	0.2339950423365415	38965.85073674361	3.1894924168721156e-10
166.21621621621622	0.23424071253238032	38923.40209054072	3.196486792093141e-10
166.4914914914915	0.23449074261513098	38880.99968748856	3.203497540791488e-10
166.76676676676678	0.23472582449141582	38838.64347720966	3.2105240973335593e-10
167.04204204204206	0.23492402025254566	38796.33340938142	3.2175653895228396e-10
167.31731731731733	0.23507930535011332	38754.06943373605	3.224620364349574e-10
167.5925925925926	0.23522850790019673	38711.85150006056	3.2316891739424255e-10
167.8678678678679	0.23544255713280332	38669.67955819671	3.2387739217405665e-10
168.14314314314316	0.23582394303571838	38627.55355804101	3.2458792147324595e-10
168.4184184184184	0.23625577515538604	38585.473449544435	3.2530056296917987e-10
168.6936936936937	0.23645188326068076	38543.439182712245	3.260145669710028e-10
168.96896896896897	0.23654946666770518	38501.45070760428	3.2672969470409584e-10
169.24424424424424	0.23686481699050327	38459.50797433505	3.274466324448427e-10
169.51951951951952	0.23730623391712866	38417.61093307335	3.281656938195809e-10
169.7947947947948	0.23770093327664224	38375.759534042096	3.2888665560944447e-10
170.07007007007007	0.23807789433764695	38333.95372751845	3.296094144273904e-10
170.34534534534535	0.23844881174885707	38292.19346383377	3.3033391791689537e-10
170.62062062062063	0.2387181011476098	38250.47869337342	3.3105985502032e-10
170.8958958958959	0.23891203206436354	38208.80936657686	3.317870425781725e-10
171.17117117117118	0.2391988113370342	38167.18543393766	3.32515802396411e-10
171.44644644644646	0.23953438719851508	38125.606846003306	3.33246277556358e-10
171.72172172172174	0.23974147942438648	38084.07355337498	3.339780878669271e-10
171.996996996997	0.23983966230179066	38042.58550670772	3.3471097445227003e-10
172.2722722722723	0.2399325280918638	38001.142656710384	3.354450158300642e-10
172.54754754754757	0.24010540033954847	37959.74495414564	3.361805185168095e-10
172.82282282282284	0.24038414749465875	37918.39234982977	3.369178100443381e-10
173.0980980980981	0.2406643925013982	37877.08479463259	3.376568665787771e-10
173.37337337337337	0.24089944727826423	37835.822239477384	3.383975366421027e-10
173.64864864864865	0.24115205434478135	37794.60463534094	3.3913987361207654e-10
173.92392392392392	0.24143600004834387	37753.43193325347	3.398839614375169e-10
174.1991991991992	0.24171673580392852	37712.30408429851	3.4062977188603714e-10
174.47447447447448	0.24199375380560872	37671.221039612865	3.413772807933398e-10
174.74974974974975	0.24226929948181383	37630.1827503866	3.4212647521276047e-10
175.02502502502503	0.24245532808887324	37589.18916786288	3.4287709384925336e-10
175.3003003003003	0.24249958554786255	37548.240243337896	3.4362877213709487e-10
175.57557557557558	0.24254875524112204	37507.335928161054	3.4438162877726966e-10
175.85085085085086	0.24266396683296618	37466.47617373483	3.451359373495286e-10
176.12612612612614	0.24268896151686722	37425.66093151446	3.458914762447484e-10
176.40140140140142	0.24264447833203656	37384.89015300812	3.466481221337604e-10
176.6766766766767	0.24275446235290596	37344.16378977701	3.4740641782047744e-10
176.95195195195197	0.24299108188721916	37303.48179343507	3.48166732708715e-10
177.22722722722725	0.24317703657658327	37262.84411564878	3.4892886110636466e-10
177.50250250250252	0.2433507491114703	37222.25070813733	3.496927447657568e-10
177.77777777777777	0.243594466047792	37181.70152267258	3.504585744458619e-10
178.05305305305305	0.24380547360971971	37141.19651107879	3.512262105796626e-10
178.32832832832833	0.24390206189160635	37100.7356252327	3.5199530120695596e-10
178.6036036036036	0.2439528315410055	37060.318817063475	3.527657556845482e-10
178.87887887887888	0.24403344124140777	37019.94603855275	3.535377200182203e-10
179.15415415415416	0.24419716441252023	36979.61724173452	3.543114708481176e-10
179.42942942942943	0.24443768328695825	36939.33237869503	3.550872189472626e-10
179.7047047047047	0.2447003178633043	36899.091401572674	3.55864979086768e-10
179.97997997998	0.24494115501149533	36858.89426255791	3.566446354715935e-10
180.25525525525526	0.24512873756700676	36818.74091389331	3.5742600091073763e-10
180.53053053053054	0.24526142459441666	36778.63130787341	3.582089167943757e-10
180.80580580580582	0.24535879736049035	36738.56539684477	3.589933104936563e-10
181.0810810810811	0.2454742936454205	36698.54313320589	3.597792801492017e-10
181.35635635635637	0.24561613976308264	36658.56446940719	3.6056693160110816e-10
181.63163163163165	0.24570899788841463	36618.629357950755	3.6135613004443393e-10
181.90690690690693	0.245791869676858	36578.73775139049	3.6214688032799293e-10
182.1821821821822	0.24601392048541013	36538.88960233209	3.629396294895558e-10
182.45745745745745	0.24629263541446278	36499.08486343287	3.6373450193213e-10
182.73273273273273	0.24643456371945843	36459.323487401474	3.645310255239699e-10
183.008008008008	0.24652885507992284	36419.60542699817	3.6532907728241567e-10
183.28328328328328	0.24672933255287335	36379.93063503484	3.661290153700754e-10
183.55855855855856	0.24701498432673616	36340.29906437475	3.6693107293850055e-10
183.83383383383384	0.24731609712181063	36300.71066793246	3.677352342664001e-10
184.1091091091091	0.24754674814749875	36261.16539867373	3.685412297330917e-10
184.3843843843844	0.24770991537668674	36221.66320961556	3.693488469953226e-10
184.65965965965967	0.24792167988007047	36182.20405382626	3.7015826055175097e-10
184.93493493493494	0.24819848713932638	36142.78788442528	3.7096966416927566e-10
185.21021021021022	0.24847211040534078	36103.414654583044	3.717830125806759e-10
185.4854854854855	0.24869469323297702	36064.08431752099	3.725981250074045e-10
185.76076076076077	0.24884332443683413	36024.79682651146	3.7341478433569696e-10
186.03603603603605	0.24895884792333223	35985.552134877784	3.742329360894483e-10
186.31131131131133	0.2490828098156241	35946.350195994135	3.750526617656877e-10
186.5865865865866	0.2492082526092443	35907.190963285495	3.758740078914599e-10
186.86186186186188	0.24933576686634912	35868.07439022758	3.766970151352123e-10
187.13713713713713	0.24948979499248924	35829.00043034682	3.77521791868969e-10
187.4124124124124	0.24965518681743618	35789.96903722027	3.783483817845173e-10
187.68768768768768	0.24978453395283198	35750.980164475484	3.7917667699141246e-10
187.96296296296296	0.24993750881620952	35712.03376579061	3.8000677163075664e-10
188.23823823823824	0.2501971137295822	35673.129794894354	3.808389975984941e-10
188.51351351351352	0.25038181474850574	35634.26820556562	3.816730726474615e-10
188.7887887887888	0.2503412441179412	35595.44895163352	3.8250830446516353e-10
189.06406406406407	0.25037222030861045	35556.671986977795	3.833450360106583e-10
189.33933933933935	0.25064842977722607	35517.93726552856	3.841840840367635e-10
189.61461461461462	0.2509019140503863	35479.24474126589	3.850252950724398e-10
189.8898898898899	0.2510359291824205	35440.59436821985	3.8586824532929535e-10
190.16516516516518	0.2512245096460897	35401.98610047082	3.8671312522908365e-10
190.44044044044045	0.2515081449699097	35363.41989214919	3.8756021721153636e-10
190.71571571571573	0.25181575469459433	35324.89569743529	3.88409533688124e-10
190.990990990991	0.2521104014077997	35286.4134705593	3.8926097101615135e-10
191.26626626626629	0.25237100656868156	35247.973165801275	3.901143794738997e-10
191.54154154154156	0.2525697563794619	35209.574737491	3.909695505605832e-10
191.8168168168168	0.2527059164791624	35171.218140008044	3.9182631178717736e-10
192.0920920920921	0.25285225067149475	35132.90332778174	3.926847492682053e-10
192.36736736736736	0.2530447458092033	35094.630255291115	3.9354504661135037e-10
192.64264264264264	0.25324801826000065	35056.398877064734	3.9440724443393055e-10
192.91791791791792	0.2534962683894271	35018.209147680755	3.9527148384216626e-10
193.1931931931932	0.25387259709557997	34980.061021766895	3.961381416947926e-10
193.46846846846847	0.2542210789251989	34941.95445400013	3.970070381145341e-10
193.74374374374375	0.2543229102495949	34903.8893991066	3.978773393164585e-10
194.01901901901903	0.2544049757869726	34865.865811861964	3.987490770772478e-10
194.2942942942943	0.25471634152127043	34827.88364709147	3.9962306235030477e-10
194.56956956956958	0.25506794688778056	34789.942859669325	4.004993635267353e-10
194.84484484484486	0.25529131717897985	34752.04340451878	4.0137750552886843e-10
195.12012012012013	0.2554301081121541	34714.185236612175	4.0225723853747206e-10
195.3953953953954	0.2555678911528675	34676.368310971025	4.031386233575743e-10
195.6706706706707	0.2557969392717071	34638.59258266594	4.0402200274756393e-10
195.94594594594597	0.2560724841665514	34600.85800681641	4.049075157573876e-10
196.22122122122124	0.2562671061155786	34563.164538590725	4.0579487214405735e-10
196.4964964964965	0.2563841238893527	34525.51213320599	4.066838459715387e-10
196.77177177177177	0.2564871406075902	34487.90074592815	4.075744557703765e-10
197.04704704704704	0.2566450914519862	34450.33033207198	4.0846693717884547e-10
197.32232232232232	0.2568713573306953	34412.800847000944	4.0936152630437593e-10
197.5975975975976	0.2570437589743945	34375.312246127	4.1025802616602417e-10
197.87287287287288	0.25713816999896855	34337.86448491067	4.111561992767415e-10
198.14814814814815	0.25729561031949844	34300.45751886113	4.120563045932737e-10
198.42342342342343	0.25750726219838815	34263.09130353603	4.1295852616357236e-10
198.6986986986987	0.2576342872746992	34225.76579454128	4.138625685180149e-10
198.97397397397398	0.25770586636589865	34188.48094753116	4.147682850171182e-10
199.24924924924926	0.25783049074198255	34151.236718208434	4.1567590661016606e-10
199.52452452452454	0.2580267343243523	34114.03306232409	4.1658568276611854e-10
199.7997997997998	0.25827970341389017	34076.86993567733	4.17497769928607e-10
200.0750750750751	0.2585640955488343	34039.747294115485	4.184122147307914e-10
200.35035035035037	0.25883975603663617	34002.665093533935	4.193289257791214e-10
200.62562562562564	0.2590450902828136	33965.62328987604	4.2024762917097944e-10
200.90090090090092	0.2591755348618131	33928.621839133164	4.2116808744447257e-10
201.17617617617617	0.2592928316041658	33891.66069734466	4.2209030884841303e-10
201.45145145145145	0.2594569688226921	33854.73982059784	4.2301449659587794e-10
201.72672672672672	0.2597080725788848	33817.859165027905	4.2394094838251777e-10
202.002002002002	0.2599751401500651	33781.0186868178	4.248696754644603e-10
202.27727727727728	0.26017235818356566	33744.21834219805	4.258004066683182e-10
202.55255255255256	0.2603379517146144	33707.45808744696	4.2673304725774027e-10
202.82782782782783	0.26051853602952735	33670.73787889046	4.276676740037103e-10
203.1031031031031	0.2607105655645101	33634.05767290209	4.2860433860111283e-10
203.3783783783784	0.26091346810245036	33597.41742590292	4.295430821121913e-10
203.65365365365366	0.26113917308246326	33560.81709436152	4.3048397819766546e-10
203.92892892892894	0.26137615347486115	33524.256634793834	4.314270496298277e-10
204.20420420420422	0.26159494279772305	33487.736003763166	4.3237221833742553e-10
204.4794794794795	0.26179303836573214	33451.25515788012	4.3331941333713855e-10
204.75475475475477	0.26198762675041065	33414.81405380262	4.3426863470557045e-10
205.03003003003005	0.2622216629273873	33378.41264823584	4.352200260196361e-10
205.30530530530532	0.26249762902770085	33342.050897932124	4.3617371322252655e-10
205.5805805805806	0.2626795547600496	33305.728759690755	4.3712934687039846e-10
205.85585585585588	0.2627590039713329	33269.4461903581	4.38086615470128e-10
206.13113113113113	0.2629809168300116	33233.20314682782	4.390460842529351e-10
206.4064064064064	0.26334051786826784	33196.9995860405	4.400081977578117e-10
206.68168168168168	0.263567097903577	33160.83546498335	4.409724120233432e-10
206.95695695695696	0.26370414000132075	33124.71074069047	4.41938431647976e-10
207.23223223223223	0.263966445319301	33088.625370243055	4.429067383311498e-10
207.5075075075075	0.26428701640315067	33052.57931076894	4.4387749914319815e-10
207.7827827827828	0.2645266724771461	33016.572519442496	4.4485038241078176e-10
208.05805805805807	0.26469679908504745	32980.604953484784	4.4582515810239256e-10
208.33333333333334	0.2648327335442483	32944.67657016351	4.4680175948268216e-10
208.60860860860862	0.26494658123169784	32908.787326792946	4.477801740055375e-10
208.8838838838839	0.2650538868999367	32872.93718073388	4.4876044477054235e-10
209.15915915915917	0.2651792069556369	32837.12608939358	4.4974269067034616e-10
209.43443443443445	0.2653550656684114	32801.35401022577	4.507271193688482e-10
209.70970970970973	0.26561176509282475	32765.620900730522	4.517140033218618e-10
209.984984984985	0.2659108135302548	32729.9267184542	4.5270343369752787e-10
210.26026026026028	0.26617103524288493	32694.271420989313	4.536952089026028e-10
210.53553553553556	0.2662720051021467	32658.654965974416	4.546887555989752e-10
210.8108108108108	0.2661869238484136	32623.07731109418	4.5568351793516186e-10
211.08608608608608	0.26617369153449416	32587.538414079692	4.5667992756353037e-10
211.36136136136136	0.2663720875247395	32552.038232708263	4.5767881436992227e-10
211.63663663663664	0.2666514343952091	32516.57672480302	4.5868040423949294e-10
211.91191191191191	0.26691509950185643	32481.153848232956	4.596845492459833e-10
212.1871871871872	0.26712754573675196	32445.769560912886	4.60691008093767e-10
212.46246246246247	0.26726918912039993	32410.42382080347	4.616995186072311e-10
212.73773773773775	0.26734552990851623	32375.116585911157	4.6270988811946704e-10
213.01301301301302	0.2674638087073634	32339.847814288285	4.637223321120291e-10
213.2882882882883	0.26770875315801057	32304.617464033006	4.647373196197613e-10
213.56356356356358	0.26795558497114763	32269.425493288945	4.657547988945937e-10
213.83883883883885	0.26811977136290827	32234.27186024524	4.667744353368101e-10
214.11411411411413	0.268290348623519	32199.156523136684	4.677962686397987e-10
214.3893893893894	0.2685016952261711	32164.0794402436	4.688204516625344e-10
214.66466466466468	0.268698020760754	32129.040569891713	4.698469144791248e-10
214.93993993993996	0.26889374282635986	32094.03987045214	4.708756518221098e-10
215.21521521521524	0.26914302424305314	32059.077300341447	4.719068499203272e-10
215.4904904904905	0.26935104003310845	32024.152818021354	4.729403282092078e-10
215.76576576576576	0.2694155145502288	31989.266381998717	4.739755826792368e-10
216.04104104104104	0.2695153785285213	31954.417950825828	4.750128350601644e-10
216.31631631631632	0.26979361421606723	31919.607483100302	4.760527687878654e-10
216.5915915915916	0.27010050142104003	31884.834937464686	4.770954101030783e-10
216.86686686686687	0.2703233012025721	31850.100272606425	4.781403834059495e-10
217.14214214214215	0.2704799185630893	31815.403447257988	4.791874493446828e-10
217.41741741741743	0.2706136614829356	31780.744420196872	4.802365686140795e-10
217.6926926926927	0.2707763231021952	31746.123150245545	4.812878938462849e-10
217.96796796796798	0.27096739761054667	31711.539596271323	4.823415475190801e-10
218.24324324324326	0.2711563328799858	31676.993717186313	4.833975209967243e-10
218.51851851851853	0.27131860143378345	31642.485471947326	4.844557209809073e-10
218.7937937937938	0.27143941966479224	31608.014819555887	4.855160203355442e-10
219.0690690690691	0.2715284721044491	31573.58171905819	4.865783517787067e-10
219.34434434434436	0.27160110492606265	31539.18612954507	4.876427166079858e-10
219.61961961961964	0.27167351750328816	31504.82801015195	4.887091746507499e-10
219.89489489489492	0.2717480296940489	31470.50732005876	4.897777833617836e-10
220.17017017017017	0.27181371531311693	31436.22401848991	4.908485507258371e-10
220.44544544544544	0.2719060207677813	31401.978064714243	4.91921611664207e-10
220.72072072072072	0.2720785244389259	31367.769418045093	4.929972694211246e-10
220.995995995996	0.2722635999918184	31333.598037839998	4.940755258283506e-10
221.27127127127127	0.27237447995541797	31299.46388350066	4.95156069498273e-10
221.54654654654655	0.2724713655034473	31265.366914473096	4.962388681356495e-10
221.82182182182183	0.27261113972171513	31231.30709024759	4.973241031444991e-10
222.0970970970971	0.2727496253383353	31197.284370358466	4.984117613691716e-10
222.37237237237238	0.27286389060217137	31163.298714384135	4.995017496780113e-10
222.64764764764766	0.27298373264109044	31129.35008194707	5.005941026106455e-10
222.92292292292294	0.2731256498659641	31095.438432713756	5.01688909364138e-10
223.1981981981982	0.27329543791037236	31061.563726394634	5.02786264218001e-10
223.4734734734735	0.2735493575933445	31027.72592274408	5.03886450717671e-10
223.74874874874877	0.2739346076183608	30993.924981560427	5.049898721555317e-10
224.02402402402404	0.27429767258422255	30960.160862685567	5.060962902378861e-10
224.29929929929932	0.2745161842678796	30926.43352600497	5.072050634763721e-10
224.5745745745746	0.2747684642774337	30892.74293144809	5.083163336589644e-10
224.84984984984985	0.2751072806348115	30859.089038988055	5.094304107748707e-10
225.12512512512512	0.27525895278809637	30825.47180864125	5.105465340768269e-10
225.4004004004004	0.275215912742969	30791.891200467613	5.116640641753671e-10
225.67567567567568	0.2752867788561216	30758.347174571005	5.127836304029426e-10
225.95095095095095	0.27548738951921997	30724.839691098772	5.139057990457339e-10
226.22622622622623	0.2756450607018504	30691.368710241455	5.150303852607168e-10
226.5015015015015	0.27577489207013234	30657.93419223295	5.161572974712847e-10
226.77677677677679	0.27593958609611735	30624.53609735061	5.172866967581071e-10
227.05205205205206	0.27607097984509776	30591.17438591493	5.184184592719193e-10
227.32732732732734	0.27613321110172817	30557.84901828959	5.195523521392952e-10
227.60260260260262	0.27623671261379523	30524.55995488163	5.206886025265249e-10
227.8778778778779	0.27640380236394596	30491.307156141218	5.218274780503258e-10
228.15315315315317	0.2765127252062671	30458.090582561472	5.229687375136559e-10
228.42842842842845	0.27657366989271864	30424.910194678527	5.241122261433438e-10
228.70370370370372	0.27670140189145015	30391.765953071703	5.252582531965522e-10
228.978978978979	0.27684316853235924	30358.657818363175	5.264068693221436e-10
229.25425425425428	0.27690066025547116	30325.58575121789	5.275577442591952e-10
229.52952952952953	0.27700239205456245	30292.549712343818	5.287111004660384e-10
229.8048048048048	0.2772543332735231	30259.549662491892	5.298675205653689e-10
230.08008008008008	0.27749052596138607	30226.585562455566	5.310268432326427e-10
230.35535535535536	0.27762991367566464	30193.65737307089	5.321886311341754e-10
230.63063063063063	0.27781972013920236	30160.76505521679	5.333530956058746e-10
230.9059059059059	0.27809669493960815	30127.908569814866	5.345205481618822e-10
231.1811811811812	0.27836112903161403	30095.087877829148	5.356908587373279e-10
231.45645645645646	0.27858477365196427	30062.30294026615	5.368638157918478e-10
231.73173173173174	0.2787823223627084	30029.553718174895	5.380393069992146e-10
232.00700700700702	0.2789122432127633	29996.840172646764	5.392170836504384e-10
232.2822822822823	0.2789445465177227	29964.162264815506	5.403968315805573e-10
232.55755755755757	0.2789760125384182	29931.519955857333	5.415786723156748e-10
232.83283283283285	0.279080273586285	29898.913206990852	5.427629885249456e-10
233.10810810810813	0.27921704310570733	29866.34197947688	5.439499327311941e-10
233.3833833833834	0.2793498419351885	29833.80623461838	5.451394872176718e-10
233.65865865865868	0.27946963226309973	29801.30593376045	5.463316038112568e-10
233.93393393393396	0.27961019979132057	29768.841038290357	5.475263763010173e-10
234.2092092092092	0.2798312298864253	29736.411509637524	5.487241136149781e-10
234.48448448448448	0.28012796430771036	29704.01730927337	5.499250464860218e-10
234.75975975975976	0.2804480586348754	29671.65839871124	5.511291569125007e-10
235.03503503503504	0.28066886439232425	29639.3347395062	5.523359520298205e-10
235.3103103103103	0.28072205302921854	29607.046293255113	5.535447702718907e-10
235.5855855855856	0.2807442901596669	29574.793021596866	5.54755618146818e-10
235.86086086086087	0.2808309447589239	29542.574886212296	5.559688762475104e-10
236.13613613613614	0.28095194613740554	29510.391848823925	5.571847323800464e-10
236.41141141141142	0.2810705495244975	29478.24387119593	5.584031933969502e-10
236.6866866866867	0.28116270114101233	29446.130915134112	5.596241709118005e-10
236.96196196196198	0.28128910616483527	29414.052942485963	5.608478352560972e-10
237.23723723723725	0.28152413421225697	29382.009915140658	5.620746189029237e-10
237.51251251251253	0.2817044375931933	29350.00179502863	5.633042216274565e-10
237.7877877877878	0.28167970423465777	29318.02854412159	5.645358064929476e-10
238.06306306306308	0.28165733076479943	29286.090124432954	5.657695291974851e-10
238.33833833833836	0.28180828344752906	29254.186498017803	5.670061973341477e-10
238.61361361361364	0.2820665258569458	29222.31762697244	5.682461957628371e-10
238.88888888888889	0.2822963542037806	29190.48347343428	5.694892911789852e-10
239.16416416416416	0.28232958302716404	29158.683999581703	5.707346236779104e-10
239.43943943943944	0.2822764872741607	29126.91916763448	5.719819481411883e-10
239.71471471471472	0.2824119831731282	29095.18893985397	5.732321749665592e-10
239.98998998999	0.2825886363164553	29063.49327854239	5.744854405977192e-10
240.26526526526527	0.2825551970564948	29031.832146042645	5.757408410872602e-10
240.54054054054055	0.2825009619679964	29000.205504738973	5.76998418689777e-10
240.81581581581582	0.2826118708015832	28968.613317056865	5.782589616733008e-10
241.0910910910911	0.2827481112671591	28937.055545462536	5.795225352705045e-10
241.36636636636638	0.2828526775582379	28905.532152462998	5.807889612153101e-10
241.64164164164166	0.28307103191968325	28874.043100606355	5.820586910138375e-10
241.91691691691693	0.2833842814984389	28842.588352481464	5.833320106856118e-10
242.1921921921922	0.28361647934666034	28811.167870717658	5.84608431192278e-10
242.4674674674675	0.2837799391546027	28779.781617985023	5.858876130488891e-10
242.74274274274276	0.28398220150992004	28748.429556994462	5.87169727055155e-10
243.01801801801804	0.2842144589338203	28717.111650497503	5.884548749268071e-10
243.29329329329332	0.284434923205003	28685.82786128617	5.897429674154918e-10
243.56856856856857	0.2846310448570724	28654.578152193033	5.910338827853677e-10
243.84384384384384	0.28481863248744005	28623.362486091133	5.923275902240251e-10
244.11911911911912	0.28505479119405625	28592.180825894087	5.936243022848824e-10
244.3943943943944	0.2853279736275009	28561.03313455588	5.949241423119624e-10
244.66966966966967	0.2855411068927402	28529.9193750707	5.962268080107901e-10
244.94494494494495	0.2856242916527592	28498.839510472957	5.975317692943045e-10
245.22022022022023	0.2855563872993529	28467.79350383726	5.98838515939533e-10
245.4954954954955	0.2855010857941514	28436.781318278743	6.001473219407719e-10
245.77077077077078	0.28564077780106395	28405.802916953002	6.014591672178465e-10
246.04604604604606	0.2858899901717366	28374.85826305563	6.027744792072558e-10
246.32132132132134	0.28615598317893537	28343.947319822182	6.040932129840302e-10
246.5965965965966	0.286497820216714	28313.070050528342	6.054155816732495e-10
246.8718718718719	0.28684386261350386	28282.226418489707	6.067414562593565e-10
247.14714714714717	0.2869144352695634	28251.41638706137	6.080695602774238e-10
247.42242242242244	0.28679752244872586	28220.63991963849	6.093992466946864e-10
247.69769769769772	0.28687748924709444	28189.896979656733	6.107316193894789e-10
247.972972972973	0.2870053232864231	28159.187530591353	6.1206693120531e-10
248.24824824824825	0.2868479415953936	28128.511535956863	6.134039762320931e-10
248.52352352352352	0.2867290953307675	28097.868959308023	6.147431637338006e-10
248.7987987987988	0.286974757022939	28067.25976423985	6.160862055196839e-10
249.07407407407408	0.2872348672902831	28036.683914386474	6.174329812660898e-10
249.34934934934935	0.28727136067545117	28006.141373421207	6.187823819213948e-10
249.62462462462463	0.2872898683945237	27975.632105057295	6.201344014378319e-10
249.8998998998999	0.2874143143142	27945.156073047725	6.214895661884626e-10
250.17517517517518	0.28761883762206697	27914.713241184923	6.228481869405273e-10
250.45045045045046	0.2878343665934036	27884.30357330065	6.242102167778819e-10
250.72572572572574	0.2879864077804132	27853.927033265943	6.255752995119937e-10
251.00100100100101	0.28813355532436963	27823.5835849913	6.26943404884847e-10
251.2762762762763	0.2883567482395677	27793.27319242666	6.2831485935972e-10
251.55155155155157	0.2886017797919966	27762.995819561154	6.296896904589639e-10
251.82682682682685	0.28882607701495283	27732.75143042308	6.310677373962807e-10
252.10210210210212	0.28908952691914647	27702.539989080014	6.324491330812556e-10
252.3773773773774	0.2893764701013086	27672.361459638658	6.338339168687787e-10
252.65265265265268	0.28955344228667207	27642.21580624458	6.352215415849415e-10
252.92792792792793	0.2896361444692333	27612.102993082455	6.366116413569094e-10
253.2032032032032	0.28975831364792765	27582.022984376177	6.380045088764874e-10
253.47847847847848	0.2898812641352605	27551.97574438856	6.394002093934489e-10
253.75375375375376	0.2899145216544387	27521.96123742121	6.407984004524771e-10
254.02902902902903	0.28998095495736276	27491.97942781481	6.421993484727426e-10
254.3043043043043	0.29017678670574826	27462.03027994908	6.436036888502602e-10
254.5795795795796	0.29032419356818584	27432.113758242223	6.450111475196956e-10
254.85485485485486	0.29033565438703596	27402.229827151063	6.464211224565742e-10
255.13013013013014	0.29036478131879084	27372.37845117141	6.478338127604613e-10
255.40540540540542	0.2904837911169063	27342.559594837865	6.492496970168727e-10
255.6806806806807	0.2906535631995455	27312.773222723623	6.506689845447902e-10
255.95595595595597	0.2908601259353073	27283.019299440435	6.520917816312447e-10
256.2312312312313	0.2910928194379831	27253.297789638582	6.535181271710435e-10
256.5065065065065	0.29123011961881107	27223.608658006662	6.549475132313568e-10
256.7817817817818	0.2911866851633021	27193.95186927156	6.563791569751335e-10
257.0570570570571	0.29117694863787474	27164.327388198995	6.578133933874036e-10
257.3323323323324	0.29132203017118374	27134.735179593266	6.59251031434968e-10
257.60760760760763	0.29139110505367394	27105.17520829663	6.606916822653599e-10
257.8828828828829	0.2913180658017291	27075.64743918951	6.621347410509117e-10
258.15815815815813	0.29131154314969954	27046.151837190948	6.635806653822773e-10
258.43343343343344	0.29147996026054496	27016.68836725842	6.650303091380911e-10
258.70870870870874	0.2918097079553656	26987.25699438754	6.66484292261458e-10
258.983983983984	0.2920853131080349	26957.857683611688	6.679421354905635e-10
259.25925925925924	0.29207891005465	26928.490400001934	6.694024275882655e-10
259.53453453453454	0.29197985938227494	26899.15510866769	6.708649068144463e-10
259.80980980980985	0.29201332886260356	26869.85177475684	6.723303889789521e-10
260.0850850850851	0.29216026048927674	26840.580363455174	6.737994372459378e-10
260.36036036036035	0.29237080018718287	26811.340839986337	6.752722737038994e-10
260.63563563563565	0.29261244599415087	26782.13316961178	6.767489281923281e-10
260.91091091091096	0.29283446190255263	26752.957317630735	6.782291939429408e-10
261.1861861861862	0.2929735411808304	26723.813249380088	6.797126181039668e-10
261.46146146146145	0.2930524789188871	26694.700930234565	6.811989471671846e-10
261.73673673673676	0.29313885366048015	26665.620325606706	6.826882919363871e-10
262.01201201201206	0.293240424876379	26636.571400946752	6.841807774313918e-10
262.2872872872873	0.2933617517796795	26607.554121742633	6.856765253590434e-10
262.56256256256256	0.2935760308681009	26578.568453519936	6.871759723673063e-10
262.8378378378378	0.2938826043007837	26549.614361841876	6.886794638056678e-10
263.1131131131131	0.2941008936277071	26520.691812308807	6.901864378667226e-10
263.3883883883884	0.2941808681165299	26491.800770558493	6.916962180545518e-10
263.66366366366367	0.2942590868601664	26462.94120226636	6.932089043952449e-10
263.9389389389389	0.2943776303318205	26434.11307314533	6.94724773544986e-10
264.2142142142142	0.2945052214874019	26405.3163489456	6.962439003285641e-10
264.48948948948953	0.2946884371681145	26376.55099545478	6.977665633961493e-10
264.7647647647648	0.29497125479677777	26347.816978497838	6.992931913911563e-10
265.04004004004	0.29521530773662197	26319.11426393669	7.008234768734445e-10
265.31531531531533	0.29531670977869023	26290.442817670275	7.023566898147743e-10
265.59059059059064	0.2953935212703176	26261.802605634886	7.038928085035425e-10
265.8658658658659	0.2955211315533423	26233.19359380409	7.054321722285421e-10
266.14114114114113	0.29565427563149593	26204.615748188415	7.069748376063507e-10
266.41641641641644	0.29579086379499925	26176.069034835415	7.085208411087048e-10
266.69169169169174	0.29597406938339477	26147.553419829714	7.100704176496918e-10
266.966966966967	0.29617697370738777	26119.068869292863	7.116236273037806e-10
267.24224224224224	0.2963471224300264	26090.615349383184	7.131802701148912e-10
267.5175175175175	0.29653208156524574	26062.19282629599	7.147404156944598e-10
267.7927927927928	0.296780431973556	26033.80126626347	7.163043523296142e-10
268.0680680680681	0.297025580649038	26005.44063555453	7.178719920896483e-10
268.34334334334335	0.29719272990427437	25977.110900474643	7.194429095639339e-10
268.6186186186186	0.29724083756795733	25948.81202736591	7.210165731973202e-10
268.8938938938939	0.2972371728799306	25920.543982607225	7.225928860017685e-10
269.1691691691692	0.2973620651920424	25892.306732614477	7.241726382971512e-10
269.44444444444446	0.29762751149987254	25864.100243840177	7.257565148514484e-10
269.7197197197197	0.2979204191820283	25835.924482773127	7.273445144003118e-10
269.994994994995	0.29816256122251056	25807.77941593851	7.28936260277517e-10
270.2702702702703	0.2983265007910692	25779.6650098979	7.30531323829195e-10
270.54554554554556	0.2985269993100959	25751.581231249573	7.32129923263028e-10
270.8208208208208	0.29883049981993776	25723.52804662827	7.337325547194042e-10
271.0960960960961	0.29909392795998774	25695.505422704828	7.353389174986803e-10
271.3713713713714	0.29923837696971034	25667.51332618624	7.369483923173508e-10
271.6466466466467	0.2993260275108482	25639.551723815886	7.385607942339382e-10
271.9219219219219	0.29939691938490426	25611.620582373438	7.401761735846543e-10
272.19719719719717	0.299462851779534	25583.719868674812	7.417946289002571e-10
272.4724724724725	0.2995611311001897	25555.84954957211	7.434164217219243e-10
272.7477477477478	0.2997306397611741	25528.009591953672	7.45041950646118e-10
273.02302302302303	0.2999375911569876	25500.199962743813	7.466713664757555e-10
273.2982982982983	0.30014613876849894	25472.420628902815	7.483046139474978e-10
273.5735735735736	0.300389982739466	25444.671557427027	7.49941817165703e-10
273.8488488488489	0.3006705545580538	25416.952715348754	7.515830829856602e-10
274.12412412412414	0.3009063941402609	25389.26406973606	7.532280953663265e-10
274.3993993993994	0.3010680315858354	25361.60558769281	7.548764610847424e-10
274.6746746746747	0.3011947100224303	25333.977236358798	7.565280659211806e-10
274.94994994995	0.3013182088395596	25306.378982909675	7.581829788412153e-10
275.22522522522524	0.30145486926886594	25278.81079455689	7.598413368542529e-10
275.5005005005005	0.30156825581160723	25251.27263854754	7.615030682705163e-10
275.7757757757758	0.3016270860246889	25223.7644821643	7.631679621352634e-10
276.0510510510511	0.3017094824110974	25196.28629272572	7.648362433554632e-10
276.32632632632635	0.30188362581384637	25168.83803758605	7.665084317374482e-10
276.6016016016016	0.30213084697961934	25141.41968413506	7.681848455562103e-10
276.87687687687685	0.3024021015936469	25114.031199797984	7.698654916979048e-10
277.15215215215215	0.3026258200626688	25086.672552035332	7.715500179898298e-10
277.42742742742746	0.30278324401572987	25059.343708343094	7.732380544552376e-10
277.7027027027027	0.3029035552863781	25032.044636252707	7.749294583768744e-10
277.97797797797796	0.30301975763862943	25004.77530333103	7.766242854277197e-10
278.25325325325326	0.30314852026150946	24977.53567718029	7.78322665239534e-10
278.52852852852857	0.3032173819449488	24950.325725437877	7.80024334552715e-10
278.8038038038038	0.3031829711597144	24923.145415776347	7.817288673097925e-10
279.07907907907907	0.3031698943052489	24895.994715903726	7.834365619581176e-10
279.35435435435437	0.30326978833845625	24868.873593563396	7.851481214099462e-10
279.6296296296297	0.3034600436300793	24841.78201653386	7.868639860936582e-10
279.9049049049049	0.3036463881690527	24814.71995262853	7.885840233927078e-10
280.1801801801802	0.3036884193348053	24787.687369695566	7.903074120870138e-10
280.4554554554555	0.30367281283686953	24760.68423561833	7.920339513505554e-10
280.7307307307308	0.3038017524576759	24733.710518315613	7.937645231519931e-10
281.00600600600603	0.3040316627175929	24706.766185741086	7.954995998130803e-10
281.2812812812813	0.3042445141051301	24679.85120588305	7.972389468458641e-10
281.5565565565566	0.3044177615187816	24652.965546764644	7.989822653256775e-10
281.83183183183183	0.30455840969973247	24626.109176443868	8.007293581835499e-10
282.10710710710714	0.30468936624002424	24599.282063013543	8.02480190859569e-10
282.3823823823824	0.3048448651086644	24572.484174601348	8.042349156171413e-10
282.6576576576577	0.3050662075369912	24545.715479369763	8.059938688267514e-10
282.93293293293294	0.3053072117129662	24518.975945515864	8.077570765478468e-10
283.20820820820825	0.30546213672382894	24492.265541271125	8.09524009798376e-10
283.4834834834835	0.30553806387213756	24465.584234901664	8.112942915218198e-10
283.75875875875874	0.3055992147636694	24438.931994708313	8.130679627873407e-10
284.03403403403405	0.3057052121611915	24412.308789026527	8.148453697799621e-10
284.3093093093093	0.3059148669704497	24385.714586226444	8.166270951391173e-10
284.5845845845846	0.3062866559066888	24359.149354712747	8.18413906425237e-10
284.85985985985985	0.30671348756842304	24332.613062924323	8.202058448179615e-10
285.13513513513516	0.30683115674671485	24306.10567933364	8.220010243371965e-10
285.4104104104104	0.3066970842075237	24279.627172447636	8.237982695048995e-10
285.6856856856857	0.30678154896071663	24253.177510808593	8.255991452625205e-10
285.96096096096096	0.3070609709841455	24226.756662993022	8.274047570930336e-10
286.23623623623627	0.3072393918812663	24200.36459761098	8.292144045293237e-10
286.5115115115115	0.307340116528025	24174.001283306832	8.310276635377043e-10
286.7867867867868	0.30747567552743243	24147.666688759287	8.328448021153615e-10
287.06206206206207	0.30763897295711534	24121.36078268122	8.346659945576479e-10
287.3373373373374	0.3078309229469462	24095.08353381954	8.364913844721049e-10
287.6126126126126	0.3081207611171146	24068.834910955393	8.383214570236372e-10
287.8878878878879	0.308462990921731	24042.61488290382	8.401563511518426e-10
288.1631631631632	0.3086703727940523	24016.42341851344	8.419951733223043e-10
288.4384384384384	0.3087782128036137	23990.260486666848	8.438374148749006e-10
288.71371371371373	0.3089755843631984	23964.12605628099	8.456836961958688e-10
288.988988988989	0.30922676961313816	23938.020096306598	8.475343128193413e-10
289.2642642642643	0.30941210459246066	23911.94257572792	8.493888525291962e-10
289.53953953953953	0.30952862973852746	23885.893463563054	8.512469783084423e-10
289.81481481481484	0.3096252090877271	23859.872728863895	8.531086922995465e-10
290.0900900900901	0.30979824308011	23833.88034071632	8.549745204411219e-10
290.3653653653654	0.31005432062983446	23807.916268239867	8.568449124217234e-10
290.64064064064064	0.3102512280582135	23781.980480587423	8.587194491263297e-10
290.91591591591595	0.31034647601184706	23756.072946945347	8.605975729776536e-10
291.1911911911912	0.31040542140061983	23730.193636533746	8.624792056130092e-10
291.4664664664665	0.3104744001311774	23704.342518606347	8.643645403210568e-10
291.74174174174175	0.31058044207549773	23678.519562450438	8.662538780002562e-10
292.01701701701705	0.31072033150550754	23652.724737386765	8.681474384844063e-10
292.2922922922923	0.31088499914141565	23626.958012769486	8.700453461249014e-10
292.5675675675676	0.3110815453208362	23601.219357986145	8.719477394921466e-10
292.84284284284286	0.31129569157244397	23575.508742457605	8.73854650562382e-10
293.1181181181181	0.31146548252956074	23549.8261356379	8.757657645399682e-10
293.3933933933934	0.3115579619800849	23524.17150701426	8.77680654949774e-10
293.66866866866866	0.3115885113541664	23498.544826107212	8.795990750296146e-10
293.94394394394396	0.3116688749745041	23472.946062470728	8.815214531556903e-10
294.2192192192192	0.31194403195766557	23447.375185692297	8.834489321788919e-10
294.4944944944945	0.3122865469619422	23421.832165392243	8.853816990625608e-10
294.76976976976977	0.3124991020197121	23396.316971223518	8.873188023089744e-10
295.0450450450451	0.3126140327109692	23370.829572872204	8.892596810228074e-10
295.3203203203203	0.31271727176030506	23345.369940057633	8.912043792402849e-10
295.5955955955956	0.3128747094681137	23319.938042532256	8.931533021678738e-10
295.8708708708709	0.3130723399629877	23294.53385008147	8.951066898454403e-10
296.1461461461462	0.3131884286625849	23269.157332523257	8.970640478716738e-10
296.4214214214214	0.31323902860059766	23243.808459708554	8.99025082203351e-10
296.69669669669673	0.313358540220003	23218.487201521457	9.009903225012459e-10
296.971971971972	0.31351524207508	23193.193527878793	9.029600053486923e-10
297.2472472472473	0.3136012519522484	23167.92740872989	9.049337073089647e-10
297.52252252252254	0.31362149191279565	23142.688814056848	9.069111273132631e-10
297.7977977977978	0.31362060738296765	23117.477713874556	9.088922851128177e-10
298.0730730730731	0.3136466557248304	23092.294078230698	9.108774709607931e-10
298.34834834834834	0.31371500551680886	23067.13787720563	9.128670010112025e-10
298.62362362362364	0.31378052202073586	23042.009080912172	9.148608665865117e-10
298.8988988988989	0.3138415681037703	23016.907659495722	9.168590536137846e-10
299.1741741741742	0.31394937835706327	22991.833583134317	9.18861846976453e-10
299.44944944944945	0.31409823270553716	22966.78682203849	9.208694387530871e-10
299.72472472472475	0.3142399809512806	22941.76734645108	9.22881704352152e-10
300.0	0.3143255813953489	22916.775126647244	9.248982660624382e-10
