0.005681475521384456	2.4279753098520813	9620.509031583142	4.403698575623508	0.001984701411092146
25.0	0.047176079734219285	33212.0	10.0
25.275275275275277	0.047836041344958495	34424.302513742536	9.436610621370095
25.55055055055055	0.04854853503180122	35583.412211884715	8.897274058250726
25.825825825825827	0.049317048391969966	36691.627666182714	8.380951091585098
26.1011011011011	0.050057013841735	37749.25805214901	7.8875128347982795
26.376376376376378	0.05074430181031063	38756.363582729944	7.416944325387563
26.65165165165165	0.05145608650999489	39714.74286753658	6.968434622652316
26.926926926926928	0.05223382439696906	40626.83930942909	6.540877107188146
27.2022022022022	0.053071738560980235	41494.75703046811	6.133319902176236
27.47747747747748	0.053879573349189434	42319.033271483095	5.745528045036859
27.75275275275275	0.05456825233538973	43099.11925141792	5.377763704470946
28.02802802802803	0.05528291617969906	43836.88719731735	5.029180669620726
28.303303303303302	0.05615030685475517	44535.699709836554	4.698249859318495
28.57857857857858	0.05702238703143334	45196.70017690901	4.3844574760177135
28.853853853853856	0.05777912661830703	45819.76110222795	4.087871344103591
29.12912912912913	0.058441917928351406	46405.35032085828	3.8082867340232625
29.404404404404403	0.05911756709687071	46955.20124563674	3.544919324367948
29.67967967967968	0.059969118920777255	47472.40882424834	3.2963609490003933
29.954954954954957	0.06090627347608653	47958.87169997824	3.0617504265661544
30.23023023023023	0.06170895163621959	48414.641154160454	2.8410719621935194
30.505505505505504	0.06243342132889108	48840.47802587215	2.633984860554634
30.78078078078078	0.06320245818737479	49238.08507074622	2.4397169568158317
31.056056056056057	0.06396410675648175	49608.73691284675	2.2576916915380583
31.33133133133133	0.06467969176446384	49953.48222030973	2.0874356465439514
31.606606606606608	0.0654293826155503	50273.827126827935	1.9282656798984288
31.88188188188188	0.06624042270460812	50571.312721441216	1.7794822681623659
32.15715715715716	0.06705090361895735	50847.08536724014	1.6405662378118615
32.432432432432435	0.06785284630046914	51102.232499925514	1.5110251102409429
32.70770770770771	0.06867893505138245	51337.94288691433	1.3903197378455305
32.98298298298298	0.0694814195070741	51555.182168900305	1.2780128399816664
33.25825825825826	0.07020097666501751	51754.72668608848	1.1737535705849031
33.533533533533536	0.07092287356849555	51937.64575193285	1.0770567444757875
33.808808808808806	0.0717052168974257	52105.11289433345	0.9873891919223393
34.08408408408408	0.07241040282897483	52257.874083566305	0.9044132176277558
34.35935935935936	0.07298579818699243	52396.58446675427	0.8278325257193059
34.63463463463464	0.07357456982933401	52522.237745775565	0.7571956402109992
34.90990990990991	0.07426305600616988	52635.920670541804	0.6920082324809912
35.18518518518518	0.07505006188058905	52738.60189606742	0.6318297747412348
35.46046046046046	0.07582148528410977	52830.97522620714	0.5763453443598651
35.73573573573574	0.07644118154223568	52913.51896405276	0.5253385175865664
36.01101101101101	0.07706492315956487	52986.94915798968	0.4784838933988707
36.286286286286284	0.0778561449787174	53052.12487882443	0.4353904052159688
36.56156156156156	0.07860944292414591	53109.578371858355	0.3958164167757771
36.83683683683684	0.07918091949231597	53159.68883042838	0.35959023735825024
37.112112112112115	0.07972407507279895	53203.00040222166	0.3264645528786951
37.38738738738739	0.08034048467308313	53240.107187044174	0.2961690412557767
37.66266266266266	0.0810162572464411	53271.53411161544	0.26846490438254283
37.93793793793794	0.08170833474942531	53297.72972555413	0.24314818397795665
38.213213213213216	0.08235886955870332	53319.07602536625	0.22004528254229253
38.488488488488485	0.08292855192465647	53335.91669751474	0.19900004821153836
38.76376376376376	0.08342013557934415	53348.58639532515	0.17986037916491487
39.03903903903904	0.08398556786421019	53357.472026910305	0.1624501636471224
39.314314314314316	0.08473459650747017	53362.96295798275	0.14659206778933495
39.58958958958959	0.08555528285445528	53365.35722766281	0.13215047647233097
39.86486486486486	0.08634474444344946	53364.891826837455	0.11901765247354695
40.14014014014014	0.08707300446701224	53361.78287812826	0.10709535432601627
40.41541541541542	0.08774590446424588	53356.238897662246	0.09628876929957064
40.690690690690694	0.08839690833509299	53348.46553586347	0.08650434460935574
40.965965965965964	0.08904827947318701	53338.658932152786	0.07765283085216856
41.24124124124124	0.0897159892011957	53327.00273959523	0.06965064672749818
41.51651651651652	0.09042269069369004	53313.668742807444	0.06241959923734858
41.791791791791795	0.09115510648283251	53298.81086925379	0.055889628739221826
42.06706706706707	0.09177272008491143	53282.5509461728	0.05000533497694582
42.34234234234234	0.09224634298182047	53265.002939948106	0.044714886494994124
42.61761761761762	0.09281249200717528	53246.30199681195	0.039956725565420875
42.892892892892895	0.0934980242822289	53226.5702285444	0.035675228787812804
43.168168168168165	0.09406107803055797	53205.89472618078	0.03183077734977567
43.44344344344344	0.09457992269711911	53184.36470386878	0.02838275851422955
43.71871871871872	0.09532715370753117	53162.08075086482	0.02528532881714704
43.993993993993996	0.09614357376140287	53139.119380836935	0.022503643246594266
44.26926926926927	0.09675947306004756	53115.53484600764	0.020013030621640324
44.54454454454455	0.09728303864333722	53091.3858268879	0.0177867785716547
44.81981981981982	0.09785576751546775	53066.7330881636	0.015797205739322855
45.0950950950951	0.09845112843380661	53041.62987128397	0.014020060264986313
45.37037037037037	0.09905281862316208	53016.12353828229	0.012433769004117216
45.645645645645644	0.09969662225674132	52990.25793380379	0.011018357482223056
45.92092092092092	0.10038399776977244	52964.07231524303	0.009755940640726851
46.1961961961962	0.10108391797895659	52937.601098811676	0.00863084025637617
46.471471471471475	0.1017980827117158	52910.875387210566	0.007628886668222796
46.74674674674675	0.1025375082227176	52883.923425980116	0.006737210654551657
47.02202202202202	0.10325813806069851	52856.76990822829	0.005944562498561519
47.2972972972973	0.10390275587029789	52829.43649086749	0.005241076508680344
47.572572572572575	0.10443267574514356	52801.942656797655	0.004617877001936107
47.847847847847845	0.10489130660255987	52774.30693273751	0.004066521232938835
48.12312312312312	0.10546356328833636	52746.54794897045	0.00357851439309777
48.3983983983984	0.10618487768774758	52718.68222416149	0.003146324613355385
48.673673673673676	0.10690535665526839	52690.72299829292	0.002763915391178804
48.94894894894895	0.10752757119556892	52662.68153610578	0.002426152284270018
49.22422422422423	0.10802257101353024	52634.56803725886	0.0021283857055569774
49.4994994994995	0.10853049714369317	52606.39259320671	0.0018660130572446003
49.77477477477478	0.10920415754927726	52578.16482149484	0.001634646205738804
50.05005005005005	0.10995666879174945	52549.89267109274	0.0014306586112967235
50.32532532532532	0.11064926188146251	52521.58266743924	0.0012510735453315279
50.6006006006006	0.1111662096574297	52493.24039513685	0.001093343432234672
50.87587587587588	0.11154941268635617	52464.871146164834	0.0009550532829864559
51.151151151151154	0.11204961799561337	52436.48029975111	0.000833746833867432
51.42642642642643	0.11272359006853362	52408.072611717005	0.0007272519175394021
51.70170170170171	0.11344331151358443	52379.65194319724	0.0006338048321255495
51.97697697697698	0.11408060936150138	52351.221508066265	0.0005519372743116166
52.252252252252255	0.11455850339295597	52322.78411596626	0.00048036522481181414
52.527527527527525	0.11504626444006097	52294.34252687664	0.00041782670060923224
52.8028028028028	0.1156892903639944	52265.899308982094	0.000363146846455651
53.07807807807808	0.1163285911247942	52237.45653135851	0.00031537869477538723
53.353353353353356	0.11685990178436285	52209.01594926969	0.00027371844773284776
53.62862862862863	0.11737442632630805	52180.579203003006	0.00023741451375548618
53.90390390390391	0.11793973926938975	52152.14777693462	0.00020578627945398316
54.17917917917918	0.11857075267922058	52123.722970963674	0.00017823722830521749
54.454454454454456	0.11921939875670168	52095.30592102364	0.00015424554457406546
54.729729729729726	0.11981148948427887	52066.89755048226	0.0001333865330358734
55.005005005005	0.12036899318899966	52038.49870768715	0.00011526958666294072
55.28028028028028	0.12095006821177644	52010.11015668587	9.954248519943635e-05
55.55555555555556	0.12160055868589724	51981.73257426709	8.589277097136621e-05
55.830830830830834	0.12230727932260047	51953.36654347261	7.405074126885414e-05
56.10610610610611	0.12293580942197006	51925.01254754264	6.379224385267123e-05
56.38138138138139	0.12347963981522295	51896.6710146754	5.4918207673630075e-05
56.65665665665666	0.12411425795099303	51868.34234608014	4.724181206972331e-05
56.931931931931935	0.124803596014033	51840.02688208167	4.0604012991383346e-05
57.20720720720721	0.12535199425890112	51811.72489849575	3.487521730557173e-05
57.48248248248248	0.12580438182711956	51783.43664486872	2.993779016548352e-05
57.75775775775776	0.12630557256518404	51755.16235062128	2.568324866392222e-05
58.033033033033036	0.1268753398137725	51726.90221349151	2.2017558053361825e-05
58.30830830830831	0.1274611267736236	51698.65639972748	1.8861050925383303e-05
58.58358358358358	0.12791630642093568	51670.42504609294	1.6147517082055467e-05
58.85885885885886	0.12821963118806232	51642.208271893716	1.3818709538315132e-05
59.134134134134136	0.12858298372323515	51614.00618841303	1.1820026620144867e-05
59.40940940940941	0.12911078614452073	51585.81889243933	1.0103476348229956e-05
59.68468468468468	0.12976453169832153	51557.64646353724	8.62892861331329e-06
59.95995995995996	0.13040489395253863	51529.48896547467	7.363465107730357e-06
60.23523523523524	0.13088082613827878	51501.34645010616	6.279604969646683e-06
60.510510510510514	0.1313428397941589	51473.218964682455	5.351963422161057e-06
60.78578578578579	0.13195285618222338	51445.10655089337	4.557691471238956e-06
61.06106106106106	0.13250035034298696	51417.00924053199	3.878458997617027e-06
61.33633633633634	0.13286025011250754	51388.927059150315	3.298784020134915e-06
61.611611611611615	0.13325634261584224	51360.86003008189	2.804196024649033e-06
61.88688688688689	0.13375249644953713	51332.8081724557	2.382144382059638e-06
62.16216216216216	0.13416524074327124	51304.77150022582	2.022440803708267e-06
62.43743743743744	0.13452283836427092	51276.75002456539	1.7161668606809607e-06
62.712712712712715	0.13500371071293693	51248.743754692085	1.4552987149377856e-06
62.98798798798799	0.13553975191746626	51220.75269685209	1.2331697203875828e-06
63.26326326326326	0.1359906393859261	51192.77685474176	1.0442769049889599e-06
63.53853853853854	0.13644046191825904	51164.816230672994	8.837511143451157e-07
63.813813813813816	0.13698388374581238	51136.8708256256	7.47333736693215e-07
64.0890890890891	0.13757330702467246	51108.94063906759	6.314570906809252e-07
64.36436436436436	0.13811028293383465	51081.0256691717	5.331446547505838e-07
64.63963963963964	0.13846286414775089	51053.12591305477	4.499009437156244e-07
64.91491491491492	0.1387287542940422	51025.24136725945	3.79495210340191e-07
65.1901901901902	0.13920086258107908	50997.37202791598	3.1989174187409597e-07
65.46546546546547	0.13981958497066124	50969.517890357	2.6941957909201234e-07
65.74074074074073	0.1403472030942075	50941.678949171604	2.2674386151918562e-07
66.01601601601601	0.1407817027248548	50913.85519855467	1.9071077774133282e-07
66.29129129129129	0.14121641960121034	50886.04663240109	1.6030683522871286e-07
66.56656656656656	0.14177330127661267	50858.25324432843	1.3464956293225122e-07
66.84184184184184	0.1424281925243337	50830.475027636865	1.1300233670981006e-07
67.11711711711712	0.14286452289429025	50802.71197527414	9.478213473459921e-08
67.3923923923924	0.1430714251709675	50774.96408002656	7.947993047685682e-08
67.66766766766767	0.14342533359884652	50747.23133463124	6.662144136091095e-08
67.94294294294295	0.14393002827936308	50719.513731653955	5.5812399146721276e-08
68.21821821821823	0.14433391755738859	50691.81126346805	4.6739302106866934e-08
68.4934934934935	0.1447073499531182	50664.12392236371	3.912995481710214e-08
68.76876876876878	0.14521638093724476	50636.4517005716	3.274672611988045e-08
69.04404404404404	0.14579220832177398	50608.79459022737	2.7394111424224146e-08
69.31931931931932	0.14631982361360532	50581.15258360107	2.2909784939908385e-08
69.5945945945946	0.14672775255323653	50553.52567331276	1.9155145460531954e-08
69.86986986986987	0.14700472014424118	50525.91385136299	1.6015629481484785e-08
70.14514514514515	0.14722110538606717	50498.317109722855	1.3392370622828346e-08
70.42042042042041	0.14746892526575991	50470.735440337405	1.1200662633274873e-08
70.69569569569569	0.14783757898048547	50443.168835128345	9.368734120140355e-09
70.97097097097097	0.14825273788586357	50415.61728599408	7.837805305431104e-09
71.24624624624624	0.14858361431884234	50388.08078481466	6.5597467714055665e-09
71.52152152152152	0.14890523397244074	50360.559323459776	5.493297557836659e-09
71.7967967967968	0.149307673865003	50333.05289379037	4.603348445620383e-09
72.07207207207207	0.14970522089988106	50305.56148765835	3.861088590285946e-09
72.34734734734735	0.15004859874133739	50278.08509690973	3.242522448410234e-09
72.62262262262263	0.15041960971888788	50250.62371338743	2.727177342350866e-09
72.8978978978979	0.15082427428296613	50223.177328931604	2.2979459021318945e-09
73.17317317317318	0.15117612910874423	50195.74593538036	1.9407366641104723e-09
73.44844844844846	0.15154290153580546	50168.32952457176	1.643573951107099e-09
73.72372372372374	0.15206542423665612	50140.928088344604	1.396254262602026e-09
73.998998998999	0.1525963928145118	50113.54161853781	1.1905471330984689e-09
74.27427427427428	0.1529416242954481	50086.17010699141	1.0197566005367583e-09
74.54954954954955	0.1532247153045306	50058.81354554806	8.780741884980866e-10
74.82482482482483	0.15355900408120368	50031.47192605301	7.605509719300918e-10
75.1001001001001	0.15384601725980046	50004.14524035405	6.631407306299267e-10
75.37537537537537	0.15407683921534943	49976.83348030194	5.824625508287484e-10
75.65065065065065	0.15440555788168359	49949.536637750934	5.156296830458913e-10
75.92592592592592	0.1548274643125223	49922.254704558625	4.602650762429379e-10
76.2012012012012	0.15520016195124614	49894.98767258603	4.1444419545675486e-10
76.47647647647648	0.1555095165857834	49867.735533697916	3.7655963551272637e-10
76.75175175175175	0.15581212640288025	49840.49827976298	3.4525647871222257e-10
77.02702702702703	0.15615653455485787	49813.27590265389	3.1940141593140356e-10
77.30230230230231	0.15656321116147082	49786.068394247384	2.9805435680721664e-10
77.57757757757759	0.1569777185710177	49758.87574642422	2.804440528077119e-10
77.85285285285286	0.15737848153149173	49731.69795106931	2.659317025015465e-10
78.12812812812814	0.15782465255640402	49704.535000071795	2.5398197619110435e-10
78.40340340340342	0.15830906244092044	49677.386885325046	2.441525387314063e-10
78.67867867867868	0.15874968087748106	49650.253598726646	2.360809418762263e-10
78.95395395395396	0.15914886200410358	49623.13513217848	2.2946497104816764e-10
79.22922922922923	0.15955757349108254	49596.03147758678	2.2405158864887726e-10
79.50450450450451	0.15995292105223677	49568.94262686209	2.196319307642124e-10
79.77977977977977	0.16030090350769433	49541.86857191924	2.1603354513680678e-10
80.05505505505505	0.1606416453196966	49514.80930467749	2.1311255671417244e-10
80.33033033033033	0.16099245804529522	49487.76481706044	2.107497907863994e-10
80.6056056056056	0.16128270710631895	49460.73510099601	2.0884764255403232e-10
80.88088088088088	0.16153541434014104	49433.72014841654	2.073249513468142e-10
81.15615615615616	0.16190626675975647	49406.71995125876	2.0611358984654703e-10
81.43143143143143	0.16237404569292635	49379.734501463856	2.051580651754359e-10
81.70670670670671	0.16277416392705357	49352.76379097724	2.044135949234237e-10
81.98198198198199	0.16305529612125155	49325.8078117487	2.0384315022186857e-10
82.25725725725727	0.16325223540242828	49298.86655573241	2.0341584056662346e-10
82.53253253253254	0.16352410100719178	49271.940014887055	2.0310583990847879e-10
82.80780780780782	0.16396975041093556	49245.0281811757	2.028919540111652e-10
83.0830830830831	0.16441388581934333	49218.13104656574	2.027571063466557e-10
83.35835835835836	0.16477191737058056	49191.24860302887	2.026872518703871e-10
83.63363363363364	0.16518736571636933	49164.38084254124	2.0267074534407603e-10
83.90890890890891	0.16567096519099644	49137.52775708342	2.0269805853326303e-10
84.18418418418419	0.1660830303603874	49110.689338640266	2.027613414618049e-10
84.45945945945945	0.16640240437209095	49083.865579200974	2.028540908612243e-10
84.73473473473473	0.16669143861399205	49057.05647075917	2.02970972546163e-10
85.01001001001	0.16703083490259307	49030.262005312885	2.0310766749627276e-10
85.28528528528528	0.1674773070160862	49003.48217486455	2.032606998053501e-10
85.56056056056056	0.16797811209864158	48976.71697142092	2.0342719442683402e-10
85.83583583583584	0.16848169697570875	48949.96638699312	2.036047510303631e-10
86.11111111111111	0.16899030748998994	48923.23041359659	2.0379140246537297e-10
86.38638638638639	0.1694918752863886	48896.50904325117	2.0398552314576928e-10
86.66166166166167	0.1699491711036447	48869.802267981	2.041857397601946e-10
86.93693693693695	0.17035665987555212	48843.110079814585	2.0439091876720333e-10
87.21221221221222	0.1707302611891276	48816.43247078481	2.0460014858554175e-10
87.4874874874875	0.17104436162890096	48789.76943292888	2.04812654273767e-10
87.76276276276278	0.17127740110488907	48763.12095828832	2.0502777709057906e-10
88.03803803803804	0.1715203800811937	48736.48703890907	2.0524508391097553e-10
88.31331331331332	0.1718450110575026	48709.86766684147	2.054643062029937e-10
88.58858858858859	0.17218644068136052	48683.26283414012	2.0568515065585767e-10
88.86386386386387	0.17249981336621248	48656.672532863966	2.0590732588761731e-10
89.13913913913915	0.17280733369137363	48630.096755076294	2.061306208069301e-10
89.41441441441442	0.17311559370412302	48603.535492844734	2.0635487153846055e-10
89.68968968968969	0.17340956747601646	48576.98873824124	2.0657992712087892e-10
89.96496496496496	0.17367104508353662	48550.45648334207	2.0680564337108367e-10
90.24024024024024	0.17389598713378304	48523.938720227816	2.0703189852091754e-10
90.51551551551552	0.17417179260156995	48497.435440983456	2.0725869756442859e-10
90.7907907907908	0.1745540982297376	48470.94663769828	2.0748611045322212e-10
91.06606606606607	0.17487969188911112	48444.47230246587	2.0771399983285333e-10
91.34134134134135	0.17508305709960675	48418.01242738403	2.0794217692732773e-10
91.61661661661662	0.17538073957130687	48391.56700455502	2.0817074621438929e-10
91.8918918918919	0.17583169149484054	48365.13602608546	2.0839986171147225e-10
92.16716716716716	0.1762731146581806	48338.7194840862	2.0862945428527344e-10
92.44244244244244	0.17670780400699274	48312.31737067235	2.0885947128273372e-10
92.71771771771772	0.17724461614941034	48285.92967796342	2.090899987197333e-10
92.992992992993	0.17776944779095402	48259.55639808316	2.093209705113773e-10
93.26826826826827	0.17813294124730786	48233.197523159535	2.0955215738848578e-10
93.54354354354355	0.17848192620487577	48206.85304532489	2.0978354845980784e-10
93.81881881881883	0.17894122836923998	48180.522956715926	2.1001528174683873e-10
94.0940940940941	0.17938096255653488	48154.207249473584	2.1024731527586115e-10
94.36936936936937	0.17973316685755114	48127.90591574304	2.1047953584795655e-10
94.64464464464464	0.18007917781833724	48101.61894767382	2.1071194822145706e-10
94.91991991991992	0.1804194396906473	48075.34633741973	2.1094455687910966e-10
95.1951951951952	0.18068380043852897	48049.08807713882	2.1117728373360498e-10
95.47047047047047	0.1809698369986861	48022.84415899348	2.1141018031198807e-10
95.74574574574575	0.18141475011034539	47996.61457515046	2.1164344764029124e-10
96.02102102102103	0.18183141080209797	47970.399317780684	2.118770286186184e-10
96.2962962962963	0.18205500137059247	47944.19837905925	2.121106863043107e-10
96.57157157157158	0.18234619652221506	47918.01175116565	2.1234453418426447e-10
96.84684684684684	0.18283608037524168	47891.83942628379	2.1257881480565198e-10
97.12212212212212	0.18325866084043	47865.68139660164	2.1281341359352738e-10
97.3973973973974	0.1835557802250688	47839.53765431141	2.130481720000717e-10
97.67267267267268	0.18394342617987325	47813.40819160971	2.1328321316509269e-10
97.94794794794795	0.18440062306766958	47787.293000697384	2.1351861096226269e-10
98.22322322322323	0.18475528558658325	47761.192073779435	2.1375422601028548e-10
98.4984984984985	0.18504815876541106	47735.10540306518	2.1398999440031544e-10
98.77377377377378	0.18537854325804975	47709.0329807682	2.1422597952758611e-10
99.04904904904905	0.18570124032725444	47682.97479910635	2.1446218008149486e-10
99.32432432432432	0.18597969623820731	47656.93085030167	2.1469855326413452e-10
99.5995995995996	0.18628421082738006	47630.901126580524	2.14935145695832e-10
99.87487487487488	0.18664614703957694	47604.88562017351	2.1517203039109336e-10
100.15015015015015	0.18702037506639801	47578.884323315455	2.1540921379543814e-10
100.42542542542543	0.1873923399927982	47552.89722824541	2.156466844084288e-10
100.70070070070071	0.1877755738299832	47526.92432720669	2.158844485327234e-10
100.97597597597598	0.1881430698934431	47500.965612446824	2.161224804238743e-10
101.25125125125126	0.1884608424604019	47475.021076217534	2.1636072108048582e-10
101.52652652652652	0.18877654261428486	47449.090710774835	2.1659917800324165e-10
101.8018018018018	0.18912022970309872	47423.17450837894	2.1683789136026122e-10
102.07707707707708	0.18939073340349152	47397.272461294306	2.170767783585961e-10
102.35235235235236	0.1895835213562512	47371.38456178952	2.1731576846981963e-10
102.62762762762763	0.18990362626584142	47345.51080213758	2.175550381253613e-10
102.90290290290291	0.1903671171317428	47319.65117461569	2.177947451890392e-10
103.17817817817819	0.19077021149494783	47293.80567150514	2.1803478413925344e-10
103.45345345345346	0.19105602121450316	47267.974285091426	2.1827500732746459e-10
103.72872872872873	0.19128602057620459	47242.157007664275	2.185153675191384e-10
104.004004004004	0.19159384509466829	47216.35383151769	2.1875597810545335e-10
104.27927927927928	0.1920653666752653	47190.56474894997	2.1899702535652146e-10
104.55455455455456	0.19249414103194873	47164.78975226347	2.192384240595633e-10
104.82982982982983	0.19276842115559537	47139.028833764685	2.1947998147138119e-10
105.10510510510511	0.19314036030196113	47113.28198576448	2.1972182855366653e-10
105.38038038038039	0.19366065314923148	47087.54920057792	2.1996412531095627e-10
105.65565565565566	0.19405169915813808	47061.83047052413	2.2020668699199797e-10
105.93093093093094	0.19426651465725814	47036.12578792639	2.2044931574233235e-10
106.2062062062062	0.19445843593956644	47010.43514511225	2.2069202725115158e-10
106.48148148148148	0.19465825342497747	46984.75853441348	2.2093486846712045e-10
106.75675675675676	0.19484905200164396	46959.09594816603	2.2117785769760572e-10
107.03203203203203	0.19510645206267807	46933.44737871008	2.2142109380375189e-10
107.30730730730731	0.19547803347518308	46907.81281839002	2.2166470771293477e-10
107.58258258258259	0.1958519539206422	46882.19225955434	2.2190867792259516e-10
107.85785785785787	0.19613930140492025	46856.58569455568	2.2215288859846969e-10
108.13313313313314	0.1963398325873978	46830.99311575085	2.2239724847515864e-10
108.4084084084084	0.19651342518910614	46805.414515500845	2.2264175245243328e-10
108.68368368368368	0.19676261692054778	46779.84988617092	2.2288651051957213e-10
108.95895895895896	0.1970610547549505	46754.29922013047	2.2313157999242808e-10
109.23423423423424	0.19732709925355385	46728.76250975302	2.233769153961651e-10
109.50950950950951	0.1976624725047734	46703.239747416315	2.236225938110831e-10
109.78478478478479	0.19814292910518422	46677.73092550229	2.2386875960548937e-10
110.06006006006007	0.19849340793998563	46652.236036396906	2.24115221450121e-10
110.33533533533534	0.19856944729399487	46626.755072490174	2.243616696425504e-10
110.61061061061062	0.19866646132156873	46601.28802617644	2.246081879724652e-10
110.88588588588588	0.1989282609049894	46575.834889854304	2.2485500129260784e-10
111.16116116116116	0.19923590612606895	46550.39565592642	2.251021546902373e-10
111.43643643643644	0.19955880753136906	46524.97031679959	2.2534964974071884e-10
111.71171171171171	0.19994171370371872	46499.5588648848	2.2559753701435494e-10
111.98698698698699	0.20035311840056488	46474.16129259714	2.2584582127403867e-10
112.26226226226227	0.20073673219932467	46448.77759235582	2.260944441322443e-10
112.53753753753755	0.20109878694878874	46423.40775658419	2.2634336673875545e-10
112.81281281281282	0.2014348909868632	46398.05177770973	2.265925539210368e-10
113.08808808808809	0.20166528708401837	46372.70964816401	2.268418907034879e-10
113.36336336336336	0.20179102612453345	46347.38136038275	2.270912885765206e-10
113.63863863863864	0.20195772241170606	46322.066906805856	2.273408383088238e-10
113.91391391391392	0.20219723618014732	46296.766279877396	2.2759064596517625e-10
114.1891891891892	0.20242543903003976	46271.47947204553	2.278407023094929e-10
114.46446446446447	0.20266206423311942	46246.20647576254	2.28091021834791e-10
114.73973973973975	0.20296959419017144	46220.94728348486	2.2834168439106618e-10
115.01501501501502	0.20326983443695482	46195.701887673	2.2859266671993461e-10
115.2902902902903	0.2034803893321609	46170.47028079156	2.2884386050817395e-10
115.56556556556556	0.20368048426150637	46145.25245530929	2.2909526799445282e-10
115.84084084084084	0.20394274146091265	46120.04840369905	2.2934697046693755e-10
116.11611611611612	0.2042573523074604	46094.858118437885	2.295990206786596e-10
116.3913913913914	0.2045974821362521	46069.68159200688	2.2985143043617766e-10
116.66666666666667	0.20492601861396376	46044.518816891214	2.3010416838497807e-10
116.94194194194195	0.20518416446467705	46019.36978558013	2.3035714595018864e-10
117.21721721721723	0.20532104401036516	45994.23449056697	2.306102387502556e-10
117.4924924924925	0.20546884726244288	45969.112924349196	2.3086349419029745e-10
117.76776776776778	0.20577708593705205	45944.00507942852	2.3111711234823199e-10
118.04304304304304	0.20610311474513734	45918.91094831064	2.3137109359381487e-10
118.31831831831832	0.2063137961431315	45893.830523505254	2.31625293193541e-10
118.5935935935936	0.20649986796706948	45868.763797526226	2.3187969740760044e-10
118.86886886886887	0.2067482899686518	45843.710762891526	2.3213439032054882e-10
119.14414414414415	0.20708390402089952	45818.67141212326	2.3238946443745758e-10
119.41941941941943	0.2074596651356769	45793.64573774757	2.3264494047383293e-10
119.6946946946947	0.20777540236152106	45768.633732294635	2.3290072559457796e-10
119.96996996996998	0.20802728588148098	45743.635388298695	2.331567435740799e-10
120.24524524524524	0.2082625981490984	45718.65069829811	2.334129866538972e-10
120.52052052052052	0.20849577355526738	45693.679654835316	2.3366946458753727e-10
120.7957957957958	0.20871832132175583	45668.722250456805	2.339261758465118e-10
121.07107107107107	0.20888576403190165	45643.77847771313	2.341830711280663e-10
121.34634634634635	0.20898195788883667	45618.848329158885	2.3444009476993205e-10
121.62162162162163	0.20905809471543907	45593.93179735277	2.3469725915586247e-10
121.8968968968969	0.2091655438079279	45569.028874857584	2.34954629709632e-10
122.17217217217218	0.2093431112418624	45544.1395542402	2.352122994453396e-10
122.44744744744746	0.20957523286821778	45519.26382807156	2.3547032379295625e-10
122.72272272272272	0.2098223162272989	45494.40168892663	2.357287028707664e-10
122.997997997998	0.21014987315648592	45469.553129384454	2.359875078301981e-10
123.27327327327328	0.2106004171164343	45444.71814202817	2.362468398234386e-10
123.54854854854855	0.21093403327526797	45419.89671944484	2.365065171200546e-10
123.82382382382383	0.2110313980534527	45395.08885422545	2.367662698627827e-10
124.0990990990991	0.21122802808762048	45370.29453896527	2.370262524058966e-10
124.37437437437438	0.21165904314616046	45345.5137662637	2.372867305598557e-10
124.64964964964966	0.2120829250544076	45320.74652872405	2.375476486560341e-10
124.92492492492492	0.21240998506908557	45295.992818953535	2.37808866648563e-10
125.2002002002002	0.21270495080211668	45271.252629563554	2.380703462453487e-10
125.47547547547548	0.21296362141488875	45246.52595316946	2.3833205343824965e-10
125.75075075075075	0.21316137566780285	45221.812782390654	2.385939355501886e-10
126.02602602602603	0.21338022512482713	45197.113109850594	2.3885604043098605e-10
126.30130130130131	0.2136833265936686	45172.42692817685	2.3911847319010677e-10
126.57657657657658	0.21397235224591532	45147.75423000092	2.39381209148067e-10
126.85185185185186	0.21419362183125779	45123.09500795831	2.396441715511608e-10
127.12712712712714	0.21442638661093746	45098.4492546886	2.3990738653953613e-10
127.4024024024024	0.21470240266021515	45073.81696283537	2.4017090852954665e-10
127.67767767767768	0.2149876129948218	45049.198125046256	2.404347429431316e-10
127.95295295295296	0.21527279747278416	45024.59273397287	2.4069888410336233e-10
128.22822822822823	0.215556773759982	45000.00078227083	2.40963326418393e-10
128.5035035035035	0.2157624720582569	44975.42226259972	2.4122798292718415e-10
128.7787787787788	0.21583901318553708	44950.85716762311	2.4149273213625594e-10
129.05405405405406	0.21595699993302078	44926.30549000868	2.4175766361497094e-10
129.32932932932934	0.21623152282686972	44901.767222428185	2.420229700601021e-10
129.60460460460462	0.21653341083980163	44877.24235755731	2.422886613871708e-10
129.87987987987987	0.21675751493812018	44852.730888075675	2.425546324488085e-10
130.15515515515517	0.21688398576959178	44828.23280666685	2.428207810622893e-10
130.43043043043042	0.21700920692175354	44803.74810601849	2.43087132012897e-10
130.70570570570572	0.21728896196154796	44779.27677882234	2.433538715889692e-10
130.98098098098097	0.21758155831234322	44754.81881777407	2.4362099127420726e-10
131.25625625625628	0.21767497814277897	44730.37421557314	2.4388825723428184e-10
131.53153153153153	0.21777686235502927	44705.94296492318	2.44155712248165e-10
131.80680680680683	0.21807364601517362	44681.52505853192	2.4442358928062975e-10
132.08208208208208	0.21832541241170947	44657.12048911092	2.446918103294871e-10
132.35735735735736	0.21841614472948387	44632.7292493756	2.4496019107637034e-10
132.63263263263264	0.21856144913582798	44608.35133204556	2.4522882103315423e-10
132.9079079079079	0.21879348981683275	44583.986729844364	2.4549780363064724e-10
133.1831831831832	0.2189394869077532	44559.635435499426	2.4576703317485446e-10
133.45845845845847	0.2190750140297501	44535.29744174222	2.460365095374915e-10
133.73373373373374	0.21939580835013334	44510.972741308295	2.463064426456838e-10
134.00900900900902	0.21979963003985836	44486.661326937065	2.465768840754938e-10
134.2842842842843	0.22012824907639938	44462.363191371864	2.468477037179773e-10
134.55955955955955	0.22044508478710922	44438.07832736	2.4711886967528234e-10
134.83483483483485	0.22078429003989847	44413.80672765277	2.47390394057794e-10
135.1101101101101	0.22101357627396065	44389.54838500535	2.4766214468473706e-10
135.3853853853854	0.22110890341683248	44365.30329217683	2.479339946973203e-10
135.66066066066065	0.22121169347288117	44341.07144193039	2.4820599821351697e-10
135.93593593593596	0.2214193197641102	44316.852827033195	2.484783009838078e-10
136.2112112112112	0.22176550748467902	44292.64744025638	2.487510508611737e-10
136.4864864864865	0.22212509547243758	44268.45527437496	2.490242272768233e-10
136.76176176176176	0.2223554714100998	44244.27632216779	2.4929766212629183e-10
137.03703703703704	0.22259117899979247	44220.11057641776	2.4957137050934566e-10
137.31231231231232	0.22295202040275672	44195.95802991179	2.498454919248941e-10
137.5875875875876	0.2233033137474018	44171.81867544064	2.501199893481281e-10
137.86286286286287	0.22355859794943828	44147.69250579894	2.503947423286345e-10
138.13813813813815	0.22377591137134675	44123.579513785335	2.5066972077738084e-10
138.41341341341342	0.22398095910921245	44099.47969220238	2.5094492921426796e-10
138.6886886886887	0.22416732907599532	44075.39303385655	2.5122036439030695e-10
138.96396396396398	0.22447126893409783	44051.31953155836	2.5149616899564424e-10
139.23923923923923	0.2250298329957923	44027.259178122345	2.51772597747158e-10
139.51451451451453	0.22545854444714783	44003.211966366696	2.520494359024709e-10
139.78978978978978	0.22542592337236056	43979.177889113314	2.523261677700402e-10
140.06506506506508	0.22543643404810468	43955.15693918835	2.5260293585310123e-10
140.34034034034033	0.2258257185050651	43931.14910942211	2.5288020564965937e-10
140.61561561561564	0.22623642510895908	43907.15439264855	2.531579527309825e-10
140.8908908908909	0.2265145585895394	43883.172781705456	2.5343599499552976e-10
141.1661661661662	0.22684615828519966	43859.20426943464	2.5371439104307393e-10
141.44144144144144	0.22722498909129601	43835.248848681826	2.5399317890221446e-10
141.71671671671672	0.22750591685601948	43811.30651229654	2.5427223384121997e-10
141.991991991992	0.22772739650812115	43787.377253132254	2.545515017612306e-10
142.26726726726727	0.227977831435615	43763.46106404638	2.548310351626918e-10
142.54254254254255	0.22818380177602338	43739.55793790021	2.5511079647348385e-10
142.81781781781783	0.2283047601714944	43715.66786755887	2.5539071436231226e-10
143.0930930930931	0.22849424479189495	43691.79084589153	2.556708970116947e-10
143.36836836836838	0.22883194936361337	43667.92686577126	2.5595151109096493e-10
143.64364364364366	0.22923813090520007	43644.07592007501	2.5623259903967764e-10
143.9189189189189	0.22962746978009912	43620.23800168354	2.565141029029724e-10
144.1941941941942	0.22992616556429799	43596.413103481435	2.5679590078656705e-10
144.46946946946946	0.23010150489561762	43572.60121835719	2.5707786576821903e-10
144.74474474474476	0.2301539938642833	43548.80233920312	2.5735990214958934e-10
145.02002002002	0.23013759095581549	43525.016458915525	2.5764199419829753e-10
145.29529529529532	0.23013684110722896	43501.24357039459	2.57924219188442e-10
145.57057057057057	0.23027454495533428	43477.48366654448	2.582067656358458e-10
145.84584584584587	0.2305928573420565	43453.73674027327	2.5848982152574253e-10
146.12112112112112	0.23096598233841378	43430.00278449281	2.587733968210712e-10
146.3963963963964	0.23127774937935577	43406.281792118745	2.590573763800276e-10
146.67167167167167	0.23145638727109144	43382.573756070546	2.593415971344751e-10
146.94694694694695	0.2315811294993764	43358.87866927159	2.596260190425214e-10
147.22222222222223	0.2318120693242539	43335.19652464925	2.599107807379521e-10
147.4974974974975	0.23211685351885253	43311.52731513472	2.6019595333102825e-10
147.77277277277278	0.2323974330466662	43287.871033663	2.6048148735749066e-10
148.04804804804806	0.2326370392704738	43264.22767317294	2.607673276983725e-10
148.32332332332334	0.23283029124687993	43240.59722660722	2.6105342700333316e-10
148.59859859859858	0.23295019133386224	43216.97968691237	2.613397210464568e-10
148.8738738738739	0.2330364649522324	43193.37504703878	2.6162620312407116e-10
149.14914914914914	0.23322250811886824	43169.783299940835	2.6191300890609794e-10
149.42442442442444	0.2334968404434287	43146.20443857671	2.6220022919671423e-10
149.6996996996997	0.23373074974220018	43122.638455908345	2.624877971237788e-10
149.974974974975	0.23397808275845272	43099.08534490157	2.6277571886523383e-10
150.25025025025025	0.2343544134496806	43075.545098526134	2.630641209155044e-10
150.52552552552555	0.23475825737587253	43052.01770975555	2.633529919696733e-10
150.8008008008008	0.2350661244956259	43028.5031715671	2.636421934627012e-10
151.07607607607608	0.23530451696748794	43005.00147694191	2.63931648663693e-10
151.35135135135135	0.23551201502336727	42981.51261886494	2.642213403015982e-10
151.62662662662663	0.23569719852193025	42958.036590325006	2.6451126448341893e-10
151.9019019019019	0.235851103243081	42934.573384314754	2.648014089740556e-10
152.17717717717719	0.23595538683269404	42911.12299383065	2.650917453627402e-10
152.45245245245246	0.2360750954807525	42887.68541187301	2.6538232067032387e-10
152.72772772772774	0.23631718426579426	42864.26063144606	2.656732830182995e-10
153.00300300300302	0.23668222922492252	42840.848645557824	2.6596474494896236e-10
153.2782782782783	0.23711081292239639	42817.449447220155	2.6625672885734623e-10
153.55355355355357	0.23748414055274775	42794.06302944859	2.665491267492627e-10
153.82882882882885	0.23773395093119826	42770.68938526244	2.6684178561733096e-10
154.10410410410412	0.23793726989610106	42747.3285076849	2.671346710745134e-10
154.37937937937937	0.23811038063333514	42723.98038974297	2.67427774423056e-10
154.65465465465465	0.2381661228983681	42700.64502446739	2.6772099782732377e-10
154.92992992992993	0.23814921748775797	42677.32240489276	2.680143144709888e-10
155.2052052052052	0.23820859241613687	42654.01252405758	2.683078604994198e-10
155.48048048048048	0.23836518726277892	42630.715375004176	2.686017607739e-10
155.75575575575576	0.23857403365319946	42607.430950778624	2.688960623654273e-10
156.03103103103103	0.23880343343822186	42584.15924443077	2.691907675358908e-10
156.3063063063063	0.23902577744393888	42560.90024901427	2.6948584903363543e-10
156.5815815815816	0.23921317215745735	42537.65395758651	2.697812570741642e-10
156.85685685685687	0.23935915885331419	42514.4203632087	2.7007694743670027e-10
157.13213213213214	0.23949373289826248	42491.19945894584	2.703729184186521e-10
157.40740740740742	0.23964020439528724	42467.991237866736	2.706691933392277e-10
157.6826826826827	0.23981165029353016	42444.79569304398	2.7096580361467195e-10
157.95795795795797	0.2400279184654741	42421.612817553985	2.712627938734526e-10
158.23323323323325	0.24029853426239442	42398.442604476935	2.7156020780183524e-10
158.50850850850853	0.2405372462007579	42375.285046896744	2.7185798761195575e-10
158.7837837837838	0.24066082522749488	42352.140137901035	2.7215600237196857e-10
159.05905905905905	0.24073391581430525	42329.00787058124	2.7245422163500696e-10
159.33433433433433	0.24084057745905715	42305.88823803264	2.7275271102558747e-10
159.6096096096096	0.24103196405662958	42282.78123335431	2.730515738922896e-10
159.88488488488488	0.24126738593225633	42259.686849649086	2.733508452465367e-10
160.16016016016016	0.24140436228726594	42236.60508002346	2.7365040147644947e-10
160.43543543543544	0.24150066640869175	42213.53591758771	2.739502105293408e-10
160.7107107107107	0.24175081582813168	42190.479355456046	2.742504533120639e-10
160.985985985986	0.2420962160505271	42167.435386746365	2.7455120413623473e-10
161.26126126126127	0.24238296481776758	42144.40400458024	2.748523567336198e-10
161.53653653653654	0.24260523064551912	42121.385202083	2.751538252194587e-10
161.81181181181182	0.24281957264199022	42098.37897238372	2.7545560473984747e-10
162.0870870870871	0.24313238115996894	42075.38530861536	2.75757803690947e-10
162.36236236236238	0.24355054966345677	42052.404203914615	2.7606051061185777e-10
162.63763763763765	0.24391078264975216	42029.435651421794	2.763636201477312e-10
162.91291291291293	0.24415207985481405	42006.47964428093	2.766669893539087e-10
163.1881881881882	0.24433416835531663	41983.53617563985	2.769705739986228e-10
163.46346346346348	0.2445481819931869	41960.605238650154	2.772744367587305e-10
163.73873873873873	0.24486945367474172	41937.68682646726	2.775787037617175e-10
164.014014014014	0.24518223350784796	41914.780932250236	2.778833480690078e-10
164.2892892892893	0.2453721700527376	41891.88754916181	2.781882296937294e-10
164.56456456456456	0.24557207487220847	41869.00667036851	2.784933832130577e-10
164.83983983983984	0.2458577282760782	41846.138289040704	2.7879891405924515e-10
165.11511511511512	0.2460857906205433	41823.28239835234	2.7910475100621684e-10
165.3903903903904	0.2462368950755165	41800.43899148109	2.794108205796992e-10
165.66566566566567	0.24646502527852707	41777.60806160849	2.797172292527211e-10
165.94094094094095	0.2467330708942663	41754.789601919736	2.800240178973822e-10
166.21621621621622	0.2468769008916403	41731.98360560365	2.803310452567623e-10
166.4914914914915	0.24694750076337346	41709.190065852796	2.806382591759289e-10
166.76676676676678	0.24706371449919784	41686.40897586354	2.809457452670433e-10
167.04204204204206	0.2471940694136749	41663.64032883596	2.81253534708572e-10
167.31731731731733	0.24730560308026153	41640.8841179738	2.8156161635934087e-10
167.5925925925926	0.2474655422334715	41618.1403364846	2.818700525066601e-10
167.8678678678679	0.24766095967490018	41595.40897757956	2.821788762811875e-10
168.14314314314316	0.24774224000565367	41572.6900344735	2.8248795550872726e-10
168.4184184184184	0.24778108791508036	41549.983500384995	2.8279726667530814e-10
168.6936936936937	0.24803518343220649	41527.28936853649	2.831070630308629e-10
168.96896896896897	0.24840370012313576	41504.60763215411	2.834174280116954e-10
169.24424424424424	0.24862979681291134	41481.93828446745	2.837281541484979e-10
169.51951951951952	0.24878313702914526	41459.28131870982	2.840391597468033e-10
169.7947947947948	0.2489952313919707	41436.63672811842	2.8435052202870796e-10
170.07007007007007	0.24922596262973246	41414.004505934034	2.8466225660784616e-10
170.34534534534535	0.24943155270186032	41391.38464540112	2.849743292453639e-10
170.62062062062063	0.2496276830273736	41368.77713976786	2.8528673095226947e-10
170.8958958958959	0.24983186413512992	41346.18198228611	2.8559947350941285e-10
171.17117117117118	0.2500563708181636	41323.59916621143	2.859125786911863e-10
171.44644644644646	0.25032060824834007	41301.02868480308	2.8622608319535416e-10
171.72172172172174	0.25063870537991645	41278.47053132401	2.8654002926091015e-10
171.996996996997	0.25094721442345974	41255.92469904083	2.8685438179907055e-10
172.2722722722723	0.2511868269358051	41233.39118122373	2.8716905252636325e-10
172.54754754754757	0.25145664903540643	41210.86997114667	2.874840797314085e-10
172.82282282282284	0.25180708650740025	41188.36106208733	2.877995448198746e-10
173.0980980980981	0.25207521377017583	41165.864447326945	2.8811533770926103e-10
173.37337337337337	0.2522137201663107	41143.380120150345	2.8843132707445107e-10
173.64864864864865	0.2523838722646356	41120.90807384621	2.8874758423341167e-10
173.92392392392392	0.2526395080842921	41098.44830170688	2.8906421877578356e-10
174.1991991991992	0.2529270061856875	41076.00079702831	2.893812561581611e-10
174.47447447447448	0.2532327982067721	41053.56555311016	2.8969870115874354e-10
174.74974974974975	0.2535586196311551	41031.14256325568	2.9001655918492743e-10
175.02502502502503	0.2538584539319355	41008.73182077181	2.9033478617967276e-10
175.3003003003003	0.2540888839985791	40986.33331896906	2.9065330413346597e-10
175.57557557557558	0.25426273126764204	40963.94705116164	2.9097206864036503e-10
175.85085085085086	0.2544071612368141	40941.573010667395	2.91291075237805e-10
176.12612612612614	0.25455497616266115	40919.21119080787	2.916103550203257e-10
176.40140140140142	0.25471117201030036	40896.861584908256	2.919299364325599e-10
176.6766766766767	0.25485487210031343	40874.52418629738	2.9224981889125907e-10
176.95195195195197	0.25503900378181665	40852.19898830775	2.9257005742189027e-10
177.22722722722725	0.2553389748958147	40829.885984275534	2.928907718507489e-10
177.50250250250252	0.2556298869082857	40807.58516754051	2.932119205675628e-10
177.77777777777777	0.2557749381416492	40785.29653144594	2.935333297600207e-10
178.05305305305305	0.255917138459823	40763.02006933886	2.938550200565349e-10
178.32832832832833	0.2561498954106171	40740.75577456999	2.941771045538548e-10
178.6036036036036	0.25630221838474676	40718.50364049355	2.944994884692657e-10
178.87887887887888	0.256345442716643	40696.26366046738	2.9482207157569194e-10
179.15415415415416	0.25648607572386933	40674.035827853106	2.95144995663799e-10
179.42942942942943	0.256719824966201	40651.82013601596	2.954683615916476e-10
179.7047047047047	0.25687095911198815	40629.616578324676	2.9579206030379857e-10
179.97997997998	0.25697382164280624	40607.42514815163	2.961160469530787e-10
180.25525525525526	0.25714894761575563	40585.24583887292	2.9644041463479997e-10
180.53053053053054	0.2573825560517226	40563.07864386825	2.967652180583474e-10
180.80580580580582	0.2576364224920091	40540.92355652089	2.970904578041894e-10
181.0810810810811	0.25792215156697906	40518.78057021774	2.974161465126483e-10
181.35635635635637	0.2581968581378575	40496.64967834931	2.9774224867911244e-10
181.63163163163165	0.25831577723425875	40474.53087430957	2.9806858651870215e-10
181.90690690690693	0.258313063409589	40452.42415149612	2.9839506419914096e-10
182.1821821821822	0.2584052594069193	40430.329503310364	2.987218377214864e-10
182.45745745745745	0.2586004340125672	40408.2469231573	2.9904903128757687e-10
182.73273273273273	0.2587896634257858	40386.17640444543	2.9937662276819336e-10
183.008008008008	0.2590251981951163	40364.117940586926	2.997046506709551e-10
183.28328328328328	0.25936424458021073	40342.071524997584	3.000332035467278e-10
183.55855855855856	0.25964651328346056	40320.03715109668	3.003621788416997e-10
183.83383383383384	0.2597679707369517	40298.014812306974	3.006913917559833e-10
184.1091091091091	0.25985250666785487	40276.00450205495	3.0102083559389227e-10
184.3843843843844	0.26001975069477623	40254.006213770765	3.0135063099059346e-10
184.65965965965967	0.26033626172007485	40232.0199408882	3.01680937099645e-10
184.93493493493494	0.26072746133565416	40210.0456768446	3.020117933256416e-10
185.21021021021022	0.2610273859322932	40188.083415080735	3.023430548079525e-10
185.4854854854855	0.2612388108631016	40166.13314904095	3.026746175957274e-10
185.76076076076077	0.2614402737821256	40144.19487217325	3.0300648732985395e-10
186.03603603603605	0.26166627937831843	40122.26857792925	3.033387044393003e-10
186.31131131131133	0.26192638588463507	40100.354259764135	3.036713088863121e-10
186.5865865865866	0.26219794134658214	40078.45191113665	3.040043065363231e-10
186.86186186186188	0.2624574556563542	40056.5615255091	3.043376772203494e-10
187.13713713713713	0.26268860952064405	40034.68309634735	3.046713890906938e-10
187.4124124124124	0.26286860361623215	40012.816617120785	3.050053949275777e-10
187.68768768768768	0.26297414481720277	39990.962081302365	3.053396356516597e-10
187.96296296296296	0.26305547478202285	39969.11948236866	3.0567412035758665e-10
188.23823823823824	0.2631955772182212	39947.28881379985	3.0600894275636923e-10
188.51351351351352	0.26339987127818215	39925.470069079696	3.0634417779408307e-10
188.7887887887888	0.26363354454255733	39903.66324169548	3.0667984438564686e-10
189.06406406406407	0.2638238268269637	39881.86832513799	3.0701588034256785e-10
189.33933933933935	0.26396010559312666	39860.08531290155	3.073522287971146e-10
189.61461461461462	0.2641711845445114	39838.31419848415	3.0768898289409693e-10
189.8898898898899	0.264459776686908	39816.55497538732	3.0802621421729297e-10
190.16516516516518	0.2646657829049372	39794.807637116035	3.0836380784377964e-10
190.44044044044045	0.26485449708628506	39773.07217717883	3.0870174763160574e-10
190.71571571571573	0.2652245896213511	39751.348589087975	3.090402298853586e-10
190.990990990991	0.26559966812509606	39729.63686635916	3.09379214336199e-10
191.26626626626629	0.2657268759070942	39707.93700251136	3.097184068431507e-10
191.54154154154156	0.2658008375191179	39686.248991067274	3.1005779478638476e-10
191.8168168168168	0.2660125327887802	39664.57282555329	3.103975689431381e-10
192.0920920920921	0.26622829886845534	39642.90849949922	3.107377298866573e-10
192.36736736736736	0.2663835486682103	39621.25600643839	3.1107821052295347e-10
192.64264264264264	0.26659254591979126	39599.615339907694	3.114190812523335e-10
192.91791791791792	0.26682415233978085	39577.98649344756	3.117603613558031e-10
193.1931931931932	0.2669151620939332	39556.36946060184	3.1210189420403915e-10
193.46846846846847	0.26692016559184867	39534.76423491789	3.1244362182585144e-10
193.74374374374375	0.26700185016641165	39513.170809946765	3.1278567218916545e-10
194.01901901901903	0.26719244895155453	39491.58917924306	3.1312817342272743e-10
194.2942942942943	0.2674378149610851	39470.019336364865	3.1347116307318236e-10
194.56956956956958	0.26755508822314406	39448.4612748736	3.138144769548421e-10
194.84484484484486	0.26750898961420255	39426.91498833421	3.141579573249896e-10
195.12012012012013	0.2675911411658663	39405.38047031536	3.1450179457195216e-10
195.3953953953954	0.26786119604546355	39383.85771438929	3.148461916411881e-10
195.6706706706707	0.26807721067336143	39362.34671413156	3.151910434255386e-10
195.94594594594597	0.268219785500182	39340.84746312123	3.1553625237333133e-10
196.22122122122124	0.2684196153791487	39319.359954940956	3.1588188436687603e-10
196.4964964964965	0.26862257682451435	39297.88418317684	3.162279309788184e-10
196.77177177177177	0.2687289591424543	39276.420141418435	3.1657428121492976e-10
197.04704704704704	0.2687972316661503	39254.96782325882	3.169209151619922e-10
197.32232232232232	0.26888447541509686	39233.52722229464	3.1726787839560327e-10
197.5975975975976	0.2689456299517727	39212.09833212599	3.176151570208968e-10
197.87287287287288	0.26897444218476524	39190.68114635646	3.1796273430769583e-10
198.14814814814815	0.26903799658876076	39169.27565859318	3.183106688443066e-10
198.42342342342343	0.26909467169941576	39147.88186244674	3.18658959844605e-10
198.6986986986987	0.26902893955136425	39126.49975153112	3.190074846481376e-10
198.97397397397398	0.2690106190485723	39105.12931946394	3.19356332774922e-10
199.24924924924926	0.2692869293773744	39083.77055986648	3.1970583212246895e-10
199.52452452452454	0.26966337608747104	39062.42346636342	3.200560175517942e-10
199.7997997997998	0.2698968060665092	39041.08803258262	3.204066571087637e-10
200.0750750750751	0.27004512685133314	39019.76425215553	3.2075764205286466e-10
200.35035035035037	0.2702026820090923	38998.452118717156	3.2110899265029996e-10
200.62562562562564	0.2704222153842191	38977.15162590598	3.2146077976552423e-10
200.90090090090092	0.2706677298989484	38955.862767363964	3.2181301732320193e-10
201.17617617617617	0.27082011693513947	38934.58553673645	3.2216558943643625e-10
201.45145145145145	0.27090567209570543	38913.319927672244	3.2251843911071675e-10
201.72672672672672	0.271041735178224	38892.06593382373	3.228716490626101e-10
202.002002002002	0.27125765247071004	38870.82354884679	3.232253111929221e-10
202.27727727727728	0.2715251706259305	38849.59276640075	3.235794629860638e-10
202.55255255255256	0.2717386307111297	38828.37358014829	3.2393401993388165e-10
202.82782782782783	0.27184927897959205	38807.16598375553	3.242888685364631e-10
203.1031031031031	0.2719806929224386	38785.969970892125	3.2464405684983315e-10
203.3783783783784	0.2722189865651085	38764.78553523131	3.249997115882034e-10
203.65365365365366	0.2725603714058595	38743.61267044974	3.253559215792809e-10
203.92892892892894	0.27291939511848484	38722.451370227434	3.257126611652891e-10
204.20420420420422	0.2731663994035484	38701.301628247784	3.260697741852035e-10
204.4794794794795	0.27335316121677883	38680.16343819768	3.264272014602589e-10
204.75475475475477	0.2735953144475766	38659.036793767504	3.2678502239550907e-10
205.03003003003005	0.2738452255087365	38637.921688651106	3.2714324468898753e-10
205.30530530530532	0.27402496615107635	38616.818116545684	3.275017915273957e-10
205.5805805805806	0.2741180240779433	38595.72607115186	3.2786058938146777e-10
205.85585585585588	0.27418197542719674	38574.645546173764	3.2821964560179514e-10
206.13113113113113	0.27437539866273736	38553.57653531908	3.2857913386645577e-10
206.4064064064064	0.27465598435526467	38532.519032298915	3.2893913640896344e-10
206.68168168168168	0.2747838069573451	38511.47303082757	3.292994589566144e-10
206.95695695695696	0.2748366687270256	38490.438524622885	3.2966004213222016e-10
207.23223223223223	0.2750551646063018	38469.41550740632	3.3002109802504756e-10
207.5075075075075	0.27534226502078196	38448.40397290266	3.3038267873695124e-10
207.7827827827828	0.2755355512725698	38427.40391484003	3.307446500101243e-10
208.05805805805807	0.27572916688038257	38406.41532695002	3.311070138341911e-10
208.33333333333334	0.2759709702951777	38385.43820296767	3.314698225770603e-10
208.60860860860862	0.27608487246894986	38364.47253663132	3.318329276621034e-10
208.8838838838839	0.2760483167848874	38343.51832168272	3.321961966779319e-10
209.15915915915917	0.2760715336176741	38322.575551867194	3.3255975632771203e-10
209.43443443443445	0.276236184245375	38301.64422093355	3.3292378623148275e-10
209.70970970970973	0.2765050218493339	38280.72432263399	3.332883781051956e-10
209.984984984985	0.27683195536817223	38259.81585072411	3.3365354989913765e-10
210.26026026026028	0.27717635347296204	38238.91879896283	3.340192714872204e-10
210.53553553553556	0.27753592604410515	38218.03316111252	3.3438551847064595e-10
210.8108108108108	0.27789196866646754	38197.15893093893	3.3475225321518016e-10
211.08608608608608	0.2781513679229126	38176.29610221111	3.351193495414107e-10
211.36136136136136	0.27829643856581515	38155.44466870153	3.354866969416627e-10
211.63663663663664	0.2784478654450664	38134.60462418615	3.3585434316405537e-10
211.91191191191191	0.2785961066356675	38113.77596244431	3.362223130130975e-10
212.1871871871872	0.2786130941393176	38092.95867725866	3.3659048864395824e-10
212.46246246246247	0.2786574563169826	38072.152762415375	3.369589527752053e-10
212.73773773773775	0.27897584305792983	38051.358211704224	3.373280281633258e-10
213.01301301301302	0.2792464102002917	38030.5750189181	3.3769760780408165e-10
213.2882882882883	0.27915145054082313	38009.80317785301	3.3806727599008697e-10
213.56356356356358	0.27912720680614117	37989.04268230872	3.384371938600636e-10
213.83883883883885	0.2794798261649976	37968.29352608866	3.38807805229626e-10
214.11411411411413	0.27991736592656663	37947.555702999394	3.391791223587439e-10
214.3893893893894	0.28021901855757797	37926.82920685066	3.3955091911381395e-10
214.66466466466468	0.2803504810510972	37906.11403145555	3.3992299465281984e-10
214.93993993993996	0.2803705756735793	37885.4101706306	3.402952655101269e-10
215.21521521521524	0.28040202055026064	37864.71761819581	3.406678016392681e-10
215.4904904904905	0.2805746280842767	37844.03636797468	3.410407924515163e-10
215.76576576576576	0.2809648101269632	37823.366413794145	3.41414457356663e-10
216.04104104104104	0.28140078070229657	37802.70774948438	3.417887727743438e-10
216.31631631631632	0.28170370193222916	37782.060368878774	3.421635312029412e-10
216.5915915915916	0.2818552554110185	37761.42426581402	3.4253856257961163e-10
216.86686686686687	0.2819359066733509	37740.79943413029	3.4291382906988556e-10
217.14214214214215	0.28212911753983205	37720.18586767126	3.432894985875667e-10
217.41741741741743	0.28239231544038884	37699.58356028395	3.436656479864507e-10
217.6926926926927	0.2824903743435023	37678.99250581851	3.440420829293985e-10
217.96796796796798	0.282524470769814	37658.412698128566	3.4441876999363886e-10
218.24324324324326	0.28272960333406133	37637.844131071295	3.44795935411477e-10
218.51851851851853	0.282945714382437	37617.28679850708	3.451735731490099e-10
218.7937937937938	0.28298778136627895	37596.74069429949	3.4555148169670645e-10
219.0690690690691	0.2830470532992527	37576.20581231563	3.4592971864378895e-10
219.34434434434436	0.28324183850717155	37555.68214642606	3.4630845226739314e-10
219.61961961961964	0.28340482622160873	37535.16969050453	3.4668762635932124e-10
219.89489489489492	0.28349856289581776	37514.66843842811	3.4706716019792973e-10
220.17017017017017	0.2836674212286097	37494.17838407734	3.4744714950813214e-10
220.44544544544544	0.2839032370489324	37473.699521336064	3.4782765522385133e-10
220.72072072072072	0.2840956049008826	37453.23184409142	3.4820860369545224e-10
220.995995995996	0.2842631442020391	37432.77534623387	3.4858996148194236e-10
221.27127127127127	0.2844655674538189	37412.3300216573	3.489717682729136e-10
221.54654654654655	0.2846889814656514	37391.89586425885	3.493540381338041e-10
221.82182182182183	0.2848953978868441	37371.47286793902	3.4973674076707046e-10
222.0970970970971	0.2850368617474407	37351.06102660158	3.501198030411797e-10
222.37237237237238	0.2851545604242496	37330.660334153654	3.505032160762325e-10
222.64764764764766	0.28541254542942535	37310.27078450587	3.5088714908348573e-10
222.92292292292294	0.2857726240042831	37289.89237157211	3.512716839429044e-10
223.1981981981982	0.2860309224614052	37269.52508926943	3.516566620211985e-10
223.4734734734735	0.28624623868301163	37249.16893151824	3.5204203139539595e-10
223.74874874874877	0.2865799984035318	37228.82389224243	3.5242792710209367e-10
224.02402402402404	0.2869379551742314	37208.4899653691	3.5281434624646323e-10
224.29929929929932	0.2871878917871125	37188.16714482858	3.5320114566283225e-10
224.5745745745746	0.2873446448725072	37167.855424554495	3.5358823775401013e-10
224.84984984984985	0.28744388229448986	37147.554798483834	3.539755973266456e-10
225.12512512512512	0.2875084359878201	37127.26526055691	3.543632306284137e-10
225.4004004004004	0.2875838786468763	37106.98680471741	3.547511909901397e-10
225.67567567567568	0.28773643438568614	37086.71942491235	3.551395879997295e-10
225.95095095095095	0.2879485060576739	37066.46311509206	3.5552848235110193e-10
226.22622622622623	0.288146574930968	37046.217869210115	3.559178394596786e-10
226.5015015015015	0.2882795442629886	37025.98368122332	3.5630757974160595e-10
226.77677677677679	0.2883250279093326	37005.760545091776	3.566976217156552e-10
227.05205205205206	0.2883344523824482	36985.54845477893	3.570879615091828e-10
227.32732732732734	0.2883734977864117	36965.34740425159	3.574786668125952e-10
227.60260260260262	0.2884979556464228	36945.15738747988	3.5786984667785254e-10
227.8778778778779	0.2887197653229406	36924.97839843728	3.582615930596739e-10
228.15315315315317	0.2889900101465343	36904.81043110048	3.5865392009854496e-10
228.42842842842845	0.28923041601665833	36884.65347944938	3.590467540822775e-10
228.70370370370372	0.28936425234516727	36864.507537467114	3.5943995945305647e-10
228.978978978979	0.28952171643084373	36844.37259914023	3.598335780958896e-10
229.25425425425428	0.2898641862935038	36824.248658458724	3.602278137225854e-10
229.52952952952953	0.29015803617173513	36804.13570941561	3.6062256275704853e-10
229.8048048048048	0.2902086958108206	36784.033746007015	3.610175416586198e-10
230.08008008008008	0.2902942773638065	36763.942762232626	3.614128442053568e-10
230.35535535535536	0.29055627713563825	36743.86275209553	3.618086903699641e-10
230.63063063063063	0.2907585526556268	36723.79370960186	3.6220498551526867e-10
230.9059059059059	0.2908610362230116	36703.73562876098	3.6260161834211907e-10
231.1811811811812	0.2910546064999209	36683.68850358574	3.629987137221306e-10
231.45645645645646	0.29130370917906967	36663.6523280922	3.6339632377398363e-10
231.73173173173174	0.2914507762152531	36643.62709629953	3.637943168710311e-10
232.00700700700702	0.2915652855249823	36623.612802230244	3.641926727806046e-10
232.2822822822823	0.29177029120695	36603.60943991024	3.6459150939112934e-10
232.55755755755757	0.29204849285318957	36583.61700336864	3.64990893329491e-10
232.83283283283285	0.29235629671282015	36563.63548663784	3.65390825860966e-10
233.10810810810813	0.29266353715247495	36543.66488375341	3.657912755360021e-10
233.3833833833834	0.29293272237417667	36523.705188754175	3.6619217949101064e-10
233.65865865865868	0.29311897770868034	36503.756395682154	3.665934443379627e-10
233.93393393393396	0.293253848674754	36483.818498582645	3.6699503677986084e-10
234.2092092092092	0.2934257859675399	36463.891491504306	3.673970280059689e-10
234.48448448448448	0.2936714631848067	36443.975368499065	3.6779950891707784e-10
234.75975975975976	0.29399532663438666	36424.07012362209	3.6820254990896936e-10
235.03503503503504	0.2943762174588541	36404.17575093183	3.6860617898404527e-10
235.3103103103103	0.29477297593511353	36384.29224448987	3.690103721105275e-10
235.5855855855856	0.2951106087788042	36364.419598361026	3.694150316252241e-10
235.86086086086087	0.2953399437257192	36344.55780661325	3.6982003472804465e-10
236.13613613613614	0.29546583118544956	36324.70686331779	3.70225298426267e-10
236.41141141141142	0.2955434561299033	36304.86676254914	3.7063082225068847e-10
236.6866866866867	0.2956620771100953	36285.037498385165	3.710367017255515e-10
236.96196196196198	0.2957785526353959	36265.21906490688	3.714429595174793e-10
237.23723723723725	0.2958004540380644	36245.41145619845	3.7184951282259166e-10
237.51251251251253	0.2958458960993337	36225.61466634741	3.7225642893993406e-10
237.7877877877878	0.2960348474682029	36205.828689444614	3.7266388553395814e-10
238.06306306306308	0.2962166499257288	36186.05351958403	3.7307184870838803e-10
238.33833833833836	0.2963070026438794	36166.28915086272	3.734802034805808e-10
238.61361361361364	0.2964750869776515	36146.5355773812	3.738890492635837e-10
238.88888888888889	0.29674435883185185	36126.792793243156	3.742984830330122e-10
239.16416416416416	0.29692644873838486	36107.06079255537	3.747083718969626e-10
239.43943943943944	0.2969891034418567	36087.339569427764	3.7511858560397967e-10
239.71471471471472	0.2970283577116523	36067.629117973614	3.7552913392686687e-10
239.98998998999	0.2971117447492494	36047.929432309465	3.7594009684174654e-10
240.26526526526527	0.29726895643049245	36028.24050655508	3.7635156413858403e-10
240.54054054054055	0.297428496223535	36008.56233483338	3.767635234307479e-10
240.81581581581582	0.297542391080673	35988.89491127049	3.7717591413603977e-10
241.0910910910911	0.29769519759327145	35969.23822999574	3.775887841359467e-10
241.36636636636638	0.2979001931410641	35949.592285141734	3.780021823782875e-10
241.64164164164166	0.29803358064689617	35929.95707084416	3.784160104002249e-10
241.91691691691693	0.2981213767517774	35910.33258124193	3.788302256222984e-10
242.1921921921922	0.29832773827652065	35890.718810477294	3.792449751423968e-10
242.4674674674675	0.29863429798409513	35871.11575269571	3.7966034497794193e-10
242.74274274274276	0.29892797818831846	35851.52340204573	3.800762746954253e-10
243.01801801801804	0.29919291719725094	35831.94175267906	3.804927038416076e-10
243.29329329329332	0.2994367236071027	35812.37079875062	3.809095973579479e-10
243.56856856856857	0.2996292173230524	35792.81053441848	3.813268975958397e-10
243.84384384384384	0.2997528907656538	35773.260953843914	3.8174454437462204e-10
244.11911911911912	0.2998309521366361	35753.72205119137	3.8216251967628174e-10
244.3943943943944	0.2999187089618871	35734.19382062854	3.8258087050960533e-10
244.66966966966967	0.3000981038605419	35714.67625632642	3.829997195172849e-10
244.94494494494495	0.30036662673063547	35695.16935245916	3.8341915221925465e-10
245.22022022022023	0.30065770587667456	35675.67310320403	3.8383915802709144e-10
245.4954954954955	0.3009004863665071	35656.18750274142	3.8425965276385255e-10
245.77077077077078	0.3010464666189156	35636.712545254835	3.8468052368743634e-10
246.04604604604606	0.30114632944182856	35617.248224931	3.851017448745914e-10
246.32132132132134	0.3012788574979295	35597.7945359599	3.8552338317067204e-10
246.5965965965966	0.3015257058020292	35578.351472534814	3.859455751738922e-10
246.8718718718719	0.3018546632028393	35558.9190288521	3.863683840771198e-10
247.14714714714717	0.30207265293411145	35539.497199111116	3.8679164621282235e-10
247.42242242242244	0.3021433484107595	35520.08597751437	3.872152050278608e-10
247.69769769769772	0.3021805437340875	35500.68535826761	3.876390715664993e-10
247.972972972973	0.3022493649678155	35481.29533557987	3.8806332447735087e-10
248.24824824824825	0.3023790710188127	35461.915903663314	3.88488052115274e-10
248.52352352352352	0.30256995403112863	35442.54705673331	3.8891331836268873e-10
248.7987987987988	0.30278417771369204	35423.18878900834	3.893391281034518e-10
249.07407407407408	0.3028968200090272	35403.841094709926	3.8976534932097054e-10
249.34934934934935	0.3029124118891923	35384.50396806271	3.9019189233283003e-10
249.62462462462463	0.3030963035613104	35365.1774032948	3.906189814345021e-10
249.8998998998999	0.3034717919971974	35345.86139463746	3.9104680291301747e-10
250.17517517517518	0.3037724814901188	35326.55593632484	3.9147520066651716e-10
250.45045045045046	0.30393760300267325	35307.26102259418	3.9190399703089174e-10
250.72572572572574	0.304057823298714	35287.97664768594	3.9233316341310757e-10
251.00100100100101	0.3041999588686749	35268.70280584382	3.9276275210638673e-10
251.2762762762763	0.3043854402169423	35249.43949131467	3.9319282404010093e-10
251.55155155155157	0.30450182306932605	35230.18669834836	3.9362330069374966e-10
251.82682682682685	0.3045084163670184	35210.9444211979	3.9405408160237585e-10
252.10210210210212	0.304603962972567	35191.71265411958	3.9448531132158377e-10
252.3773773773774	0.30486998389708236	35172.49139137297	3.949171824831638e-10
252.65265265265268	0.3051776456948729	35153.28062722059	3.9534969272619394e-10
252.92792792792793	0.30541904255510866	35134.08035592803	3.957827229096546e-10
253.2032032032032	0.30553531107166443	35114.89057176393	3.962161238001135e-10
253.47847847847848	0.30562359618103413	35095.711269000145	3.9664989454326516e-10
253.75375375375376	0.30581632587279944	35076.54244191183	3.9708417906521554e-10
254.02902902902903	0.3060082297595748	35057.38408477712	3.97518965747085e-10
254.3043043043043	0.3060943804604905	35038.236191877186	3.9795413195877036e-10
254.5795795795796	0.3061901304247568	35019.098757496446	3.9838971591412425e-10
254.85485485485486	0.30637752325950296	34999.97177592252	3.988258347160882e-10
255.13013013013014	0.3066103598229661	34980.8552414461	3.9926252186271e-10
255.40540540540542	0.30683260328343487	34961.74914836094	3.996997402493682e-10
255.6806806806807	0.30700105610616757	34942.65349096385	4.0013741630581563e-10
255.95595595595597	0.307187784011629	34923.56826355485	4.005755762837878e-10
256.2312312312313	0.3075078914339027	34904.493460437196	4.010143648178635e-10
256.5065065065065	0.3078611320634175	34885.42907591713	4.014537758322348e-10
256.7817817817818	0.30809166959779494	34866.37510430386	4.0189363503217904e-10
257.0570570570571	0.30815992980449225	34847.33153990962	4.0233377488509976e-10
257.3323323323324	0.30812957066509444	34828.298377049876	4.0277414515837743e-10
257.60760760760763	0.3082259484671441	34809.275610043405	4.032149563266333e-10
257.8828828828829	0.30849623423315875	34790.26323321215	4.036564107047338e-10
258.15815815815813	0.3087297851078853	34771.26124088089	4.0409842263455663e-10
258.43343343343344	0.30883940827713824	34752.26962737747	4.0454083571327446e-10
258.70870870870874	0.3088638157922565	34733.28838703284	4.0498358060522996e-10
258.983983983984	0.3089224289584138	34714.31751418117	4.0542673859182377e-10
259.25925925925924	0.30913078595386007	34695.357003159865	4.058704945784038e-10
259.53453453453454	0.3094010228125139	34676.40684830933	4.063148845383962e-10
259.80980980980985	0.3096252181274102	34657.46704397292	4.0675981602349213e-10
260.0850850850851	0.30980750823812914	34638.53758449712	4.0720522770777983e-10
260.36036036036035	0.309982853221644	34619.61846423152	4.076511142684938e-10
260.63563563563565	0.3102016134978141	34600.70967752885	4.0809752725748405e-10
260.91091091091096	0.3104223737294728	34581.81121874488	4.0854445822195535e-10
261.1861861861862	0.3105253541204523	34562.92308223832	4.089917699717821e-10
261.46146146146145	0.310577511190497	34544.045262371066	4.0943943809222954e-10
261.73673673673676	0.3107272625987504	34525.17775350824	4.0988760817478025e-10
262.01201201201206	0.31088862486049007	34506.320550017925	4.103362899456363e-10
262.2872872872873	0.31095116678135526	34487.47364627119	4.107853691928368e-10
262.56256256256256	0.31103133395487087	34468.63703664229	4.112348924526222e-10
262.8378378378378	0.31120136227959705	34449.81071550865	4.116849725707606e-10
263.1131131131131	0.31134183904352736	34430.994677250594	4.1213555889802617e-10
263.3883883883884	0.31141875779527095	34412.18891625153	4.1258657799072637e-10
263.66366366366367	0.3115319350121297	34393.393426898	4.130380874833011e-10
263.9389389389389	0.3117224638569384	34374.60820357969	4.134901739684973e-10
264.2142142142142	0.3119686542902761	34355.83324068931	4.1394287547577667e-10
264.48948948948953	0.31216796543727177	34337.068532622514	4.1439610626462593e-10
264.7647647647648	0.31223293973686517	34318.314073777925	4.1484970893271897e-10
265.04004004004	0.3123131140922674	34299.569858557385	4.1530373620839475e-10
265.31531531531533	0.312526366024154	34280.83588136595	4.157583559686842e-10
265.59059059059064	0.3127364530016617	34262.11213661155	4.1621353771722646e-10
265.8658658658659	0.3128687930515371	34243.39861870511	4.1666917753965574e-10
266.14114114114113	0.31300832148033203	34224.69532206069	4.1712529527726057e-10
266.41641641641644	0.3132193570806825	34206.002241095455	4.1758197628311164e-10
266.69169169169174	0.31352397081889155	34187.319370229685	4.1803930589090923e-10
266.966966966967	0.3138519955833253	34168.646703886596	4.1849726746674065e-10
267.24224224224224	0.31409389817944167	34149.984236492324	4.189557284066379e-10
267.5175175175175	0.31422435002164695	34131.33196247604	4.1941456652560903e-10
267.7927927927928	0.31427369379578785	34112.68987626999	4.19873728401266e-10
268.0680680680681	0.31435570926989437	34094.0579723096	4.2033330176744985e-10
268.34334334334335	0.3145354569293861	34075.43624503339	4.2079342124767993e-10
268.6186186186186	0.3147497968052027	34056.82468888282	4.2125411310115076e-10
268.8938938938939	0.314954486353387	34038.22329830238	4.21715347257957e-10
269.1691691691692	0.3151435120338043	34019.63206773958	4.2217709581423856e-10
269.44444444444446	0.31527997490295445	34001.05099164491	4.2263929824731837e-10
269.7197197197197	0.31532199301888925	33982.48006447185	4.231018652321125e-10
269.994994994995	0.31537333991171235	33963.919280677	4.2356484813637353e-10
270.2702702702703	0.31556126785050054	33945.36863472019	4.240284247546878e-10
270.54554554554556	0.31583430270710705	33926.828121064165	4.244926647935227e-10
270.8208208208208	0.316115762522904	33908.29773417463	4.2495753298388005e-10
271.0960960960961	0.31638277859370706	33889.77746852026	4.2542297903089665e-10
271.3713713713714	0.3165940936619061	33871.26731857275	4.258889216271532e-10
271.6466466466467	0.31667450653209667	33852.76727880671	4.263552197959904e-10
271.9219219219219	0.31665606108256233	33834.277343699774	4.2682180877090885e-10
272.19719719719717	0.31666630164063003	33815.79750773279	4.2728878398479404e-10
272.4724724724725	0.3167788692320347	33797.327765389644	4.2775629537172863e-10
272.7477477477478	0.3170063777501833	33778.8681111573	4.2822446389213693e-10
273.02302302302303	0.31720706174556673	33760.41853952557	4.286932182119373e-10
273.2982982982983	0.3172653950044089	33741.9790449871	4.2916237932170605e-10
273.5735735735736	0.31730864130350284	33723.54962203772	4.296319614772039e-10
273.8488488488489	0.3174493812174105	33705.13026517638	4.301021003159197e-10
274.12412412412414	0.3176854369642153	33686.72096890508	4.305728901072635e-10
274.3993993993994	0.31800431870811824	33668.32172772872	4.310443840778605e-10
274.6746746746747	0.31838964035647266	33649.93253615527	4.315166018248577e-10
274.94994994995	0.31874233085413395	33631.55338869555	4.319894471097206e-10
275.22522522522524	0.31893706513879405	33613.18427986321	4.3246271250052325e-10
275.5005005005005	0.3190700686373047	33594.82520417506	4.3293635783510225e-10
275.7757757757758	0.3192855414472903	33576.47615615101	4.3341051508246006e-10
276.0510510510511	0.3195415915457415	33558.13713031396	4.3388523155939685e-10
276.32632632632635	0.319771096569506	33539.80812118974	4.34360466398824e-10
276.6016016016016	0.319956061196023	33521.489123307074	4.3483617075379306e-10
276.87687687687685	0.320084276777813	33503.18013119773	4.35312296528127e-10
277.15215215215215	0.3201452738520195	33484.88113939642	4.3578879803881213e-10
277.42742742742746	0.32019028436808267	33466.592142440895	4.3626569994641566e-10
277.7027027027027	0.32031191077108445	33448.31313487203	4.367431230891186e-10
277.97797797797796	0.32049062186097044	33430.04411123361	4.3722113175318505e-10
278.25325325325326	0.3206674085586135	33411.78506607237	4.3769970598914726e-10
278.52852852852857	0.3208916510806085	33393.535993938065	4.381788868518668e-10
278.8038038038038	0.32118049039370566	33375.29688938346	4.3865872272775794e-10
279.07907907907907	0.3213570914151313	33357.067746964094	4.3913905098178124e-10
279.35435435435437	0.3214237359229899	33338.848561238425	4.396197588853255e-10
279.6296296296297	0.3217435841167635	33320.63932676836	4.401011716367869e-10
279.9049049049049	0.322283881173211	33302.440038118744	4.405834831939814e-10
280.1801801801802	0.3225843485872296	33284.25068985683	4.4106631837647116e-10
280.4554554554555	0.32265753411689907	33266.071276552866	4.415494256302113e-10
280.7307307307308	0.3228024374467815	33247.90179278041	4.420329596064832e-10
281.00600600600603	0.32303521396929785	33229.74223311599	4.4251704818746404e-10
281.2812812812813	0.3232664064886179	33211.59259213901	4.4300168257086924e-10
281.5565565565566	0.3234461230043431	33193.452864431754	4.4348680112289365e-10
281.83183183183183	0.3235636768416719	33175.32304457949	4.43972348404094e-10
282.10710710710714	0.3236731845826599	33157.20312717045	4.444583455514083e-10
282.3823823823824	0.3238001162148871	33139.09310679591	4.449448361168914e-10
282.6576576576577	0.3239215184691575	33120.99297805005	4.4543182555230466e-10
282.93293293293294	0.324036897041406	33102.902735530006	4.459193173343733e-10
283.20820820820825	0.32416815794139786	33084.82237383585	4.464073385569374e-10
283.4834834834835	0.3243459040945509	33066.7518875707	4.468959427981118e-10
283.75875875875874	0.3245851655620101	33048.69127134062	4.47385185001673e-10
284.03403403403405	0.32480694373761293	33030.6405197545	4.478750159968974e-10
284.3093093093093	0.32495003045858545	33012.59962742414	4.483653327300605e-10
284.5845845845846	0.3250800606558036	32994.568588964336	4.4885613568437376e-10
284.85985985985985	0.3252420284252644	32976.547398992894	4.4934747567915103e-10
285.13513513513516	0.3254106039481579	32958.53605213049	4.4983936057383805e-10
285.4104104104104	0.3255635950059526	32940.53454300079	4.5033177128207743e-10
285.6856856856857	0.3256887436787742	32922.54286623029	4.5082468072741024e-10
285.96096096096096	0.3257729182210825	32904.561016448475	4.513180551686677e-10
286.23623623623627	0.3258247594152197	32886.588988287745	4.518118804975158e-10
286.5115115115115	0.32599198752258934	32868.62677638361	4.523063125088457e-10
286.7867867867868	0.32637399164108866	32850.67437537463	4.528015731496893e-10
287.06206206206207	0.32671413814455064	32832.73177990198	4.532975318758107e-10
287.3373373373374	0.3268295059211061	32814.79898460956	4.537938916529735e-10
287.6126126126126	0.3268528126764471	32796.87598414434	4.5429059101236436e-10
287.8878878878879	0.32691215775471116	32778.96277315637	4.547877301657926e-10
288.1631631631632	0.32707426505257375	32761.05934629869	4.5528545520041036e-10
288.4384384384384	0.3273183400292603	32743.16569822726	4.5578384640922565e-10
288.71371371371373	0.3275640408068446	32725.281823600842	4.56282870574227e-10
288.988988988989	0.3277794977794706	32707.407717081096	4.567824685864064e-10
289.2642642642643	0.3279638102062122	32689.54337333258	4.572825977919174e-10
289.53953953953953	0.3281473653850083	32671.68878702282	4.5778326230135987e-10
289.81481481481484	0.3283391684679632	32653.84395282224	4.5828447531011396e-10
290.0900900900901	0.32846985848858096	32636.008865404117	4.587861684317331e-10
290.3653653653654	0.3284970406285955	32618.18351944456	4.592882457540536e-10
290.64064064064064	0.3284428577085348	32600.36790962263	4.5979066426464805e-10
290.91591591591595	0.3283773745557644	32582.562030620367	4.602934723693508e-10
291.1911911911912	0.3284049046981939	32564.765877122867	4.607968221478407e-10
291.4664664664665	0.3285580225467703	32546.979443818145	4.6130085838267305e-10
291.74174174174175	0.32880883221173085	32529.202725397092	4.6180565228161677e-10
292.01701701701705	0.3290334286688196	32511.435716553337	4.6231111447518035e-10
292.2922922922923	0.32913560761065236	32493.678411983317	4.628170733061901e-10
292.5675675675676	0.32922440313504686	32475.93080638646	4.633235306463453e-10
292.84284284284286	0.3293710827395416	32458.192894465217	4.638305685606447e-10
293.1181181181181	0.32949124041418015	32440.464670924797	4.6433814983997576e-10
293.3933933933934	0.32956975438456576	32422.746130473286	4.6484623120696473e-10
293.66866866866866	0.32968873405007904	32405.037267821786	4.6535487517237276e-10
293.94394394394396	0.3298172558985577	32387.33807768423	4.658640911214763e-10
294.2192192192192	0.32985744195846445	32369.64855477732	4.66373774906467e-10
294.4944944944945	0.3298727584973947	32351.968693820705	4.668839249196038e-10
294.76976976976977	0.32995134107142376	32334.298489537072	4.673946402665009e-10
295.0450450450451	0.3299724169173735	32316.63793665179	4.679058540044057e-10
295.3203203203203	0.32987031115030163	32298.98702989307	4.684174440412892e-10
295.5955955955956	0.32985049011438156	32281.345763992216	4.689295580485009e-10
295.8708708708709	0.3300157772867077	32263.71413368357	4.694424181943019e-10
296.1461461461462	0.3302526621283351	32246.0921337042	4.699560523620725e-10
296.4214214214214	0.3304111312173842	32228.479758793856	4.704703092622507e-10
296.69669669669673	0.3303552523499296	32210.87700369499	4.709849268353786e-10
296.971971971972	0.3302577499233622	32193.28386315316	4.714999169533638e-10
297.2472472472473	0.3303833033424265	32175.700331917105	4.720155912152216e-10
297.52252252252254	0.33054460782957445	32158.12640473821	4.725319558157871e-10
297.7977977977978	0.330529281662565	32140.562076370443	4.730487718989386e-10
298.0730730730731	0.33052613278163145	32123.00734157088	4.735660871263607e-10
298.34834834834834	0.3306360747405622	32105.46219509962	4.740840513412801e-10
298.62362362362364	0.33065607651254697	32087.926631719307	4.746025374016017e-10
298.8988988988989	0.33053434142495025	32070.400646195438	4.751213957436358e-10
299.1741741741742	0.330424814489506	32052.884233296525	4.756406977981504e-10
299.44944944944945	0.3304186857250864	32035.377387794073	4.761605996097935e-10
299.72472472472475	0.33055468299888274	32017.880104462485	4.766812567343708e-10
300.0	0.33087043189368776	32000.392378079076	4.772028229084017e-10
