0.0014798612225139969	2.6960463812739723	7046.777082749335	2.0543029807679	0.00014274159406637394
25.0	0.030179401993355486	33212.0	10.0
25.275275275275277	0.0307699508806853	33802.38584192517	9.827501461480734
25.55055055055055	0.03136590946901292	34393.70479032564	9.654724182293144
25.825825825825827	0.03196037873429228	34985.51671853541	9.48179646230707
26.1011011011011	0.03251712909918418	35576.73610532166	9.309034761226037
26.376376376376378	0.033065287399140816	36166.85138453588	9.136588223175945
26.65165165165165	0.03372248139245646	36757.41528164426	8.964004185911183
26.926926926926928	0.03442564882693441	37348.767061319515	8.791183735532528
27.2022022022022	0.03497731129769719	37937.89142570919	8.619005924504174
27.47747747747748	0.03545262765742788	38523.21577648455	8.447929242701633
27.75275275275275	0.036032599151893795	39106.18334635268	8.277532979868644
28.02802802802803	0.036676572849817936	39687.4683934873	8.107620592018666
28.303303303303302	0.03729949604024978	40266.360855111816	7.93839910437957
28.57857857857858	0.03789550183872911	40842.09999010881	7.7700903246622826
28.853853853853856	0.03847853430201284	41414.17600179979	7.602842910366308
29.12912912912913	0.039071868917045956	41982.441847309536	7.436699769774555
29.404404404404403	0.03970140049566454	42547.112818058915	7.271598180206558
29.67967967967968	0.040386660278896314	43108.638003280605	7.107407256687785
29.954954954954957	0.04104721052870956	43666.323737716615	6.944329260699596
30.23023023023023	0.041572949845524086	44218.07107026033	6.782976149685965
30.505505505505504	0.042098396536048244	44763.688721425104	6.623403754423792
30.78078078078078	0.04278491228344441	45305.0191992856	6.465074990631868
31.056056056056057	0.0435210330255059	45842.35504229684	6.3079046214043295
31.33133133133133	0.044201469626827534	46374.68520811088	6.152187444003734
31.606606606606608	0.04487578180862495	46901.65578748638	5.998026690894148
31.88188188188188	0.04557339889383986	47423.26686115587	5.845422398700926
32.15715715715716	0.046271071445087145	47939.247412886005	5.694453637903749
32.432432432432435	0.04698135288892927	48449.474920956825	5.545156191002582
32.70770770770771	0.04773521590084754	48954.1502858067	5.397471553619903
32.98298298298298	0.04843996638513905	49452.49469312508	5.251626838542875
33.25825825825826	0.04898410174395568	49942.6942582247	5.108150924769773
33.533533533533536	0.04947033286668996	50424.11468795386	4.967228821849211
33.808808808808806	0.05002508241909296	50897.37765012656	4.828679392364037
34.08408408408408	0.05066025617764833	51363.148523001495	4.6923087488734065
34.35935935935936	0.051326595680284894	51821.58298543693	4.558071590667106
34.63463463463464	0.051911707639064004	52271.85131804996	4.426209891437995
34.90990990990991	0.05244460700331815	52713.459444234504	4.296867783387878
35.18518518518518	0.05308473764000724	53147.26414893598	4.169795583698207
35.46046046046046	0.05375021526219701	53573.384029012814	4.0449588060114445
35.73573573573574	0.054259750882334784	53990.545013718656	3.9227289711011917
36.01101101101101	0.05478963358245322	54398.92983457412	3.803052908476248
36.286286286286284	0.0555243865304176	54800.02854050983	3.685496319623415
36.56156156156156	0.05619150356392926	55193.26790770689	3.5702264008968316
36.83683683683684	0.056660902046649295	55577.27394571851	3.45764380494532
37.112112112112115	0.05730250560427948	55953.25413120223	3.3473966177470897
37.38738738738739	0.058178814578621445	56322.66894942687	3.239059151279066
37.66266266266266	0.05890266389956724	56684.44193372867	3.132945305518897
37.93793793793794	0.059422067609078755	57037.32888819188	3.029417891276287
38.213213213213216	0.05995432627417816	57381.491230163054	2.9284299512998926
38.488488488488485	0.06057045731613275	57717.47505550877	2.8298223801559748
38.76376376376376	0.06125560759201768	58045.68989394377	2.7334758797149172
39.03903903903904	0.06194137918726396	58366.151607069376	2.639385914320403
39.314314314314316	0.06258251477247366	58678.660387353135	2.5476108227499967
39.58958958958959	0.06323332501479123	58983.314512375146	2.4581220445387495
39.86486486486486	0.06390307904517196	59280.25495354303	2.3708785714775678
40.14014014014014	0.06450910570182952	59569.25016987083	2.285947993278014
40.41541541541542	0.06507548556415885	59850.21915777797	2.2033540157483924
40.690690690690694	0.06572281079811443	60123.606986740575	2.1229669782023115
40.965965965965964	0.06640546490024933	60389.63210964226	2.0447232810113105
41.24124124124124	0.06700587933913747	60648.04837251615	1.9686947700925226
41.51651651651652	0.06758455561292769	60898.884932720626	1.8948730319742608
41.791791791791795	0.06822229637077855	61142.47221857515	1.823161822579902
42.06706706706707	0.06885201875711566	61378.88318279522	1.7535399565875316
42.34234234234234	0.06944029278443056	61608.089424902384	1.6860157956060031
42.61761761761762	0.07007839765319714	61830.373831916026	1.6205069511570724
42.892892892892895	0.07077086917062524	62046.01047145347	1.556933602686303
43.168168168168165	0.07140785028994363	62254.93170517622	1.4953155449058695
43.44344344344344	0.07199589358793021	62457.11772498988	1.4356586292405396
43.71871871871872	0.07262230702747859	62652.80637155438	1.377893594374018
43.993993993993996	0.0732876733015914	62842.221364101366	1.3219552931368996
44.26926926926927	0.07395303077047127	63025.47587147337	1.2678108048380934
44.54454454454455	0.07458326200747153	63202.60246362788	1.2154507046910608
44.81981981981982	0.07515746769937666	63373.60221997992	1.1648747480590294
45.0950950950951	0.07568726536063146	63538.52359484723	1.116068878979575
45.37037037037037	0.07618050505021878	63697.44721437797	1.0690096618117646
45.645645645645644	0.07663390884538347	63850.45869945518	1.0236722038726103
45.92092092092092	0.07708369985391052	63997.723841093284	0.9800082393150932
46.1961961961962	0.0775974530595443	64139.529529025356	0.9379341962021814
46.471471471471475	0.07818229271820042	64276.151811060976	0.8973696600941465
46.74674674674675	0.07880540220773108	64407.78850734351	0.8582570192984598
47.02202202202202	0.07940800155087951	64534.53188549233	0.8205694318759542
47.2972972972973	0.07995471519239723	64656.425488161585	0.7842942596786198
47.572572572572575	0.08051090455123404	64773.622229059016	0.7493869788924582
47.847847847847845	0.08111820357658858	64886.32845815836	0.7157874855566158
48.12312312312312	0.08173705274590616	64994.683421405745	0.6834552363495832
48.3983983983984	0.08233042795639411	65098.77554462177	0.6523645020716345
48.673673673673676	0.08287803197529416	65198.67352216324	0.6224953048747234
48.94894894894895	0.0834073136446444	65294.48626782843	0.593815940859046
49.22422422422423	0.08397023755562906	65386.38140526348	0.5662775890609558
49.4994994994995	0.08455707298247288	65474.50689685468	0.539837158494592
49.77477477477478	0.08512056897978007	65558.95666217829	0.5144673117107225
50.05005005005005	0.0855708346158479	65639.74162099343	0.4901649073190764
50.32532532532532	0.08591083938527451	65716.89357419583	0.466920716279813
50.6006006006006	0.08638217465096489	65790.66814557632	0.4446602575780913
50.87587587587588	0.08703145935866834	65861.3327341788	0.4233056144079204
51.151151151151154	0.08759201224418983	65928.91485453497	0.4028488009968724
51.42642642642643	0.08802731110351349	65993.42693299631	0.38328622995151385
51.70170170170171	0.08850562665732256	66055.0162354306	0.36457500365866097
51.97697697697698	0.08902151325671226	66113.8168333754	0.3466760693944123
52.252252252252255	0.08949123566613622	66169.90118063615	0.32956833646220557
52.527527527527525	0.08993106245384107	66223.35474555183	0.3132269191798579
52.8028028028028	0.09038243385415207	66274.287443921	0.2976198036628718
53.07807807807808	0.09086498221907924	66322.81532928316	0.28271318541929474
53.353353353353356	0.0913598520760012	66369.03805730278	0.26847803913985485
53.62862862862863	0.09179204452246696	66413.01406484199	0.254897354988198
53.90390390390391	0.09221584779216915	66454.83086742843	0.24194564508865904
54.17917917917918	0.09281105792095981	66494.65375771369	0.22957474601869138
54.454454454454456	0.09349229317251602	66532.5931865878	0.21775248060938643
54.729729729729726	0.09403399810657434	66568.65982388244	0.20647575983082195
55.005005005005	0.09449370086808853	66602.89643777125	0.19573213682739893
55.28028028028028	0.09500548566568856	66635.39832936184	0.1854938492062629
55.55555555555556	0.09555264706842043	66666.2485020635	0.17573671865998974
55.830830830830834	0.0960964716116592	66695.51259453407	0.16644162831711995
56.10610610610611	0.09662902681724897	66723.25196257111	0.15759070914693857
56.38138138138139	0.09715433269134384	66749.52779082238	0.14916614131207936
56.65665665665666	0.09768679660526905	66774.4035700134	0.14114943197845872
56.931931931931935	0.09823834327982052	66797.94337319693	0.1335219178178648
57.20720720720721	0.09881575061288	66820.20985107438	0.12626534942981
57.48248248248248	0.09940458846818585	66841.25904131193	0.11936340460985015
57.75775775775776	0.09998113240128444	66861.13946049291	0.11280195315055387
58.033033033033036	0.10052885386024983	66879.89512877526	0.10656817514224759
58.30830830830831	0.10104052378165333	66897.56828804054	0.10064976859621506
58.58358358358358	0.10152856878769519	66914.2032833842	0.09503381788519846
58.85885885885886	0.10199028421165084	66929.84312686913	0.08970779549617751
59.134134134134136	0.10239500381458261	66944.52496162214	0.0846608844080668
59.40940940940941	0.10278839890183843	66958.29323285863	0.07988013837965766
59.68468468468468	0.10328566821431424	66971.20762530788	0.07534816784991774
59.95995995995996	0.10386300669267945	66983.3191281836	0.07105011759795662
60.23523523523524	0.10441776905264184	66994.6612595443	0.066976225225076
60.510510510510514	0.10492199446241603	67005.26343457907	0.06311792406765258
60.78578578578579	0.10539244808857086	67015.15705913087	0.05946606678528877
61.06106106106106	0.10590091983210966	67024.38079130603	0.056009391408675335
61.33633633633634	0.10648487547758365	67032.97467712224	0.052736230904701045
61.611611611611615	0.10708445885377135	67040.96983562819	0.049637520281386724
61.88688688688689	0.10764979735826052	67048.391353747	0.04670595274981143
62.16216216216216	0.10816358495223005	67055.26248262638	0.04393475642154215
62.43743743743744	0.10867248688264651	67061.61013238537	0.04131609243339266
62.712712712712715	0.10924568898333191	67067.46533828638	0.03884091900133158
62.98798798798799	0.1097383465013209	67072.84656494202	0.03650385873638834
63.26326326326326	0.10999751385669962	67077.76247006623	0.03430239306595931
63.53853853853854	0.11030728604831988	67082.2421389734	0.03222804801265372
63.813813813813816	0.11091021063894681	67086.32675383419	0.03026882264127545
64.0890890890891	0.11161001206447853	67090.04123364572	0.028417456785456725
64.36436436436436	0.11221838204443295	67093.39862085925	0.026670152390203303
64.63963963963964	0.11267875936875774	67096.40969761452	0.02502377020500816
64.91491491491492	0.11304881836869007	67099.08888597363	0.023474109700824107
65.1901901901902	0.11347151172261737	67101.45683742284	0.02201515410499987
65.46546546546547	0.11392670416914333	67103.5318849661	0.020641562320648118
65.74074074074073	0.1143284999663329	67105.32795598876	0.01934927742109513
66.01601601601601	0.11479661277698822	67106.86290379082	0.01813309778907672
66.29129129129129	0.11544437522305868	67108.15692806776	0.016987137552674208
66.56656656656656	0.116112217784121	67109.22309176059	0.015907591203057972
66.84184184184184	0.11667030450906683	67110.0700036159	0.014891951623398108
67.11711711711712	0.1171618544135452	67110.70774105647	0.013937283431630894
67.3923923923924	0.11764707283737504	67111.14779777513	0.013040238241751646
67.66766766766767	0.11817507814429853	67111.40228182652	0.012197288429705033
67.94294294294295	0.118695312472298	67111.48135293058	0.01140547423527004
68.21821821821823	0.11910522010852835	67111.39257716782	0.010662591911518903
68.4934934934935	0.11947237491098771	67111.14492450048	0.009966028347940938
68.76876876876878	0.11991090956280545	67110.7491105633	0.009312661411274981
69.04404404404404	0.12039757175518466	67110.21459269084	0.008699735680656297
69.31931931931932	0.12088111383608775	67109.54933853362	0.008124929917906195
69.5945945945946	0.12133310856653837	67108.76048617023	0.007586164640579809
69.86986986986987	0.12174891747474925	67107.8548279925	0.007081461063322668
70.14514514514515	0.12215527812640098	67106.8392339149	0.006608817722577297
70.42042042042041	0.1225957713690223	67105.72073659241	0.006166185631953141
70.69569569569569	0.1231163660305242	67104.506430215	0.005751497798767189
70.97097097097097	0.12365488405874221	67103.20211419377	0.005363064591117112
71.24624624624624	0.1241118553046443	67101.81229911171	0.004999572059629698
71.52152152152152	0.12452425424893154	67100.34176097708	0.004659628823175397
71.7967967967968	0.12493950750259425	67098.79549371787	0.004341779915263752
72.07207207207207	0.1252905149082036	67097.1776710528	0.004044809429691736
72.34734734734735	0.12558976738008806	67095.49242509557	0.0037675135416340433
72.62262262262263	0.12603424063529683	67093.74506217285	0.003508346057881904
72.8978978978979	0.1265984511347363	67091.94018910674	0.0032659646526441055
73.17317317317318	0.12699909268899207	67090.08030928955	0.003039640165091231
73.44844844844846	0.12724741859970445	67088.16806606375	0.0028286026057197182
73.72372372372374	0.12754853502741645	67086.20717503983	0.002631769353948306
73.998998998999	0.12791887449126846	67084.20113517302	0.0024481209086339864
74.27427427427428	0.1283078096570408	67082.15293144283	0.00227678756910288
74.54954954954955	0.12873140746397435	67080.06541459735	0.0021169387332605994
74.82482482482483	0.12920705314527126	67077.9412970307	0.0019677841010072674
75.1001001001001	0.1297152076958759	67075.78301446176	0.0018286140009503597
75.37537537537537	0.13023023282583968	67073.59274834451	0.0016987928601985636
75.65065065065065	0.1307253622616225	67071.37246546305	0.0015777476641064825
75.92592592592592	0.13117341266005075	67069.12398924823	0.0014649471732042175
76.2012012012012	0.13155413411049968	67066.84894487365	0.0013599179149473045
76.47647647647648	0.13191433728011528	67064.54904443384	0.001262161062836218
76.75175175175175	0.1323213868498346	67062.22605654088	0.0011711612940639312
77.02702702702703	0.13276108798561442	67059.88158323056	0.0010864518279668886
77.30230230230231	0.13319865022637284	67057.51704230969	0.0010076195742024252
77.57757757757759	0.13361693307011366	67055.13373324354	0.000934285926570531
77.85285285285286	0.13402608818800973	67052.73289927143	0.0008660886556696608
78.12812812812814	0.13447653063559445	67050.31578694521	0.00080266455215377
78.40340340340342	0.1349530760432344	67047.88352661634	0.0007436842685478749
78.67867867867868	0.1353734069961069	67045.43705865818	0.000688873829196488
78.95395395395396	0.13576898802907683	67042.97732095249	0.0006379599740572494
79.22922922922923	0.13623408098329243	67040.50530616069	0.000590653462287614
79.50450450450451	0.136752778124318	67038.02190687013	0.000546694216509846
79.77977977977977	0.13726754272492223	67035.52788893273	0.0005058590965815375
80.05505505505505	0.1377360798103678	67033.0239326634	0.00046794989040323904
80.33033033033033	0.13814685305193597	67030.51067568285	0.0004327808248112368
80.6056056056056	0.13854740528809	67027.98876280992	0.0004001640208320227
80.88088088088088	0.1389312874140356	67025.45879338523	0.0003699248505012086
81.15615615615616	0.13921705615565344	67022.92127555811	0.0003419152641857869
81.43143143143143	0.13947689625558707	67020.3767428734	0.0003159798028171488
81.70670670670671	0.13988992735576858	67017.82579683578	0.0002919431887309675
81.98198198198199	0.1404053289347512	67015.26894962815	0.00026965617755937823
82.25725725725727	0.14087168305324388	67012.70659304077	0.00024900461739933954
82.53253253253254	0.1412322543905255	67010.13907377988	0.00022988749531664324
82.80780780780782	0.14150672711993398	67007.56673494942	0.00021220484457745074
83.0830830830831	0.141846820216713	67004.98996200456	0.00019584434777617548
83.35835835835836	0.1423195951055504	67002.4091304893	0.00018069657253597815
83.63363363363364	0.14281086003704763	66999.82454154297	0.00016667377350149012
83.90890890890891	0.1432112655813186	66997.23644196703	0.00015370404313998635
84.18418418418419	0.14345524206332616	66994.64505058885	0.00014172362643061638
84.45945945945945	0.14371497742026457	66992.05062501608	0.00013065746012653028
84.73473473473473	0.14423976252474857	66989.45346126753	0.0001204192799516971
85.01001001001	0.14481459751945672	66986.85377259877	0.000110946946377934
85.28528528528528	0.1451605904975803	66984.25169995335	0.00010219939872052182
85.56056056056056	0.14541512366892448	66981.6474113194	9.41276903267119e-05
85.83583583583584	0.14574150712138728	66979.04109416502	8.667719356356882e-05
86.11111111111111	0.1461595799712612	66976.43292223789	7.979727861591068e-05
86.38638638638639	0.14663562448900028	66973.82304838275	7.34434075468433e-05
86.66166166166167	0.1470951035987759	66971.21160278577	6.757764639013966e-05
86.93693693693695	0.14753650687764833	66968.59870689771	6.216460632171955e-05
87.21221221221222	0.14800704565850178	66965.98447938998	5.716970740845465e-05
87.4874874874875	0.14845976368682728	66963.36902488454	5.25624642260445e-05
87.76276276276278	0.14882948449418518	66960.75243493833	4.831619901322827e-05
88.03803803803804	0.14918068032998505	66958.13480208526	4.440394816487978e-05
88.31331331331332	0.149562453680471	66955.51621635143	4.0799478105864496e-05
88.58858858858859	0.14988544744495524	66952.8967539834	3.7480571419254e-05
88.86386386386387	0.15013444801611806	66950.2764856739	3.4426628923931494e-05
89.13913913913915	0.15044228943518143	66947.6554862112	3.1615856664624744e-05
89.41441441441442	0.15079317475721857	66945.03382285494	2.9028654665092282e-05
89.68968968968969	0.15103509169470183	66942.41154929288	2.664937880441072e-05
89.96496496496496	0.15126717097710998	66939.78872132653	2.4461768136543994e-05
90.24024024024024	0.15169627052643261	66937.16539958597	2.2448153407961223e-05
90.51551551551552	0.15224344451353383	66934.5416346686	2.0593789494424945e-05
90.7907907907908	0.15276861066250821	66931.91746707332	1.888687473484215e-05
91.06606606606607	0.15327923721419023	66929.29293485555	1.731631936372035e-05
91.34134134134135	0.15376953294549783	66926.66807325919	1.5871852817806277e-05
91.61661661661662	0.15414817066063327	66924.0429125304	1.4544661146603903e-05
91.8918918918919	0.1544254136834372	66921.4174817713	1.3326263553436539e-05
92.16716716716716	0.15473774390302888	66918.7918117833	1.22076835299786e-05
92.44244244244244	0.15507452433401203	66916.16593050316	1.1180779360764352e-05
92.71771771771772	0.1553335245507445	66913.53986151308	1.0238678480078234e-05
92.992992992993	0.15560591316521302	66910.91362862762	9.374440329864209e-06
93.26826826826827	0.15601663488072043	66908.28725579512	8.581085092502107e-06
93.54354354354355	0.15644747827234823	66905.66076265783	7.852888010933687e-06
93.81881881881883	0.15678106940887193	66903.03416562542	7.185066528781647e-06
94.0940940940941	0.15706666512183848	66900.40748083856	6.5729162875332476e-06
94.36936936936937	0.15734116891452474	66897.78072375966	6.011930514689482e-06
94.64464464464464	0.15758681918383893	66895.15390845978	5.498007865317726e-06
94.91991991991992	0.15784689446846037	66892.52704838604	5.0272287419178964e-06
95.1951951951952	0.15820940748444431	66889.90015664921	4.595771446656797e-06
95.47047047047047	0.15859569868797022	66887.27324441556	4.200381026232802e-06
95.74574574574575	0.1588763460933138	66884.64632094777	3.838357331816366e-06
96.02102102102103	0.15917813058093772	66882.01939585622	3.5068987625399265e-06
96.2962962962963	0.1596234692238975	66879.39247869996	3.203218572263299e-06
96.57157157157158	0.16004023763678837	66876.76557704464	2.9251110353275604e-06
96.84684684684684	0.16032166832287015	66874.13869735072	2.6706925505621677e-06
97.12212212212212	0.16059235018965193	66871.51184635054	2.4380001625874895e-06
97.3973973973974	0.16090642434913383	66868.88503047469	2.2251588164948913e-06
97.67267267267268	0.161211402123092	66866.25825536682	2.0305228156739415e-06
97.94794794794795	0.16151821533872043	66863.63152625953	1.8525662119476437e-06
98.22322322322323	0.1618705972887844	66861.00484809966	1.689846324183724e-06
98.4984984984985	0.16219126762917982	66858.37822515468	1.5411184586131576e-06
98.77377377377378	0.1623965825514549	66855.75166114056	1.4052986626153334e-06
99.04904904904905	0.16259235047333664	66853.12515981877	1.2812896601577485e-06
99.32432432432432	0.1628604704472355	66850.49872482708	1.168030206453002e-06
99.5995995995996	0.1631132154017682	66847.87235926796	1.0646150843720772e-06
99.87487487487488	0.1633173103104724	66845.24606593	9.702305214110423e-07
100.15015015015015	0.16354979446586224	66842.61984752612	8.840847963298842e-07
100.42542542542543	0.16382878288838143	66839.99370655404	8.054488881788098e-07
100.70070070070071	0.16411382547725628	66837.36764522204	7.336781192819232e-07
100.97597597597598	0.1643773377276113	66834.74166551454	6.681930686847008e-07
101.25125125125126	0.16461099861216474	66832.11576924687	6.084635570712236e-07
101.52652652652652	0.1648643419109862	66829.48995814446	5.53985614329329e-07
101.8018018018018	0.16516420832883025	66826.86423380638	5.042920885294074e-07
102.07707707707708	0.16541410282575192	66824.23859759606	4.5898449749230874e-07
102.35235235235236	0.16559352776620656	66821.61305075738	4.1769920658611786e-07
102.62762762762763	0.16585409633825873	66818.98759455691	3.800659386472122e-07
102.90290290290291	0.16621481807786717	66816.36223014764	3.4574752881879045e-07
103.17817817817819	0.16654382290380085	66813.73695848287	3.1446502271377283e-07
103.45345345345346	0.16689043682554053	66811.11178045542	2.859571004091926e-07
103.72872872872873	0.1673893633963257	66808.48669696563	2.599602372009339e-07
104.004004004004	0.16788631433931933	66805.86170878093	2.3624946950027443e-07
104.27927927927928	0.1681872363746829	66803.23681645589	2.146621040088993e-07
104.55455455455456	0.16840359344325653	66800.61202059349	1.950212593572981e-07
104.82982982982983	0.1686605577140583	66797.98732179729	1.7714986802475363e-07
105.10510510510511	0.16894936931585106	66795.362720611	1.608883194572802e-07
105.38038038038039	0.1692274630539831	66792.73821751555	1.4609528149497148e-07
105.65565565565566	0.1694360176309028	66790.1138129354	1.3264589031401113e-07
105.93093093093094	0.16960146074289484	66787.48950726904	1.204228167135386e-07
106.2062062062062	0.16981743118014833	66784.86530090267	1.0931236446252598e-07
106.48148148148148	0.17012809164875958	66782.24119419324	9.920933454551647e-08
106.75675675675676	0.17052186669486835	66779.61718745854	9.001994300373289e-08
107.03203203203203	0.17084496112923178	66776.99328095936	8.166700167914762e-08
107.30730730730731	0.1709980187731434	66774.36947492255	7.408321922931227e-08
107.58258258258259	0.17115747092637248	66771.74576958535	6.719828575992616e-08
107.85785785785787	0.17143576400519675	66769.12216517654	6.094435566755046e-08
108.13313313313314	0.17175712064488574	66766.49866189162	5.526328127943013e-08
108.4084084084084	0.17209887453350234	66763.87525990487	5.01030909538473e-08
108.68368368368368	0.1725034960970004	66761.25195937822	4.541543289220125e-08
108.95895895895896	0.17290549603368946	66758.62876045205	4.115821089190102e-08
109.23423423423424	0.17319335546813963	66756.00566324605	3.7295348362964116e-08
109.50950950950951	0.17341649251100782	66753.38266787493	3.3792239124737654e-08
109.78478478478479	0.17366549315417434	66750.75977444951	3.061540963954163e-08
110.06006006006007	0.17395275160735704	66748.13698307045	2.7734345557873405e-08
110.33533533533534	0.17428298839997028	66745.51429382862	2.5121390061432612e-08
110.61061061061062	0.17468005116583285	66742.89170691816	2.2718786729345443e-08
110.88588588588588	0.17509107196869567	66740.26922228961	2.053976648912915e-08
111.16116116116116	0.17537156932760314	66737.64684000362	1.8565469486087693e-08
111.43643643643644	0.17554570519093474	66735.02456011735	1.6778043417974374e-08
111.71171171171171	0.17575972510119542	66732.402382688	1.5159633376082457e-08
111.98698698698699	0.17601471761993928	66729.78030776684	1.3694129215573682e-08
112.26226226226227	0.17625713552285224	66727.15833530271	1.239829409979642e-08
112.53753753753755	0.17651676099970207	66724.53646544585	1.1224227931870488e-08
112.81281281281282	0.17682213964972407	66721.91469823175	1.016040215072416e-08
113.08808808808809	0.17713458862180856	66719.29303369139	9.196615711298277e-09
113.36336336336336	0.17744720482761778	66716.67147185242	8.32363379434328e-09
113.63863863863864	0.1778182212670602	66714.05001274047	7.532810356078497e-09
113.91391391391392	0.17822302349827565	66711.42865637787	6.816451306776326e-09
114.1891891891892	0.17855860804575924	66708.80740278323	6.16795092220733e-09
114.46446446446447	0.17882456636060334	66706.18625197338	5.581225603427476e-09
114.73973973973975	0.17907688397194202	66703.56520396401	5.050521893460182e-09
115.01501501501502	0.1793219476482738	66700.94425876907	4.570589371165297e-09
115.2902902902903	0.17954671554490406	66698.32341640082	4.136688582187735e-09
115.56556556556556	0.17973520141721455	66695.70267686984	3.744539767098451e-09
115.84084084084084	0.17990041184023597	66693.08204018556	3.3902156961386346e-09
116.11611611611612	0.18011275217290024	66690.4615063566	3.0700256009108787e-09
116.3913913913914	0.18037751423477272	66687.84107539036	2.7806429493334328e-09
116.66666666666667	0.18061747659270308	66685.22074729268	2.5191843390252126e-09
116.94194194194195	0.1808390669079179	66682.60052206853	2.2830168034671594e-09
117.21721721721723	0.18110346929862095	66679.98039972229	2.0696783056449987e-09
117.4924924924925	0.18137530548371028	66677.36038025747	1.8769889901865793e-09
117.76776776776778	0.18160391884133212	66674.74046367654	1.7030218316858384e-09
118.04304304304304	0.1818690170499433	66672.12064998178	1.5459525065402557e-09
118.31831831831832	0.18222722020833695	66669.50093917492	1.404095919347377e-09
118.5935935935936	0.18258794893051733	66666.88133125687	1.2760072595490205e-09
118.86886886886887	0.18287375370413994	66664.2618262279	1.1604231945777424e-09
119.14414414414415	0.18306670095949207	66661.64242408788	1.0561938494296795e-09
119.41941941941943	0.18324740450591295	66659.02312483652	9.62222911163027e-10
119.6946946946947	0.1835632757162534	66656.40392847345	8.774522313129073e-10
119.96996996996998	0.18394857508957263	66653.78483499773	8.009697148908304e-10
120.24524524524524	0.18424270500002674	66651.16584440794	7.320152398895317e-10
120.52052052052052	0.18445274298478231	66648.54695670238	6.698873839548454e-10
120.7957957957958	0.18463549204630214	66645.92817187926	6.139266290904162e-10
121.07107107107107	0.18481975953306526	66643.30948993664	5.63527164379261e-10
121.34634634634635	0.1850259306231088	66640.69091087235	5.1813729717486e-10
121.62162162162163	0.1852682313079759	66638.07243468403	4.772574890316715e-10
121.8968968968969	0.18553578327392628	66635.45406136921	4.4044101831096163e-10
122.17217217217218	0.18579315825202306	66632.83579092518	4.072917905377233e-10
122.44744744744746	0.1860571993587728	66630.21762334913	3.774487449411507e-10
122.72272272272272	0.18636809650009287	66627.59955863815	3.505805050567565e-10
122.997997997998	0.18665608611832396	66624.98159678916	3.2639834338186717e-10
123.27327327327328	0.18684039495390495	66622.36373779897	3.0464935701024757e-10
123.54854854854855	0.18699284924749507	66619.74598166431	2.850943749089342e-10
123.82382382382383	0.18719294790263954	66617.12832838192	2.6750969158406463e-10
124.0990990990991	0.1874450049861335	66614.51077794845	2.51694728938462e-10
124.37437437437438	0.18772704938845516	66611.89333036052	2.3747152898548314e-10
124.64964964964966	0.18799732349507375	66609.27598561453	2.2468290037138632e-10
124.92492492492492	0.18825753680341892	66606.65874370694	2.1318664653380633e-10
125.2002002002002	0.1885378878949245	66604.04160463417	2.028527521477295e-10
125.47547547547548	0.1887587191798895	66601.42456839251	1.9356797977400294e-10
125.75075075075075	0.18882434785752641	66598.80763497818	1.8523327548370565e-10
126.02602602602603	0.18887354887500415	66596.19080438747	1.7775223449748135e-10
126.30130130130131	0.18904235750977322	66593.5740766167	1.7103355179934187e-10
126.57657657657658	0.1892282154967442	66590.95745166206	1.6499951017704763e-10
126.85185185185186	0.18937968603493485	66588.3409295197	1.595817015240127e-10
127.12712712712714	0.1896138493620342	66585.72451018584	1.5471551233350054e-10
127.4024024024024	0.189943096707958	66583.10819365719	1.5033104091319203e-10
127.67767767767768	0.19025222265276528	66580.49197993007	1.463765458340368e-10
127.95295295295296	0.19051981174141558	66577.8758690006	1.4281121297526525e-10
128.22822822822823	0.19079007280023025	66575.25986086488	1.395973260500509e-10
128.5035035035035	0.1910870676383218	66572.64395551897	1.3670045637576867e-10
128.7787787787788	0.19141133838554758	66570.02815295897	1.3408956747206576e-10
129.05405405405406	0.1917070853105348	66567.41245318089	1.3173722089090596e-10
129.32932932932934	0.19192719305842504	66564.7968561808	1.2961890132595674e-10
129.60460460460462	0.1920755093408867	66562.1813619547	1.2771222808420625e-10
129.87987987987987	0.19219742277766824	66559.56597049866	1.2599648408244886e-10
130.15515515515517	0.19238106267598337	66556.95068180868	1.2445236294921413e-10
130.43043043043042	0.19263577442454083	66554.33549588083	1.230625117640613e-10
130.70570570570572	0.1929024261459105	66551.72041271109	1.2181171836827186e-10
130.98098098098097	0.19312977361585504	66549.10543229549	1.2068648956643763e-10
131.25625625625628	0.19328785099132118	66546.49055463001	1.196747256772602e-10
131.53153153153153	0.19342572787459772	66543.87577971065	1.1876522782799788e-10
131.80680680680683	0.1935980494966828	66541.26110753344	1.1794769484231064e-10
132.08208208208208	0.1938064106299454	66538.64653809436	1.1721287372231655e-10
132.35735735735736	0.19405915864893106	66536.0320713894	1.1655243667286827e-10
132.63263263263264	0.19438874116696364	66533.41770741461	1.1595883259788209e-10
132.9079079079079	0.19474382485653535	66530.80344610361	1.1606186657658024e-10
133.1831831831832	0.1949955268002879	66528.18928751494	1.1616916579145626e-10
133.45845845845847	0.195163835600326	66525.57523164451	1.162799849976394e-10
133.73373373373374	0.19535376042038938	66522.96127855069	1.1571523404220183e-10
134.00900900900902	0.19558267913321534	66520.34742810475	1.1582093913078969e-10
134.2842842842843	0.19582950093461135	66517.733680365	1.159309781927285e-10
134.55955955955955	0.1960598778225642	66515.12003532736	1.1604530191684257e-10
134.83483483483485	0.19624177743065255	66512.50649298784	1.1616358832540615e-10
135.1101101101101	0.19635548304317718	66509.89305340454	1.1561282379288641e-10
135.3853853853854	0.19642161706931707	66507.27971644915	1.1572290936327775e-10
135.66066066066065	0.19650842834617305	66504.66648217976	1.1583571632155206e-10
135.93593593593596	0.19664138273714837	66502.05335059232	1.1595184022705914e-10
136.2112112112112	0.19681101904640472	66499.4403216828	1.1607189356983601e-10
136.4864864864865	0.19702464328380415	66496.82739544718	1.1619651563722805e-10
136.76176176176176	0.19728857939644978	66494.21457194348	1.1564561551555777e-10
137.03703703703704	0.19756415608706662	66491.60185104368	1.1576549242970478e-10
137.31231231231232	0.19782616817872592	66488.98923280573	1.1589052283828699e-10
137.5875875875876	0.19811977765724564	66486.37671722556	1.1602133131803839e-10
137.86286286286287	0.1984402595172719	66483.76430436097	1.1548949219681453e-10
138.13813813813815	0.19868751062341533	66481.15199408436	1.1561545846631088e-10
138.41341341341342	0.19884997964863016	66478.53978645345	1.1574582069099414e-10
138.6886886886887	0.1990073933077859	66475.92768146418	1.1588070552828712e-10
138.96396396396398	0.19917993354051694	66473.31567911254	1.1602053396038553e-10
139.23923923923923	0.19935679733432674	66470.70377945613	1.1549131340276707e-10
139.51451451451453	0.1995748712850959	66468.09198236771	1.156239386718104e-10
139.78978978978978	0.19985497143650746	66465.48028790487	1.1576264524203441e-10
140.06506506506508	0.20010288165796997	66462.86869606354	1.1590737491362979e-10
140.34034034034033	0.20027618798465963	66460.25720690114	1.1539156930903816e-10
140.61561561561564	0.2004838826961987	66457.6458202908	1.155286803399876e-10
140.8908908908909	0.20075674604684332	66455.03453628988	1.1567211727468825e-10
141.1661661661662	0.20100934215036956	66452.42335489437	1.1582203606811412e-10
141.44144144144144	0.2011935789409119	66449.81227616155	1.1531687145588173e-10
141.71671671671672	0.2013075039781252	66447.20129996481	1.1545802064720907e-10
141.991991991992	0.2014428811207835	66444.59042636136	1.1560428982616859e-10
142.26726726726727	0.2017066121195699	66441.97965534718	1.1575736670261994e-10
142.54254254254255	0.20208360015191107	66439.36898691829	1.1591894803413147e-10
142.81781781781783	0.20249843645145063	66436.75842113185	1.1540563482134417e-10
143.0930930930931	0.202809867021613	66434.1479578615	1.1556241487924245e-10
143.36836836836838	0.20301867719822037	66431.5375971643	1.1572618264581982e-10
143.64364364364366	0.2033464602148236	66428.92733909732	1.1523416349931744e-10
143.9189189189189	0.2037663170348637	66426.31718353453	1.1539320304775952e-10
144.1941941941942	0.20403138855861794	66423.70713053283	1.1556016092557235e-10
144.46946946946946	0.2042236164702242	66421.09718008818	1.1573470002150568e-10
144.74474474474476	0.2045565634632975	66418.48733225751	1.1524318742144608e-10
145.02002002002	0.20488116793950617	66415.87758691503	1.1541166496439152e-10
145.29529529529532	0.20502979421464254	66413.2679441175	1.1558748498643866e-10
145.57057057057057	0.20518206056107935	66410.65840392165	1.1511312541955445e-10
145.84584584584587	0.20544946222324795	66408.04896620208	1.1528041304155263e-10
146.12112112112112	0.20568408842151914	66405.4396310154	1.1545615170761547e-10
146.3963963963964	0.20584016870154637	66402.83039835758	1.1563987874465634e-10
146.67167167167167	0.20601997710441064	66400.22126828526	1.1516215890739348e-10
146.94694694694695	0.2062512188262377	66397.61224067319	1.1533690617647448e-10
147.22222222222223	0.20650359452168052	66395.00331557792	1.1552088197342528e-10
147.4974974974975	0.20676177108171995	66392.39449305597	1.1505726847301275e-10
147.77277277277278	0.20701888654271375	66389.78577298229	1.1523344829520939e-10
148.04804804804806	0.20727354723002667	66387.17715541333	1.1541915580560036e-10
148.32332332332334	0.20754218375008213	66384.56864034508	1.1561520310178893e-10
148.59859859859858	0.20787827890845764	66381.96022783397	1.1514332652619943e-10
148.8738738738739	0.20822190128410886	66379.35191775518	1.1533286914805072e-10
149.14914914914914	0.20835781776688503	66376.74371016498	1.1553181331564296e-10
149.42442442442444	0.20839289920886997	66374.13560511965	1.1507075458871243e-10
149.6996996996997	0.2086835563141852	66371.52760249471	1.1525948180348538e-10
149.974974974975	0.20911060242459387	66368.91970234632	1.1546091320218412e-10
150.25025025025025	0.20936040755186244	66366.31190473064	1.1500865035567724e-10
150.52552552552555	0.20950218259229264	66363.70420952335	1.1520063796188336e-10
150.8008008008008	0.2096903983221142	66361.09661678053	1.1540310504891275e-10
151.07607607607608	0.20995423180327524	66358.48912655827	1.149588961339263e-10
151.35135135135135	0.21024610534239507	66355.88173873245	1.1515365999720716e-10
151.62662662662663	0.2104284796796817	66353.27445335903	1.153593569183609e-10
151.9019019019019	0.21052467870543284	66350.66727049391	1.1492176801291347e-10
152.17717717717719	0.21073051195464526	66348.06019001329	1.1511723246083107e-10
152.45245245245246	0.21103292305341892	66345.45321197303	1.1532507634062024e-10
152.72772772772774	0.2112922004932701	66342.8463364289	1.1489281846702303e-10
153.00300300300302	0.2115242715632639	66340.23956325736	1.150923148076639e-10
153.2782782782783	0.21178953156214084	66337.63289251407	1.1530437808702849e-10
153.55355355355357	0.2120659717480162	66335.0263242548	1.1487601307056914e-10
153.82882882882885	0.21231392290829734	66332.4198583561	1.1508004499798051e-10
154.10410410410412	0.21249969374309136	66329.8134948736	1.1529643558395988e-10
154.37937937937937	0.2126212401838502	66327.2072338629	1.1487092941464284e-10
154.65465465465465	0.21272069351014988	66324.60107520082	1.1507626993202034e-10
154.92992992992993	0.21287179468520284	66321.99501894283	1.1529383792282713e-10
155.2052052052052	0.21315656754469087	66319.3890651445	1.1487065681048741e-10
155.48048048048048	0.21351659498256492	66316.78321368287	1.1508139945265708e-10
155.75575575575576	0.21383483581288146	66314.17746461331	1.1530685803607032e-10
156.03103103103103	0.21406791692217508	66311.5718179913	1.1488376851442791e-10
156.3063063063063	0.21423393111883376	66308.96627369392	1.150999373746953e-10
156.5815815815816	0.21446005325772124	66306.36083177656	1.153305171353963e-10
156.85685685685687	0.21479609826485463	66303.7554922946	1.1490663553449326e-10
157.13213213213214	0.21512800672946078	66301.15025512537	1.1513059766414781e-10
157.40740740740742	0.2153791647223644	66298.54512032407	1.1537026490319343e-10
157.6826826826827	0.2155402347154883	66295.94008794603	1.1494380983155586e-10
157.95795795795797	0.2157299679450023	66293.33515786869	1.1517359876551114e-10
158.23323323323325	0.21609675078675072	66290.7303302064	1.1476987899878935e-10
158.50850850850853	0.2164599552758615	66288.12560483698	1.1499405771845402e-10
158.7837837837838	0.2166151216601062	66285.52098181541	1.1523353612771513e-10
159.05905905905905	0.21674227821535133	66282.91646119673	1.1482520866847133e-10
159.33433433433433	0.21700225058951517	66280.31204285892	1.1505562203882706e-10
159.6096096096096	0.21732754427813344	66277.7077268569	1.1530390434158877e-10
159.88488488488488	0.21765770905949985	66275.10351324573	1.1488943410425355e-10
160.16016016016016	0.2179800780404165	66272.49940190342	1.15131279690453e-10
160.43543543543544	0.21828450787495368	66269.89539294373	1.147370015354885e-10
160.7107107107107	0.21856003039810412	66267.29148624503	1.149720864479947e-10
160.985985985986	0.21879348711237312	66264.68768186201	1.152253020715667e-10
161.26126126126127	0.21898042265693018	66262.08397984951	1.1482257860760295e-10
161.53653653653654	0.21916190279623762	66259.480380086	1.1506689330912249e-10
161.81181181181182	0.21936868565038367	66256.87688268478	1.1468320541910673e-10
162.0870870870871	0.21956856455937956	66254.27348752467	1.1491937295652811e-10
162.36236236236238	0.21976784228068788	66251.67019466014	1.151739208438965e-10
162.63763763763765	0.22004818047204838	66249.06700414588	1.1478036483011804e-10
162.91291291291293	0.22039781703734362	66246.4639158607	1.1502891927257604e-10
163.1881881881882	0.22071128831401599	66243.86092991763	1.1465266072825326e-10
163.46346346346348	0.22095545104581601	66241.25804619574	1.1489491438538979e-10
163.73873873873873	0.22114474666218611	66238.65526474934	1.1515679281925012e-10
164.014014014014	0.2212961017019816	66236.05258563293	1.1476843649701789e-10
164.2892892892893	0.22143038542063354	66233.45000872569	1.1502126908047993e-10
164.56456456456456	0.22157969810409478	66230.84753414021	1.1464969078947797e-10
164.83983983983984	0.22177325316050805	66228.24516175603	1.1489443248337848e-10
165.11511511511512	0.2220272363791255	66225.6428916273	1.1516010059202586e-10
165.3903903903904	0.2222767952451646	66223.04072380833	1.1477504219268355e-10
165.66566566566567	0.22237258302047574	66220.43865817855	1.1503250497130599e-10
165.94094094094095	0.22237091269653442	66217.83669485031	1.1466361401053968e-10
166.21621621621622	0.22246571754539401	66215.23483370342	1.1491084736524966e-10
166.4914914914915	0.22266419084815656	66212.63307479188	1.151790278720564e-10
166.76676676676678	0.22289498223116858	66210.03141816988	1.1479598009640824e-10
167.04204204204206	0.22313255758101921	66207.42986371725	1.150573448861153e-10
167.31731731731733	0.22336413583701475	66204.82841154592	1.1468940344134894e-10
167.5925925925926	0.22357720738539585	66202.22706153606	1.1494409401991935e-10
167.8678678678679	0.22376776512964333	66199.6258137415	1.1522095665129296e-10
168.14314314314316	0.22394457511466295	66197.02466821621	1.148368245208689e-10
168.4184184184184	0.22411187101707927	66194.42362484035	1.1510593726884621e-10
168.6936936936937	0.2242698744631656	66191.82268372561	1.1473638275538643e-10
168.96896896896897	0.2244322860444448	66189.22184475238	1.1499783685349926e-10
169.24424424424424	0.224614466569619	66186.62110803211	1.1464208640073684e-10
169.51951951951952	0.22479623928569248	66184.02047344546	1.1489666351591351e-10
169.7947947947948	0.22494940502615857	66181.41994104601	1.1517378781038577e-10
170.07007007007007	0.22506013563149493	66178.81951088748	1.1480057046487616e-10
170.34534534534535	0.22512419987381554	66176.21918285055	1.1506877163872978e-10
170.62062062062063	0.22515228367856074	66173.61895704633	1.147093233346345e-10
170.8958958958959	0.225221103006864	66171.01883335582	1.1496820515050245e-10
171.17117117117118	0.22546474283608006	66168.41881183244	1.1525117497447977e-10
171.44644644644646	0.22576711804808253	66165.81889252982	1.1487330034882591e-10
171.72172172172174	0.22587804525149077	66163.21907532886	1.1514971347948325e-10
171.996996996997	0.22591263788228677	66160.61936034044	1.1478517641516943e-10
172.2722722722723	0.22607426511192466	66158.01974744581	1.1505331623960202e-10
172.54754754754757	0.22625802101904705	66155.42023675558	1.147013439846026e-10
172.82282282282284	0.22635882893447715	66152.82082815125	1.1496235195160042e-10
173.0980980980981	0.22646263362367952	66150.22152168595	1.1524688327062349e-10
173.37337337337337	0.2266301763170448	66147.62231741304	1.1487544229275125e-10
173.64864864864865	0.2268434926716552	66145.023215214	1.1515355756900024e-10
173.92392392392392	0.2270661109239533	66142.42421519921	1.1479425917237512e-10
174.1991991991992	0.22725951731798563	66139.8253172504	1.1506658496073258e-10
174.47447447447448	0.22747111798815153	66137.22652147769	1.1471877031776187e-10
174.74974974974975	0.2277590739259551	66134.62782776306	1.1498646767909749e-10
175.02502502502503	0.22798631578799455	66132.0292362164	1.1464927370338962e-10
175.3003003003003	0.22804201259548612	66129.43074671991	1.1491063252160435e-10
175.57557557557558	0.22809118947721904	66126.83235932633	1.1519614673104032e-10
175.85085085085086	0.2282544642501882	66124.23407408874	1.1483767183281823e-10
176.12612612612614	0.22847717189553224	66121.63589088924	1.151176207564224e-10
176.40140140140142	0.22871293136610396	66119.0378098376	1.1476965870928764e-10
176.6766766766767	0.22894488213463118	66116.43983081616	1.1504505433626772e-10
176.95195195195197	0.22915126700014624	66113.84195393443	1.1470697331375908e-10
177.22722722722725	0.229318334910698	66111.24417907502	1.1497728746766356e-10
177.50250250250252	0.2295172199028115	66108.64650634717	1.1464863657200462e-10
177.77777777777777	0.22982005447589574	66106.04893563376	1.1491532619430778e-10
178.05305305305305	0.23016508306554295	66103.45146698724	1.1521093049183525e-10
178.32832832832833	0.23047819508240888	66100.85410046036	1.1485744163195942e-10
178.6036036036036	0.23073228119555358	66098.25683593583	1.1515019994680362e-10
178.87887887887888	0.23094487606953207	66095.6596735228	1.1480525567103606e-10
179.15415415415416	0.23118239082139183	66093.06261310418	1.1509443610310187e-10
179.42942942942943	0.23144445359336335	66090.46565478893	1.1475745850336324e-10
179.7047047047047	0.23167665429739293	66087.86879846019	1.1504374774541791e-10
179.97997997998	0.23187929778663366	66085.27204422672	1.1471423772318317e-10
180.25525525525526	0.23208121974848075	66082.67539197185	1.14997154383592e-10
180.53053053053054	0.23230572866677174	66080.07884180412	1.1467466595298898e-10
180.80580580580582	0.2325459671558881	66077.48239360708	1.1495498601269869e-10
181.0810810810811	0.23271471424265214	66074.88604748905	1.1463904228842703e-10
181.35635635635637	0.23281621401065583	66072.28980333378	1.1491535656358223e-10
181.63163163163165	0.23302961425604946	66069.69366119328	1.1522257308876852e-10
181.90690690690693	0.2333589954945136	66067.09762111992	1.1487798365651164e-10
182.1821821821822	0.23361534719713423	66064.50168299722	1.151841449640811e-10
182.45745745745745	0.23373353657209	66061.90584693351	1.1484569622118367e-10
182.73273273273273	0.23374501422136554	66059.3101128125	1.1514680442324428e-10
183.008008008008	0.23374162191557157	66056.71448074233	1.148147288588136e-10
183.28328328328328	0.2338238123418723	66054.11895060695	1.1511043064725361e-10
183.55855855855856	0.23403821414741918	66051.52352251437	1.1478434960727821e-10
183.83383383383384	0.23435066786278297	66048.92819634874	1.1507887328937026e-10
184.1091091091091	0.23458275413958746	66046.33297221779	1.147580195633795e-10
184.3843843843844	0.234667854148872	66043.73785000583	1.1504974374579312e-10
184.65965965965967	0.234707740420285	66041.14282982043	1.1473421578660327e-10
184.93493493493494	0.23476117876585836	66038.54791154609	1.1502135472235002e-10
185.21021021021022	0.2348448487243697	66035.95309529021	1.1471106357963735e-10
185.4854854854855	0.23499290414146554	66033.35838093748	1.1499492639166536e-10
185.76076076076077	0.23523495906844283	66030.76376859513	1.1468943503474428e-10
186.03603603603605	0.23553584448699644	66028.16925814809	1.1497286127054279e-10
186.31131131131133	0.23585124299560525	66025.57484970333	1.1467148566181726e-10
186.5865865865866	0.23616355468544944	66022.98054314594	1.1495562247041307e-10
186.86186186186188	0.23645965688404155	66020.38633858279	1.1465782229746241e-10
187.13713713713713	0.2367266553808394	66017.79223589906	1.1494243864099243e-10
187.4124124124124	0.23695754860644816	66015.19823520145	1.146478409063851e-10
187.68768768768768	0.23715216900662656	66012.60433637531	1.1493214019995494e-10
187.96296296296296	0.23732063715546892	66010.01053947186	1.1525124801034564e-10
188.23823823823824	0.23748487697759077	66007.41684454263	1.1492296601216139e-10
188.51351351351352	0.2377005242230116	66004.82325147274	1.1524169295634432e-10
188.7887887887888	0.2379951528650609	66002.22976036904	1.1491614699817711e-10
189.06406406406407	0.23825695253757834	65999.63637111675	1.1523645419693391e-10
189.33933933933935	0.23844704440524545	65997.04308382257	1.1491319627994452e-10
189.61461461461462	0.23873118675239163	65994.4498983719	1.1523471119760193e-10
189.8898898898899	0.2391069643477647	65991.85681487127	1.1491315901509958e-10
190.16516516516518	0.23935022631425878	65989.26383320619	1.1523759484455978e-10
190.44044044044045	0.23951114235309673	65986.67095348309	1.1491742739699018e-10
190.71571571571573	0.2398164709783267	65984.07817558761	1.1524383860656365e-10
190.990990990991	0.2401387345937382	65981.48549962604	1.1492447794075681e-10
191.26626626626629	0.24025339353407998	65978.89292548412	1.1525295692683868e-10
191.54154154154156	0.24025181551661007	65976.300453268	1.1493449340065073e-10
191.8168168168168	0.24028309419502386	65973.70808286358	1.152614469003089e-10
192.0920920920921	0.24041871264617606	65971.1158143769	1.1494391042295359e-10
192.36736736736736	0.24062746861745649	65968.52364769403	1.1527234188966582e-10
192.64264264264264	0.24075021123082183	65965.93158292085	1.1495531458040027e-10
192.91791791791792	0.24087215832286535	65963.33961994351	1.1528447876946435e-10
193.1931931931932	0.2412756524628691	65960.74775886786	1.1496765686260003e-10
193.46846846846847	0.241766917446352	65958.15599963488	1.146892281211646e-10
193.74374374374375	0.2419652514824191	65955.56434218615	1.1498758592766168e-10
194.01901901901903	0.24204219842740984	65952.97278662668	1.1470867132403588e-10
194.2942942942943	0.24225722358297092	65950.38133284348	1.1500909745105217e-10
194.56956956956958	0.24252093720528042	65947.78998094152	1.14729367174689e-10
194.84484484484486	0.24268011367365946	65945.19873080791	1.1503314494272644e-10
195.12012012012013	0.2426036115403666	65942.60758254741	1.1475257313773732e-10
195.3953953953954	0.24242982162372148	65940.01653604726	1.1505425856190296e-10
195.6706706706707	0.24257530958251208	65937.42559141222	1.1477327760038715e-10
195.94594594594597	0.24294538885303188	65934.83474852965	1.1507915382906467e-10
196.22122122122124	0.2431238947662631	65932.2440075042	1.1479689890894933e-10
196.4964964964965	0.2431620760101282	65929.65336822324	1.1510475171000981e-10
196.77177177177177	0.24326447653428712	65927.06283079128	1.1482142899324879e-10
197.04704704704704	0.24339583295559356	65924.47239509587	1.1513158245525466e-10
197.32232232232232	0.24352172996053925	65921.88206124147	1.1484696227180332e-10
197.5975975975976	0.24375881121403475	65919.29182911571	1.1516067760944635e-10
197.87287287287288	0.24411351515939383	65916.70169882296	1.1487424557453656e-10
198.14814814814815	0.2444077958710663	65914.11167025089	1.1519437431956954e-10
198.42342342342343	0.24464840019191147	65911.52174350375	1.1490561958694003e-10
198.6986986986987	0.24499435274533998	65908.93191846934	1.1523227519432512e-10
198.97397397397398	0.24533339513647878	65906.34219525187	1.1494057892691598e-10
199.24924924924926	0.2454732476651009	65903.75257373916	1.1527339982369721e-10
199.52452452452454	0.2456160857810682	65901.1630540353	1.1497865745581509e-10
199.7997997997998	0.2459633341400241	65898.57363602829	1.1531825798957813e-10
200.0750750750751	0.2463128935229588	65895.98431982218	1.1501971437009096e-10
200.35035035035037	0.24651017213977489	65893.39510535877	1.147581244571495e-10
200.62562562562564	0.2466269272442942	65890.80599258047	1.150651141321812e-10
200.90090090090092	0.24671364176852378	65888.2169815907	1.1480003024424176e-10
201.17617617617617	0.2467731924700905	65885.62807227811	1.1511123217325155e-10
201.45145145145145	0.24684961923316406	65883.03926474602	1.1484260718220934e-10
201.72672672672672	0.24700625228580333	65880.45055888317	1.1515890440501046e-10
202.002002002002	0.2472310111437776	65877.86195479281	1.148863879203282e-10
202.27727727727728	0.2474706924595433	65875.27345236372	1.1520997941925383e-10
202.55255255255256	0.24763609544481488	65872.68505169913	1.1493313772560674e-10
202.82782782782783	0.24770015474448623	65870.09675268781	1.1526251270927344e-10
203.1031031031031	0.24779630113124085	65867.50855543294	1.1498132553097749e-10
203.3783783783784	0.2479906234115771	65864.92045982342	1.1531728947154584e-10
203.65365365365366	0.2482225641702391	65862.33246596238	1.1503129828677067e-10
203.92892892892894	0.24839306908073697	65859.74457373873	1.1537524251849981e-10
204.20420420420422	0.24840699571003852	65857.15678325549	1.1508422190860939e-10
204.4794794794795	0.24842833297953815	65854.56909445503	1.1482956946421204e-10
204.75475475475477	0.24868390691140255	65851.98150728032	1.1513882961048937e-10
205.03003003003005	0.2490311639195354	65849.39402183377	1.14879311804126e-10
205.30530530530532	0.24928836290304973	65846.80663800503	1.1519798135774777e-10
205.5805805805806	0.24949479168144406	65844.21935589642	1.1493311871006443e-10
205.85585585585588	0.24969079364734142	65841.63217539761	1.1526032215711132e-10
206.13113113113113	0.2498519612552962	65839.04509661095	1.149897830355566e-10
206.4064064064064	0.25000623916467146	65836.45811942611	1.1532533184430209e-10
206.68168168168168	0.2502304888672257	65833.87124394544	1.1504876784874989e-10
206.95695695695696	0.2504396501502365	65831.28447005863	1.1539417400077992e-10
207.23223223223223	0.2504913762675692	65828.69779786794	1.1511118477312885e-10
207.5075075075075	0.2505700261104688	65826.11122731611	1.1486375300648456e-10
207.7827827827828	0.25087561033050493	65823.52475834652	1.1517680051013368e-10
208.05805805805807	0.25118705922104645	65820.93839106082	1.1492314529884394e-10
208.33333333333334	0.2513179487396797	65818.35212534935	1.1524606470942814e-10
208.60860860860862	0.25136736232028867	65815.76596131375	1.1498598179398495e-10
208.8838838838839	0.2514758879906018	65813.17989884438	1.1531710513331897e-10
209.15915915915917	0.2517736878959006	65810.59393804295	1.1505023482753574e-10
209.43443443443445	0.25213008739058224	65808.00807879979	1.1539416676311831e-10
209.70970970970973	0.25225190796127245	65805.42232121657	1.1511971367037499e-10
209.984984984985	0.2522619036395518	65802.83666523629	1.1487997309786133e-10
210.26026026026028	0.25242860724932614	65800.25111080262	1.1519165042719288e-10
210.53553553553556	0.25271758710710407	65797.66565801663	1.1494499278599492e-10
210.8108108108108	0.25301898901950476	65795.08030676928	1.1526888156257037e-10
211.08608608608608	0.25326161631009597	65792.4950571616	1.1501459404391938e-10
211.36136136136136	0.25337409231057423	65789.9099090846	1.1534976869346908e-10
211.63663663663664	0.25328247031007833	65787.32486263922	1.1508768805684853e-10
211.91191191191191	0.2531097722624977	65784.73991771643	1.154295084871801e-10
212.1871871871872	0.2531514311419857	65782.15507441733	1.1515986589744246e-10
212.46246246246247	0.25340739026710574	65779.57033268533	1.149243047457819e-10
212.73773773773775	0.2536915045395686	65776.98569246435	1.1523675724652228e-10
213.01301301301302	0.253835163645432	65774.40115385484	1.1499367308056044e-10
213.2882882882883	0.25377401791110993	65771.81671674832	1.1531511380299503e-10
213.56356356356358	0.2537779872078725	65769.23238124522	1.150645821363816e-10
213.83883883883885	0.2539998549422034	65766.64814723723	1.1539649172842254e-10
214.11411411411413	0.2542094234343561	65764.0640148247	1.1513786025684861e-10
214.3893893893894	0.2543361384791472	65761.47998389926	1.1548168290947849e-10
214.66466466466468	0.25455255764869716	65758.89605456137	1.1521451924821384e-10
214.93993993993996	0.2548066597495243	65756.31222675467	1.1498125859118727e-10
215.21521521521524	0.25490034410149065	65753.72850042339	1.1529604556207736e-10
215.4904904904905	0.25494626925798786	65751.14487566735	1.1505482279207512e-10
215.76576576576576	0.2551434342716837	65748.56135237875	1.153808497833179e-10
216.04104104104104	0.2554145358469456	65745.9779306575	1.1513107476112805e-10
216.31631631631632	0.2556328878624934	65743.39461039571	1.1547097264235877e-10
216.5915915915916	0.2557436507078181	65740.81139169325	1.1521204816222825e-10
216.86686686686687	0.2557640257492703	65738.22827444223	1.1556382535513132e-10
217.14214214214215	0.2558032499645493	65735.64525874256	1.1529555651047482e-10
217.41741741741743	0.25592901547366725	65733.06234453822	1.1506150566219749e-10
217.6926926926927	0.256152415352121	65730.47953177372	1.15383073647605e-10
217.96796796796798	0.2563897661205595	65727.89682054835	1.151401287029813e-10
218.24324324324326	0.25653003955636644	65725.3142107548	1.1547522633285207e-10
218.51851851851853	0.2566175290619822	65722.73170249244	1.1522292168052957e-10
218.7937937937938	0.25673300316547387	65720.14929565389	1.1557096111656353e-10
219.0690690690691	0.2568961976735807	65717.56699033857	1.1530881156531642e-10
219.34434434434436	0.257087947082722	65714.98478649072	1.1508018774098124e-10
219.61961961961964	0.2572409186137029	65712.402684055	1.153998422505458e-10
219.89489489489492	0.25738149231829927	65709.82068313028	1.1516195730023764e-10
220.17017017017017	0.25764050019202495	65707.23878360976	1.1549605921105632e-10
220.44544544544544	0.2579646733627304	65704.65698559234	1.1524810308133087e-10
220.72072072072072	0.2581852057859605	65702.07528897111	1.1559891092980084e-10
220.995995995996	0.25831072662114773	65699.49369384503	1.1534016317735296e-10
221.27127127127127	0.25842431843938757	65696.91220015848	1.1511467247756875e-10
221.54654654654655	0.2585837382143302	65694.33080785642	1.1543706384289325e-10
221.82182182182183	0.25878408637772	65691.74951703724	1.1520152533360272e-10
222.0970970970971	0.2588870602265135	65689.16832759458	1.155388742439063e-10
222.37237237237238	0.25888627965688643	65686.58723962687	1.1529278819971382e-10
222.64764764764766	0.25898669004789343	65684.00625302763	1.1564438495710181e-10
222.92292292292294	0.2591613894243881	65681.42536789544	1.1538719214677814e-10
223.1981981981982	0.2591884667715893	65678.8445841749	1.1516317944800854e-10
223.4734734734735	0.2591477040644275	65676.26390181115	1.154848860031532e-10
223.74874874874877	0.25925108977015277	65673.68332090219	1.1525085224656495e-10
224.02402402402404	0.25949308224697887	65671.1028413421	1.1558806970350776e-10
224.29929929929932	0.2597933675289897	65668.52246322893	1.1534308210767717e-10
224.5745745745746	0.26006690423087286	65665.94218645664	1.1569879621022317e-10
224.84984984984985	0.2602865904541808	65663.3620111233	1.1544191275256943e-10
225.12512512512512	0.26052943693490677	65660.78193717377	1.1521816306751752e-10
225.4004004004004	0.26076847448218193	65658.20196455343	1.1554852285635278e-10
225.67567567567568	0.2608637239639148	65655.62209335984	1.153134747466851e-10
225.95095095095095	0.2608891783022021	65653.04232348737	1.1565950224926935e-10
226.22622622622623	0.26104251511387205	65650.46265503374	1.1541266990517397e-10
226.5015015015015	0.2613172737412306	65647.88308794402	1.1519776772843979e-10
226.77677677677679	0.26161968077003467	65645.30362216383	1.1551987928755628e-10
227.05205205205206	0.2618560419965195	65642.7242577903	1.1529349710046163e-10
227.32732732732734	0.26198533851221223	65640.14499471821	1.1563352640794436e-10
227.60260260260262	0.26208667316959294	65637.56583304484	1.1539497712235851e-10
227.8778778778779	0.26221174072088915	65634.98677266495	1.1575313758968924e-10
228.15315315315317	0.2623530760922877	65632.40781367586	1.155016401852748e-10
228.42842842842845	0.26254840737792645	65629.82895602281	1.1528279252997287e-10
228.70370370370372	0.26285800611342086	65627.25019965161	1.1561655544695972e-10
228.978978978979	0.26315961181643255	65624.67154465901	1.1538519299607233e-10
229.25425425425428	0.2632924795412874	65622.09299094022	1.1573920196290994e-10
229.52952952952953	0.26339118482084317	65619.5145385921	1.1549450177598112e-10
229.8048048048048	0.2636053515759428	65616.93618756015	1.1528166904989393e-10
230.08008008008008	0.2638584502801095	65614.35793779034	1.156117914894641e-10
230.35535535535536	0.2640843261571458	65611.77978937907	1.153861832653259e-10
230.63063063063063	0.2643053438117721	65609.20174222188	1.1573738943183777e-10
230.9059059059059	0.26453332633078813	65606.62379641534	1.1549794517462871e-10
231.1811811811812	0.2647576170347798	65604.04595190508	1.1528978794901325e-10
231.45645645645646	0.26494644174167653	65601.46820863722	1.1561859501379996e-10
231.73173173173174	0.2650676787611198	65598.89056670782	1.1539728505604e-10
232.00700700700702	0.26517259291306805	65596.31302601278	1.157463933031369e-10
232.2822822822823	0.2653208629155309	65593.73558664828	1.1551103477228937e-10
232.55755755755757	0.26548018915911087	65591.1582485602	1.1530653192566191e-10
232.83283283283285	0.2656270928202096	65588.58101169478	1.1563265504801399e-10
233.10810810810813	0.26580252698341494	65586.00387614776	1.1541485419465247e-10
233.3833833833834	0.2660067579432191	65583.42684181541	1.1576283262279535e-10
233.65865865865868	0.26617913090473594	65580.84990879358	1.1553060525321501e-10
233.93393393393396	0.26632653275069357	65578.27307702825	1.1532890568152013e-10
234.2092092092092	0.2664932530952621	65575.69634646589	1.1565481217865956e-10
234.48448448448448	0.2665434681840633	65573.11971720186	1.1543950657984301e-10
234.75975975975976	0.266336803424027	65570.54318913272	1.1578388374780657e-10
235.03503503503504	0.2661420449268528	65567.96676235394	1.1555461014357936e-10
235.3103103103103	0.2661927002985063	65565.3904368118	1.1535553423391913e-10
235.5855855855856	0.2662945062294001	65562.81421245291	1.156743697991772e-10
235.86086086086087	0.2663262524633666	65560.23808937226	1.1546228723494322e-10
236.13613613613614	0.2664024516148698	65557.66206746688	1.1580060846546579e-10
236.41141141141142	0.26654592774256186	65555.08614683188	1.1557465095610512e-10
236.6866866866867	0.266673581592781	65552.51032736414	1.159350045768267e-10
236.96196196196198	0.26680672301300856	65549.93460915891	1.1569410285736117e-10
237.23723723723725	0.2670156352217844	65547.35899216248	1.1548486344693567e-10
237.51251251251253	0.2672525999731851	65544.78347632165	1.1582298760075188e-10
237.7877877877878	0.26745034450236616	65542.20806173119	1.1559942646064379e-10
238.06306306306308	0.26762936689029737	65539.63274828829	1.159612211077964e-10
238.33833833833836	0.26780521739269764	65537.05753608787	1.1572215849687607e-10
238.61361361361364	0.2679447289660481	65534.482425076385	1.1551462457694275e-10
238.88888888888889	0.26804309783209573	65531.90741520075	1.1585362225911149e-10
239.16416416416416	0.26813766867483046	65529.33250655542	1.1563151165384948e-10
239.43943943943944	0.26825081702967385	65526.75769903794	1.1599359380736408e-10
239.71471471471472	0.26838567579748446	65524.18299274291	1.1575578375767854e-10
239.98998998999	0.2685018858772467	65521.60838761694	1.1554939856908248e-10
240.26526526526527	0.2685649882349155	65519.03388360712	1.1588829968057426e-10
240.54054054054055	0.26865780696040015	65516.459480807585	1.156672003595124e-10
240.81581581581582	0.2688431366003157	65513.885179165205	1.1547539601223002e-10
241.0910910910911	0.2690480660510778	65511.31097862731	1.1579396670763771e-10
241.36636636636638	0.26924317926054925	65508.73687928759	1.1558808507063203e-10
241.64164164164166	0.2694960714898325	65506.162881044336	1.1593082986404936e-10
241.91691691691693	0.26977676708918463	65503.58898399142	1.1570950247171026e-10
242.1921921921922	0.2699695965018167	65501.01518807581	1.1551756860328634e-10
242.4674674674675	0.2701288892631657	65498.441493244936	1.1584146913491344e-10
242.74274274274276	0.2703841551064539	65495.86789959227	1.1563475449108257e-10
243.01801801801804	0.27070575478722075	65493.29440701636	1.1598528236250372e-10
243.29329329329332	0.27099535729155555	65490.721015610805	1.1576216565837533e-10
243.56856856856857	0.271117226694578	65488.147725322684	1.1556877287793235e-10
243.84384384384384	0.27108243002989174	65485.574536099535	1.1589922706988439e-10
244.11911911911912	0.27119313742636747	65483.00144803459	1.156904915302469e-10
244.3943943943944	0.2714582430323445	65480.428461026655	1.1604752139324423e-10
244.66966966966967	0.2715226934971246	65477.85557516905	1.158218913139593e-10
244.94494494494495	0.27138828397752135	65475.28279040897	1.1562643555940998e-10
245.22022022022023	0.2713130593652911	65472.71010669415	1.1595986870203132e-10
245.4954954954955	0.27138621318696143	65470.13752411753	1.1574896921872471e-10
245.77077077077078	0.27159826955854754	65467.56504257819	1.161084829263526e-10
246.04604604604606	0.2718551833773383	65464.99266216925	1.1588057950581545e-10
246.32132132132134	0.2720753814444105	65462.42038283807	1.156830472253144e-10
246.5965965965966	0.2722619583328442	65459.84820453247	1.1602440630898132e-10
246.8718718718719	0.2724296613348381	65457.276127345125	1.1581051975284045e-10
247.14714714714717	0.27259197416806	65454.704151223625	1.1562526471909233e-10
247.42242242242244	0.27276828930437036	65452.132276116005	1.1594888926928479e-10
247.69769769769772	0.2729757788465267	65449.56050211455	1.1574796407454078e-10
247.972972972973	0.27315683597322404	65446.98882911894	1.1609900843799595e-10
248.24824824824825	0.27323900278336727	65444.41725722163	1.1588092082933292e-10
248.52352352352352	0.2732959726156942	65441.845786370286	1.1569209018898846e-10
248.7987987987988	0.2734289400067884	65439.27441651308	1.1602395602202975e-10
249.07407407407408	0.2736714138655447	65436.703147742104	1.1581883059118007e-10
249.34934934934935	0.2739643613458307	65434.13197995727	1.1618048988111493e-10
249.62462462462463	0.27410996672330756	65431.560913250796	1.1595727815108244e-10
249.8998998998999	0.27412562958470027	65428.98994757046	1.157640540449646e-10
250.17517517517518	0.2742664680040849	65426.41908286452	1.1610679112317757e-10
250.45045045045046	0.27449414077442585	65423.84831922488	1.1589640710696961e-10
250.72572572572574	0.2745978924660142	65421.277656599494	1.1571435355568376e-10
251.00100100100101	0.2746581956123621	65418.707094936784	1.1603989957902826e-10
251.2762762762763	0.27484019429740264	65416.13663432826	1.1584149919855452e-10
251.55155155155157	0.27514868309199725	65413.56627467442	1.1619702193942135e-10
251.82682682682685	0.2754885960239649	65410.99601606699	1.1598034438150759e-10
252.10210210210212	0.2756313040092471	65408.425858453986	1.157928584463584e-10
252.3773773773774	0.2755861984008458	65405.8558017839	1.1613154958023951e-10
252.65265265265268	0.2757053460775536	65403.28584614807	1.1592673838242481e-10
252.92792792792793	0.27603097246246017	65400.71599149482	1.1574954818526915e-10
253.2032032032032	0.2763324667526876	65398.146237772846	1.1607459208808342e-10
253.47847847847848	0.2765445296904777	65395.576585073075	1.1588035757458688e-10
253.75375375375376	0.276701450264602	65393.0070332965	1.1623612446181025e-10
254.02902902902903	0.2768713371527105	65390.437582534316	1.1602309992657375e-10
254.3043043043043	0.27709487934038146	65387.86823273484	1.1583885635994741e-10
254.5795795795796	0.2773028796530306	65385.29898384687	1.1618028036204942e-10
254.85485485485486	0.2774692531340352	65382.72983596121	1.159777840363296e-10
255.13013013013014	0.2776745322364647	65380.160789026384	1.1580274540188483e-10
255.40540540540542	0.2779115006229726	65377.591842991336	1.1613094915804468e-10
255.6806806806807	0.2780758219751315	65375.02299794653	1.1593815839986823e-10
255.95595595595597	0.2781668793272838	65372.45425379344	1.1629817962245022e-10
256.2312312312313	0.2782556573433274	65369.88561062278	1.1608585186763776e-10
256.5065065065065	0.2784102327037	65367.31706838312	1.1590232095562574e-10
256.7817817817818	0.2786579237013031	65364.748627023466	1.1624829289451912e-10
257.0570570570571	0.2788807722380252	65362.18028663422	1.1604574478194467e-10
257.3323323323324	0.27899269517472713	65359.61204716407	1.1587076947555127e-10
257.60760760760763	0.2790511094698104	65357.04390856218	1.1620293292230885e-10
257.8828828828829	0.27911939394166957	65354.47587091858	1.1600971845431411e-10
258.15815815815813	0.2792416292406893	65351.90793413522	1.1637464702863687e-10
258.43343343343344	0.2794285489605137	65349.34009830238	1.1616122275049015e-10
258.70870870870874	0.2796633056675716	65346.77236336886	1.1597678864014925e-10
258.983983983984	0.27991873211064583	65344.20472928389	1.1632953614496381e-10
259.25925925925924	0.2801559457390855	65341.63719613739	1.1612526255411433e-10
259.53453453453454	0.2803031810353558	65339.06976387832	1.1594885190853769e-10
259.80980980980985	0.28035462674884976	65336.502432456015	1.1628880448547646e-10
260.0850850850851	0.2805108968565588	65333.93520196014	1.1609324949544424e-10
260.36036036036035	0.28082144761189026	65331.36807233984	1.159243993512712e-10
260.63563563563565	0.28103760513285125	65328.80104354462	1.1625393781993082e-10
260.91091091091096	0.28114393062148335	65326.23411566376	1.1606626764148088e-10
261.1861861861862	0.28136655027460666	65323.66728859992	1.164313372480747e-10
261.46146146146145	0.28165515815671865	65321.10056244271	1.162225719607402e-10
261.73673673673676	0.28181376398568486	65318.53393714124	1.160423397369492e-10
262.01201201201206	0.28186162386187646	65315.96741264505	1.1639580860419339e-10
262.2872872872873	0.2818811472788977	65313.400989043366	1.1619514480623962e-10
262.56256256256256	0.28188739779086197	65310.83466628552	1.1602201031547735e-10
262.8378378378378	0.2819018275257236	65308.26844432122	1.163616377178282e-10
263.1131131131131	0.28198752363939905	65305.70232323941	1.1616894308685192e-10
263.3883883883884	0.2821310557162998	65303.13630298958	1.160027089154696e-10
263.66366366366367	0.2822244407685485	65300.570383521575	1.163306629876467e-10
263.9389389389389	0.28228912026703945	65298.004564924035	1.1614546981139061e-10
264.2142142142142	0.2824342170855314	65295.4388471003	1.1650875475268373e-10
264.48948948948953	0.282624485140307	65292.87323013926	1.1630238073663358e-10
264.7647647647648	0.2827741891943916	65290.30771399039	1.161242968213628e-10
265.04004004004	0.2828851577112091	65287.74229860361	1.1647627877901107e-10
265.31531531531533	0.2829672933795829	65285.176984067475	1.1627759348425876e-10
265.59059059059064	0.2829883064362973	65282.61177033161	1.161062441695978e-10
265.8658658658659	0.2829732228275608	65280.04665734607	1.1644518753938978e-10
266.14114114114113	0.2830422720885311	65277.48164519916	1.1625409909682871e-10
266.41641641641644	0.2832043111549973	65274.916733840684	1.1608932324637655e-10
266.69169169169174	0.2833602078375729	65272.35192322086	1.16417521296453e-10
266.966966966967	0.28349243222020937	65269.78721342761	1.1623348114814813e-10
267.24224224224224	0.283634035064914	65267.222604364964	1.1659825507365503e-10
267.5175175175175	0.2838137496752196	65264.65809612115	1.1639263581845028e-10
267.7927927927928	0.28403258592023595	65262.09368864601	1.162152674192259e-10
268.0680680680681	0.284206340169912	65259.52938188973	1.1657022381069069e-10
268.34334334334335	0.2843060216739726	65256.96517594027	1.1637168795564761e-10
268.6186186186186	0.28444157027538985	65254.401070747575	1.1620052107824005e-10
268.8938938938939	0.2846165288522468	65251.83706626204	1.165453449198092e-10
269.1691691691692	0.2846992651489708	65249.273162571284	1.1635352080042037e-10
269.44444444444446	0.2847202654223046	65246.709359625405	1.1618823116794288e-10
269.7197197197197	0.2848211354830066	65244.14565737495	1.1652215451018346e-10
269.994994994995	0.28503183170716384	65241.58205590728	1.16336846765231e-10
270.2702702702703	0.2853038396953122	65239.0185551727	1.1617717585160622e-10
270.54554554554556	0.28547539669542693	65236.45515512182	1.165033720478292e-10
270.8208208208208	0.285472141245885	65233.89185584168	1.1632398026765294e-10
271.0960960960961	0.285505620491656	65231.32865723716	1.1668677838338144e-10
271.3713713713714	0.2856867953777863	65228.76555939565	1.1648540363190922e-10
271.6466466466467	0.28591604686680727	65226.202562267434	1.1631183226580213e-10
271.9219219219219	0.2861493097181481	65223.63966580316	1.1666668091846854e-10
272.19719719719717	0.28640503630586384	65221.07687008992	1.1647131444571152e-10
272.4724724724725	0.28666064207563974	65218.51417507812	1.1630298905715598e-10
272.7477477477478	0.28688015405308814	65215.951580718516	1.16651234665452e-10
273.02302302302303	0.28708775845971235	65213.389087097945	1.164612878746227e-10
273.2982982982983	0.28731340208052747	65210.82669416694	1.1629770603513541e-10
273.5735735735736	0.2875414528859862	65208.264401876404	1.1663973557295645e-10
273.8488488488489	0.2877335207728704	65205.702210312906	1.1645470869140034e-10
274.12412412412414	0.28782908074281954	65203.14011942708	1.1629545662934522e-10
274.3993993993994	0.28787208546600995	65200.57812916998	1.166298720746404e-10
274.6746746746747	0.2880132505056698	65198.01623962791	1.1644965398128883e-10
274.94994994995	0.2882111782293885	65195.454450751684	1.162945673126639e-10
275.22522522522524	0.288321456655698	65192.89276249244	1.1662245217701024e-10
275.5005005005005	0.2884522145461482	65190.33117493624	1.164466858858932e-10
275.7757757757758	0.2887382241875741	65187.769688034045	1.1629546502460062e-10
276.0510510510511	0.2889884626140153	65185.20830173714	1.166185977102577e-10
276.32632632632635	0.2890732228235947	65182.64701613129	1.1644677504115048e-10
276.6016016016016	0.28919058756894667	65180.08583112263	1.1681092882405434e-10
276.87687687687685	0.28941819982343964	65177.52474679732	1.1661575475775146e-10
277.15215215215215	0.2896054246071967	65174.96376310622	1.1644777132998562e-10
277.42742742742746	0.2897232170305652	65172.40288000059	1.168065235966867e-10
277.7027027027027	0.2898551069340898	65169.84209756631	1.166154017775539e-10
277.97797797797796	0.29000789248060715	65167.28141575438	1.1645096416386684e-10
278.25325325325326	0.29015136319819806	65164.72083451618	1.1680418886446228e-10
278.52852852852857	0.29028634445102025	65162.160353937375	1.166168535993274e-10
278.8038038038038	0.2904346553693801	65159.599973969074	1.164557218262324e-10
279.07907907907907	0.2906497554470509	65157.03969456279	1.1680428270983158e-10
279.35435435435437	0.2909258890240664	65154.479515803934	1.1662036495747788e-10
279.6296296296297	0.29114671145403204	65151.91943764376	1.1646221091031687e-10
279.9049049049049	0.2912820039874931	65149.35946003383	1.168074218310832e-10
280.1801801801802	0.29140239169746085	65146.79958305935	1.166265639090426e-10
280.4554554554555	0.2915283588317212	65144.23980667168	1.1647110465585835e-10
280.7307307307308	0.29164006440359685	65141.68013082251	1.1681187484594538e-10
281.00600600600603	0.29169456545048555	65139.120555596826	1.1663395028060472e-10
281.2812812812813	0.29166076530139967	65136.56108094606	1.1648108117747531e-10
281.5565565565566	0.2915858075372456	65134.001706822026	1.168151113673568e-10
281.83183183183183	0.2915478457353757	65131.44243330948	1.1664038925431674e-10
282.10710710710714	0.2916510867119263	65128.88326036004	1.1649026849852808e-10
282.3823823823824	0.29192666498254877	65126.32418792568	1.168197847989705e-10
282.6576576576577	0.2922981970437176	65123.76521609094	1.166478717639894e-10
282.93293293293294	0.29260081035137026	65121.2063448075	1.165001786929479e-10
283.20820820820825	0.2926435447613327	65118.64757402736	1.1682765925600462e-10
283.4834834834835	0.2925842150375821	65116.088903834796	1.1665823690009847e-10
283.75875875875874	0.29268643819065976	65113.53033418164	1.1651275459553894e-10
284.03403403403405	0.292871856646271	65110.971865020074	1.1683600488275715e-10
284.3093093093093	0.29301815555084476	65108.41349643417	1.1666898166821805e-10
284.5845845845846	0.2931655319241868	65105.85522837585	1.165255898299195e-10
284.85985985985985	0.29334841495698993	65103.297060797384	1.1684614448430185e-10
285.13513513513516	0.29354663259747255	65100.738993782645	1.166812656656375e-10
285.4104104104104	0.29377252554465294	65098.18102728367	1.1653974006760736e-10
285.6856856856857	0.2940609487764573	65095.62316125284	1.1685934980854837e-10
285.96096096096096	0.29426535594836234	65093.065395773796	1.166961694648258e-10
286.23623623623627	0.29419534689935956	65090.507730798614	1.165561946805318e-10
286.5115115115115	0.2941006658818988	65087.95016627974	1.1687162554315774e-10
286.7867867867868	0.2942655357056786	65085.3927023007	1.1671041972158412e-10
287.06206206206207	0.2945043214610899	65082.835338769975	1.1707157139179968e-10
287.3373373373374	0.2946535643086553	65080.27807577138	1.168857520909674e-10
287.6126126126126	0.29480968178139405	65077.72091325695	1.1672616483524756e-10
287.8878878878879	0.2950264723644286	65075.1638511791	1.1708596536324744e-10
288.1631631631632	0.2952623382721687	65072.606889621464	1.1690169185829714e-10
288.4384384384384	0.2954703127217113	65070.05002853617	1.1674346095763166e-10
288.71371371371373	0.29561131205661867	65067.49326787569	1.1710278213540844e-10
288.988988988989	0.2957042632967301	65064.936607723466	1.1691977042095638e-10
289.2642642642643	0.29579560568698243	65062.38004803173	1.167626760281995e-10
289.53953953953953	0.29593076459447526	65059.82358875307	1.1712038194964913e-10
289.81481481481484	0.2961301966265858	65057.26722997077	1.1693853309343487e-10
290.0900900900901	0.29635014430202344	65054.71097163714	1.1678244216953613e-10
290.3653653653654	0.2965563495208963	65052.15481370485	1.171406649687841e-10
290.64064064064064	0.2967451040576884	65049.59875625699	1.169595781311479e-10
290.91591591591595	0.29689692946006985	65047.04279924596	1.168041868435261e-10
291.1911911911912	0.2969820446698653	65044.48694262451	1.1716227592249533e-10
291.4664664664665	0.2970510406649985	65041.93118647554	1.1698184145945405e-10
291.74174174174175	0.29719310916823644	65039.37553075156	1.168270338460105e-10
292.01701701701705	0.29744048399939627	65036.819975405466	1.1718554545734154e-10
292.2922922922923	0.2977706699602117	65034.26452051998	1.1700545188821226e-10
292.5675675675676	0.2980486743121155	65031.70916604771	1.1685094566739187e-10
292.84284284284286	0.29821983266710195	65029.15391194154	1.1721230291087687e-10
293.1181181181181	0.2984285912181055	65026.59875828405	1.1703209385082133e-10
293.3933933933934	0.2986748146094905	65024.043705027936	1.1687752214830153e-10
293.66866866866866	0.298773906429732	65021.48875216923	1.1674515181405316e-10
293.94394394394396	0.29878850492538384	65018.93389966117	1.170602046906001e-10
294.2192192192192	0.2989298519218835	65016.379147585656	1.1690543514376414e-10
294.4944944944945	0.2990817394536207	65013.82449589572	1.1677289953455973e-10
294.76976976976977	0.2990692105832381	65011.26994454471	1.1708874360960922e-10
295.0450450450451	0.2991052017896656	65008.71549361429	1.169337330594595e-10
295.3203203203203	0.2993542476568571	65006.16114305766	1.1680098577339197e-10
295.5955955955956	0.2996086065312794	65003.606892828255	1.171192017807762e-10
295.8708708708709	0.29975364945485883	65001.05274300758	1.1696360613793508e-10
296.1461461461462	0.29989523810237056	64998.498693548834	1.1683039384199057e-10
296.4214214214214	0.30008511655366055	64995.94474440555	1.1715108477608875e-10
296.69669669669673	0.30030416006134397	64993.39089565911	1.1699472824291758e-10
296.971971971972	0.300491048633123	64990.8371472628	1.1686087309312917e-10
297.2472472472473	0.3005875317216516	64988.28349917018	1.1718457541952369e-10
297.52252252252254	0.30067422147759754	64985.72995146248	1.170272701080684e-10
297.7977977977978	0.3008208264487917	64983.176504093084	1.1689261819493413e-10
298.0730730730731	0.30091609569736305	64980.62315701564	1.1721878095525224e-10
298.34834834834834	0.3008904212598291	64978.069910311184	1.17060456921759e-10
298.62362362362364	0.30081830950519883	64975.51676393317	1.1692496958967546e-10
298.8988988988989	0.3008040798787549	64972.96371783534	1.1725126984282395e-10
299.1741741741742	0.30095565538697033	64970.41077209865	1.1709218694296934e-10
299.44944944944945	0.3012163722380414	64967.857926676654	1.1695600343923909e-10
299.72472472472475	0.3014127293490767	64965.30518152314	1.1728614386405665e-10
300.0	0.3013687707641196	64962.752536718835	1.1712591520542016e-10
