0.0049495073657882215	1.598662788355996	6208.075450495293	6.725413888538554	0.000977284717912434
25.0	0.04559468438538207	33212.0	10.0
25.275275275275277	0.04637471260889282	33962.392115480456	9.177269839202824
25.55055055055055	0.04714005273578965	34661.116654681886	8.410303127095249
25.825825825825827	0.04787670651397079	35310.19057477919	7.696929479232271
26.1011011011011	0.04868172381971504	35912.925830340166	7.033574803061031
26.376376376376378	0.04954926121793032	36472.254069292605	6.4170761148572275
26.65165165165165	0.050316203047040126	36989.22639341277	5.846307160336274
26.926926926926928	0.05101493582340865	37465.559851206875	5.319419830907382
27.2022022022022	0.05183214440916759	37904.69310791589	4.832700149167065
27.47747747747748	0.052703308419482155	38309.13625344214	4.383439253596134
27.75275275275275	0.05346873123787107	38680.120962254645	3.970312719974337
28.02802802802803	0.054187782486816945	39019.48582516775	3.591338173782745
28.303303303303302	0.05496230949930383	39329.66929860363	3.2438827524711664
28.57857857857858	0.05581135581598197	39612.99162088375	2.9254409746395753
28.853853853853856	0.056691886870891335	39871.352480506735	2.6339623506835443
29.12912912912913	0.057482700220744525	40106.042365151276	2.368055908593277
29.404404404404403	0.05817714370552467	40318.4183587729	2.126258144372969
29.67967967967968	0.05889015141097053	40510.274748045354	1.9066314499977313
29.954954954954957	0.05959986861144312	40683.213905688885	1.7074456342158348
30.23023023023023	0.06021945633953663	40838.51906302431	1.5273158293632083
30.505505505505504	0.06086494649143868	40977.74970642308	1.3645574716594828
30.78078078078078	0.0616626624868473	41102.59567736628	1.2173443031983597
31.056056056056057	0.062466713265133755	41214.241024911214	1.0843976002406248
31.33133133133133	0.06318157092281827	41313.63517442453	0.9646925090853363
31.606606606606608	0.06396101328940622	41401.94896724354	0.8569639949933724
31.88188188188188	0.06482980729675672	41480.265116664705	0.7600421688652318
32.15715715715716	0.06560478098070864	41549.33514366241	0.6731156729977426
32.432432432432435	0.06627001868825616	41609.8880926981	0.5953972840788848
32.70770770770771	0.06694797795934039	41662.75255257608	0.5259917098408853
32.98298298298298	0.0676510910917175	41708.69355481752	0.4640722807757588
33.25825825825826	0.06834604588692433	41748.38068277095	0.40891552247060936
33.533533533533536	0.06905948511680951	41782.44568419789	0.359838760122669
33.808808808808806	0.0698226201498931	41811.47799340074	0.316204981335114
34.08408408408408	0.07062826418113805	41836.0014486395	0.27744807516014147
34.35935935935936	0.07142812906458243	41856.46646050162	0.2430813368154688
34.63463463463464	0.07212216893665423	41873.249500354264	0.21269804337307147
34.90990990990991	0.07274867541232825	41886.72212434291	0.18589668771764462
35.18518518518518	0.07347422463628621	41897.2755147584	0.16225438934934777
35.46046046046046	0.07424825459011933	41905.238123416646	0.14141612218559202
35.73573573573574	0.07492508089077163	41910.871029057824	0.12309976313999121
36.01101101101101	0.07564757282772216	41914.44508066438	0.10701252685529133
36.286286286286284	0.07656278423660373	41916.22318256767	0.0928701569613649
36.56156156156156	0.07743963579639195	41916.39648939294	0.08046606129951321
36.83683683683684	0.0781163261814509	41915.12124327653	0.06963141967413873
37.112112112112115	0.07874843560381965	41912.56493581574	0.06018517746862313
37.38738738738739	0.07942055065871126	41908.886289907125	0.05195573207736382
37.66266266266266	0.08007925256344078	41904.22054017196	0.04479688415718575
37.93793793793794	0.08071846441540387	41898.687819508996	0.038578757635152894
38.213213213213216	0.08137262362283336	41892.3970924149	0.033183542354621134
38.488488488488485	0.08204477624879052	41885.444443884306	0.02850735131654742
38.76376376376376	0.082721898235398	41877.91379776726	0.024459446097433245
39.03903903903904	0.08338917380114358	41869.87859951712	0.02096041713898107
39.314314314314316	0.08405661268191865	41861.40405485947	0.01793976120384074
39.58958958958959	0.08479881739519826	41852.54947883695	0.015333338584519912
39.86486486486486	0.08557142294498539	41843.36507256609	0.013086867216888162
40.14014014014014	0.08613779972024854	41833.89017347919	0.011157821211689652
40.41541541541542	0.08653435158639802	41824.161829274955	0.009506144125495202
40.690690690690694	0.08705544361263279	41814.2176531361	0.008091155990316396
40.965965965965964	0.08772734838310865	41804.0896612207	0.006878230245959604
41.24124124124124	0.08842625378440039	41793.80355445715	0.005839573553636572
41.51651651651652	0.08913263691387567	41783.38143475263	0.004951284619920881
41.791791791791795	0.08985149869321764	41772.84255924539	0.0041925380137659216
42.06706706706707	0.09054164230015092	41762.203387428264	0.003545533939342239
42.34234234234234	0.09118442273483836	41751.47821226832	0.00299481523277375
42.61761761761762	0.09182479195960062	41740.679735899546	0.0025266442321878364
42.892892892892895	0.09250989506468701	41729.819099633314	0.002128970967295303
43.168168168168165	0.09327485839096633	41718.90596037688	0.0017913499535253236
43.44344344344344	0.09407381596463588	41707.948398004664	0.001505041958632825
43.71871871871872	0.09481329303133544	41696.95314735615	0.00126276273990144
43.993993993993996	0.0954937868146744	41685.92609122986	0.0010581492755918954
44.26926926926927	0.0961581831198112	41674.872409807474	0.0008855981136892012
44.54454454454455	0.09684509779128289	41663.79660441214	0.000740239834229947
44.81981981981982	0.09757337583590299	41652.702530659226	0.0006179033287645405
45.0950950950951	0.09831540402043126	41641.59343746473	0.0005150737233133604
45.37037037037037	0.0990219686617773	41630.472059508545	0.0004287923713974349
45.645645645645644	0.09962628372630579	41619.340704775605	0.0003565621531138884
45.92092092092092	0.10014547039900666	41608.20138006435	0.00029621161090603756
46.1961961961962	0.10067051767992315	41597.05584690705	0.0002458344477084433
46.471471471471475	0.10124039129656902	41585.905604356456	0.00020380824934777554
46.74674674674675	0.10185278789570791	41574.751907759564	0.0001687742200337356
47.02202202202202	0.1024508785515889	41563.59579610771	0.00013960761979145683
47.2972972972973	0.10300053898432956	41552.4381411786	0.00011536458201124314
47.572572572572575	0.10359636134164882	41541.279697882586	9.522761213766608e-05
47.847847847847845	0.10426444470975592	41530.121099833894	7.851042037234966e-05
48.12312312312312	0.1048599378933557	41518.96286719089	6.464945903043131e-05
48.3983983983984	0.10536343806487197	41507.80542438358	5.318475153020663e-05
48.673673673673676	0.10591281288524192	41496.649148354314	4.3707650674866336e-05
48.94894894894895	0.10653781241231014	41485.49435372785	3.587692064956151e-05
49.22422422422423	0.10718743063401891	41474.34129806701	2.9413060522413373e-05
49.4994994994995	0.10782610837396768	41463.19019446735	2.4084674533695608e-05
49.77477477477478	0.10844051006344124	41452.041220693885	1.969858531678154e-05
50.05005005005005	0.10907680155274477	41440.89452666337	1.6091737113795615e-05
50.32532532532532	0.10976399512018087	41429.75023737409	1.3128029340747368e-05
50.6006006006006	0.11045596185267284	41418.6084551949	1.0695843500659907e-05
50.87587587587588	0.11111094490268203	41407.46926449992	8.703027877361823e-06
51.151151151151154	0.11171146844874108	41396.332735375814	7.072885730761682e-06
51.42642642642643	0.11229083110278824	41385.19892640802	5.741161712023232e-06
51.70170170170171	0.112910788059504	41374.06788640937	4.6541734922530725e-06
51.97697697697698	0.11349844039801023	41362.93965488688	3.768307169883914e-06
52.252252252252255	0.11394906843507421	41351.81426389354	3.048013440671365e-06
52.527527527527525	0.11437161304479976	41340.69174057937	2.4630462075667328e-06
52.8028028028028	0.11490627269066284	41329.57210761301	1.9880073781202784e-06
53.07807807807808	0.11558082420725271	41318.45538325693	1.6022663647723116e-06
53.353353353353356	0.11631526232353369	41307.34158193705	1.2893438731714768e-06
53.62862862862863	0.1168847321797032	41296.23071488723	1.0362141149518915e-06
53.90390390390391	0.11730744814205847	41285.12279140904	8.319415321559517e-07
54.17917917917918	0.11785159805273085	41274.01781940171	6.67108155050104e-07
54.454454454454456	0.11840533219144662	41262.91580495284	5.342560474723723e-07
54.729729729729726	0.11868038538107908	41251.816752655184	4.2754377510712676e-07
55.005005005005	0.11897205533938462	41240.72066640608	3.418830778968389e-07
55.28028028028028	0.11963835535713829	41229.62754936814	2.7298217272066573e-07
55.55555555555556	0.12037030958497993	41218.537403712384	2.1762113766291743e-07
55.830830830830834	0.12090356933098345	41207.450230960625	1.73281207404832e-07
56.10610610610611	0.12142021839760742	41196.36603228723	1.3782033778941907e-07
56.38138138138139	0.12199314032380663	41185.28480850658	1.0948632380620961e-07
56.65665665665666	0.12247596342037843	41174.20656009218	8.689486604610091e-08
56.931931931931935	0.12287446870554325	41163.131287281736	6.891663304365587e-08
57.20720720720721	0.1233211478909112	41152.05899013014	5.4620919207448984e-08
57.48248248248248	0.12383331427520904	41140.989668521164	4.326221329832732e-08
57.75775775775776	0.12437140915742924	41129.923322196824	3.424795889748379e-08
58.033033033033036	0.12491570131969068	41118.859950789185	2.7104274869528895e-08
58.30830830830831	0.1254632546666769	41107.799553843426	2.1451092914514988e-08
58.58358358358358	0.126040317671791	41096.742131021	1.6782579299229903e-08
58.85885885885886	0.12662678296457547	41085.68768151226	1.3097034886106498e-08
59.134134134134136	0.12712185596948766	41074.636205508934	1.0380642976511493e-08
59.40940940940941	0.1275591968798336	41063.58770166869	8.231447629348237e-09
59.68468468468468	0.1281025921863684	41052.54216929905	6.531673298969459e-09
59.95995995995996	0.12872318290089033	41041.49960768446	5.188441524689854e-09
60.23523523523524	0.12928605078026384	41030.46001609028	4.129012448142869e-09
60.510510510510514	0.12978591391963282	41019.42339376854	3.2949944178412508e-09
60.78578578578579	0.1302725947551866	41008.38973996093	2.6393745157250264e-09
61.06106106106106	0.1308119648215228	40997.359053900684	2.1245047852300947e-09
61.33633633633634	0.13143158698185747	40986.331334813935	1.7205478098038947e-09
61.611611611611615	0.1320709654720597	40975.306581920486	1.4040985250196851e-09
61.88688688688689	0.13265651314889726	40964.28479447342	1.1567614001597413e-09
62.16216216216216	0.13312117840692683	40953.265971704874	9.638605365533908e-10
62.43743743743744	0.13353981958446332	40942.25011282814	8.136063178454586e-10
62.712712712712715	0.1340682825175097	40931.23721705461	6.965877662769532e-10
62.98798798798799	0.1346106402287131	40920.22728158379	6.261860067969884e-10
63.26326326326326	0.13501628182292688	40909.22030764433	5.680981179691947e-10
63.53853853853854	0.13544625039361535	40898.216294441496	5.201793545668368e-10
63.813813813813816	0.13603803044953555	40887.21524118052	4.806678759493427e-10
64.0890890890891	0.13663283526889874	40876.21714706652	4.480925492723588e-10
64.36436436436436	0.13713358688319907	40865.22201130459	4.2123284848197787e-10
64.63963963963964	0.1376166398030804	40854.22983309989	3.990879642607777e-10
64.91491491491492	0.1381245380511449	40843.240611657646	3.808347625114466e-10
65.1901901901902	0.1386461279138927	40832.25434618319	3.6579299942829966e-10
65.46546546546547	0.13911312861184535	40821.27103588189	3.5339878128847255e-10
65.74074074074073	0.1394639308655955	40810.290679959304	3.4318571525995326e-10
66.01601601601601	0.1398702194116023	40799.313277621135	3.3477540389083213e-10
66.29129129129129	0.1404735589549198	40788.33882807333	3.27858174162896e-10
66.56656656656656	0.1410310535314249	40777.36733052191	3.2217157236021564e-10
66.84184184184184	0.1414124683083187	40766.39878417299	3.1749729738857577e-10
67.11711711711712	0.1418654296771186	40755.43318823299	3.1366046328549585e-10
67.3923923923924	0.14245195577963451	40744.47054190857	3.1051708028689927e-10
67.66766766766767	0.14296838657488786	40733.51084440646	3.079452237383949e-10
67.94294294294295	0.14341118018813406	40722.55409493357	3.0584463798108176e-10
68.21821821821823	0.14391478689409315	40711.6002926971	3.041340989549016e-10
68.4934934934935	0.14442744200612606	40700.649436904416	3.027459422950547e-10
68.76876876876878	0.1448496421783241	40689.70152676305	3.016236155558691e-10
69.04404404404404	0.14524982381013285	40678.756561480746	3.0072107940592584e-10
69.31931931931932	0.14567205019985013	40667.81454026551	3.0000056140984365e-10
69.5945945945946	0.14598883819459396	40656.87546232546	2.9943023826023714e-10
69.86986986986987	0.14617787721886508	40645.93932686892	2.9898389653321976e-10
70.14514514514515	0.1464083341617573	40635.006133104536	2.986405781963996e-10
70.42042042042041	0.14671552838794494	40624.07588024115	2.9838296331455243e-10
70.69569569569569	0.1470065989495231	40613.14856748778	2.981963727121656e-10
70.97097097097097	0.1473008121625487	40602.22419405364	2.9806871132304895e-10
71.24624624624624	0.14767113903186316	40591.30275914824	2.9799009878881914e-10
71.52152152152152	0.14811666092544978	40580.384261981264	2.9795230091306e-10
71.7967967967968	0.14859811050647095	40569.4687017626	2.9794839891673926e-10
72.07207207207207	0.1490361670789708	40558.55607770229	2.97972533429455e-10
72.34734734734735	0.14940372127357887	40547.64638901061	2.980198379613388e-10
72.62262262262263	0.14978505773762707	40536.73963489804	2.980864112086364e-10
72.8978978978979	0.15022101054921114	40525.83581457536	2.981690608784545e-10
73.17317317317318	0.15068669585234076	40514.93492725347	2.982651019210037e-10
73.44844844844846	0.15113765302390103	40504.03697214351	2.983722586993995e-10
73.72372372372374	0.15152293824766386	40493.14194845682	2.9848860073577544e-10
73.998998998999	0.15182629038314002	40482.249855404894	2.9861252371377266e-10
74.27427427427428	0.15206328733738617	40471.360692199465	2.9874271892387516e-10
74.54954954954955	0.15231712711086354	40460.47445805255	2.9887817190903987e-10
74.82482482482483	0.152657038099739	40449.59115217637	2.9901808922870783e-10
75.1001001001001	0.1530786888000449	40438.710773783394	2.9916179971434676e-10
75.37537537537537	0.15355664555579018	40427.83332208624	2.9930872131031526e-10
75.65065065065065	0.15404997163334674	40416.95879629779	2.9945833867002884e-10
75.92592592592592	0.15450813523172394	40406.08719563102	2.996101896504239e-10
76.2012012012012	0.15488268661760643	40395.218519299175	2.99763860907728e-10
76.47647647647648	0.1552134625682065	40384.35276651569	2.9991903747290765e-10
76.75175175175175	0.15556828187566066	40373.48993649425	3.00075500491912e-10
77.02702702702703	0.15591170518534625	40362.63002844874	3.002330452245937e-10
77.30230230230231	0.15621955150433803	40351.77304159323	3.0039148684385365e-10
77.57757757757759	0.1566002095735129	40340.91897514208	3.005507355747555e-10
77.85285285285286	0.15709630609453945	40330.06782830986	3.0071073918313084e-10
78.12812812812814	0.15759245427413843	40319.21960031133	3.00871386011106e-10
78.40340340340342	0.15804647399133093	40308.37429036139	3.010325597138295e-10
78.67867867867868	0.15850613693571186	40297.53189767521	3.011941903240681e-10
78.95395395395396	0.15892039705997762	40286.69242146812	3.013561919034213e-10
79.22922922922923	0.15920190010055504	40275.855860955635	3.015184468515987e-10
79.50450450450451	0.1594876566224626	40265.022215353536	3.0168093064051934e-10
79.77977977977977	0.1599299911097257	40254.19148387791	3.018437024324261e-10
80.05505505505505	0.16038889937047027	40243.363665745	3.020067373207079e-10
80.33033033033033	0.16072114863024595	40232.53876017113	3.021699413141821e-10
80.6056056056056	0.1609334010907281	40221.716766372876	3.023332401021714e-10
80.88088088088088	0.1611185850762842	40210.89768356708	3.0249661871063463e-10
81.15615615615616	0.1614472790432785	40200.08151097085	3.0266015049177093e-10
81.43143143143143	0.16188923812176875	40189.26824780153	3.028238808776913e-10
81.70670670670671	0.1622615141806115	40178.45789327653	3.029877570143408e-10
81.98198198198199	0.16255907124079408	40167.650446613516	3.0315173273091093e-10
82.25725725725727	0.16287095683758426	40156.84590703039	3.0331581273276594e-10
82.53253253253254	0.16328663096674398	40146.0442737453	3.034800437352083e-10
82.80780780780782	0.16383261703483368	40135.24554597663	3.036444763311885e-10
83.0830830830831	0.1643597020776611	40124.449722942896	3.038090820043521e-10
83.35835835835836	0.1647923095278109	40113.65680386279	3.0397380266594553e-10
83.63363363363364	0.16522658318908404	40102.86678795526	3.0413863391120823e-10
83.90890890890891	0.1656590553666367	40092.079674439454	3.0430357046424654e-10
84.18418418418419	0.16598180739038945	40081.295462534676	3.044685602238431e-10
84.45945945945945	0.16627319107164706	40070.51415146049	3.046335942000711e-10
84.73473473473473	0.16668281233303633	40059.73574043674	3.0479873021222213e-10
85.01001001001	0.16703848781139977	40048.960228683405	3.0496394210730555e-10
85.28528528528528	0.16717258893950065	40038.18761542056	3.0512913599474304e-10
85.56056056056056	0.16738061385273997	40027.417899868655	3.052943590343323e-10
85.83583583583584	0.16785261934911513	40016.65108124846	3.054597322924676e-10
86.11111111111111	0.16834192962529385	40005.88715878083	3.0562525248555014e-10
86.38638638638639	0.1687550403800371	39995.12613168674	3.057908781890129e-10
86.66166166166167	0.16925128532880263	39984.3679991875	3.059566398194481e-10
86.93693693693695	0.16974934611751813	39973.61276050458	3.0612252971342315e-10
87.21221221221222	0.1700094185272	39962.86041485951	3.0628844685000736e-10
87.4874874874875	0.17016927634812973	39952.11096147413	3.0645436008785614e-10
87.76276276276278	0.17048500487275592	39941.36439957059	3.066203438115574e-10
88.03803803803804	0.1709023190137888	39930.62072837128	3.067864397708362e-10
88.31331331331332	0.17131833338543268	39919.87994709868	3.06952643258746e-10
88.58858858858859	0.17173753438485154	39909.14205497552	3.071189519816652e-10
88.86386386386387	0.17212970815552284	39898.4070512247	3.072853527127834e-10
89.13913913913915	0.1723873207772978	39887.674935069284	3.0745179465013806e-10
89.41441441441442	0.1725428292977197	39876.94570573257	3.076182464046802e-10
89.68968968968969	0.17275886765308224	39866.21936243815	3.07784740979616e-10
89.96496496496496	0.17304060578982974	39855.49590440981	3.0795130865969496e-10
90.24024024024024	0.17331754797650634	39844.775330871526	3.081179496455898e-10
90.51551551551552	0.1736574148785484	39834.0576410475	3.082846885269444e-10
90.7907907907908	0.17411503211983181	39823.34283416217	3.0845156538925806e-10
91.06606606606607	0.17453050979850687	39812.63090944014	3.0861855774841097e-10
91.34134134134135	0.17479506416852092	39801.92186610611	3.0878560933079316e-10
91.61661661661662	0.17499278463636542	39791.21570338507	3.089527009849787e-10
91.8918918918919	0.1752323970910437	39780.512420502244	3.091198534268625e-10
92.16716716716716	0.17561295532879076	39769.81201668315	3.092871180357802e-10
92.44244244244244	0.17606222343036332	39759.11449115347	3.0945451393773327e-10
92.71771771771772	0.17640774860115796	39748.419843138996	3.096220006808151e-10
92.992992992993	0.176696401526638	39737.72807186575	3.0978955925361547e-10
93.26826826826827	0.17704069365229633	39727.03917656	3.0995720954364044e-10
93.54354354354355	0.17739552087202146	39716.35315644824	3.1012495417864657e-10
93.81881881881883	0.17772010319689796	39705.67001075712	3.102927826454588e-10
94.0940940940941	0.17809067964526387	39694.98973871358	3.1046070951348565e-10
94.36936936936937	0.17854016280958904	39684.31233954473	3.106287569449849e-10
94.64464464464464	0.1790095912564407	39673.6378124779	3.107969258348176e-10
94.91991991991992	0.1794614177170904	39662.966156740564	3.1096520589249914e-10
95.1951951951952	0.17988586651418598	39652.297371560446	3.111335856713731e-10
95.47047047047047	0.18027873551637932	39641.63145616546	3.113020543683797e-10
95.74574574574575	0.18063255479860638	39630.96840978368	3.1147060080083827e-10
96.02102102102103	0.18090743358394387	39620.308231643445	3.116392046409518e-10
96.2962962962963	0.18110289013289113	39609.65092097325	3.1180784815613203e-10
96.57157157157158	0.1813783998656667	39598.99647700188	3.119765587374711e-10
96.84684684684684	0.18180331934231508	39588.344898958385	3.1214537845899467e-10
97.12212212212212	0.18222046851036014	39577.69618607194	3.1231430216410286e-10
97.3973973973974	0.18257566995739075	39567.05033757187	3.124833117618247e-10
97.67267267267268	0.1829568224528638	39556.407352687784	3.126524137792503e-10
97.94794794794795	0.18336645533306706	39545.767230649486	3.128216142996095e-10
98.22322322322323	0.18374596577986202	39535.12997068696	3.129909044617496e-10
98.4984984984985	0.18407805061177276	39524.495572030384	3.131602726718918e-10
98.77377377377378	0.18437152731290937	39513.86403391015	3.133297110679745e-10
99.04904904904905	0.1846658485394847	39503.235355556884	3.134992218883685e-10
99.32432432432432	0.1849872185521597	39492.60953620142	3.1366881302031987e-10
99.5995995995996	0.18531257757501016	39481.986575074785	3.138384861593325e-10
99.87487487487488	0.18564306972907427	39471.36647140823	3.1400824303681464e-10
100.15015015015015	0.18601947619675846	39460.74922443322	3.1417809383809753e-10
100.42542542542543	0.1863822095408606	39450.13483338142	3.143480347782558e-10
100.70070070070071	0.186603085773278	39439.523297484586	3.1451803627395156e-10
100.97597597597598	0.1867715690002561	39428.91461597477	3.1468809060559397e-10
101.25125125125126	0.18705424863637593	39418.30878808431	3.148582249622209e-10
101.52652652652652	0.1873937308378014	39407.70581304571	3.150284516272646e-10
101.8018018018018	0.18769505878644777	39397.10569009164	3.1519876256098045e-10
102.07707707707708	0.18796967025521075	39386.50841845495	3.1536915303015853e-10
102.35235235235236	0.18824449519021969	39375.91399736877	3.1553962406814497e-10
102.62762762762763	0.1885376363419871	39365.32242606642	3.1571017996319523e-10
102.90290290290291	0.1888408684491806	39354.73370378141	3.1588082293348637e-10
103.17817817817819	0.18912321238897956	39344.147829747424	3.160515493414705e-10
103.45345345345346	0.18941832880957649	39333.56480319841	3.1622236198611833e-10
103.72872872872873	0.18978440739332403	39322.98462336853	3.163932733040513e-10
104.004004004004	0.1901440885932553	39312.407289492105	3.165642808529277e-10
104.27927927927928	0.19040386399716527	39301.83280080363	3.167353672696631e-10
104.55455455455456	0.19062253099091056	39291.26115653783	3.1690652694582454e-10
104.82982982982983	0.1908434422059179	39280.692355929656	3.170777618461544e-10
105.10510510510511	0.19099659948537034	39270.12639821423	3.1724906261225697e-10
105.38038038038039	0.19113705189769675	39259.56328262692	3.174204294732092e-10
105.65565565565566	0.19149251063851505	39249.00300840339	3.175918984253714e-10
105.93093093093094	0.1919707906937452	39238.4455747795	3.1776348600325377e-10
106.2062062062062	0.19224789430915654	39227.8909809911	3.179351594278622e-10
106.48148148148148	0.19242253656731106	39217.33922627433	3.181069044962831e-10
106.75675675675676	0.19274460867276272	39206.79030986567	3.182787435351572e-10
107.03203203203203	0.19311550572364777	39196.24423100172	3.1845068236361173e-10
107.30730730730731	0.1934002919384495	39185.70098891924	3.186227084056085e-10
107.58258258258259	0.1936637461662962	39175.16058285526	3.1879481907278617e-10
107.85785785785787	0.19394845019943133	39164.62301204695	3.189670173836739e-10
108.13313313313314	0.19420275171980897	39154.08827573175	3.191392997490435e-10
108.4084084084084	0.19444395607448828	39143.55637314726	3.1931166510389324e-10
108.68368368368368	0.19475677634831803	39133.02730353134	3.194841221948307e-10
108.95895895895896	0.1950627025561684	39122.50106612203	3.196566698105639e-10
109.23423423423424	0.19521916458500527	39111.97766015748	3.198292916835537e-10
109.50950950950951	0.1953558006921508	39101.457084876114	3.2000198703819695e-10
109.78478478478479	0.19563826496358291	39090.93933951666	3.201747727417929e-10
110.06006006006007	0.19597925116878068	39080.424423318014	3.20347654434607e-10
110.33533533533534	0.19628776512000182	39069.912335519184	3.2052062798621046e-10
110.61061061061062	0.19658544167757272	39059.40307535945	3.206936919136228e-10
110.88588588588588	0.19688097175234312	39048.89664207827	3.2086684570158245e-10
111.16116116116116	0.19714813482562665	39038.393034915294	3.210400867051596e-10
111.43643643643644	0.19736658190911383	39027.892253110374	3.2121341106381006e-10
111.71171171171171	0.19753191494103758	39017.39429590355	3.213868150793407e-10
111.98698698698699	0.19771651819819605	39006.899162535134	3.215603011586077e-10
112.26226226226227	0.1980046197191285	38996.40685224564	3.217338778015749e-10
112.53753753753755	0.1983628022103059	38985.91736427581	3.2190754954167176e-10
112.81281281281282	0.19872708418768262	38975.430697866555	3.220813154972146e-10
113.08808808808809	0.19904364884758416	38964.94685225893	3.222551716303967e-10
113.36336336336336	0.1993329860732961	38954.465826694235	3.224291159115187e-10
113.63863863863864	0.19972443458730335	38943.98762041403	3.226031530135214e-10
113.91391391391392	0.20017468668089475	38933.512232660054	3.227772836973588e-10
114.1891891891892	0.20048578585288337	38923.03966267414	3.2295150093539493e-10
114.46446446446447	0.2007416239230032	38912.56990969838	3.2312580262416763e-10
114.73973973973975	0.20114366189914437	38902.10297297519	3.2330019261359727e-10
115.01501501501502	0.201545578588115	38891.6388517471	3.2347466927793656e-10
115.2902902902903	0.20175460381444918	38881.17754525671	3.236492286742355e-10
115.56556556556556	0.20185586053670593	38870.71905274691	3.238238697207893e-10
115.84084084084084	0.20198310407275705	38860.26337346084	3.239985933930218e-10
116.11611611611612	0.20224518526252358	38849.81050664192	3.2417340186588545e-10
116.3913913913914	0.2026095876598105	38839.36045153376	3.243482955375342e-10
116.66666666666667	0.20288862604579863	38828.913207380036	3.245232732980638e-10
116.94194194194195	0.20310659148129373	38818.46877342468	3.246983350734531e-10
117.21721721721723	0.2034270180881937	38808.02714891192	3.2487348019063704e-10
117.4924924924925	0.20379163876601206	38797.5883330861	3.2504870720995347e-10
117.76776776776778	0.20407760723529447	38787.15232519177	3.2522401647254593e-10
118.04304304304304	0.2043344362652364	38776.71912447365	3.2539940818409375e-10
118.31831831831832	0.2046211986440925	38766.28873017675	3.255748812264966e-10
118.5935935935936	0.20490343904333885	38755.861141546215	3.2575043515782163e-10
118.86886886886887	0.2051794802343717	38745.436357827435	3.2592606966292333e-10
119.14414414414415	0.20551572543842037	38735.014378266	3.2610178149286895e-10
119.41941941941943	0.20589897742689378	38724.595202107725	3.262775669094922e-10
119.6946946946947	0.20624698495030708	38714.17882859857	3.2645342608188395e-10
119.96996996996998	0.20658999569147707	38703.7652569847	3.266293578068823e-10
120.24524524524524	0.2069960900647335	38693.35448651256	3.268053557417496e-10
120.52052052052052	0.20737261684429495	38682.94651642871	3.2698141972242994e-10
120.7957957957958	0.2076328173168373	38672.54134597989	3.271575580695694e-10
121.07107107107107	0.20788667042893907	38662.13897441308	3.2733377046752433e-10
121.34634634634635	0.20818413322320808	38651.7394009755	3.2751005158432524e-10
121.62162162162163	0.20839094473243389	38641.3426249145	3.2768640965380523e-10
121.8968968968969	0.2084980518642133	38630.94864547763	3.2786285495677624e-10
122.17217217217218	0.20865850842340714	38620.55746191269	3.2803938155304283e-10
122.44744744744746	0.20892334343000857	38610.1690734678	3.2821597699164633e-10
122.72272272272272	0.20926070096335883	38599.78347939118	3.283926308754862e-10
122.997997997998	0.20961872945247084	38589.40067893125	3.2856933782040487e-10
123.27327327327328	0.20995459317734366	38579.020671336606	3.2874609787381917e-10
123.54854854854855	0.21029478792352616	38568.64345585608	3.289229073827302e-10
123.82382382382383	0.2106687927030092	38558.26903173869	3.290997575118002e-10
124.0990990990991	0.21107025576972346	38547.89739823369	3.2927663913250265e-10
124.37437437437438	0.21145538566870467	38537.528554590484	3.2945354986370745e-10
124.64964964964966	0.21173950597918198	38527.16250005863	3.296305040629028e-10
124.92492492492492	0.21194312096272075	38516.79923388792	3.298075146401217e-10
125.2002002002002	0.21217069691774665	38506.438755328374	3.2998457436505336e-10
125.47547547547548	0.21240662729825102	38496.081063630234	3.301616786147767e-10
125.75075075075075	0.2125885239036188	38485.726158043886	3.303388365104817e-10
126.02602602602603	0.212762504376708	38475.37403781998	3.3051604767834814e-10
126.30130130130131	0.2129858898057716	38465.02470220936	3.306932977822388e-10
126.57657657657658	0.21324218511777562	38454.67815046308	3.3087057494084443e-10
126.85185185185186	0.21348412904343414	38444.334381832356	3.310478782755284e-10
127.12712712712714	0.21363832659152268	38433.9933955686	3.31225227264415e-10
127.4024024024024	0.21374718596563336	38423.65519092341	3.314026319804719e-10
127.67767767767768	0.21397155961060912	38413.31976714867	3.315800570089563e-10
127.95295295295296	0.21431566119469056	38402.987123496525	3.3175746076889804e-10
128.22822822822823	0.21468170872827075	38392.6572592192	3.3193482632280257e-10
128.5035035035035	0.21503426584448437	38382.330173569135	3.321121466011928e-10
128.7787787787788	0.21536339348544747	38372.00586579896	3.322894177391631e-10
129.05405405405406	0.21565492557619514	38361.684335161495	3.324666415282817e-10
129.32932932932934	0.21590630928473944	38351.36558090977	3.3264382203587606e-10
129.60460460460462	0.21614303979474783	38341.04960229701	3.3282095445631653e-10
129.87987987987987	0.2163726847511639	38330.73639857667	3.329980308083904e-10
130.15515515515517	0.21657567398820815	38320.42596900237	3.331750514023895e-10
130.43043043043042	0.21677820711545806	38310.118312827966	3.333520053624836e-10
130.70570570570572	0.21703065892627807	38299.813429307535	3.335288561740922e-10
130.98098098098097	0.21724049994641859	38289.511317695295	3.3370560936011786e-10
131.25625625625628	0.21729765169903803	38279.2119772456	3.338823318025958e-10
131.53153153153153	0.21737320072159919	38268.915407213135	3.340590074864029e-10
131.80680680680683	0.2176323370524014	38258.62160685284	3.3423552293679803e-10
132.08208208208208	0.21797738551402693	38248.3305754198	3.344118038764006e-10
132.35735735735736	0.2183105091759937	38238.04231216928	3.345878260203792e-10
132.63263263263264	0.21861297073178193	38227.75681635671	3.34763575986365e-10
132.9079079079079	0.2188739548786544	38217.47408723772	3.3493904889509793e-10
133.1831831831832	0.21908862330900938	38207.194124068126	3.3511424605593047e-10
133.45845845845847	0.21931934191813415	38196.91692610399	3.3528912301222276e-10
133.73373373373374	0.21964310905184076	38186.642492601626	3.3546356457663015e-10
134.00900900900902	0.2199550399433636	38176.37082281746	3.356375275541191e-10
134.2842842842843	0.22013819887766756	38166.10191600808	3.358110760525474e-10
134.55955955955955	0.22028966249609538	38155.835771430335	3.3598419858106126e-10
134.83483483483485	0.22048626694034415	38145.57238834128	3.361568054505897e-10
135.1101101101101	0.22066053642743444	38135.31176599817	3.3632886810390847e-10
135.3853853853854	0.2208220608121956	38125.05390365843	3.3650034690949274e-10
135.66066066066065	0.2210922816896818	38114.79880057978	3.3667104817944036e-10
135.93593593593596	0.22139756793061494	38104.546456020085	3.3684083679245566e-10
136.2112112112112	0.2215390165695795	38094.2968692373	3.370098397937076e-10
136.4864864864865	0.22162696907171847	38084.05003948965	3.3717806417145674e-10
136.76176176176176	0.22186750592584412	38073.80596603568	3.3734519908303927e-10
137.03703703703704	0.22219731512057217	38063.56464813408	3.375109721303004e-10
137.31231231231232	0.22251110014830633	38053.326085043685	3.376752485375411e-10
137.5875875875876	0.2228010552296692	38043.09027602354	3.378378972213602e-10
137.86286286286287	0.22306320519338813	38032.857220332844	3.3799878657426216e-10
138.13813813813815	0.22327523884287956	38022.62691723104	3.381578302912222e-10
138.41341341341342	0.22345174019726	38012.399365977755	3.383149162675748e-10
138.6886886886887	0.22363893819420333	38002.17456583283	3.384698144209721e-10
138.96396396396398	0.2238098839719039	37991.95251605628	3.386223403328183e-10
139.23923923923923	0.22391575421026752	37981.73321590832	3.3877244857927616e-10
139.51451451451453	0.22405001782737166	37971.51666464942	3.3891982057355874e-10
139.78978978978978	0.22431117221320582	37961.30286154027	3.39063738272203e-10
140.06506506506508	0.22463532216984494	37951.091805841774	3.392035558904054e-10
140.34034034034033	0.22494884887501726	37940.88349681494	3.3933880263047014e-10
140.61561561561564	0.2252294750790871	37930.67793372099	3.3946905276981503e-10
140.8908908908909	0.2254944673816592	37920.475115821355	3.395937696033754e-10
141.1661661661662	0.22579716674437322	37910.275042377674	3.3971207443150523e-10
141.44144144144144	0.22611674068709312	37900.0777126518	3.398230478121747e-10
141.71671671671672	0.22638551739113905	37889.88312590574	3.399260536992283e-10
141.991991991992	0.2266241105191196	37879.6912814017	3.4002029657478397e-10
142.26726726726727	0.2268797504177481	37869.5021784021	3.4010455873874854e-10
142.54254254254255	0.2271341398410951	37859.315816169576	3.40177582723371e-10
142.81781781781783	0.22736093556339673	37849.13219396694	3.4023818607783483e-10
143.0930930930931	0.22755897071907374	37838.9513110572	3.4028510119063887e-10
143.36836836836838	0.22773454375844046	37828.77316670357	3.4031689694308463e-10
143.64364364364366	0.22790101679953287	37818.597760169454	3.4033186042858706e-10
143.9189189189189	0.22810644512357472	37808.42509071849	3.4032742977421064e-10
144.1941941941942	0.2284151848830364	37798.255157614556	3.402995863178749e-10
144.46946946946946	0.2287303887120317	37788.08796012167	3.4024493536506594e-10
144.74474474474476	0.22889222315105845	37777.92349750395	3.4016251485965865e-10
145.02002002002	0.2289156287172315	37767.76176902575	3.4005171537348044e-10
145.29529529529532	0.2288899567869517	37757.602773951614	3.399106559183487e-10
145.57057057057057	0.22894676560885382	37747.44651154642	3.397343057522345e-10
145.84584584584587	0.2291555986656193	37737.292981075254	3.3951452286577113e-10
146.12112112112112	0.22945136415738845	37727.14218180338	3.39242897760456e-10
146.3963963963964	0.22975745053710508	37716.99411299621	3.389116539186753e-10
146.67167167167167	0.23000480196155898	37706.848773919315	3.3851436898649916e-10
146.94694694694695	0.230169674101117	37696.70616383844	3.38045337925804e-10
147.22222222222223	0.23026654452072398	37686.56628201956	3.3749841998509557e-10
147.4974974974975	0.23035121955486068	37676.42912772884	3.3686470305117487e-10
147.77277277277278	0.23049211443875117	37666.29470023273	3.3613025654279364e-10
148.04804804804806	0.23073612567547055	37656.162998797874	3.3527511806494897e-10
148.32332332332334	0.23108513159856708	37646.03402269116	3.3427407991189214e-10
148.59859859859858	0.2314473328895976	37635.90777117959	3.331031766683286e-10
148.8738738738739	0.231768415245954	37625.78424353036	3.3173918802975075e-10
149.14914914914914	0.23206762468954406	37615.66343901085	3.3015412647031624e-10
149.42442442442444	0.2323513883968492	37605.54535688867	3.283153226464947e-10
149.6996996996997	0.23260866422338866	37595.42999643161	3.2618681638049585e-10
149.974974974975	0.23282091737128807	37585.317356907646	3.2373093969850397e-10
150.25025025025025	0.23297618899648034	37575.20743758498	3.209086261662091e-10
150.52552552552555	0.2331170502805203	37565.100237732004	3.1766997613918507e-10
150.8008008008008	0.2332807333335115	37554.99575661736	3.1395025175486306e-10
151.07607607607608	0.2334344943318462	37544.89399350991	3.0968190505642966e-10
151.35135135135135	0.23358074646425314	37534.79494767867	3.047875208313776e-10
151.62662662662663	0.23380675831460895	37524.69861839298	2.991499956580253e-10
151.9019019019019	0.23413177453760628	37514.605004922436	2.926169234130925e-10
152.17717717717719	0.23449179388033978	37504.51410804268	3.1233360395977197e-10
152.45245245245246	0.23484980712119527	37494.42592400616	3.0738083055299175e-10
152.72772772772774	0.23518030531815445	37484.340453593875	3.0159875283606513e-10
153.00300300300302	0.2353899033852177	37474.257696076005	2.948888111272696e-10
153.2782782782783	0.23541851233938615	37464.17765222417	3.141184188557104e-10
153.55355355355357	0.2354441132594404	37454.10031830072	3.0919320299632614e-10
153.82882882882885	0.2355961918819474	37444.025695083	3.03483608997173e-10
154.10410410410412	0.23576601797698377	37433.95378184211	2.968600984770705e-10
154.37937937937937	0.2359208059157611	37423.88457784932	2.891838216840972e-10
154.65465465465465	0.236169078754832	37413.81808386763	3.1082142256604106e-10
154.92992992992993	0.23647668959606716	37403.75429617943	3.0501411579603084e-10
155.2052052052052	0.23669889126917865	37393.69321555376	2.9822444470604325e-10
155.48048048048048	0.23686433242929006	37383.634842754385	3.168816710978268e-10
155.75575575575576	0.23706017399503027	37373.57917406419	3.1179008275866405e-10
156.03103103103103	0.23720582046927657	37363.52621025252	3.0583619972678253e-10
156.3063063063063	0.2372560005373912	37353.47595059198	2.989120349276302e-10
156.5815815815816	0.23741354430927084	37343.428395842115	3.1762276052890645e-10
156.85685685685687	0.23775196948775262	37333.38354229692	3.123832637944108e-10
157.13213213213214	0.23805519385007226	37323.34139072155	3.061834846194361e-10
157.40740740740742	0.238279095280761	37313.30194038941	2.9887339934097535e-10
157.6826826826827	0.2385721470607435	37303.26519205499	3.1793131730902905e-10
157.95795795795797	0.23886573058852045	37293.23114202424	3.1235121637316345e-10
158.23323323323325	0.23898647152815455	37283.19979105744	3.0576844517899307e-10
158.50850850850853	0.2390322047735412	37273.17113842877	2.980371126326583e-10
158.7837837837838	0.23916499588600607	37263.145184887566	3.176996623551908e-10
159.05905905905905	0.2393899543821714	37253.1219267523	3.118462497410887e-10
159.33433433433433	0.23965325439476926	37243.10136477849	3.0487593272260186e-10
159.6096096096096	0.23985366502089472	37233.0834982412	2.965991009317285e-10
159.88488488488488	0.23996916025551152	37223.068327883964	3.1709736516922003e-10
160.16016016016016	0.24008583403068426	37213.05585003835	3.1084622894730635e-10
160.43543543543544	0.24023905144757499	37203.046065454655	3.034177462375825e-10
160.7107107107107	0.24041374336895782	37193.03897487669	3.2168997165918046e-10
160.985985985986	0.2405653916368459	37183.03457463804	3.1605264597568565e-10
161.26126126126127	0.24065827553773983	37173.0328654885	3.0935029909074535e-10
161.53653653653654	0.24076214796727521	37163.033846704515	3.013849061585259e-10
161.81181181181182	0.24093139484216264	37153.03751902414	3.206924372928204e-10
162.0870870870871	0.24109675180927362	37143.04387879449	3.1463170543389327e-10
162.36236236236238	0.24123337268168732	37133.05292676	3.073950936888155e-10
162.63763763763765	0.24141775783635125	37123.06466219795	2.9874036811088196e-10
162.91291291291293	0.241632602377281	37113.079085840174	3.193182265141879e-10
163.1881881881882	0.24176935167584976	37103.096194047976	3.127084207837977e-10
163.46346346346348	0.24184874814270976	37093.115987560035	3.0481294426137e-10
163.73873873873873	0.24197137189970502	37083.13846710804	3.234200123610309e-10
164.014014014014	0.24222317087924505	37073.16362905603	3.1737836557583604e-10
164.2892892892893	0.24262777934898758	37063.191474142266	3.100286877872267e-10
164.56456456456456	0.2430156212944102	37053.22200164541	3.0108554242409975e-10
164.83983983983984	0.24327535770462372	37043.255212289885	3.213921025942739e-10
165.11511511511512	0.24349660984716903	37033.29110245536	3.144755478886651e-10
165.3903903903904	0.24374541833179836	37023.329672873646	3.0606292687734614e-10
165.66566566566567	0.2440260245341901	37013.37092426849	3.2480922083527217e-10
165.94094094094095	0.24430490698687968	37003.414853023365	3.1826358874126e-10
166.21621621621622	0.24453044093094317	36993.461459868835	3.102665715586145e-10
166.4914914914915	0.2447122691832196	36983.51074552734	3.277254517498264e-10
166.76676676676678	0.24487478051403816	36973.56270638684	3.2154232238565145e-10
167.04204204204206	0.2449804403943944	36963.61734317634	3.1399901266710067e-10
167.31731731731733	0.24500707332039925	36953.6746551764	3.0483772412663795e-10
167.5925925925926	0.24501478850881342	36943.73464310179	3.245735829464151e-10
167.8678678678679	0.2450543683529812	36933.797303357336	3.175624259066171e-10
168.14314314314316	0.2451402207910228	36923.86263666528	3.0902398342213654e-10
168.4184184184184	0.24524057077039488	36913.930643739455	3.2745478334548456e-10
168.6936936936937	0.24529413858244223	36904.001320988755	3.208950853067698e-10
168.96896896896897	0.24535585262905	36894.07466913398	3.129036200798755e-10
169.24424424424424	0.24552277701542122	36884.150688887894	3.301427902842639e-10
169.51951951951952	0.245742704365931	36874.22937666393	3.239425832382768e-10
169.7947947947948	0.24592997760568105	36864.31073318132	3.1632589154456704e-10
170.07007007007007	0.24606055553379616	36854.394757722635	3.069970122754229e-10
170.34534534534535	0.24614529120237602	36844.481450992374	3.267109071560636e-10
170.62062062062063	0.24623829656634422	36834.570809421464	3.1950915915621647e-10
170.8958958958959	0.24640309677623304	36824.662833722134	3.106595417908132e-10
171.17117117117118	0.24669499701425807	36814.75752459768	3.292733076020424e-10
171.44644644644646	0.2469834128938677	36804.85487848382	3.2232167790681514e-10
171.72172172172174	0.2470590694112886	36794.95489609088	3.137686768187326e-10
171.996996996997	0.24712092011223824	36785.057578120344	3.3147666949338236e-10
172.2722722722723	0.24742914494669133	36775.16292101344	3.2479763431015356e-10
172.54754754754757	0.2477480523904166	36765.27092547882	3.1647389767477115e-10
172.82282282282284	0.2478914505066617	36755.381592215876	3.3343813669506834e-10
173.0980980980981	0.24809673568305035	36745.4949176715	3.269261993332691e-10
173.37337337337337	0.24840017335272616	36735.61090255231	3.18781230274956e-10
173.64864864864865	0.24847411590015508	36725.729547555515	3.3513734025204305e-10
173.92392392392392	0.24837385349028016	36715.85084913391	3.2884435096177863e-10
174.1991991991992	0.24848239504225314	36705.9748079919	3.210241478426661e-10
174.47447447447448	0.24877079002778116	36696.10142341538	3.112479038571464e-10
174.74974974974975	0.24901964225537512	36686.23069609264	3.306942878345417e-10
175.02502502502503	0.2492444908452707	36676.36262249591	3.2297262921759023e-10
175.3003003003003	0.24950977350582437	36666.49720332161	3.1328122552972807e-10
175.57557557557558	0.249790700198063	36656.63443925573	3.3223235344177835e-10
175.85085085085086	0.2500663537693379	36646.77432677702	3.245281490748917e-10
176.12612612612614	0.25035230577951695	36636.916866579486	3.147995805993279e-10
176.40140140140142	0.2506275394293472	36627.06205934642	3.3344733711175125e-10
176.6766766766767	0.2508352702307432	36617.20990156356	3.257055010439916e-10
176.95195195195197	0.2510375403142205	36607.36039392232	3.159136035259764e-10
177.22722722722725	0.25134729667557676	36597.51353710312	3.344012131789999e-10
177.50250250250252	0.25165669696168197	36587.669327599244	3.265446907549785e-10
177.77777777777777	0.251834477770265	36577.827766099166	3.1656495338225707e-10
178.05305305305305	0.2520186663746358	36567.988853280105	3.3506162340123155e-10
178.32832832832833	0.2523108226079692	36558.15258564329	3.270659643909042e-10
178.6036036036036	0.25258235566798604	36548.31896387433	3.1683380180956554e-10
178.87887887887888	0.2527840504402825	36538.48798864694	3.3548649340719135e-10
179.15415415415416	0.25301418036844925	36528.65965647064	3.272730413614902e-10
179.42942942942943	0.2532625263236042	36518.83396802787	3.167268901030233e-10
179.7047047047047	0.2534354333216269	36509.01092398876	3.356710565279999e-10
179.97997997998	0.2536047741453408	36499.190520871445	3.272056904494136e-10
180.25525525525526	0.2538781411475861	36489.3727607397	3.42405830994899e-10
180.53053053053054	0.25410145207712537	36479.557640105646	3.3557067501262745e-10
180.80580580580582	0.2541495707805273	36469.74515965103	3.267843143319175e-10
181.0810810810811	0.25421405962779625	36459.935320046716	3.423767575733422e-10
181.35635635635637	0.2544373194784759	36450.128117813765	3.353161952863221e-10
181.63163163163165	0.2547783891384298	36440.323553630806	3.261314007364071e-10
181.90690690690693	0.25515369983628927	36430.52162816473	3.42227647908056e-10
182.1821821821822	0.25545943947747374	36420.72233794579	3.3472245291100596e-10
182.45745745745745	0.2556591430727853	36410.92568364881	3.2494569452866644e-10
182.73273273273273	0.2557771224596537	36401.13166593632	3.417351158075306e-10
183.008008008008	0.2559404992102822	36391.34028134845	3.338188017501529e-10
183.28328328328328	0.25624506321339247	36381.551530556404	3.234448993731991e-10
183.55855855855856	0.2565250759379272	36371.76541421829	3.410535181275171e-10
183.83383383383384	0.25667282807149666	36361.98192888432	3.3258824528517127e-10
184.1091091091091	0.2568318262829253	36352.201075221616	3.215050718684333e-10
184.3843843843844	0.25705527182746535	36342.422853883596	3.4009153278759164e-10
184.65965965965967	0.257239549364518	36332.647261431186	3.3102706222093443e-10
184.93493493493494	0.25735014775212456	36322.874299891366	3.4619136847085797e-10
185.21021021021022	0.25741834383736145	36313.10396581967	3.3882690845069303e-10
185.4854854854855	0.25748414495114286	36303.336259881464	3.291632335643968e-10
185.76076076076077	0.2575763488553279	36293.57118272963	3.4526414046610107e-10
186.03603603603605	0.257655368695848	36283.80873093008	3.374084644866162e-10
186.31131131131133	0.2577003588503963	36274.04890514408	3.271048462005772e-10
186.5865865865866	0.25779477353071023	36264.29170601987	3.4421678456342144e-10
186.86186186186188	0.25796875383287016	36254.537130133955	3.3580802613221266e-10
187.13713713713713	0.2581406474143414	36244.785178143546	3.2472189321064906e-10
187.4124124124124	0.25831037648599575	36235.03585069183	3.4298170789647407e-10
187.68768768768768	0.25856063038038174	36225.28914436641	3.3387037701581963e-10
187.96296296296296	0.25886918556577415	36215.54506117175	3.488486604194494e-10
188.23823823823824	0.259156131452389	36205.80359769043	3.4130822823463745e-10
188.51351351351352	0.25939964880776883	36196.064754577565	3.3125581820764845e-10
188.7887887887888	0.25961460564423844	36186.32853247487	3.474790250187994e-10
189.06406406406407	0.25986617153733943	36176.594927976446	3.3915623684567587e-10
189.33933933933935	0.26015848464192426	36166.863941733034	3.2800205410272106e-10
189.61461461461462	0.2603533074485304	36157.135574380554	3.457169308362189e-10
189.8898898898899	0.26044448659577807	36147.40982252524	3.364984618323924e-10
190.16516516516518	0.26059990794667187	36137.686688155605	3.5115235256827384e-10
190.44044044044045	0.26081184555119197	36127.966167873434	3.4350917865715567e-10
190.71571571571573	0.2609540521651082	36118.24826232663	3.3324834672654125e-10
190.990990990991	0.2610964547138689	36108.53297214921	3.493844183351329e-10
191.26626626626629	0.2613485210523793	36098.8202939551	3.408472180247044e-10
191.54154154154156	0.26158108890699655	36089.11022838753	3.2932727498910986e-10
191.8168168168168	0.261676255638321	36079.40277607422	3.47207997679965e-10
192.0920920920921	0.26171403690958694	36069.69793364197	3.3767124476623855e-10
192.36736736736736	0.26179478664981964	36059.99570306178	3.525357334162523e-10
192.64264264264264	0.2619966125290167	36050.296080956	3.446060172697884e-10
192.91791791791792	0.26228407202525467	36040.59906796489	3.3384290419854654e-10
193.1931931931932	0.2625247314174624	36030.90466471379	3.50423926553027e-10
193.46846846846847	0.26268360000973723	36021.2128678378	3.4141584265927475e-10
193.74374374374375	0.26278915777077005	36011.52367930092	3.552734470992383e-10
194.01901901901903	0.26289192855563837	36001.83709573464	3.4776868512209947e-10
194.2942942942943	0.26303444413595406	35992.153117775764	3.375684320218597e-10
194.56956956956958	0.263208851624243	35982.47174604676	3.531413972291149e-10
194.84484484484486	0.2633903760441059	35972.79297719193	3.4459042564617827e-10
195.12012012012013	0.263542261819237	35963.11681184303	3.329450647164913e-10
195.3953953953954	0.26365586345499764	35953.44325061581	3.5053478240356773e-10
195.6706706706707	0.2637576281460654	35943.77229016839	3.4078915544636494e-10
195.94594594594597	0.2638782823761095	35934.10393244513	3.5554432934826295e-10
196.22122122122124	0.2640371911034644	35924.43817410003	3.473706684937869e-10
196.4964964964965	0.26415867273429394	35914.77501576123	3.362066261611372e-10
196.77177177177177	0.2641908588320161	35905.11445804129	3.5296055955182693e-10
197.04704704704704	0.26435545460797716	35895.45649760796	3.4360204106809234e-10
197.32232232232232	0.26478579437877214	35885.801136397815	3.5770155212013163e-10
197.5975975975976	0.2652307964330265	35876.14837107507	3.496939487456665e-10
197.87287287287288	0.26549283134004403	35866.49820226401	3.3862010296583814e-10
198.14814814814815	0.26554586161819443	35856.85063057303	3.548919143572499e-10
198.42342342342343	0.26555565571630985	35847.205652680685	3.45581800046893e-10
198.6986986986987	0.2658018202885901	35837.563270514336	3.593469218210498e-10
198.97397397397398	0.26610949517776356	35827.923480749414	3.514099231651154e-10
199.24924924924926	0.26615462754422714	35818.28628400592	3.404464485606769e-10
199.52452452452454	0.2661783775089835	35808.65168088824	3.5643405538050825e-10
199.7997997997998	0.2664419248359612	35799.019668086374	3.471294095130366e-10
200.0750750750751	0.2666925353251891	35789.39024751792	3.607219134675704e-10
200.35035035035037	0.26675194899470156	35779.76341586972	3.528164105789453e-10
200.62562562562564	0.26675590824221446	35770.13917375754	3.418719961279258e-10
200.90090090090092	0.26682090371637424	35760.51752178141	3.577301397735919e-10
201.17617617617617	0.26699767051667067	35750.89845664291	3.4843502010680167e-10
201.45145145145145	0.2672502849245018	35741.281980249856	3.619384942747679e-10
201.72672672672672	0.2674832475014116	35731.66808930097	3.5398467535000896e-10
202.002002002002	0.26758806761714105	35722.056784407585	3.4289473893062324e-10
202.27727727727728	0.26752557058698984	35712.44806616475	3.587814047375174e-10
202.55255255255256	0.26754654241296305	35702.841931286195	3.494051461430384e-10
202.82782782782783	0.26780082521885606	35693.2383816696	3.6294955065593854e-10
203.1031031031031	0.2680487829681328	35683.637414025834	3.5490790669960226e-10
203.3783783783784	0.26819197998184796	35674.039028961626	3.4365283200692973e-10
203.65365365365366	0.26839530418927304	35664.44322706732	3.5967693212257974e-10
203.92892892892894	0.26868314038215346	35654.85000506921	3.499917032389304e-10
204.20420420420422	0.2689507663651158	35645.2593648539	3.6374407662498833e-10
204.4794794794795	0.2691682046578428	35635.67130314505	3.55393543642008e-10
204.75475475475477	0.2693495190488564	35626.085820544686	3.436114869927088e-10
205.03003003003005	0.2695207586984228	35616.50291763738	3.6009278359322613e-10
205.30530530530532	0.26970839302358296	35606.92259116305	3.4993240959293494e-10
205.5805805805806	0.26992933212971604	35597.34484299661	3.6413963036846683e-10
205.85585585585588	0.270175683840606	35587.76966987533	3.553385573174615e-10
206.13113113113113	0.2704020385649012	35578.19707239618	3.428315171918069e-10
206.4064064064064	0.2706227634472294	35568.62705113753	3.600587046824302e-10
206.68168168168168	0.27090969212009874	35559.05960285394	3.4917034798877574e-10
206.95695695695696	0.27121480217970106	35549.494729407554	3.641177258542143e-10
207.23223223223223	0.2714325598662342	35539.93242755018	3.546121302075467e-10
207.5075075075075	0.2716063839270529	35530.372699146785	3.6761778385716667e-10
207.7827827827828	0.2718129073152265	35520.81554094758	3.5933032123759704e-10
208.05805805805807	0.2720318704801968	35511.26095354484	3.474196079628553e-10
208.33333333333334	0.2722372264161844	35501.70893751254	3.634882166698728e-10
208.60860860860862	0.2724390614751905	35492.15948961827	3.530619506577093e-10
208.8838838838839	0.2726617121358262	35482.61261171336	3.671085396997678e-10
209.15915915915917	0.2729394161241394	35473.068300563464	3.5794140763207554e-10
209.43443443443445	0.2732631866659169	35463.52655802212	3.7026477377787367e-10
209.70970970970973	0.2735914666870805	35453.987380854014	3.621520960977381e-10
209.984984984985	0.273909837803072	35444.450769646086	3.503158092594031e-10
210.26026026026028	0.2742170969990613	35434.916724966606	3.65891926151739e-10
210.53553553553556	0.27450823392859414	35425.38524359853	3.553713468735648e-10
210.8108108108108	0.27478769039223977	35415.85632738002	3.691507810810844e-10
211.08608608608608	0.2750886708322668	35406.32997309276	3.597738252400965e-10
211.36136136136136	0.27543538333641027	35396.80618257654	3.7201044768395563e-10
211.63663663663664	0.27582693782702533	35387.28495261267	3.635919643806216e-10
211.91191191191191	0.2762055658901306	35377.76628378204	3.510977346812022e-10
212.1871871871872	0.2764703771996736	35368.250176645386	3.6701691728568987e-10
212.46246246246247	0.27665288723271697	35358.73662800379	3.5580942134191374e-10
212.73773773773775	0.2768525839937463	35349.22563967968	3.7005413040309997e-10
213.01301301301302	0.27707358045008323	35339.71720847321	3.5998423322339697e-10
213.2882882882883	0.2772820295257114	35330.21133620821	3.7276456674196883e-10
213.56356356356358	0.27743805888824574	35320.70801968443	3.6371167172979635e-10
213.83883883883885	0.27754887916217785	35311.207260726485	3.7519783176019904e-10
214.11411411411413	0.27771812653762595	35301.7090561344	3.6706298257191195e-10
214.3893893893894	0.2779632666319529	35292.213406482195	3.5487868181101955e-10
214.66466466466468	0.2781843691383281	35282.720312323814	3.7011197834338746e-10
214.93993993993996	0.27835695740258326	35273.22977047925	3.5910177793201435e-10
215.21521521521524	0.2785197385960403	35263.74178275509	3.7284643052252677e-10
215.4904904904905	0.2787038943025356	35254.256345970905	3.628893625763953e-10
215.76576576576576	0.27892988067284546	35244.773461934245	3.753173382873243e-10
216.04104104104104	0.2791897553467882	35235.29312746478	3.6626661534355885e-10
216.31631631631632	0.2794540790015268	35225.81534437038	3.7754058682110516e-10
216.5915915915916	0.279659284608417	35216.34010947133	3.6929663249033605e-10
216.86686686686687	0.2797980338690382	35206.86742333403	3.5682600302235776e-10
217.14214214214215	0.2799564724424059	35197.397286504114	3.7209844302988603e-10
217.41741741741743	0.28017601905658934	35187.92969582298	3.607274283875944e-10
217.6926926926927	0.28044731019391966	35178.46465307908	3.746381025645652e-10
217.96796796796798	0.2807589737831749	35169.0021551137	3.641975678712877e-10
218.24324324324326	0.28109525608018077	35159.54220371577	3.769187966862439e-10
218.51851851851853	0.2814153711043317	35150.08479572708	3.672837805882841e-10
218.7937937937938	0.2816575846762184	35140.62993293643	3.7896324418869715e-10
219.0690690690691	0.281721600878761	35131.177612186446	3.701149735487629e-10
219.34434434434436	0.28162868922337686	35121.72783403516	3.56632553829564e-10
219.61961961961964	0.2816447625179427	35112.28059901825	3.727944423394096e-10
219.89489489489492	0.28185520517139107	35102.83590400134	3.6043027022898834e-10
220.17017017017017	0.2821044167191882	35093.393750752024	3.7526756295493826e-10
220.44544544544544	0.2823246585929891	35083.95413613572	3.638537787497703e-10
220.72072072072072	0.2825254534651483	35074.51706192047	3.775121521411753e-10
220.995995995996	0.2827342730691605	35065.08252497219	3.66963946244735e-10
221.27127127127127	0.2829545537830782	35055.65052705903	3.795665678328874e-10
221.54654654654655	0.2830595210635919	35046.22106504763	3.6981841027755303e-10
221.82182182182183	0.2830213144674904	35036.79414070578	3.8145775885128213e-10
222.0970970970971	0.2831304653913011	35027.369750901424	3.724895859958807e-10
222.37237237237238	0.2834388288865694	35017.9478974021	3.832455344608985e-10
222.64764764764766	0.2835956620263183	35008.52857707696	3.749203698673748e-10
222.92292292292294	0.2836041802778339	34999.111790474155	3.620568740418731e-10
223.1981981981982	0.28377959285775245	34989.69753812001	3.772352783767335e-10
223.4734734734735	0.2840578935826169	34980.28581690655	3.652697499477026e-10
223.74874874874877	0.28421417996367404	34970.876628579164	3.793508376096315e-10
224.02402402402404	0.28433249612593947	34961.469970030405	3.6824176193247294e-10
224.29929929929932	0.2845547105110627	34952.06584300579	3.813178382852424e-10
224.5745745745746	0.284881017111047	34942.66424439897	3.7092330415114057e-10
224.84984984984985	0.2852533962546354	34933.2651759549	3.8311720389062933e-10
225.12512512512512	0.2855607609770298	34923.86863456858	3.733313196262108e-10
225.4004004004004	0.2857966871136431	34914.474621983936	3.8474712072734434e-10
225.67567567567568	0.2860685938136927	34905.0831350979	3.7553341313252257e-10
225.95095095095095	0.28635021536390065	34895.69417565321	3.8625235154033537e-10
226.22622622622623	0.286534758131736	34886.30774054874	3.775617744965016e-10
226.5015015015015	0.28663162642606305	34876.923830321866	3.638423044313887e-10
226.77677677677679	0.28669811003016366	34867.542445486004	3.7951388076017286e-10
227.05205205205206	0.286784059057378	34858.16358296482	3.6663290737549937e-10
227.32732732732734	0.286928251955533	34848.78724447669	3.8136638842204627e-10
227.60260260260262	0.2871470076528412	34839.41342694643	3.692091986598652e-10
227.8778778778779	0.2873950726909285	34830.04213209178	3.8309575560382976e-10
228.15315315315317	0.2875522342723817	34820.673356838946	3.7159043371307605e-10
228.42842842842845	0.2876147230456693	34811.307102904706	3.847014237242659e-10
228.70370370370372	0.2876794715440777	34801.94336721697	3.7385898131921224e-10
228.978978978979	0.2878014106435436	34792.58215149167	3.862385047527204e-10
229.25425425425428	0.28800189671584214	34783.22345265857	3.7597305467162745e-10
229.52952952952953	0.2882541884286512	34773.86727243237	3.876883111660295e-10
229.8048048048048	0.2885056911597908	34764.5136077449	3.7791389827742366e-10
230.08008008008008	0.288673347638623	34755.16246030924	3.8903297963697477e-10
230.35535535535536	0.2887543390703982	34745.81382705948	3.7975458572860106e-10
230.63063063063063	0.2888894660582904	34736.46770970716	3.9031334372342346e-10
230.9059059059059	0.28908718876985584	34727.1241051889	3.8147928559393577e-10
231.1811811811812	0.2892142195563702	34717.78301521439	3.9152603800243707e-10
231.45645645645646	0.2893170011049071	34708.44443672271	3.831219347593908e-10
231.73173173173174	0.2895352551165495	34699.108370236485	3.695983823969087e-10
232.00700700700702	0.2898140705459219	34689.774816254074	3.8470890168737847e-10
232.2822822822823	0.29005653482541627	34680.44377173995	3.717361655937072e-10
232.55755755755757	0.29030007494152843	34671.11523837801	3.861741511085997e-10
232.83283283283285	0.2905639646729997	34661.78921313483	3.7369575039168693e-10
233.10810810810813	0.29076226324357013	34652.46569769277	3.8753157501865234e-10
233.3833833833834	0.29088347435330464	34643.14468902061	3.7554502029648196e-10
233.65865865865868	0.2910286542939572	34633.826188799256	3.888180267177119e-10
233.93393393393396	0.2912294119127558	34624.5101939999	3.772785514934954e-10
234.2092092092092	0.2914569108462603	34615.196706301715	3.9003864313906225e-10
234.48448448448448	0.2917060830132461	34605.88572267844	3.788780288653356e-10
234.75975975975976	0.2919727384417798	34596.57724480729	3.911806219061754e-10
235.03503503503504	0.2921961384393873	34587.27126966477	3.8035456056202154e-10
235.3103103103103	0.2923321081454215	34577.96779892583	3.9224565203568433e-10
235.5855855855856	0.292427986286611	34568.66682956988	3.817749471418924e-10
235.86086086086087	0.2925476095837535	34559.368363269794	3.9327417910637356e-10
236.13613613613614	0.2927517054101724	34550.07239700802	3.831169208783034e-10
236.41141141141142	0.292991322115726	34540.778932455134	3.9426016254848606e-10
236.6866866866867	0.2931242327117202	34531.48796659653	3.843820617822247e-10
236.96196196196198	0.29320533847059754	34522.1995011003	3.9519598287684713e-10
237.23723723723725	0.29338269222178964	34512.913532955165	3.855939913977854e-10
237.51251251251253	0.2936038767370289	34503.63006382682	3.96103302562935e-10
237.7877877877878	0.293782357138812	34494.34909070713	3.867313801504769e-10
238.06306306306308	0.2939776827051914	34485.07061525918	3.969656725522558e-10
238.33833833833836	0.2942257811988688	34475.794634478276	3.8778952199586553e-10
238.61361361361364	0.29444958516387987	34466.52115002475	3.977823977138193e-10
238.88888888888889	0.2946078487892236	34457.25015889732	3.887885991139736e-10
239.16416416416416	0.2947222075377499	34447.98166275348	3.985606779526111e-10
239.43943943943944	0.2948211216678315	34438.715658595545	3.8976031545657057e-10
239.71471471471472	0.29493162160403313	34429.45214807824	3.993217189482981e-10
239.98998998999	0.29505210313075514	34420.19112820743	3.9070098190595165e-10
240.26526526526527	0.2951662407472702	34410.93259948113	3.76357286330838e-10
240.54054054054055	0.2952526941568165	34401.6765623709	3.916493734588162e-10
240.81581581581582	0.2953243259355221	34392.42301391066	3.776133601877468e-10
241.0910910910911	0.2954843609157823	34383.17195572558	3.9258179822033384e-10
241.36636636636638	0.29573634968701523	34373.923384852846	3.787663407812578e-10
241.64164164164166	0.29591427387473046	34364.67730291496	3.934577069912177e-10
241.91691691691693	0.2960286155923231	34355.43370695231	3.7986543856863696e-10
242.1921921921922	0.2962476008243924	34346.192598584894	3.9429922608008497e-10
242.4674674674675	0.2964654203726513	34336.95397485657	3.808669936826637e-10
242.74274274274276	0.2964793992805291	34327.71783738434	3.950805707147725e-10
243.01801801801804	0.29648516834429683	34318.48418321549	3.818928640103645e-10
243.29329329329332	0.29670703962943823	34309.2530139647	3.95876228030084e-10
243.56856856856857	0.29699693962900636	34300.024326682775	3.828008995537628e-10
243.84384384384384	0.2972108805905798	34290.798122981236	3.9660816454258916e-10
244.11911911911912	0.29736242438701127	34281.57439991453	3.8364737430041035e-10
244.3943943943944	0.297495911952027	34272.3531590912	3.972988440456501e-10
244.66966966966967	0.2976640245924269	34263.1343975695	3.8444450403663617e-10
244.94494494494495	0.2978254382949431	34253.91811695495	3.9796131517271165e-10
245.22022022022023	0.29788805256197376	34244.70431430948	3.8521699161728334e-10
245.4954954954955	0.29789993654981856	34235.492991235515	3.9860391072980713e-10
245.77077077077078	0.2979630643812456	34226.28414479886	3.8599754466328314e-10
246.04604604604606	0.29813895278080177	34217.07777659903	3.992548399868678e-10
246.32132132132134	0.2984066429302811	34207.87388370567	3.8669138737355414e-10
246.5965965965966	0.2985726591754204	34198.67246771494	3.998585944262423e-10
246.8718718718719	0.2985900200455056	34189.47352570023	3.873777506771781e-10
247.14714714714717	0.2986601995571503	34180.277059254644	4.0045095110600794e-10
247.42242242242244	0.2988626889197204	34171.08306545569	3.8802106086920453e-10
247.69769769769772	0.29914638749860606	34161.89154589324	4.01026056749365e-10
247.972972972973	0.29945270038454014	34152.7024976488	3.885507215123076e-10
248.24824824824825	0.2997309070655847	34143.51592230868	4.015360854480286e-10
248.52352352352352	0.2999807848694156	34134.33181695862	3.889876471285455e-10
248.7987987987988	0.30019422328605055	34125.150183181286	4.019891113193361e-10
249.07407407407408	0.3002873920276894	34115.971018066724	3.893873675735245e-10
249.34934934934935	0.3002805086123297	34106.794323193906	4.024129324976776e-10
249.62462462462463	0.300404473125239	34097.62009565741	3.8978822308892783e-10
249.8998998998999	0.30066680916018346	34088.448337032794	4.028435668029657e-10
250.17517517517518	0.3008179276057124	34079.279044418814	3.9012023378546167e-10
250.45045045045046	0.3008834364892286	34070.112219387105	4.0323049097957036e-10
250.72572572572574	0.3010553546769183	34060.94785904108	3.904249122536686e-10
251.00100100100101	0.30127644233834316	34051.78596494872	4.0360504323175107e-10
251.2762762762763	0.30142359016723047	34042.62653421779	3.906721144934051e-10
251.55155155155157	0.3015373544778325	34033.469568412365	4.039433879022608e-10
251.82682682682685	0.30166547672346616	34024.31506464488	3.9089122106894704e-10
252.10210210210212	0.30177854968218976	34015.16302447556	4.0426506898799214e-10
252.3773773773774	0.3018419538244392	34006.01344502136	3.910991910505892e-10
252.65265265265268	0.3018361541899471	33996.866327838565	4.0457677953965614e-10
252.92792792792793	0.30187060443637687	33987.72167004878	3.9133088099773194e-10
253.2032032032032	0.3021291768217242	33978.579473204685	4.049074424281518e-10
253.47847847847848	0.3024649987260384	33969.43973443257	3.914353846344102e-10
253.75375375375376	0.3026259019696951	33960.30245528073	4.0516771953078163e-10
254.02902902902903	0.3027253331540362	33951.16763288017	3.915117086051361e-10
254.3043043043043	0.30292488768678166	33942.03526877527	4.054077721769706e-10
254.5795795795796	0.3031882765087917	33932.90536010201	3.9149327265307816e-10
254.85485485485486	0.3034706383847423	33923.77790840047	4.055975831056105e-10
255.13013013013014	0.3037740208251003	33914.6529108117	3.913488700552499e-10
255.40540540540542	0.30407751599025185	33905.530368871216	4.057151823250992e-10
255.6806806806807	0.3043303996370573	33896.41028082579	4.1424864591989335e-10
255.95595595595597	0.30448064779248013	33887.29264490431	4.057156899100484e-10
256.2312312312313	0.30449400150230255	33878.177462658874	4.1444097282999234e-10
256.5065065065065	0.30445112739945096	33869.06473121992	4.0573607597082164e-10
256.7817817817818	0.30447454564427356	33859.95445213561	4.1464291860868186e-10
257.0570570570571	0.3046707457546932	33850.84662254138	4.057275818937671e-10
257.3323323323324	0.3050070639525028	33841.74124398124	4.148353827724725e-10
257.60760760760763	0.3051631760111472	33832.638313595344	4.05649416631398e-10
257.8828828828829	0.3051361183637712	33823.53783292315	4.149820884186289e-10
258.15815815815813	0.30536414349038676	33814.439799110165	4.055445984026167e-10
258.43343343343344	0.3057686451608069	33805.34421369175	4.1512036032464007e-10
258.70870870870874	0.3058869345818647	33796.25107381817	4.053591613024202e-10
258.983983983984	0.30582173692390985	33787.16038102004	4.15203918839727e-10
259.25925925925924	0.30588564080241026	33778.07213245306	4.051814784693052e-10
259.53453453453454	0.3060049385325116	33768.986329643616	4.1529416880792043e-10
259.80980980980985	0.3060512747855879	33759.90296975242	4.0498097280639506e-10
260.0850850850851	0.306064300154051	33750.822054301316	4.1536959598461535e-10
260.36036036036035	0.30610048214472746	33741.74358045625	4.0477893764618576e-10
260.63563563563565	0.30619672984182117	33732.6675497347	4.154455180978903e-10
260.91091091091096	0.30639281792615086	33723.59395930787	4.045237544102273e-10
261.1861861861862	0.306720667605387	33714.52281068874	4.1549671772083884e-10
261.46146146146145	0.3070702711096226	33705.45410105382	4.0413363153995777e-10
261.73673673673676	0.3072860900528931	33696.387831911044	4.1547025771400095e-10
262.01201201201206	0.3074792822357276	33687.324000442546	4.0366244948911483e-10
262.2872872872873	0.3077972339397272	33678.262608151475	4.153962727997321e-10
262.56256256256256	0.30815911231709	33669.203652225806	4.0303481861163563e-10
262.8378378378378	0.30845100730117303	33660.1471341633	4.1523400856401714e-10
263.1131131131131	0.308597124103774	33651.0930511578	4.023023302464113e-10
263.3883883883884	0.3086314327889756	33642.04140470169	4.150033145697066e-10
263.66366366366367	0.3087109907595183	33632.992191995036	4.015287980124781e-10
263.9389389389389	0.3088490314667001	33623.94541452497	4.147498436670042e-10
264.2142142142142	0.3089552140669086	33614.90106949764	4.006778014764591e-10
264.48948948948953	0.30905809503081977	33605.85915839462	4.144515682399974e-10
264.7647647647648	0.3092176759035436	33596.81967949844	4.225940782073853e-10
265.04004004004	0.3093746542302761	33587.782631074406	4.14061956720478e-10
265.31531531531533	0.30948042465755154	33578.748014619676	4.2256446547974017e-10
265.59059059059064	0.3096007106928571	33569.71582733175	4.1362077264816577e-10
265.8658658658659	0.30976092667382155	33560.686070703036	4.2250547175980277e-10
266.14114114114113	0.3098971564746096	33551.658741936575	4.1311164506141756e-10
266.41641641641644	0.3100005262335619	33542.63384251978	4.2240686642862124e-10
266.69169169169174	0.31011652638854714	33533.61136966142	4.125433426925311e-10
266.966966966967	0.31022335414903746	33524.59132484388	4.2227405060319187e-10
267.24224224224224	0.31027866015372146	33515.57370528166	4.1192332921825777e-10
267.5175175175175	0.3103604748228154	33506.55851245208	4.2211043482382715e-10
267.7927927927928	0.31053463741173176	33497.54574357561	4.1122651324760414e-10
268.0680680680681	0.3106847885603763	33488.535400124274	4.2190516247056985e-10
268.34334334334335	0.31075310026343334	33479.5274793244	4.104602577234006e-10
268.6186186186186	0.3108663738620245	33470.521982642764	4.216579856851052e-10
268.8938938938939	0.31104789630306134	33461.5189073119	4.095979748439388e-10
269.1691691691692	0.31117621757500563	33452.51825479301	4.213574025233756e-10
269.44444444444446	0.3111977351015307	33443.520022324774	4.086715501652451e-10
269.7197197197197	0.31112185868583775	33434.52421136272	4.2101423868775483e-10
269.994994994995	0.3110053350255455	33425.53081915184	4.077574006450634e-10
270.2702702702703	0.31093929284321686	33416.53984714232	4.206762307084617e-10
270.54554554554556	0.3110723093467186	33407.55129258557	4.0678848346064973e-10
270.8208208208208	0.31144492623398173	33398.56515692628	4.20318736164759e-10
271.0960960960961	0.31179801064592494	33389.58143847143	4.2830128614598067e-10
271.3713713713714	0.3120170705226832	33380.600135511166	4.197796123822699e-10
271.6466466466467	0.3122640013719311	33371.621249505086	4.281906335896133e-10
271.9219219219219	0.31259224664065494	33362.64477769656	4.1911443041262157e-10
272.19719719719717	0.31293991813180444	33353.67072154002	4.2800985013316756e-10
272.4724724724725	0.31329275764572145	33344.69907828482	4.1828847806900193e-10
272.7477477477478	0.3136393563267534	33335.72984937989	4.2773696629084237e-10
273.02302302302303	0.31382504149486484	33326.76303208073	4.1731496808327745e-10
273.2982982982983	0.31377118441336144	33317.79862783037	4.2737228394930354e-10
273.5735735735736	0.3137847484177024	33308.83663389096	4.1628657903352805e-10
273.8488488488489	0.3140255631707103	33299.877051700154	4.269779204860037e-10
274.12412412412414	0.31424795147399415	33290.91987852659	4.150920686240272e-10
274.3993993993994	0.3143565340902857	33281.9651158016	4.2648892958834337e-10
274.6746746746747	0.31447041159463973	33273.01276080068	4.137729466318579e-10
274.94994994995	0.31462694992528306	33264.06281494908	4.259275928947355e-10
275.22522522522524	0.3147962253031275	33255.115275529366	4.1229049939986453e-10
275.5005005005005	0.3149370799750803	33246.17014396019	4.252729995398007e-10
275.7757757757758	0.3150181938734805	33237.227417531394	4.106586268491543e-10
276.0510510510511	0.3150640821607563	33228.2870976549	4.245295430971245e-10
276.32632632632635	0.3151130717989979	33219.34918265926	4.3267857398952563e-10
276.6016016016016	0.3152031800596021	33210.41367085551	4.236802025444539e-10
276.87687687687685	0.3153660328947902	33201.48056367121	4.323896391977606e-10
277.15215215215215	0.31562011736576784	33192.54985838873	4.226892368629616e-10
277.42742742742746	0.31590755864541803	33183.621556429884	4.320226066213381e-10
277.7027027027027	0.3161157832189586	33174.69565508345	4.215301266603243e-10
277.97797797797796	0.31623254505000553	33165.77215576517	4.315565592675207e-10
278.25325325325326	0.3163043491473036	33156.851055770596	4.202431505393883e-10
278.52852852852857	0.3163982716834513	33147.93235650942	4.31015193831414e-10
278.8038038038038	0.3165466058947769	33139.01605528423	4.188017309043577e-10
279.07907907907907	0.31666149370240027	33130.10215349828	4.3038642150897185e-10
279.35435435435437	0.3167058377687065	33121.19064846128	4.1721478290224656e-10
279.6296296296297	0.31676910355178434	33112.281541569864	4.296718876543263e-10
279.9049049049049	0.3169190863805865	33103.374830141365	4.154526585147659e-10
280.1801801801802	0.31717719287147894	33094.47051556553	4.288615149058176e-10
280.4554554554555	0.3174530962918018	33085.56859618585	4.3672871941229183e-10
280.7307307307308	0.3176104233970899	33076.66907032887	4.2785033120776677e-10
281.00600600600603	0.31768937970190597	33067.77193939882	4.363492521352485e-10
281.2812812812813	0.31778119388724807	33058.87720070653	4.267142850187311e-10
281.5565565565566	0.3179002256394875	33049.98485565041	4.3589794911786247e-10
281.83183183183183	0.31803499500222937	33041.094901547986	4.2542585747844373e-10
282.10710710710714	0.3181580357071875	33032.20733979151	4.3535976799031894e-10
282.3823823823824	0.3182877853176687	33023.32216770545	4.2397084009980943e-10
282.6576576576577	0.3184998071441773	33014.43938667573	4.3472718056278655e-10
282.93293293293294	0.3187523480562482	33005.558994034145	4.222848865103264e-10
283.20820820820825	0.31892414560182797	32996.68099115964	4.3396333157573597e-10
283.4834834834835	0.31907174452306014	32987.805375391705	4.2037636629368276e-10
283.75875875875874	0.31929905088028887	32978.93214810219	4.330715017313441e-10
284.03403403403405	0.3194993565628056	32970.06130764663	4.405101576152834e-10
284.3093093093093	0.3195832247988416	32961.1928523647	4.3199091996711403e-10
284.5845845845846	0.3196832377932245	32952.32678364169	4.4009309953858354e-10
284.85985985985985	0.31987665996140563	32943.46309881206	4.3074252703689843e-10
285.13513513513516	0.32008604886942854	32934.60179925505	4.395820702331826e-10
285.4104104104104	0.32024498372289123	32925.74288231192	4.2929655874664367e-10
285.6856856856857	0.32032197870557183	32916.886349355416	4.389561714120387e-10
285.96096096096096	0.3203837628895721	32908.032197734065	4.276728833516598e-10
286.23623623623627	0.3205365632773183	32899.18042881407	4.382283187347838e-10
286.5115115115115	0.32075352791370265	32890.33103995162	4.2580214894125905e-10
286.7867867867868	0.3209532948357951	32881.48403250568	4.3736155427198555e-10
287.06206206206207	0.321042286929684	32872.63940384033	4.2367808662751133e-10
287.3373373373374	0.3210047562530971	32863.797155306915	4.3634478595120495e-10
287.6126126126126	0.3209895171002905	32854.95728527459	4.437531945528757e-10
287.8878878878879	0.32105653670621526	32846.119792096695	4.351899670830006e-10
288.1631631631632	0.32113315328712233	32837.28467713818	4.4329577766187497e-10
288.4384384384384	0.3212384177451858	32828.45193775831	4.3387091019403506e-10
288.71371371371373	0.32144961108318887	32819.62157531598	4.427460515583887e-10
288.988988988989	0.32168040790370817	32810.793587177446	4.32323962310944e-10
289.2642642642643	0.32181401910742713	32801.96797469488	4.4206647321546466e-10
289.53953953953953	0.3219534796508928	32793.144735242015	4.305539749470997e-10
289.81481481481484	0.3221927684246507	32784.323870164226	4.412597224762764e-10
290.0900900900901	0.3224406293879287	32775.505376843095	4.284851270349091e-10
290.3653653653654	0.3226469229578188	32766.689256616417	4.4028318221697924e-10
290.64064064064064	0.3228699456128465	32757.875506874225	4.260901102458484e-10
290.91591591591595	0.32309488420719523	32749.064128946335	4.391204571147735e-10
291.1911911911912	0.323236466865593	32740.25512121618	4.467253213225299e-10
291.4664664664665	0.3233133316053334	32731.4484820508	4.377232147475523e-10
291.74174174174175	0.3233947558144982	32722.64421279382	4.461321150203168e-10
292.01701701701705	0.32347245490531257	32713.842310830507	4.361203812894087e-10
292.2922922922923	0.3235270119692147	32705.04277749783	4.454210522228029e-10
292.5675675675676	0.323595078409777	32696.24561018856	4.342968277059128e-10
292.84284284284286	0.323672721116241	32687.45081023269	4.4458389457997496e-10
293.1181181181181	0.3236581990416851	32678.658375030787	4.322442701778198e-10
293.3933933933934	0.323605046612355	32669.868305905442	4.4361311578365763e-10
293.66866866866866	0.32374397206419503	32661.080600265697	4.299322023603014e-10
293.94394394394396	0.32397394143920794	32652.295259426446	4.42499613300466e-10
294.2192192192192	0.32400117572345394	32643.51228178117	4.4983079630995554e-10
294.4944944944945	0.3239977358590443	32634.73166570772	4.4118587971996426e-10
294.76976976976977	0.3242365112546825	32625.953412534356	4.49288428750644e-10
295.0450450450451	0.3245124798944583	32617.177519665656	4.3961445174463855e-10
295.3203203203203	0.32463482796413284	32608.403988422982	4.4860039597703103e-10
295.5955955955956	0.3247597429847898	32599.632816218345	4.377999284824261e-10
295.8708708708709	0.3249465661389985	32590.864004366307	4.477729699393903e-10
296.1461461461462	0.3250402366802486	32582.097550286708	4.357036727297854e-10
296.4214214214214	0.32505832690307673	32573.333455286524	4.4678246702251595e-10
296.69669669669673	0.3251722852286495	32564.571716794122	4.3332111476073637e-10
296.971971971972	0.3253415811889501	32555.812336108665	4.456307078276327e-10
297.2472472472473	0.3254423590865451	32547.05531163434	4.5280532552315536e-10
297.52252252252254	0.3255703844503075	32538.300641760026	4.442437931853632e-10
297.7977977977978	0.3258243051771561	32529.548327797693	4.5222490216401985e-10
298.0730730730731	0.3260783476099257	32520.79836717191	4.4258179502901354e-10
298.34834834834834	0.3262593673656495	32512.050761187747	4.514882326235841e-10
298.62362362362364	0.3264706425875588	32503.30550727748	4.406233975147643e-10
298.8988988988989	0.3267299256660579	32494.56260673904	4.505832738385939e-10
299.1741741741742	0.3269424037163817	32485.82205701284	4.3830752569450203e-10
299.44944944944945	0.32710610122598244	32477.083859388888	4.4947384200229686e-10
299.72472472472475	0.32728922632974544	32468.348011316502	4.356055121397156e-10
300.0	0.32756146179401996	32459.614514077286	4.4814576081540283e-10
