0.0059651922650308465	2.986613812828833	5886.026267552682	8.467345516027507	0.00640318409778545
25.0	0.04687043189368771	33212.0	10.0
25.275275275275277	0.04754918403348016	33882.112797390255	8.950908777218867
25.55055055055055	0.048323984686819435	34484.64829480238	7.99742084739619
25.825825825825827	0.049346806097872134	35027.39882343318	7.1284875074747225
26.1011011011011	0.05032922281879088	35513.71759203119	6.339432164260927
26.376376376376378	0.05112898723609261	35945.81306800916	5.627218041892375
26.65165165165165	0.051892978472507394	36327.74866437493	4.986131849306126
26.926926926926928	0.052649529145080885	36663.693347778935	4.4102980076886364
27.2022022022022	0.05331930474437057	36957.08690179544	3.8948803139528363
27.47747747747748	0.05396401346387523	37211.717043259814	3.4345328534508335
27.75275275275275	0.05469536002034411	37431.6931773651	3.0234369035062483
28.02802802802803	0.055482474460050585	37620.49605203858	2.656668514981626
28.303303303303302	0.05625537371331668	37780.984376642926	2.330190577768037
28.57857857857858	0.05696419242282182	37915.66902180326	2.0404595796981706
28.853853853853856	0.057613855589702355	38026.97479737173	1.7840495550565207
29.12912912912913	0.058297328929273605	38117.43111817471	1.557377762234198
29.404404404404403	0.059057431699968126	38189.397833062605	1.3570991960258716
29.67967967967968	0.05987169843473545	38244.90751215961	1.18033410864646
29.954954954954957	0.06070272919802618	38285.70876586123	1.024606465697559
30.23023023023023	0.06151165607946238	38313.33242684561	0.8877493716218775
30.505505505505504	0.06230145151364335	38329.194324948876	0.7677576370520288
30.78078078078078	0.06308005560501387	38334.60050892098	0.6627805506487947
31.056056056056057	0.06381041836760346	38330.70429398339	0.571184006419352
31.33133133133133	0.06448845989118686	38318.563269536266	0.49146880539345617
31.606606606606608	0.0652045249771173	38299.206905219144	0.422173552068855
31.88188188188188	0.0659812377358177	38273.554602132725	0.3619927243238037
32.15715715715716	0.06673919202129974	38242.36996530101	0.30984279654517966
32.432432432432435	0.06749656396667521	38206.3473554424	0.26473800873874825
32.70770770770771	0.06834401084835438	38166.13802937785	0.2257529024822237
32.98298298298298	0.06924693048034057	38122.29349798858	0.19210398989005917
33.25825825825826	0.07011209322170447	38075.271643439184	0.16314119887547493
33.533533533533536	0.0708767411492176	38025.47130254669	0.13829831410946303
33.808808808808806	0.07154860615564136	37973.25873630147	0.11705501317236394
34.08408408408408	0.07230371250146256	37918.99289620961	0.09890056784869307
34.35935935935936	0.07317397017505936	37862.98475068121	0.08339242920791454
34.63463463463464	0.07391262654402653	37805.470377794794	0.07019509380348823
34.90990990990991	0.0745201308619936	37746.66484668267	0.05900270931621328
35.18518518518518	0.07525208625394401	37686.78218411459	0.04951037763074321
35.46046046046046	0.07606382483772402	37625.99892550893	0.04146664105593836
35.73573573573574	0.07676121421507823	37564.45428585426	0.034673331567549995
36.01101101101101	0.07745225871822067	37502.277509653715	0.028946283928131845
36.286286286286284	0.07828187383288768	37439.585689492866	0.02411850209506165
36.56156156156156	0.07911296906126725	37376.472070884214	0.020057030259435074
36.83683683683684	0.07983849130585126	37313.014175168246	0.016651317152219357
37.112112112112115	0.0805429092158686	37249.28215565554	0.013801223797784526
37.38738738738739	0.08125331936716866	37185.33671608799	0.011420039508339567
37.66266266266266	0.081897848094497	37121.22841395839	0.00943550911106591
37.93793793793794	0.08247682216310165	37057.00080360401	0.007785332929319703
38.213213213213216	0.08304884386628475	36992.69181407206	0.006415200559914002
38.488488488488485	0.08364229628509817	36928.33368827957	0.0052788927987545125
38.76376376376376	0.08426496240007628	36863.95349420568	0.004337560040399264
39.03903903903904	0.0849007345076703	36799.57376621111	0.0035588120137823973
39.314314314314316	0.0855287816137005	36735.21328233417	0.0029156100945928244
39.58958958958959	0.08613383355752573	36670.88774613899	0.002385295079969368
39.86486486486486	0.0867171459786321	36606.610347536924	0.0019488005069695053
40.14014014014014	0.08730578781089995	36542.39218886211	0.0015899999051409764
40.41541541541542	0.08795152474708995	36478.242599768644	0.0012953094352501707
40.690690690690694	0.08871322369056353	36414.16935114796	0.0010533660290513564
40.965965965965964	0.08949314285500225	36350.17863681187	0.0008550577171431428
41.24124124124124	0.09013641199057788	36286.275410960545	0.0006930417130244089
41.51651651651652	0.09070574936556017	36222.46392338917	0.0005609769072802476
41.791791791791795	0.09131719122547113	36158.74778713384	0.0004534282594249835
42.06706706706707	0.09200092824179051	36095.1299486561	0.0003659113537804956
42.34234234234234	0.0927220295515206	36031.61276241911	0.00029478671183994355
42.61761761761762	0.09335517273484126	35968.198079806054	0.00023713325932640044
42.892892892892895	0.0938641615655083	35904.88740441278	0.00019052600331517325
43.168168168168165	0.09433528085680792	35841.68198137724	0.00015290830724247055
43.44344344344344	0.0948828386434446	35778.582820504045	0.0001225593097296471
43.71871871871872	0.09560903659165351	35715.59071561271	9.806670060988236e-05
43.993993993993996	0.09640849089071193	35652.706247798014	7.832253340888598e-05
44.26926926926927	0.09712799726647588	35589.929836996074	6.244956098554305e-05
44.54454454454455	0.09781374705260691	35527.26180169346	4.971571979289748e-05
44.81981981981982	0.0985330418792312	35464.702372546126	3.9514816609385e-05
45.0950950950951	0.09927281804147012	35402.251701909154	3.134456327852993e-05
45.37037037037037	0.09999744865276528	35339.90986869389	2.4820495198754926e-05
45.645645645645644	0.10065831069368704	35277.67690308815	1.962319025607321e-05
45.92092092092092	0.10125560026430185	35215.552794473224	1.5491868273231232e-05
46.1961961961962	0.10183414355016929	35153.53749923896	1.2213217004495228e-05
46.471471471471475	0.10242272726950359	35091.63094548956	9.614657200264037e-06
46.74674674674675	0.10304063795675296	35029.8330378227	7.557478603438278e-06
47.02202202202202	0.1037105278905401	34968.143661713126	5.9305203924777965e-06
47.2972972972973	0.10439108183065353	34906.56268658945	4.645673659066212e-06
47.572572572572575	0.10483825215962621	34845.08996807089	3.6345486523778466e-06
47.847847847847845	0.10504384426734473	34783.72535370819	2.8413845631015864e-06
48.12312312312312	0.10550195806741601	34722.46868618694	2.2183167464250504e-06
48.3983983983984	0.10633150320129893	34661.319801214304	1.7280009482179707e-06
48.673673673673676	0.10717263666439572	34600.27852771851	1.3429779264403922e-06
48.94894894894895	0.1078625087079737	34539.34469069564	1.0417010694850632e-06
49.22422422422423	0.10841715962578127	34478.51811260063	8.066728654694571e-07
49.4994994994995	0.10899547176707274	34417.798614036474	6.235935680046701e-07
49.77477477477478	0.10971859287657479	34357.18601395451	4.810629543408283e-07
50.05005005005005	0.11031556677760841	34296.6801294571	3.7044841845384964e-07
50.32532532532532	0.11061776903966633	34236.28077647698	2.8496433242460774e-07
50.6006006006006	0.11092482031153213	34175.98777415047	2.1901303118465004e-07
50.87587587587588	0.11140738729615626	34115.80094316331	1.6815095500123217e-07
51.151151151151154	0.111960709756302	34055.720098889054	1.2895016334779354e-07
51.42642642642643	0.11254105392080258	33995.74505648557	9.877199372807779e-08
51.70170170170171	0.11316852426900513	33935.87563103363	7.556461813443955e-08
51.97697697697698	0.113785866338053	33876.11163761681	5.774725554530237e-08
52.252252252252255	0.1143192142278352	33816.45289139795	4.409817935589286e-08
52.527527527527525	0.11483053960230744	33756.89920768527	3.3657979207795756e-08
52.8028028028028	0.11538974749424308	33697.4504019665	2.5679513526395305e-08
53.07807807807808	0.11596080414586397	33638.10628993455	1.9590340490708654e-08
53.353353353353356	0.11651995658522253	33578.86668751628	1.4950205363776958e-08
53.62862862862863	0.11709770679907452	33519.73141089412	1.1418796327300065e-08
53.90390390390391	0.11766749159942692	33460.7002765197	8.735318960413635e-09
54.17917917917918	0.11814412683209785	33401.77310112559	6.7006017616171e-09
54.454454454454456	0.11856028960623388	33342.94970173626	5.160425766359331e-09
54.729729729729726	0.11902497030572176	33284.229895674536	3.9954672573807395e-09
55.005005005005	0.11961349430366441	33225.613500565654	3.114615664522254e-09
55.28028028028028	0.12032457290995094	33167.10033434076	2.449055054697951e-09
55.55555555555556	0.12092172820755273	33108.6902152394	1.947582685947242e-09
55.830830830830834	0.12129238262599197	33050.3829618129	1.5710352035366518e-09
56.10610610610611	0.12171745309563099	32992.17839292657	1.2885405211438944e-09
56.38138138138139	0.12229554674566756	32934.07632775971	1.076696629340563e-09
56.65665665665666	0.12281840362213922	32876.07658580564	9.182307998810172e-10
56.931931931931935	0.12325313038381555	32818.17898687274	8.000284257008186e-10
57.20720720720721	0.12372032151112505	32760.383351084678	7.120405027958341e-10
57.48248248248248	0.12424442256258202	32702.68949888018	6.467012368308932e-10
57.75775775775776	0.12479101950128905	32645.097251012907	5.983460626753388e-10
58.033033033033036	0.125290786147741	32587.606428551087	5.627324340283188e-10
58.30830830830831	0.12571070507672383	32530.216852877347	5.366640366499589e-10
58.58358358358358	0.12614786239802783	32472.928345688422	5.177162007993803e-10
58.85885885885886	0.1266502652952317	32415.740728994613	5.040717282762524e-10
59.134134134134136	0.12714645071148872	32358.653825119323	4.943819624382713e-10
59.40940940940941	0.12758192400791618	32301.667456698568	4.876401215131051e-10
59.68468468468468	0.127938502701234	32244.781446680496	4.830918478399927e-10
59.95995995995996	0.12827771018896103	32187.995618324985	4.801711251114926e-10
60.23523523523524	0.128691085298372	32131.30979520312	4.784558823925555e-10
60.510510510510514	0.1291467930114894	32074.72380119658	4.776344806645927e-10
60.78578578578579	0.12960867886579197	32018.237460497105	4.774761197246822e-10
61.06106106106106	0.13019442811793974	31961.850597606084	4.778097608223054e-10
61.33633633633634	0.13093190475144692	31905.56303733397	4.785095849094058e-10
61.611611611611615	0.13159295463873807	31849.374604799494	4.794814651599138e-10
61.88688688688689	0.13210276305260665	31793.285125429327	4.80654487095816e-10
62.16216216216216	0.13261440828909787	31737.294424957647	4.819769962229398e-10
62.43743743743744	0.13313094371053774	31681.40232942551	4.834109176275432e-10
62.712712712712715	0.13354676384614508	31625.608665180218	4.849271538459713e-10
62.98798798798799	0.1339347037971451	31569.91325887496	4.865049457415106e-10
63.26326326326326	0.1344153522386252	31514.31593746826	4.881303308439643e-10
63.53853853853854	0.1349262949843356	31458.816528223306	4.897924623490977e-10
63.813813813813816	0.1354083104631975	31403.414858707478	4.914827571930826e-10
64.0890890890891	0.13594738448270804	31348.11075679184	4.931958777580992e-10
64.36436436436436	0.136545370465697	31292.904050650595	4.949279537472175e-10
64.63963963963964	0.13703883939066624	31237.79456876039	4.966743402465899e-10
64.91491491491492	0.1373990917680393	31182.782139899933	4.984313310165942e-10
65.1901901901902	0.137740328963615	31127.866593149516	5.001975174679401e-10
65.46546546546547	0.1381367420753138	31073.047757890497	5.019727176917429e-10
65.74074074074073	0.13861440255582308	31018.32546380472	5.037570979096026e-10
66.01601601601601	0.13908092748149734	30963.699540873884	5.055497400667323e-10
66.29129129129129	0.139452015590138	30909.169819379025	5.073490360804503e-10
66.56656656656656	0.13981397965000564	30854.73612990014	5.091548085937617e-10
66.84184184184184	0.1402441588361957	30800.398303315626	5.109678088519396e-10
67.11711711711712	0.14073045709092688	30746.156170801714	5.127884440850168e-10
67.3923923923924	0.1412397629155725	30692.009563831914	5.146166359280562e-10
67.66766766766767	0.14172681578762694	30637.958314176445	5.164518212766639e-10
67.94294294294295	0.1421542617665089	30584.00225390179	5.182931819825421e-10
68.21821821821823	0.14250345414200333	30530.141215370128	5.20139931733292e-10
68.4934934934935	0.14284810661673314	30476.375031238935	5.219923509652652e-10
68.76876876876878	0.1432745400903849	30422.70353446044	5.238516220301149e-10
69.04404404404404	0.1437423767444752	30369.12655828102	5.257181362171012e-10
69.31931931931932	0.14419521306667746	30315.64393624065	5.275915397821705e-10
69.5945945945946	0.14462202304041982	30262.255502172447	5.294714632847239e-10
69.86986986986987	0.14503501827902682	30208.961090202174	5.313577898667384e-10
70.14514514514515	0.14547059695065487	30155.760534747722	5.332508554125761e-10
70.42042042042041	0.14595882484772296	30102.653670518615	5.351512440099903e-10
70.69569569569569	0.14650908338130408	30049.64033251545	5.370594796252059e-10
70.97097097097097	0.14700234975808613	29996.7203560293	5.389745911492878e-10
71.24624624624624	0.14729697942062098	29943.893576641174	5.408943015655991e-10
71.52152152152152	0.1475295924744408	29891.159830221746	5.428185624560478e-10
71.7967967967968	0.14786919942326832	29838.51895293087	5.447492603608378e-10
72.07207207207207	0.14828548017415472	29785.97078121691	5.466873875889661e-10
72.34734734734735	0.1487512827135813	29733.51515181623	5.486333408274389e-10
72.62262262262263	0.14931474059484773	29681.15190175275	5.505879490657289e-10
72.8978978978979	0.14988513193658207	29628.88086833731	5.525507685209606e-10
73.17317317317318	0.15022460164061274	29576.701889167038	5.545187993680648e-10
73.44844844844846	0.15039572632520246	29524.61480212511	5.564906641176156e-10
73.72372372372374	0.1506474920705008	29472.619445380435	5.584682325093049e-10
73.998998998999	0.15098874702491047	29420.715657386907	5.604529205387597e-10
74.27427427427428	0.15134649093354458	29368.903276882855	5.624448959919378e-10
74.54954954954955	0.15174448595681742	29317.182142890622	5.644445536093718e-10
74.82482482482483	0.1522063839200373	29265.55209471605	5.664524447452346e-10
75.1001001001001	0.15269802988573572	29214.01297194793	5.684685701869253e-10
75.37537537537537	0.15320043031512995	29162.564614457544	5.70492719415932e-10
75.65065065065065	0.1537267421726791	29111.20686239819	5.725249016798319e-10
75.92592592592592	0.15426387598783603	29059.939556204616	5.745649797753569e-10
76.2012012012012	0.15477024476743592	29008.762536592563	5.766123911327667e-10
76.47647647647648	0.1551754746301894	28957.675644558214	5.786659535140942e-10
76.75175175175175	0.15542824231001678	28906.67872137769	5.807242764483312e-10
77.02702702702703	0.15565395756279604	28855.771608606778	5.827878398416259e-10
77.30230230230231	0.15597899030796392	28804.95414808039	5.84858425927964e-10
77.57757757757759	0.15636224468716356	28754.22618191194	5.869368040794368e-10
77.85285285285286	0.15673799392971538	28703.58755249284	5.890227613590066e-10
78.12812812812814	0.1570537606725491	28653.038102491988	5.911155584573186e-10
78.40340340340342	0.15730280675885178	28602.57767485536	5.932146175477439e-10
78.67867867867868	0.15752972104808305	28552.206112805547	5.95320060693101e-10
78.95395395395396	0.15781360943483166	28501.923259841304	5.974328888125024e-10
79.22922922922923	0.1582394073476455	28451.72895973708	5.99554775834294e-10
79.50450450450451	0.1587870138312802	28401.623056542427	6.016866473521323e-10
79.77977977977977	0.15938436796941685	28351.605394581486	6.038283117299568e-10
80.05505505505505	0.1599257925289601	28301.675818452408	6.059784235809392e-10
80.33033033033033	0.16036001238113926	28251.834173026993	6.081354802396301e-10
80.6056056056056	0.1607734935033687	28202.080303450304	6.102994628741989e-10
80.88088088088088	0.1612038478077317	28152.414055140154	6.124708018491418e-10
81.15615615615616	0.16159920784038243	28102.83527378652	6.146492016088892e-10
81.43143143143143	0.16194127119709487	28053.343805351124	6.168342597879118e-10
81.70670670670671	0.16224106973020705	28003.93949606696	6.190258401103889e-10
81.98198198198199	0.16247327536182643	27954.62219243779	6.212235669636871e-10
82.25725725725727	0.16261790186503294	27905.391741237672	6.234269626989048e-10
82.53253253253254	0.1627743431629975	27856.247989510597	6.256368621110018e-10
82.80780780780782	0.16304851251452995	27807.19078457003	6.278550707834466e-10
83.0830830830831	0.16346148928582802	27758.219973998363	6.300830705347123e-10
83.35835835835836	0.16395969412082767	27709.33540564634	6.323212513260112e-10
83.63363363363364	0.16439405652418357	27660.536927632493	6.345681462363993e-10
83.90890890890891	0.16474498084877895	27611.82438834281	6.368225424608512e-10
84.18418418418419	0.16512541587225507	27563.197636430396	6.39084948550976e-10
84.45945945945945	0.16551618875055304	27514.65652081487	6.41355492980878e-10
84.73473473473473	0.16583291101403144	27466.200890681823	6.43633284817834e-10
85.01001001001	0.16613854404537914	27417.83059548249	6.459184704564707e-10
85.28528528528528	0.16651880917551884	27369.545484933347	6.482121627324328e-10
85.56056056056056	0.16693516628209468	27321.34540901549	6.505146675733311e-10
85.83583583583584	0.16732080449835202	27273.230217974105	6.528254150069e-10
86.11111111111111	0.1676107773437225	27225.19976231807	6.551432685227921e-10
86.38638638638639	0.1678424050498369	27177.253892819535	6.574679144910813e-10
86.66166166166167	0.16817228841524615	27129.39246051364	6.598009972950396e-10
86.93693693693695	0.1685698870454341	27081.61531669783	6.621432689373457e-10
87.21221221221222	0.16886943141290395	27033.922312931238	6.644932845031267e-10
87.4874874874875	0.16906847608357345	26986.31330103441	6.668500576422217e-10
87.76276276276278	0.1692468873799904	26938.788133088947	6.69213883578761e-10
88.03803803803804	0.1694887889884557	26891.346661437005	6.715859673291503e-10
88.31331331331332	0.16982733009600676	26843.988738680822	6.73967519191497e-10
88.58858858858859	0.17015879409403797	26796.714217682114	6.763581231454801e-10
88.86386386386387	0.17046152360606706	26749.52295156168	6.787572529565381e-10
89.13913913913915	0.17087373502222147	26702.414793699154	6.811662182057603e-10
89.41441441441442	0.17137628429153606	26655.38959773234	6.835856716242051e-10
89.68968968968969	0.17179289868409656	26608.447217556615	6.860139462790163e-10
89.96496496496496	0.17207764268721124	26561.58750732459	6.884493950115566e-10
90.24024024024024	0.17228166044901697	26514.8103214458	6.908915485215455e-10
90.51551551551552	0.17253677010741883	26468.11551458629	6.933416879313265e-10
90.7907907907908	0.17293228878778708	26421.502941668183	6.958017476321413e-10
91.06606606606607	0.1733167497462637	26374.97245786891	6.982711964960576e-10
91.34134134134135	0.17358317860656522	26328.52391862082	7.007484033996545e-10
91.61661661661662	0.17381440051835761	26282.157179610964	7.032332992692313e-10
91.8918918918919	0.17408921864756863	26235.87209678061	7.057268014716208e-10
92.16716716716716	0.17444861357326194	26189.668526324793	7.082300235087664e-10
92.44244244244244	0.17485486657459287	26143.546324691717	7.10743254108938e-10
92.71771771771772	0.1752212659293035	26097.50534858234	7.132656411461809e-10
92.992992992993	0.17552776518400762	26051.545454949934	7.157963899986462e-10
93.26826826826827	0.17578563070167888	26005.6665009997	7.183351254365513e-10
93.54354354354355	0.176006386016537	25959.868344188333	7.208817515994485e-10
93.81881881881883	0.1762248555244975	25914.150842223586	7.23436640976952e-10
94.0940940940941	0.17653300059439048	25868.51385306391	7.260011742506554e-10
94.36936936936937	0.1769551429567913	25822.957234917943	7.285765684773953e-10
94.64464464464464	0.17740021159498798	25777.480846243907	7.311625159422939e-10
94.91991991991992	0.17778371076477428	25732.084545749196	7.337577873181829e-10
95.1951951951952	0.17804936725874523	25686.768192389976	7.363608970517855e-10
95.47047047047047	0.17827154299036782	25641.531645370873	7.389717997383393e-10
95.74574574574575	0.17857382233538116	25596.37476414462	7.415920003399622e-10
96.02102102102103	0.17893890272100382	25551.297408411447	7.442222807941992e-10
96.2962962962963	0.17931055337535914	25506.299438118596	7.468624679766136e-10
96.57157157157158	0.17966360718880264	25461.380713459912	7.495121485775629e-10
96.84684684684684	0.1799621270442071	25416.54109487542	7.521706191440248e-10
97.12212212212212	0.18014182844324458	25371.780443050848	7.548366347655564e-10
97.3973973973974	0.18024877245285995	25327.098618917298	7.575099673739265e-10
97.67267267267268	0.18044714797370653	25282.495483651008	7.601925241365124e-10
97.94794794794795	0.18072220395783067	25237.97089867266	7.628853752131695e-10
98.22322322322323	0.18095156291759812	25193.52472564685	7.655876981793718e-10
98.4984984984985	0.18119439665134351	25149.15682648187	7.682997116994777e-10
98.77377377377378	0.1815395962941749	25104.867063329304	7.710226871783162e-10
99.04904904904905	0.1818715171114185	25060.655298583362	7.737560075496576e-10
99.32432432432432	0.18210701053656864	25016.521394880474	7.764982361283229e-10
99.5995995995996	0.1823619862647906	24972.46521509914	7.792499166252838e-10
99.87487487487488	0.18269588939264392	24928.486622359407	7.820121656237856e-10
100.15015015015015	0.18304713579135168	24884.58548002231	7.847849384047866e-10
100.42542542542543	0.18338120478530048	24840.761651689474	7.875677802386194e-10
100.70070070070071	0.18369506173203945	24797.01500120271	7.903603709611323e-10
100.97597597597598	0.18397739717212694	24753.345392643623	7.931623722527703e-10
101.25125125125126	0.18422064968450805	24709.752690333175	7.959734816545962e-10
101.52652652652652	0.18446337594298193	24666.236758831295	7.987940084227208e-10
101.8018018018018	0.18474487487250438	24622.7974629365	8.016246669687585e-10
102.07707707707708	0.1850616346448792	24579.434667685415	8.044658854771776e-10
102.35235235235236	0.1853944267232587	24536.148238352307	8.073177057528073e-10
102.62762762762763	0.1857112599675359	24492.938040448676	8.101797562798192e-10
102.90290290290291	0.18600795691413685	24449.803939722868	8.130517572962357e-10
103.17817817817819	0.18631217434118869	24406.745802159672	8.159338985740496e-10
103.45345345345346	0.18664914172293431	24363.76349397994	8.188266406868602e-10
103.72872872872873	0.18702777401783532	24320.856881640128	8.217304072976178e-10
104.004004004004	0.18736619584963426	24278.025831831776	8.246444224412082e-10
104.27927927927928	0.18759882843291004	24235.270211481093	8.275673521530141e-10
104.55455455455456	0.1878646239265424	24192.589887748825	8.305001608038219e-10
104.82982982982983	0.18824719623887345	24149.984728029798	8.334445660943378e-10
105.10510510510511	0.18859836483495565	24107.45459995214	8.363997478640182e-10
105.38038038038039	0.18884196111194876	24064.999371377016	8.393642020976789e-10
105.65565565565566	0.18904151255310014	24022.618910398374	8.423378127154299e-10
105.93093093093094	0.18923837168138138	23980.31308534251	8.453210595138728e-10
106.2062062062062	0.18944882226364507	23938.081764767652	8.483144746893426e-10
106.48148148148148	0.18970736005089184	23895.92481746354	8.513188644516298e-10
106.75675675675676	0.19004808732611408	23853.842112451057	8.543352059719143e-10
107.03203203203203	0.19045504143840675	23811.833518981708	8.573639247694018e-10
107.30730730730731	0.19087054785654498	23769.898906537186	8.604045425934764e-10
107.58258258258259	0.1911638352588858	23728.038144828864	8.63455039022152e-10
107.85785785785787	0.19132098614183207	23686.251103797546	8.665139621369593e-10
108.13313313313314	0.19154150873167172	23644.537653613348	8.695830526369282e-10
108.4084084084084	0.19187371402406864	23602.897664675103	8.726640704274298e-10
108.68368368368368	0.19219280552474918	23561.33100760972	8.757564819276431e-10
108.95895895895896	0.19244628514813258	23519.837553271864	8.788592628916913e-10
109.23423423423424	0.1926437687101997	23478.417172743666	8.81971907822297e-10
109.50950950950951	0.19285932362257918	23437.06973733437	8.850951028995274e-10
109.78478478478479	0.1931643072301671	23395.795118579972	8.882302542312085e-10
110.06006006006007	0.19353128775264472	23354.593188242678	8.91377896163856e-10
110.33533533533534	0.1938957488736299	23313.463818310436	8.945375114420971e-10
110.61061061061062	0.19416378636437123	23272.406880996496	8.9770752162822e-10
110.88588588588588	0.1943165872934279	23231.422248739127	9.008866924541316e-10
111.16116116116116	0.19443831961518007	23190.50979420137	9.040753988940837e-10
111.43643643643644	0.194631251364305	23149.66939027066	9.072752778962944e-10
111.71171171171171	0.1949817736123466	23108.90091005844	9.104885511221204e-10
111.98698698698699	0.19537286431201342	23068.204226899423	9.137150373198448e-10
112.26226226226227	0.19565173651016535	23027.57921435118	9.16952551749389e-10
112.53753753753755	0.19595855772014992	22987.025746194155	9.202016553665431e-10
112.81281281281282	0.19642371307123913	22946.54369643129	9.234645012322245e-10
113.08808808808809	0.19692578651192916	22906.132939287236	9.267407866925602e-10
113.36336336336336	0.1973382221638881	22865.793349207943	9.300285992805854e-10
113.63863863863864	0.1975979851542279	22825.5248008604	9.333258946445023e-10
113.91391391391392	0.19775485601559797	22785.327169132375	9.366320971094237e-10
114.1891891891892	0.19794946115187015	22745.200329132196	9.39948799164569e-10
114.46446446446447	0.19815800123961674	22705.144156188097	9.432766800755559e-10
114.73973973973975	0.19828746530967417	22665.158525847724	9.466148903760545e-10
115.01501501501502	0.19844413818283	22625.24331387807	9.499643885383514e-10
115.2902902902903	0.1987377519436749	22585.39839626509	9.53327314982846e-10
115.56556556556556	0.1990406911961559	22545.62364921293	9.567032429223246e-10
115.84084084084084	0.19927168628676942	22505.918949143637	9.600907878934503e-10
116.11611611611612	0.1995417269173316	22466.284172697066	9.634906575421027e-10
116.3913913913914	0.19991200067875126	22426.71919673041	9.669041667688861e-10
116.66666666666667	0.2003484430287554	22387.223898317683	9.703316708168616e-10
116.94194194194195	0.2007285027097101	22347.79815474919	9.737716824625718e-10
117.21721721721723	0.20090571264741355	22308.44184353112	9.77221233532712e-10
117.4924924924925	0.2010311158383076	22269.1548423856	9.806806305784e-10
117.76776776776778	0.20132270156442586	22229.937029250475	9.84153159948988e-10
118.04304304304304	0.20169002707111566	22190.788282278398	9.876395931861748e-10
118.31831831831832	0.20201911063942343	22151.708479836423	9.911388073111975e-10
118.5935935935936	0.20234793770407547	22112.697500505885	9.946506651506453e-10
118.86886886886887	0.20271209985409763	22073.755223081993	9.981756056920089e-10
119.14414414414415	0.20310816341077706	22034.881526573427	1.001713867747418e-09
119.41941941941943	0.2035433479850104	21996.07629020195	1.0052657183522053e-09
119.6946946946947	0.2040252447997992	21957.33939340203	1.0088314467704538e-09
119.96996996996998	0.20443333595382215	21918.670715820284	1.0124095231105614e-09
120.24524524524524	0.20463231922656905	21880.070137315055	1.0159970883064394e-09
120.52052052052052	0.20481749770658916	21841.537537956574	1.0195952052730206e-09
120.7957957957958	0.20518943408764603	21803.072798026627	1.0232074245832871e-09
121.07107107107107	0.20559939923802847	21764.6757980176	1.0268338008844114e-09
121.34634634634635	0.2059060333560666	21726.346418632096	1.0304723474542766e-09
121.62162162162163	0.2061163625277721	21688.084540782835	1.0341219669664582e-09
121.8968968968969	0.20630248570457566	21649.890045592372	1.0377830468761742e-09
122.17217217217218	0.20658000560607995	21611.762814392823	1.0414575163873126e-09
122.44744744744746	0.20688960611506274	21573.702728725184	1.0451457121675329e-09
122.72272272272272	0.2070808950341295	21535.70967033882	1.0488456695244974e-09
122.997997997998	0.20726720370190138	21497.783521191537	1.0525578575148414e-09
123.27327327327328	0.20762141725924066	21459.924163449345	1.0562851069521157e-09
123.54854854854855	0.20808436074647482	21422.13147948564	1.0600282982466685e-09
123.82382382382383	0.20855983919165172	21384.405351880825	1.063786575412831e-09
124.0990990990991	0.20900491950487168	21346.745663422014	1.067558805332499e-09
124.37437437437438	0.20937438081276832	21309.152297102668	1.0713436539929308e-09
124.64964964964966	0.20961824226644038	21271.625136122228	1.0751395957631362e-09
124.92492492492492	0.2098706293869315	21234.164063886066	1.0789476990501603e-09
125.2002002002002	0.2103779771097095	21196.768964005314	1.0827722665543185e-09
125.47547547547548	0.21089458928748955	21159.439720295653	1.086612291573677e-09
125.75075075075075	0.21103597066148908	21122.1762167767	1.0904614971645699e-09
126.02602602602603	0.2111159175319103	21084.97833767288	1.0943207541884061e-09
126.30130130130131	0.21149197305389955	21047.845967413148	1.0981959134587635e-09
126.57657657657658	0.21196462933278173	21010.778990629628	1.102087564172023e-09
126.85185185185186	0.21230457162849595	20973.77729215723	1.1059926652164144e-09
127.12712712712714	0.21242494877557402	20936.84075703351	1.1099081062272292e-09
127.4024024024024	0.21245927056412858	20899.969270498736	1.1138340221099704e-09
127.67767767767768	0.21273421035636964	20863.16271799586	1.1177754053134083e-09
127.95295295295296	0.2131520623011019	20826.420985169414	1.1217338208520505e-09
128.22822822822823	0.21338147509112962	20789.74395786472	1.1257052456333185e-09
128.5035035035035	0.2135172246746592	20753.131522128315	1.1296887062947823e-09
128.7787787787788	0.21376634201791647	20716.5835642078	1.1336867638174698e-09
129.05405405405406	0.21408211353802784	20680.099970551004	1.137700271698247e-09
129.32932932932934	0.21436783306182644	20643.680627805585	1.1417282963605168e-09
129.60460460460462	0.21455409799613778	20607.32542281868	1.1457692419095642e-09
129.87987987987987	0.21466393119563693	20571.034242636764	1.1498225190867681e-09
130.15515515515517	0.21483557701953898	20534.806974505456	1.1538899032866183e-09
130.43043043043042	0.21510150281099877	20498.643505869044	1.1579729777732241e-09
130.70570570570572	0.21539979393962594	20462.543724369916	1.1620717642356586e-09
130.98098098098097	0.21568877401701003	20426.507517848255	1.1661856566487369e-09
131.25625625625628	0.2159480915680385	20390.53477434173	1.1703139998227183e-09
131.53153153153153	0.21620297338948152	20354.625382085254	1.1744568120760186e-09
131.80680680680683	0.2164879790377147	20318.779229510597	1.1786146599667734e-09
132.08208208208208	0.21682403424610577	20282.9962052461	1.1827882278928936e-09
132.35735735735736	0.2171970029638673	20247.27619811618	1.186977726652213e-09
132.63263263263264	0.21753920787656897	20211.619097140945	1.1911822508720702e-09
132.9079079079079	0.2178327541750341	20176.02479153591	1.195401003865114e-09
133.1831831831832	0.2181154230654873	20140.49317071176	1.199634122033141e-09
133.45845845845847	0.2184017805020895	20105.024124273965	1.203881935232515e-09
133.73373373373374	0.2186865163519512	20069.61754202241	1.2081445776698246e-09
134.00900900900902	0.21894456092191256	20034.27331395102	1.212421757021991e-09
134.2842842842843	0.21914928243200682	19998.991330247376	1.2167129017867624e-09
134.55955955955955	0.21929619187160798	19963.77148129246	1.2210176215878701e-09
134.83483483483485	0.21943407164362927	19928.613657660386	1.2253364739538257e-09
135.1101101101101	0.2197108466884491	19893.517750118303	1.229672153188727e-09
135.3853853853854	0.22013864143475131	19858.483649625716	1.2340264750000207e-09
135.66066066066065	0.22054290173909652	19823.511247333867	1.2383977643711352e-09
135.93593593593596	0.2208463697879782	19788.60043458549	1.242783823321168e-09
136.2112112112112	0.2210617878116477	19753.75110291474	1.2471835778569513e-09
136.4864864864865	0.2212160227573698	19718.963144046822	1.2515968426429557e-09
136.76176176176176	0.22134871234494904	19684.236449897715	1.2560241616797523e-09
137.03703703703704	0.2215322173732831	19649.570912573887	1.2604670380343758e-09
137.31231231231232	0.2218058101313889	19614.966424371913	1.264927014975322e-09
137.5875875875876	0.22209479088736694	19580.422877777888	1.269403823715423e-09
137.86286286286287	0.22233530119712358	19545.940165467116	1.2738962976399513e-09
138.13813813813815	0.22251373964598625	19511.518180303898	1.2784035512537355e-09
138.41341341341342	0.22266761950104144	19477.156815341274	1.2829256928609924e-09
138.6886886886887	0.22287419610968864	19442.8559638208	1.2874640652831082e-09
138.96396396396398	0.2231391378803216	19408.615519172065	1.2920195760088765e-09
139.23923923923923	0.22342386108209825	19374.435375012257	1.2965921534825576e-09
139.51451451451453	0.22369446188044834	19340.315425145825	1.3011812249217878e-09
139.78978978978978	0.22392939081230867	19306.255563564246	1.305786123934774e-09
140.06506506506508	0.22414249209629217	19272.255684445667	1.3104067100826867e-09
140.34034034034033	0.22434015603998322	19238.315682154647	1.315043029088261e-09
140.61561561561564	0.2244992473487992	19204.43545124172	1.3196947479033018e-09
140.8908908908909	0.22461995489340847	19170.614886443123	1.3243616958415442e-09
141.1661661661662	0.22473801740894864	19136.85388268056	1.3290443877004531e-09
141.44144144144144	0.2249253217546386	19103.152335060957	1.3337443461124564e-09
141.71671671671672	0.22524978462232423	19069.51013887609	1.3384636251601675e-09
141.991991991992	0.22554920605343154	19035.927189601818	1.3432007416199723e-09
142.26726726726727	0.2256314220667075	19002.40338289764	1.3479516292609204e-09
142.54254254254255	0.2256405578818803	18968.938614607134	1.3527163495870987e-09
142.81781781781783	0.22574683706131385	18935.53278075767	1.3574978267145062e-09
143.0930930930931	0.22595280677219792	18902.185777559753	1.3622978412204258e-09
143.36836836836838	0.2261994602461977	18868.897501406533	1.3671164633298986e-09
143.64364364364366	0.22638174285493876	18835.6678488734	1.3719519758680233e-09
143.9189189189189	0.22656047978850177	18802.496716718015	1.3768044369988861e-09
144.1941941941942	0.22692725512038575	18769.38400188028	1.3816771798565977e-09
144.46946946946946	0.2273733246592158	18736.329601481386	1.3865703166267327e-09
144.74474474474476	0.22766550556712287	18703.333412823165	1.3914799424810087e-09
145.02002002002	0.22786933864634676	18670.395333388464	1.396404935598122e-09
145.29529529529532	0.22811602101668899	18637.515260840955	1.4013469242550362e-09
145.57057057057057	0.2284115833789994	18604.693093024587	1.4063069846578903e-09
145.84584584584587	0.22873429098290407	18571.92872796313	1.4112853934839554e-09
146.12112112112112	0.22905850530340688	18539.22206385992	1.4162818945627503e-09
146.3963963963964	0.229391371509302	18506.572999097567	1.4212964899164348e-09
146.67167167167167	0.22977090031409741	18473.98143223774	1.4263298676922248e-09
146.94694694694695	0.2301263119135539	18441.44726202057	1.4313812221559629e-09
147.22222222222223	0.23033197853637474	18408.97038736426	1.4364479247035144e-09
147.4974974974975	0.23044417142274637	18376.550707365135	1.4415294602828422e-09
147.77277277277278	0.23058234965906493	18344.188121297517	1.4466276422721148e-09
148.04804804804806	0.23079436627039	18311.882528613205	1.451744383899496e-09
148.32332332332334	0.23107626329265102	18279.633828941096	1.4568807506090862e-09
148.59859859859858	0.23134522229606547	18247.441922086655	1.462035927707909e-09
148.8738738738739	0.23156189890202508	18215.306708031687	1.4672087776710795e-09
149.14914914914914	0.23176510496879327	18183.228086934272	1.4723993575520444e-09
149.42442442442444	0.23196308734542623	18151.205959128296	1.477607872973879e-09
149.6996996996997	0.2321397062975874	18119.24022512317	1.4828341819435193e-09
149.974974974975	0.232359482348917	18087.330785603648	1.4880793799425314e-09
150.25025025025025	0.23270633203954086	18055.47754142963	1.493345627513972e-09
150.52552552552555	0.2331296288147529	18023.68039363544	1.4986332928350687e-09
150.8008008008008	0.23352984981066757	17991.93924342951	1.503940832303543e-09
151.07607607607608	0.23379438801930327	17960.25399219394	1.509265365901506e-09
151.35135135135135	0.2339090637422026	17928.62454148449	1.5146050117671267e-09
151.62662662662663	0.23403661108314508	17897.05079303068	1.5199616467509507e-09
151.9019019019019	0.23419715885870585	17865.53264873516	1.5253367363522574e-09
152.17717717717719	0.2342497525227194	17834.07001067298	1.5307285916254528e-09
152.45245245245246	0.23427855443668116	17802.662781091858	1.5361377954207392e-09
152.72772772772774	0.23448517695405413	17771.310862412167	1.5415683864356535e-09
153.00300300300302	0.23478035140667633	17740.014157225916	1.5470210851762512e-09
153.2782782782783	0.2349937885187555	17708.772568296234	1.552493216587578e-09
153.55355355355357	0.2351136686184574	17677.585998557468	1.5579830596422444e-09
153.82882882882885	0.23519243838949827	17646.454351115033	1.5634906197874915e-09
154.10410410410412	0.23533875584765768	17615.377529245266	1.5690179336151018e-09
154.37937937937937	0.2355642126157454	17584.355436394886	1.574566413423014e-09
154.65465465465465	0.23574361165189173	17553.38797618031	1.5801345746781416e-09
154.92992992992993	0.23587879584143095	17522.475052387737	1.5857216319989949e-09
155.2052052052052	0.23607369927174174	17491.616568973062	1.5913291057644573e-09
155.48048048048048	0.2363037358256712	17460.812430061254	1.5969574366646829e-09
155.75575575575576	0.23651121751145215	17430.062539945997	1.6026058260172254e-09
156.03103103103103	0.2368152366636942	17399.366803089826	1.608276089415037e-09
156.3063063063063	0.23727308196460356	17368.725124123688	1.6139703758466689e-09
156.5815815815816	0.2376108456424231	17338.13740784577	1.6196847719328836e-09
156.85685685685687	0.2377123096011025	17307.603559221618	1.625414883344288e-09
157.13213213213214	0.23782636172465138	17277.12348338478	1.6311629497723697e-09
157.40740740740742	0.23807441659131842	17246.697085636206	1.6369325797777915e-09
157.6826826826827	0.238401575792617	17216.32427144349	1.6427248144442787e-09
157.95795795795797	0.23870232730761765	17186.004946440433	1.6485382659325227e-09
158.23323323323325	0.23887280720874718	17155.739016426724	1.6543701914925398e-09
158.50850850850853	0.2389945843618686	17125.52638736818	1.6602206248536236e-09
158.7837837837838	0.2391879340802895	17095.366965396548	1.6660919240934113e-09
159.05905905905905	0.23944855804189935	17065.260656808892	1.671985377377793e-09
159.33433433433433	0.23971894132147656	17035.20736806713	1.6779006392419902e-09
159.6096096096096	0.23989211369602487	17005.207005797616	1.6838354766819041e-09
159.88488488488488	0.24000071125082387	16975.25947679124	1.6897892864541432e-09
160.16016016016016	0.2402527846642961	16945.364688003614	1.6957658026735943e-09
160.43543543543544	0.24061541003751225	16915.52254655413	1.7017665340110096e-09
160.7107107107107	0.24088232816725852	16885.73295972518	1.707788340887844e-09
160.985985985986	0.24110302242718662	16855.99583496259	1.7138304502016608e-09
161.26126126126127	0.24142169725416365	16826.311079875577	1.7198952860199271e-09
161.53653653653654	0.24182331517883282	16796.678602236036	1.7259839558284077e-09
161.81181181181182	0.24224841152256624	16767.098309978104	1.732095948340142e-09
162.0870870870871	0.24264313230059267	16737.57011119794	1.7382299483666238e-09
162.36236236236238	0.2429325305754348	16708.093914153324	1.7443837705101295e-09
162.63763763763765	0.2430154824269825	16678.66962726331	1.7505542166722372e-09
162.91291291291293	0.24300949314088868	16649.297159108584	1.7567418390995738e-09
163.1881881881882	0.24322166523134287	16619.976418431685	1.7629530788742891e-09
163.46346346346348	0.24361539545963168	16590.707314135798	1.7691908696261103e-09
163.73873873873873	0.24396601584502378	16561.489755283877	1.7754524120853344e-09
164.014014014014	0.2442237548522978	16532.3236510989	1.7817351752332895e-09
164.2892892892893	0.2444079912685547	16503.20891096375	1.788038160927545e-09
164.56456456456456	0.24454940214882523	16474.14544442099	1.794361456282363e-09
164.83983983983984	0.24469481216498085	16445.13316117264	1.8007060837163945e-09
165.11511511511512	0.24491605640795555	16416.17197107994	1.8070741010095397e-09
165.3903903903904	0.24518715522964496	16387.261784162813	1.8134661727692523e-09
165.66566566566567	0.24536788677764462	16358.402510599228	1.8198798620966313e-09
165.94094094094095	0.24547475628360726	16329.594060725387	1.8263141730087529e-09
166.21621621621622	0.24563761115072508	16300.836345035801	1.8327712282345817e-09
166.4914914914915	0.24589116918629117	16272.129274182695	1.8392529625144032e-09
166.76676676676678	0.24620879805571733	16243.472758975586	1.8457599518055484e-09
167.04204204204206	0.24649594283140241	16214.866710380767	1.8522906145142545e-09
167.31731731731733	0.24669473781724047	16186.311039521182	1.8588429128707017e-09
167.5925925925926	0.2468875658676382	16157.805657676527	1.865417443428181e-09
167.8678678678679	0.2471340857047771	16129.350476282933	1.8720158079473903e-09
168.14314314314316	0.24742239344006897	16100.945406932457	1.8786386905992053e-09
168.4184184184184	0.24768111335419987	16072.590361372657	1.8852850280721867e-09
168.6936936936937	0.24780563831162214	16044.285251506171	1.891952085757931e-09
168.96896896896897	0.24786920514942726	16016.029989391025	1.8986398993011866e-09
169.24424424424424	0.24800804748707236	15987.824487240528	1.9053513706797278e-09
169.51951951951952	0.2481231534500362	15959.668657422304	1.9120860738284035e-09
169.7947947947948	0.2481057835865343	15931.562412457959	1.918841514950945e-09
170.07007007007007	0.2480826341424668	15903.505665023547	1.9256190076369007e-09
170.34534534534535	0.24817287310467703	15875.498327949292	1.9324218429967767e-09
170.62062062062063	0.24838875265444618	15847.540314218975	1.9392521599557533e-09
170.8958958958959	0.24869756203807208	15819.631536969518	1.946110500001469e-09
171.17117117117118	0.24902707751323108	15791.771909490615	1.95299566656827e-09
171.44644644644646	0.24929253898035675	15763.961345224372	1.959905222225483e-09
171.72172172172174	0.24942981195370975	15736.199757765153	1.9668364756971692e-09
171.996996996997	0.24957885471308588	15708.487060859912	1.9737909773150965e-09
172.2722722722723	0.24990181402928882	15680.82316840804	1.9807731216890377e-09
172.54754754754757	0.25028054650257353	15653.207994460194	1.9877828355484256e-09
172.82282282282284	0.2506000198540377	15625.641453218019	1.9948176301609585e-09
173.0980980980981	0.25092563965844156	15598.123459034474	2.001877587642056e-09
173.37337337337337	0.25125191356548243	15570.65392641333	2.0089626738760664e-09
173.64864864864865	0.2514411688865207	15543.232770008488	2.016069911942047e-09
173.92392392392392	0.25154418170490417	15515.859904624316	2.023198799272328e-09
174.1991991991992	0.2517604446468815	15488.535245215862	2.030353455131125e-09
174.47447447447448	0.2519990274688507	15461.258706887666	2.0375342012326776e-09
174.74974974974975	0.2520705307704432	15434.030204893144	2.0447370912961723e-09
175.02502502502503	0.25213184406689115	15406.84965463549	2.051963436939703e-09
175.3003003003003	0.2523517372083857	15379.716971667433	2.0592177305367698e-09
175.57557557557558	0.2525865214527235	15352.632071689955	2.0664993123932865e-09
175.85085085085086	0.2527449330297362	15325.59487055219	2.073805834470723e-09
176.12612612612614	0.2529364547099269	15298.60528425184	2.0811384815967915e-09
176.40140140140142	0.2532144323231896	15271.663228934734	2.088499140787332e-09
176.6766766766767	0.2535427573199328	15244.768620894258	2.0958880882524596e-09
176.95195195195197	0.2538446140477165	15217.921376570936	2.103303797994793e-09
177.22722722722725	0.2540410377179378	15191.121412552211	2.1107436990212775e-09
177.50250250250252	0.2542077818734992	15164.368645572662	2.1182081232305276e-09
177.77777777777777	0.2544552812693261	15137.662992513895	2.1256997854653888e-09
178.05305305305305	0.2547770443676275	15111.004370403865	2.1332200734938975e-09
178.32832832832833	0.2551141517058664	15084.392696416471	2.1407684582142837e-09
178.6036036036036	0.2553550366962226	15057.82788787108	2.148342159189819e-09
178.87887887887888	0.2554660490299547	15031.309862232552	2.155938926499873e-09
179.15415415415416	0.25553174059473543	15004.838537111389	2.1635594906820484e-09
179.42942942942943	0.25564587636329933	14978.413830263524	2.1712064332648083e-09
179.7047047047047	0.2558795118490715	14952.035659589974	2.1788828435955375e-09
179.97997997998	0.2560975971330086	14925.703943135888	2.1865873538592128e-09
180.25525525525526	0.2561306471492235	14899.418599090128	2.1943153472185623e-09
180.53053053053054	0.25617435827006035	14873.179545786335	2.2020688585911525e-09
180.80580580580582	0.2564261282262369	14846.98670170268	2.2098536267312684e-09
181.0810810810811	0.2567614682623724	14820.839985460467	2.217669947991326e-09
181.35635635635637	0.25704592074008453	14794.739315823834	2.2255148994392344e-09
181.63163163163165	0.257230816138721	14768.68461169981	2.2333857934593346e-09
181.90690690690693	0.25737083522550475	14742.67579213843	2.2412824848457885e-09
182.1821821821822	0.2576061045086441	14716.712776332797	2.2492082270723713e-09
182.45745745745745	0.25789959120968725	14690.795483618207	2.2571639706209477e-09
182.73273273273273	0.25812658355636825	14664.923833471548	2.2651473390051304e-09
183.008008008008	0.2583604713967039	14639.097745511795	2.2731588182634073e-09
183.28328328328328	0.25869452333127574	14613.317139499823	2.281200930071499e-09
183.55855855855856	0.25900615019469475	14587.581935337372	2.2892721837804533e-09
183.83383383383384	0.259167016479399	14561.89205306677	2.2973687611013353e-09
184.1091091091091	0.25914574778121285	14536.247412871027	2.305487873893086e-09
184.3843843843844	0.2590281860241448	14510.647935074048	2.3136300821866163e-09
184.65965965965967	0.25902794917963556	14485.093540140839	2.3218008476326966e-09
184.93493493493494	0.25920758440436875	14459.584148676733	2.3300047023569733e-09
185.21021021021022	0.25949388123072037	14434.119681426611	2.3382424051263504e-09
185.4854854854855	0.25976314875723566	14408.700059274466	2.3465114294588026e-09
185.76076076076077	0.2599130348560398	14383.325203243245	2.3548079680447468e-09
186.03603603603605	0.26004952349294214	14357.99503449537	2.363132577915e-09
186.31131131131133	0.2602734728610829	14332.709474332492	2.37148806945834e-09
186.5865865865866	0.2605074010568522	14307.468444194576	2.3798741221872133e-09
186.86186186186188	0.26074093248371644	14282.27186565989	2.3882903581652776e-09
187.13713713713713	0.261113018926509	14257.11966044536	2.396740040085173e-09
187.4124124124124	0.261560928044724	14232.011750405532	2.4052234419808016e-09
187.68768768768768	0.26183032375268894	14206.948057531596	2.4137344889372003e-09
187.96296296296296	0.26194034619566425	14181.928503952186	2.4222704168177964e-09
188.23823823823824	0.2620634749176651	14156.953011933741	2.4308340433193854e-09
188.51351351351352	0.2622425594736109	14132.021503879781	2.43942799894854e-09
188.7887887887888	0.26246768011658184	14107.133902330452	2.448053507927479e-09
189.06406406406407	0.26271635401287974	14082.290129962199	2.4567107225314405e-09
189.33933933933935	0.26293864634629405	14057.490109587483	2.4653985271034373e-09
189.61461461461462	0.263037305690738	14032.733764154282	2.47411392749557e-09
189.8898898898899	0.2630217503588209	14008.02101674632	2.4828555837345774e-09
190.16516516516518	0.2630362321029069	13983.351790583343	2.4916264486182437e-09
190.44044044044045	0.2631507700763499	13958.726009020625	2.5004299364739867e-09
190.71571571571573	0.2633708378614684	13934.14359554843	2.5092680877305708e-09
190.990990990991	0.26369529799209995	13909.604473791762	2.5181420359180185e-09
191.26626626626629	0.26409052341071165	13885.10856751001	2.52705159378579e-09
191.54154154154156	0.264390055626379	13860.65580059615	2.535992460964033e-09
191.8168168168168	0.26451036367271397	13836.24609707684	2.54496023540179e-09
192.0920920920921	0.26467151423047247	13811.879381113435	2.553958244939133e-09
192.36736736736736	0.26495534986069824	13787.555577001196	2.562990435779099e-09
192.64264264264264	0.2651646782040596	13763.274609167891	2.5720538943922647e-09
192.91791791791792	0.26527665279519747	13739.036402174286	2.5811465146143206e-09
193.1931931931932	0.2654419979790926	13714.840880714635	2.5902711214684325e-09
193.46846846846847	0.265652234394556	13690.68796961577	2.599429064025159e-09
193.74374374374375	0.265821495922992	13666.577593836568	2.608618882098884e-09
194.01901901901903	0.26597868312911027	13642.509678468163	2.617840599805347e-09
194.2942942942943	0.2661633901898629	13618.484148733798	2.6270953203774173e-09
194.56956956956958	0.26631819245169497	13594.500929988153	2.636382180067914e-09
194.84484484484486	0.2664504468845963	13570.559947717404	2.6457009616517616e-09
195.12012012012013	0.26672362933787175	13546.661127539652	2.6550559227177984e-09
195.3953953953954	0.26709694409033646	13522.80439520383	2.6644483247492167e-09
195.6706706706707	0.26729113724426706	13498.989676588426	2.673871492038991e-09
195.94594594594597	0.267353368007712	13475.216897702667	2.6833231576430487e-09
196.22122122122124	0.26753004547320103	13451.485984687155	2.6928087255953404e-09
196.4964964964965	0.26770659229445676	13427.796863812062	2.7023280767901706e-09
196.77177177177177	0.2676948349954268	13404.14946147659	2.711876152325497e-09
197.04704704704704	0.267675679894575	13380.543704210344	2.7214551519858823e-09
197.32232232232232	0.26780890266800605	13356.979518673032	2.7310706150438663e-09
197.5975975975976	0.26797238292743414	13333.456831652979	2.7407222623446114e-09
197.87287287287288	0.26811280160248413	13309.97557006722	2.7504085593321662e-09
198.14814814814815	0.2683323297463794	13286.53566096195	2.7601315283474884e-09
198.42342342342343	0.2686096672412906	13263.137031511746	2.7698917314512895e-09
198.6986986986987	0.26881747235043735	13239.779609018879	2.779686046460319e-09
198.97397397397398	0.26899076725406923	13216.463320913794	2.789513825366778e-09
199.24924924924926	0.269224120344405	13193.188094755182	2.799377378693465e-09
199.52452452452454	0.2694363980392535	13169.95385822893	2.8092757605609233e-09
199.7997997997998	0.26953889778635914	13146.760539147883	2.8192060719518674e-09
200.0750750750751	0.2695990970209973	13123.608065452312	2.8291686866664433e-09
200.35035035035037	0.2697005757729323	13100.496365209783	2.839166176462666e-09
200.62562562562564	0.2698995930647077	13077.4253666148	2.8492015387762813e-09
200.90090090090092	0.2701879971632808	13054.3949979883	2.859276208560765e-09
201.17617617617617	0.2704938304767552	13031.405187777125	2.869389000974578e-09
201.45145145145145	0.2708104178752806	13008.45586455409	2.8795391634735164e-09
201.72672672672672	0.27115689472720705	12985.546957017898	2.8897268973818794e-09
202.002002002002	0.2714029570332711	12962.678393992217	2.899948699622617e-09
202.27727727727728	0.27144268515898884	12939.850104425555	2.9101997746062083e-09
202.55255255255256	0.27151145732537646	12917.062017392655	2.920484284700569e-09
202.82782782782783	0.27175288135504544	12894.31406209385	2.930808572168626e-09
203.1031031031031	0.2719143784763842	12871.606167852962	2.9411688758911342e-09
203.3783783783784	0.27193597636461536	12848.938264118002	2.951561545671878e-09
203.65365365365366	0.27208596387444073	12826.310280462503	2.9619923804056588e-09
203.92892892892894	0.2723554859650006	12803.72214658399	2.9724642676765287e-09
204.20420420420422	0.272508159679448	12781.173792302672	2.982972000980027e-09
204.4794794794795	0.272589346044613	12758.665147562557	2.9935141902579122e-09
204.75475475475477	0.2727512632102821	12736.196142431778	3.0040945621620232e-09
205.03003003003005	0.27291750914542096	12713.766707101253	3.014712936092889e-09
205.30530530530532	0.2730023537333024	12691.376771884412	3.0253667829211966e-09
205.5805805805806	0.2731000889991412	12669.026267217883	3.0360575739748643e-09
205.85585585585588	0.2732698418413197	12646.715123661095	3.046787881576579e-09
206.13113113113113	0.27345457144398133	12624.443271895492	3.057557459809359e-09
206.4064064064064	0.2736074071775605	12602.210642724356	3.068364865310493e-09
206.68168168168168	0.2737089345341781	12580.017167072741	3.079208823941015e-09
206.95695695695696	0.273791769356386	12557.862775987513	3.090089686256019e-09
207.23223223223223	0.2739161768276943	12535.747400637267	3.101009487705511e-09
207.5075075075075	0.27410578101497524	12513.670972311947	3.111970074706679e-09
207.7827827827828	0.27435905052954196	12491.633422422492	3.1229724486199703e-09
208.05805805805807	0.2746360415413626	12469.634682500442	3.1340160148450236e-09
208.33333333333334	0.27488667784819276	12447.674684197666	3.145099027695103e-09
208.60860860860862	0.2750604898104187	12425.753359286138	3.156219115290505e-09
208.8838838838839	0.2752033052471867	12403.870639658218	3.1673764696100853e-09
209.15915915915917	0.27547189619630824	12382.02645732702	3.1785759927809268e-09
209.43443443443445	0.2757631455201255	12360.220744424865	3.189817213838796e-09
209.70970970970973	0.2758067070727967	12338.453433202205	3.2010917435402557e-09
209.984984984985	0.2757587355147691	12316.72445602959	3.212399966387446e-09
210.26026026026028	0.27590743147692426	12295.033745398183	3.2237509397582513e-09
210.53553553553556	0.27614820421506375	12273.381233917502	3.23514630450626e-09
210.8108108108108	0.2763298703500895	12251.766854314948	3.246582357246882e-09
211.08608608608608	0.2764904442784637	12230.19053943661	3.2580583909529827e-09
211.36136136136136	0.27666229998768543	12208.652222247	3.269575100984156e-09
211.63663663663664	0.2768178865737565	12187.151835828554	3.281132067717386e-09
211.91191191191191	0.2769676983900179	12165.6893133816	3.292729463726122e-09
212.1871871871872	0.27716108794900945	12144.264588224378	3.3043689847082958e-09
212.46246246246247	0.27739033025672766	12122.877593792527	3.316051352410137e-09
212.73773773773775	0.2776161858127938	12101.528263638696	3.327775791362367e-09
213.01301301301302	0.2778305253798591	12080.216531432516	3.3395417116176677e-09
213.2882882882883	0.2780370143531638	12058.942330960459	3.351348989283571e-09
213.56356356356358	0.27823912355484054	12037.705596125612	3.3631977384437085e-09
213.83883883883885	0.27843389511929306	12016.50626094746	3.3750879950623984e-09
214.11411411411413	0.2786058194798408	11995.344259561602	3.3870193560038617e-09
214.3893893893894	0.2787568009520392	11974.219526219633	3.398991738745801e-09
214.66466466466468	0.2789106737522687	11953.131995289083	3.4110059270124445e-09
214.93993993993996	0.27906496391126245	11932.081601253036	3.4230623217872655e-09
215.21521521521524	0.27919693899486125	11911.068278709852	3.435160475420188e-09
215.4904904904905	0.2792931064476442	11890.09196237298	3.4472997889751923e-09
215.76576576576576	0.2793708731671623	11869.152587070952	3.459480576105467e-09
216.04104104104104	0.27956398912039493	11848.25008774782	3.471707391809005e-09
216.31631631631632	0.27990894890425605	11827.384399462417	3.483983882684205e-09
216.5915915915916	0.2801123506995192	11806.555457386305	3.496302516066803e-09
216.86686686686687	0.2800750271324342	11785.763196804632	3.5086561993705646e-09
217.14214214214215	0.28007135845014325	11765.00755311807	3.521050228374337e-09
217.41741741741743	0.2801867415424971	11744.28846184155	3.5334902309071243e-09
217.6926926926927	0.2803060926178786	11723.605858602912	3.545975447759097e-09
217.96796796796798	0.2804329872000874	11702.959679143394	3.5585056795965147e-09
218.24324324324326	0.28062051169806346	11682.349859317692	3.5710826561483475e-09
218.51851851851853	0.28077750328387774	11661.776335092965	3.583704341093647e-09
218.7937937937938	0.28082500664495297	11641.239042548663	3.5963671224715984e-09
219.0690690690691	0.28089090727581456	11620.73791787755	3.6090734425874605e-09
219.34434434434436	0.28105064708738464	11600.272897385212	3.62182717165705e-09
219.61961961961964	0.2811987727338632	11579.843917488788	3.6346268758984634e-09
219.89489489489492	0.281300466131515	11559.450914717196	3.6474707157956592e-09
220.17017017017017	0.2814268358399595	11539.093825711545	3.660360204669186e-09
220.44544544544544	0.28161556188476133	11518.772587224748	3.673297484669459e-09
220.72072072072072	0.28186146344822355	11498.487136121088	3.686283580737937e-09
220.995995995996	0.2820580544561302	11478.237409375393	3.6993154919467017e-09
221.27127127127127	0.28212266388196294	11458.023344072999	3.7123889153455e-09
221.54654654654655	0.2822589632648902	11437.844877411244	3.725508638963506e-09
221.82182182182183	0.28259335156314946	11417.701946698848	3.738681567234284e-09
222.0970970970971	0.28288538907825644	11397.5944893535	3.751903123334747e-09
222.37237237237238	0.2830360549511907	11377.522442902482	3.765167605722947e-09
222.64764764764766	0.2832264004445697	11357.485744984197	3.778478373179307e-09
222.92292292292294	0.2834750237089789	11337.484333346998	3.791837891062363e-09
223.1981981981982	0.2836479879252056	11317.51814584805	3.805242876977878e-09
223.4734734734735	0.283762313194716	11297.58712045405	3.818692295057349e-09
223.74874874874877	0.28390319061586816	11277.691195241476	3.8321886502640896e-09
224.02402402402404	0.2840517891961908	11257.83030839574	3.845732662343652e-09
224.29929929929932	0.28418070832446146	11238.004398210947	3.859323824597756e-09
224.5745745745746	0.2843435244100467	11218.213403090207	3.872963838295422e-09
224.84984984984985	0.28456956174407927	11198.457261545303	3.886654704562263e-09
225.12512512512512	0.2848156310660146	11178.735912196027	3.900396023460957e-09
225.4004004004004	0.28504982837589615	11159.049293770076	3.91418654605611e-09
225.67567567567568	0.2852608296771125	11139.397345102983	3.928025308952878e-09
225.95095095095095	0.28542618848231005	11119.780005137842	3.941911096537762e-09
226.22622622622623	0.28552649145211206	11100.197212925166	3.955842664271189e-09
226.5015015015015	0.28562193900433946	11080.64890762317	3.969821596027088e-09
226.77677677677679	0.28576587324925523	11061.135028497569	3.983850704373953e-09
227.05205205205206	0.2858528735316919	11041.655514920363	3.997927733826321e-09
227.32732732732734	0.2858463529067589	11022.210306370087	4.012050273035597e-09
227.60260260260262	0.2859536559410071	11002.799342433196	4.026224658993896e-09
227.8778778778779	0.2862068287265646	10983.422562802762	4.040455428168599e-09
228.15315315315317	0.2863609623001708	10964.079907276471	4.054736104445868e-09
228.42842842842845	0.2864419501113281	10944.771315758193	4.069064373842299e-09
228.70370370370372	0.2866900675643515	10925.496728259215	4.083447925207693e-09
228.978978978979	0.2870103310686419	10906.256084895856	4.0978873375512455e-09
229.25425425425428	0.2871802659938505	10887.049325888425	4.112374819058274e-09
229.52952952952953	0.2872491453038285	10867.87639156282	4.1269082500803275e-09
229.8048048048048	0.2873374969118355	10848.737222350834	4.14149106861264e-09
230.08008008008008	0.28752221715365195	10829.631758789685	4.156127984646003e-09
230.35535535535536	0.2877694891599654	10810.559941521096	4.170820264290268e-09
230.63063063063063	0.287876776137286	10791.521711289955	4.1855610998828225e-09
230.9059059059059	0.2878910980066324	10772.517008945813	4.200348820756911e-09
231.1811811811812	0.2881061034167106	10753.545775444394	4.2151936637760964e-09
231.45645645645646	0.2883594870706011	10734.607951844308	4.230094896405463e-09
231.73173173173174	0.28828403520219387	10715.70347930544	4.245038380772029e-09
232.00700700700702	0.28818807482121095	10696.832299093408	4.2600285576826134e-09
232.2822822822823	0.28846911610560216	10677.994352580014	4.2750828955871695e-09
232.55755755755757	0.288851693435553	10659.189581238426	4.290200017161697e-09
232.83283283283285	0.2890650882591098	10640.417926643013	4.30536899395113e-09
233.10810810810813	0.2891874271755403	10621.679330471563	4.320587289963103e-09
233.3833833833834	0.28929035500722533	10602.973734505076	4.3358564295671736e-09
233.65865865865868	0.2893800726663367	10584.301080627118	4.351177516278582e-09
233.93393393393396	0.28952484874438056	10565.661310824098	4.366553838774691e-09
234.2092092092092	0.28981982918644683	10547.054367185261	4.3819908676697785e-09
234.48448448448448	0.29012705965804103	10528.480191900871	4.3974861695653335e-09
234.75975975975976	0.29024688585509495	10509.93872726159	4.4130308378795395e-09
235.03503503503504	0.29024349414907197	10491.42991566014	4.428622882468272e-09
235.3103103103103	0.29024266663536097	10472.953699591599	4.444266265410284e-09
235.5855855855856	0.29032360160752724	10454.510021652888	4.459966209555236e-09
235.86086086086087	0.290511412414344	10436.098824542214	4.475726486948428e-09
236.13613613613614	0.2907551659034139	10417.72005105833	4.491547134878909e-09
236.41141141141142	0.29099959971115424	10399.373644100344	4.507426096157919e-09
236.6866866866867	0.29119920221109863	10381.059546667571	4.523360615673587e-09
236.96196196196198	0.29138598831154805	10362.777701859954	4.539350651639146e-09
237.23723723723725	0.2916168699851695	10344.528052878062	4.555398546790081e-09
237.51251251251253	0.29180642132911744	10326.310543021858	4.571502187366384e-09
237.7877877877878	0.2918768591634782	10308.12511569059	4.587657469665841e-09
238.06306306306308	0.2919641321613326	10289.971714384177	4.603867836768341e-09
238.33833833833836	0.2921488927474412	10271.850282702659	4.620138393522387e-09
238.61361361361364	0.29230513138016795	10253.760764344455	4.636466766809256e-09
238.88888888888889	0.29240226609104775	10235.703103106913	4.652850604072456e-09
239.16416416416416	0.29255562461102763	10217.677242887223	4.669293482838024e-09
239.43943943943944	0.2927921336017621	10199.683127681581	4.685798433893615e-09
239.71471471471472	0.2930660689723147	10181.72070158448	4.702365249897023e-09
239.98998998999	0.2933579008262838	10163.789908788727	4.7189931363181765e-09
240.26526526526527	0.29365182437663356	10145.890693585277	4.7356811477243875e-09
240.54054054054055	0.29388920511226246	10128.023000362757	4.752426497331892e-09
240.81581581581582	0.29404268837272385	10110.186773607507	4.769226736117848e-09
241.0910910910911	0.29419603796779975	10092.381957904285	4.786084166797324e-09
241.36636636636638	0.29439075406965043	10074.608497935746	4.803001778102396e-09
241.64164164164166	0.29457476118024206	10056.866338481577	4.819979034609573e-09
241.91691691691693	0.29469453800878376	10039.155424418295	4.837013537697354e-09
242.1921921921922	0.2947159506538804	10021.475700719215	4.854102732749038e-09
242.4674674674675	0.29473951707908297	10003.827112455347	4.871249611883481e-09
242.74274274274276	0.2949049992723038	9986.209604795544	4.8884616715535354e-09
243.01801801801804	0.29512202966963463	9968.623123004518	4.905739042570801e-09
243.29329329329332	0.2952777119440326	9951.067612442479	4.923077140319881e-09
243.56856856856857	0.2954542034629161	9933.543018566521	4.9404772202329526e-09
243.84384384384384	0.29569749721359123	9916.049286930154	4.957941984494006e-09
244.11911911911912	0.29590756371586285	9898.586363181981	4.975468662617887e-09
244.3943943943944	0.2960530284995221	9881.154193066075	4.99305461559835e-09
244.66966966966967	0.29619705775951677	9863.752722422554	5.010701306395546e-09
244.94494494494495	0.29630032521495064	9846.381897186602	5.028407892410626e-09
245.22022022022023	0.2962739020754406	9829.041663387887	5.046170212092741e-09
245.4954954954955	0.29625151587339144	9811.73196715221	5.0639920070416966e-09
245.77077077077078	0.2964123585667327	9794.45275470172	5.081883048744411e-09
246.04604604604606	0.29670427358041834	9777.203972352869	5.099846168803379e-09
246.32132132132134	0.2969961192687188	9759.985566515576	5.117877225391746e-09
246.5965965965966	0.2971160276883072	9742.797483692708	5.135966734453408e-09
246.8718718718719	0.2970783696324056	9725.63967048145	5.154110605706953e-09
247.14714714714717	0.29716773191358925	9708.512073575399	5.172319345367447e-09
247.42242242242244	0.2973949248273008	9691.414639762133	5.190598878375886e-09
247.69769769769772	0.29753187498454836	9674.34731592104	5.208942261384635e-09
247.972972972973	0.2976538163987885	9657.310049025687	5.227349419978417e-09
248.24824824824825	0.2979390573277789	9640.302786144535	5.2458283531058954e-09
248.52352352352352	0.29817598761299596	9623.325474437479	5.264373817426971e-09
248.7987987987988	0.29817425234378375	9606.378061155829	5.28297477302019e-09
249.07407407407408	0.2982140372101144	9589.460493646184	5.301638257481481e-09
249.34934934934935	0.29845042054709137	9572.572719349211	5.320374911214658e-09
249.62462462462463	0.2986478380044828	9555.714685796114	5.339179644954585e-09
249.8998998998999	0.29877119171803035	9538.886340610205	5.3580484200427215e-09
250.17517517517518	0.29903949514966677	9522.08763150892	5.376989224825034e-09
250.45045045045046	0.29940929689693074	9505.318506301423	5.396004255537638e-09
250.72572572572574	0.2996744358086283	9488.578912886982	5.415085378485304e-09
251.00100100100101	0.29984107679776245	9471.868799256668	5.434228885712992e-09
251.2762762762763	0.2999851903732867	9455.188113493803	5.453436480390575e-09
251.55155155155157	0.3000968085499257	9438.536803773051	5.472708671190327e-09
251.82682682682685	0.30017544875474106	9421.914818360345	5.4920457988427216e-09
252.10210210210212	0.3002903748429757	9405.322105613333	5.51145133634972e-09
252.3773773773774	0.3004470465871757	9388.758613980663	5.5309274103825726e-09
252.65265265265268	0.30055478078609466	9372.22429200097	5.5504710162641225e-09
252.92792792792793	0.300649531544428	9355.719088303833	5.570082425603765e-09
253.2032032032032	0.30085989507424915	9339.242951610462	5.589767891721173e-09
253.47847847847848	0.30110183447514555	9322.795830731615	5.609526776099707e-09
253.75375375375376	0.30122219728093047	9306.377674566824	5.62935171152975e-09
254.02902902902903	0.3012996776295437	9289.988432106307	5.649242793492161e-09
254.3043043043043	0.3014292327428792	9273.628052430991	5.669204656227072e-09
254.5795795795796	0.30153945376283314	9257.296484710821	5.689236383331241e-09
254.85485485485486	0.301620283149346	9240.993678205168	5.709337156870297e-09
255.13013013013014	0.3018151940031539	9224.719582264086	5.729513509623677e-09
255.40540540540542	0.3021069531145617	9208.474146326686	5.749768050191871e-09
255.6806806806807	0.3023071654750952	9192.257319919365	5.7700932311927895e-09
255.95595595595597	0.30244394607035463	9176.069052657673	5.7904867274591824e-09
256.2312312312313	0.30266681079127905	9159.909294247283	5.8109546693096905e-09
256.5065065065065	0.3029432198180484	9143.777994482152	5.831498705292624e-09
256.7817817817818	0.3031917031593845	9127.675103243884	5.8521158690711095e-09
257.0570570570571	0.303423783856933	9111.600570502453	5.872805358739277e-09
257.3323323323324	0.3036670315565934	9095.554346316203	5.8935682359691046e-09
257.60760760760763	0.30393576389553273	9079.536380831574	5.914405859202642e-09
257.8828828828829	0.3042068107281396	9063.546624282575	5.935317914434571e-09
258.15815815815813	0.3044134458072941	9047.585026990224	5.956301119339905e-09
258.43343343343344	0.3045543691544451	9031.651539363	5.977353887084127e-09
258.70870870870874	0.30468308245584674	9015.746111897235	5.998478162596057e-09
258.983983983984	0.30483982451638997	8999.868695176845	6.019677022286283e-09
259.25925925925924	0.3050525819205806	8984.019239873027	6.040953521243529e-09
259.53453453453454	0.3053267099905867	8968.19769674393	6.06230959625101e-09
259.80980980980985	0.3056263870459328	8952.404016634064	6.083744586594561e-09
260.0850850850851	0.3058222666376005	8936.638150473249	6.105251879583694e-09
260.36036036036035	0.30588381444485907	8920.900049277387	6.126826768604743e-09
260.63563563563565	0.30596641226998966	8905.189664150186	6.148474762566538e-09
260.91091091091096	0.30613783264607103	8889.506946282148	6.1702021386948844e-09
261.1861861861862	0.30635450970803635	8873.851846949316	6.192009995268035e-09
261.46146146146145	0.3065248163907045	8858.224317512602	6.213894414683388e-09
261.73673673673676	0.3065640153752094	8842.62430941773	6.235849291243963e-09
262.01201201201206	0.3065953052002905	8827.051774197169	6.2578779211658575e-09
262.2872872872873	0.3067576721770316	8811.506663470152	6.2799891421532246e-09
262.56256256256256	0.3069695291563087	8795.988928940304	6.302183371212589e-09
262.8378378378378	0.3071479569102977	8780.498522395452	6.324456734683392e-09
263.1131131131131	0.30730778419375243	8765.03539570848	6.346808199143206e-09
263.3883883883884	0.3074859725618061	8749.599500837418	6.369239285174139e-09
263.66366366366367	0.3077247407698159	8734.190789825343	6.391753069236258e-09
263.9389389389389	0.30795332454629215	8718.809214799045	6.414347584375736e-09
264.2142142142142	0.30803934750998874	8703.454727968248	6.437015141972118e-09
264.48948948948953	0.3080642282473403	8688.127281627689	6.459756246497458e-09
264.7647647647648	0.3081741683618388	8672.826828157635	6.482578880258045e-09
265.04004004004	0.30834476662026855	8657.553320021963	6.505485900844201e-09
265.31531531531533	0.30852119768625	8642.306709767705	6.528476019321138e-09
265.59059059059064	0.30869442999787866	8627.08695002537	6.551548270446231e-09
265.8658658658659	0.30886315885748555	8611.893993508867	6.574702252097167e-09
266.14114114114113	0.3090264694708649	8596.727793015374	6.597937861313175e-09
266.41641641641644	0.309179488643396	8581.588301425145	6.621254933575334e-09
266.69169169169174	0.3093175086063108	8566.475471701367	6.644653280547262e-09
266.966966966967	0.30947793785096467	8551.389256890463	6.668134942618452e-09
267.24224224224224	0.309694690291479	8536.329610121918	6.69170289591389e-09
267.5175175175175	0.30983710916685964	8521.296484606342	6.715351788193377e-09
267.7927927927928	0.309805052939478	8506.289833635656	6.739073716600458e-09
268.0680680680681	0.3097925558137246	8491.30961058613	6.762875295232612e-09
268.34334334334335	0.30989594371259704	8476.355768917212	6.78676515822636e-09
268.6186186186186	0.30990784237181185	8461.42826216804	6.810736529168789e-09
268.8938938938939	0.3098093036035429	8446.527043959346	6.834785132919698e-09
269.1691691691692	0.30983474278026857	8431.652067996138	6.858921757173204e-09
269.44444444444446	0.31001584391048054	8416.803288065328	6.883153684256497e-09
269.7197197197197	0.31023634697211216	8401.98065803393	6.907478343594536e-09
269.994994994995	0.3104802085333647	8387.184131850014	6.931893750400577e-09
270.2702702702703	0.31075812054166074	8372.413663542893	6.956399676984268e-09
270.54554554554556	0.31099617456923445	8357.669207222008	6.980992087626523e-09
270.8208208208208	0.3111707341004203	8342.950717077336	7.005667821969418e-09
271.0960960960961	0.3114341930117028	8328.25814738125	7.030433927432595e-09
271.3713713713714	0.3118127544206039	8313.591452486982	7.05529552418355e-09
271.6466466466467	0.3121122909751581	8298.950586825938	7.080244491224441e-09
271.9219219219219	0.3122661325739624	8284.33550490899	7.105273232523916e-09
272.19719719719717	0.3123427201736778	8269.746161327897	7.130381949178634e-09
272.4724724724725	0.3124263147023171	8255.182510755345	7.155575605160004e-09
272.7477477477478	0.3125904483945069	8240.644507944717	7.1808609562457466e-09
273.02302302302303	0.3128175719792675	8226.132107728874	7.206240529152901e-09
273.2982982982983	0.3130603976125845	8211.645265019688	7.231713070389321e-09
273.5735735735736	0.3132747539587808	8197.183934807903	7.257275619362745e-09
273.8488488488489	0.3134391591629673	8182.748072163293	7.2829256471048175e-09
274.12412412412414	0.313572357214651	8168.337632234958	7.308663123673291e-09
274.3993993993994	0.31367546605295543	8153.952570251	7.334488247818948e-09
274.6746746746747	0.31372605781519347	8139.592841518089	7.360399977033848e-09
274.94994994995	0.3137205102943205	8125.25840142156	7.386397726710234e-09
275.22522522522524	0.3136837392166273	8110.9492054256225	7.412482784362589e-09
275.5005005005005	0.31374115519017326	8096.665209074407	7.438663215977288e-09
275.7757757757758	0.31399163827606313	8082.406367991554	7.464948962006175e-09
276.0510510510511	0.3142593725450013	8068.172637876751	7.491334887290309e-09
276.32632632632635	0.3144140003962276	8053.963974506112	7.517811012902983e-09
276.6016016016016	0.31458733046680337	8039.780333735233	7.544380296140614e-09
276.87687687687685	0.3148269411413421	8025.621671498034	7.571047164914205e-09
277.15215215215215	0.31501462277705494	8011.487943804596	7.59780701603457e-09
277.42742742742746	0.3151250066031062	7997.379106742153	7.62465623906604e-09
277.7027027027027	0.31521872158053615	7983.295116476018	7.651596794218416e-09
277.97797797797796	0.31530327312475914	7969.235929248777	7.678630252012796e-09
278.25325325325326	0.31537395054734135	7955.201501380037	7.705757268219278e-09
278.52852852852857	0.31551643632522064	7941.1917892673855	7.732983459605636e-09
278.8038038038038	0.31578184161536993	7927.206749385863	7.760314854587795e-09
279.07907907907907	0.3160360034190476	7913.246338285484	7.787746560705953e-09
279.35435435435437	0.31619649766798813	7899.310512591737	7.815271380379381e-09
279.6296296296297	0.3163287415365572	7885.399229007314	7.842889877844117e-09
279.9049049049049	0.31644226621784516	7871.512444311276	7.870603069893285e-09
280.1801801801802	0.3164782142972556	7857.650115358051	7.898408040831905e-09
280.4554554554555	0.3164753465247589	7843.812199078521	7.926305862574576e-09
280.7307307307308	0.31652814405398794	7829.998652480651	7.954303001003658e-09
281.00600600600603	0.31665461532323247	7816.209432648347	7.982403937267027e-09
281.2812812812813	0.3168342377518648	7802.444496740837	8.010609817645127e-09
281.5565565565566	0.31701923508455093	7788.703801992189	8.038918456898605e-09
281.83183183183183	0.3171683108714098	7774.987305711253	8.067326410926945e-09
282.10710710710714	0.3172688845587926	7761.294965281879	8.09583137724693e-09
282.3823823823824	0.3173314642984339	7747.626738163111	8.124433040844296e-09
282.6576576576577	0.3173900543747126	7733.982581889341	8.153133534175337e-09
282.93293293293294	0.3174412029206112	7720.362454069717	8.181933863799937e-09
283.20820820820825	0.31745762494743535	7706.766312387665	8.210832984028315e-09
283.4834834834835	0.3174846174879122	7693.194114601748	8.23983340639771e-09
283.75875875875874	0.3175930117882267	7679.645818545855	8.268941036393216e-09
284.03403403403405	0.31779791289528464	7666.12138212836	8.298159950629173e-09
284.3093093093093	0.3180644396555195	7652.6207633313115	8.327490152649887e-09
284.5845845845846	0.3182669007002099	7639.143920209053	8.356923837019261e-09
284.85985985985985	0.318366324267731	7625.690810889274	8.386454855635328e-09
285.13513513513516	0.31848853747487516	7612.261393575086	8.416088416197938e-09
285.4104104104104	0.31863856208384106	7598.855626543297	8.44582758599621e-09
285.6856856856857	0.31869490239442916	7585.473468142517	8.475666225370612e-09
285.96096096096096	0.3186841888812294	7572.114876795083	8.505603197745866e-09
286.23623623623627	0.3186989378017506	7558.779810997795	8.535644109355221e-09
286.5115115115115	0.31863818287277657	7545.468229319171	8.565785317890896e-09
286.7867867867868	0.3184331316448153	7532.180090399711	8.59602067570075e-09
287.06206206206207	0.3183884965519294	7518.915352956996	8.626367304962727e-09
287.3373373373374	0.3186690496378997	7505.673975783634	8.656844743985749e-09
287.6126126126126	0.31898177234046987	7492.455917740752	8.687443517039597e-09
287.8878878878879	0.319157341496096	7479.261137759525	8.71814798620166e-09
288.1631631631632	0.31925799201737165	7466.089594844326	8.748954785199153e-09
288.4384384384384	0.31938459850627304	7452.941248073137	8.779869150920374e-09
288.71371371371373	0.3196268436172568	7439.816056597287	8.810899841608678e-09
288.988988988989	0.31983652709552013	7426.713979637959	8.84204145636664e-09
289.2642642642643	0.3198255291414516	7413.634976485425	8.873278909631925e-09
289.53953953953953	0.31973957603615055	7400.579006503727	8.904614732525075e-09
289.81481481481484	0.3197446938258079	7387.546029130857	8.936061540551166e-09
290.0900900900901	0.3198130378093922	7374.536003875855	8.967623854845134e-09
290.3653653653654	0.3198813345872246	7361.548890318151	8.999299811569333e-09
290.64064064064064	0.31988602187561976	7348.584648107448	9.031084360504224e-09
290.91591591591595	0.3198978451253941	7335.643236965521	9.062980053061317e-09
291.1911911911912	0.32009070689767055	7322.724616687645	9.095000306794779e-09
291.4664664664665	0.3203499702558739	7309.828747138241	9.12714405893539e-09
291.74174174174175	0.3204503862009416	7296.9555882490795	9.15939545733171e-09
292.01701701701705	0.3205423357627088	7284.105100024704	9.191757325791985e-09
292.2922922922923	0.32079900753718926	7271.277242542691	9.224243285585329e-09
292.5675675675676	0.3210201417341555	7258.4719759479285	9.256846302727092e-09
292.84284284284286	0.32110003271658055	7245.689260453925	9.289555756593563e-09
293.1181181181181	0.321265608971939	7232.929056347635	9.32238251303344e-09
293.3933933933934	0.3215724628711431	7220.191323986814	9.355336021571927e-09
293.66866866866866	0.32183240452676803	7207.476023796204	9.388407906012331e-09
293.94394394394396	0.32198478217281234	7194.783116269301	9.42159000179095e-09
294.2192192192192	0.32207508301710863	7182.112561969865	9.45488171379211e-09
294.4944944944945	0.3221511208901259	7169.464321531812	9.488286323715598e-09
294.76976976976977	0.3222511343414288	7156.838355658992	9.521808355184209e-09
295.0450450450451	0.32237303550809127	7144.234625124421	9.555450087581861e-09
295.3203203203203	0.3224874537698736	7131.653090769748	9.589210753791443e-09
295.5955955955956	0.3225252742885434	7119.093713504511	9.623085226575436e-09
295.8708708708709	0.322480611747496	7106.556454306981	9.657070754896812e-09
296.1461461461462	0.3224499218853519	7094.0412742256485	9.691173139208217e-09
296.4214214214214	0.32251031363229843	7081.548134378814	9.725401027387071e-09
296.69669669669673	0.3227011225123837	7069.076995953899	9.759761768748042e-09
296.971971971972	0.322941927783966	7056.627820205429	9.794253356784461e-09
297.2472472472473	0.3231123046364842	7044.200568454244	9.828866248524488e-09
297.52252252252254	0.3232399353033689	7031.795202089748	9.863598024092511e-09
297.7977977977978	0.3233715235463976	7019.411682570062	9.898451144384365e-09
298.0730730730731	0.32345598064072784	7007.04997142038	9.933423258413402e-09
298.34834834834834	0.3234693704699463	6994.71003023325	9.968511645566574e-09
298.62362362362364	0.3234733222336616	6982.3918206698445	1.000371974053724e-08
298.8988988988989	0.32351714447188323	6970.095304459658	1.0039053106693314e-08
299.1741741741742	0.32362358846301975	6957.820443399961	1.0074516401619533e-08
299.44944944944945	0.3237911976276104	6945.567199355291	1.0110112045319664e-08
299.72472472472475	0.3240023795186604	6933.335534257074	1.0145840153412254e-08
300.0	0.3242392026578073	6921.125410103481	1.018169968237053e-08
