0.008191303525763615	6.873206000938443	7218.030692981936	9.577702263494078	0.00743540030451547
25.0	0.048943521594684396	33212.0	10.0
25.275275275275277	0.049878715457467096	34071.76667141648	8.767745108191564
25.55055055055055	0.050751905492900186	34828.77009989548	7.669658238811081
25.825825825825827	0.0514921683810014	35490.54029677218	6.696016166262171
26.1011011011011	0.05230958654848885	36067.38152400632	5.833390036926204
26.376376376376378	0.05322757377532281	36568.63029115463	5.069608529771578
26.65165165165165	0.053966830247208566	37000.02678640144	4.39725216696266
26.926926926926928	0.05457802960938413	37368.033911215025	3.807925857402539
27.2022022022022	0.05537881014980955	37681.064121518	3.29062723234214
27.47747747747748	0.056300038113551436	37945.74326687527	2.8367043071919538
27.75275275275275	0.05711586996856658	38166.697682597485	2.4401431611559974
28.02802802802803	0.057888414628272294	38348.68048351904	2.0947488856949428
28.303303303303302	0.058699095426248904	38496.37627664457	1.7944046484435627
28.57857857857858	0.05941444486546962	38613.53132786785	1.5342273344515038
28.853853853853856	0.05999200203130262	38703.549759609865	1.3097781303131795
29.12912912912913	0.06061433091224885	38770.04457229006	1.116331494465785
29.404404404404403	0.0613382859332787	38816.26031611243	0.9496414911344064
29.67967967967968	0.06206919010562879	38844.814515610815	0.8062862767181571
29.954954954954957	0.06282912312144558	38858.05032172703	0.6832013528396352
30.23023023023023	0.06369288835362988	38858.105026155295	0.5775893014684568
30.505505505505504	0.06453350603638795	38846.68284801222	0.4872221684529281
30.78078078078078	0.06521153138481352	38825.19284490928	0.4102594455605512
31.056056056056057	0.06584983060505763	38795.03182415152	0.34487306194780654
31.33133133133133	0.06657707715266871	38757.50523228038	0.28935250521651634
31.606606606606608	0.06739663051664849	38713.72097783834	0.24224611316589706
31.88188188188188	0.06823311944450738	38664.58926890464	0.20236182755393148
32.15715715715716	0.06894036430055082	38610.85152756177	0.16872932325681297
32.432432432432435	0.06958020447177823	38553.194107178846	0.14044940832916683
32.70770770770771	0.07035726669379865	38492.26642511046	0.1166700866068863
32.98298298298298	0.071182116453474	38428.59091358709	0.09670627770018289
33.25825825825826	0.07188056609969094	38362.584919533234	0.08001107168224211
33.533533533533536	0.07260232519840895	38294.63881896295	0.06607224951077593
33.808808808808806	0.07348023022327865	38225.09853012485	0.05443558563388005
34.08408408408408	0.07432922001346169	38154.23304298264	0.044748102473785786
34.35935935935936	0.07504657885503312	38082.26690687599	0.036715123939092514
34.63463463463464	0.07575643928500099	38009.40471828157	0.030067867253941
34.90990990990991	0.0765306039784283	37935.82329817269	0.024573888786716437
35.18518518518518	0.07735632432869835	37861.669482276375	0.02004009513789876
35.46046046046046	0.0781237417018821	37787.062442262024	0.01630974144172794
35.73573573573574	0.07869361323648254	37712.10020373241	0.013253848353247388
36.01101101101101	0.07911161254635651	37636.8691260035	0.010758666802041184
36.286286286286284	0.07950413285071826	37561.44503786193	0.008724201029679189
36.56156156156156	0.08003148346981007	37485.89294356677	0.007064627820674571
36.83683683683684	0.08074201329721632	37410.26572772519	0.0057100464706976925
37.112112112112115	0.08143808933857566	37334.603986390146	0.004606736303548918
37.38738738738739	0.08203479951307215	37258.94085848375	0.0037107721534533657
37.66266266266266	0.08262665363660679	37183.30476364202	0.002984407706455102
37.93793793793794	0.08325581488535508	37107.71927928177	0.0023962517155057548
38.213213213213216	0.0839100716125079	37032.20358123254	0.0019206959499887
38.488488488488485	0.08454608334662592	36956.7731875772	0.0015369496743292959
38.76376376376376	0.08513632060508147	36881.440745932014	0.0012279627502886116
39.03903903903904	0.0857896339433119	36806.21684266194	0.0009794068106536089
39.314314314314316	0.08656784068987633	36731.1100788884	0.0007795618101896776
39.58958958958959	0.08730901163967372	36656.12709935437	0.0006192830685625396
39.86486486486486	0.08793724006472958	36581.27324337758	0.0004911418745230474
40.14014014014014	0.08856798442109476	36506.55296916394	0.0003888654033767038
40.41541541541542	0.08927029471912208	36431.96987263057	0.0003073141234969269
40.690690690690694	0.09003944722932762	36357.52677362531	0.00024236961836347193
40.965965965965964	0.09074460461032395	36283.22582572124	0.00019079084763176977
41.24124124124124	0.0912390446229719	36209.06868692611	0.00014998919525080172
41.51651651651652	0.09171479768275748	36135.05672119786	0.0001177621776859728
41.791791791791795	0.09237615533518183	36061.19099714151	9.229605162587125e-05
42.06706706706707	0.0930598264989749	35987.472258838985	7.220545987710241e-05
42.34234234234234	0.09363286977099726	35913.90102485852	5.640277060416356e-05
42.61761761761762	0.0941737035437249	35840.47766488306	4.3996985715138524e-05
42.892892892892895	0.09476284163729758	35767.20241879883	3.42688613803785e-05
43.168168168168165	0.09544763060539417	35694.07541550655	2.6636979877419067e-05
43.44344344344344	0.09619334839304249	35621.09668557204	2.0662688826726022e-05
43.71871871871872	0.09691217284729105	35548.26618865023	1.599694492183011e-05
43.993993993993996	0.09756788363553157	35475.583830344665	1.236254846326685e-05
44.26926926926927	0.09816860328134668	35403.04947438152	9.538073719966833e-06
44.54454454454455	0.09880865906305457	35330.66295167606	7.3458801487690236e-06
44.81981981981982	0.09953911730875119	35258.42406491676	5.646007615965344e-06
45.0950950950951	0.10024761091259232	35186.33259260412	4.330690902751112e-06
45.37037037037037	0.10086881999562962	35114.38829554982	3.315549183587668e-06
45.645645645645644	0.10144477281834076	35042.590921601055	2.5336324867002545e-06
45.92092092092092	0.10200596711189426	34970.94020917536	1.9325123653670295e-06
46.1961961961962	0.1025671793836725	34899.435888670596	1.4712232494299702e-06
46.471471471471475	0.10317439440408949	34828.077684275755	1.1177557173570035e-06
46.74674674674675	0.10386142995791998	34756.86531531786	8.472718011093755e-07
47.02202202202202	0.10449628513617452	34685.798497048825	6.408497669570994e-07
47.2972972972973	0.1049714103179703	34614.876941859206	4.838683084168779e-07
47.572572572572575	0.10543331832350536	34544.100360523254	3.647122670020117e-07
47.847847847847845	0.10597916368102012	34473.4684657324	2.7440614015281036e-07
48.12312312312312	0.10652302411915054	34402.980975452956	2.0617800197366542e-07
48.3983983983984	0.10704898319713523	34332.63759837001	1.5471614411362313e-07
48.673673673673676	0.10763769430060571	34262.4380428504	1.1593740951773415e-07
48.94894894894895	0.1082798454676568	34192.382017119584	8.675149788122037e-08
49.22422422422423	0.10890725180007264	34122.46922943526	6.482784852160152e-08
49.4994994994995	0.10951385329645251	34052.69938823854	4.83913894392689e-08
49.77477477477478	0.11011183064332708	33983.07220225157	3.609077131734318e-08
50.05005005005005	0.11067680962422095	33913.58738054767	2.6903363116448286e-08
50.32532532532532	0.11116799934652617	33844.24463260937	2.0056294869863114e-08
50.6006006006006	0.11153007733513806	33775.04366837256	1.4965789227781875e-08
50.87587587587588	0.11182061481651069	33705.98419826264	1.1187310725710755e-08
51.151151151151154	0.11225230058677783	33637.06593321868	8.381969764094001e-09
51.42642642642643	0.11288441372556325	33568.28858470578	6.298510725938366e-09
51.70170170170171	0.11362488417555447	33499.65186472918	4.752761477265475e-09
51.97697697697698	0.11432717916515373	33431.15548584706	3.6088190764286084e-09
52.252252252252255	0.11486769469551758	33362.7991611797	2.7650983914723173e-09
52.527527527527525	0.11537795504210666	33294.58260441616	2.144030228164302e-09
52.8028028028028	0.11598839935008995	33226.50552981673	1.6872992498948057e-09
53.07807807807808	0.11658360880823915	33158.567652214246	1.3521729116862623e-09
53.353353353353356	0.11707328788859198	33090.768687016316	1.1070175565075267e-09
53.62862862862863	0.11749363528227899	33023.10835020657	9.281561335316427e-10
53.90390390390391	0.11792524119081037	32955.58635834488	7.979436429051052e-10
54.17917917917918	0.11847238278942517	32888.202428567376	7.033223849067276e-10
54.454454454454456	0.11910968388595483	32820.95627858588	6.34767572178233e-10
54.729729729729726	0.11973445763862196	32753.847626687406	5.853380799398887e-10
55.005005005005	0.12031582448706937	32686.87619173353	5.499211226567029e-10
55.28028028028028	0.1208598467789904	32620.04169315972	5.247447679069461e-10
55.55555555555556	0.12139933378486151	32553.343850974354	5.070319518067235e-10
55.830830830830834	0.12194057083995764	32486.782385757757	4.947498598891037e-10
56.10610610610611	0.12241913226420241	32420.357018661063	4.864177765785169e-10
56.38138138138139	0.1228566690685523	32354.067471405313	4.809511209562995e-10
56.65665665665666	0.12339508389904034	32287.913466280424	4.775560632967832e-10
56.931931931931935	0.12402969600679062	32221.894726143953	4.756600848020887e-10
57.20720720720721	0.1246381668730998	32156.010974419885	4.748504042863008e-10
57.48248248248248	0.1252008197279299	32090.2619350976	4.748266952974416e-10
57.75775775775776	0.1257455106895584	32024.647332730776	4.753708608162772e-10
58.033033033033036	0.12626680446110705	31959.166892436242	4.763250934224535e-10
58.30830830830831	0.12677150142639057	31893.820339892816	4.775754975805539e-10
58.58358358358358	0.12732812029813148	31828.60740134027	4.790407175611535e-10
58.85885885885886	0.12792689529363657	31763.527803578054	4.806623591134573e-10
59.134134134134136	0.1284170877986167	31698.58127396407	4.823968154743905e-10
59.40940940940941	0.12884848379606909	31633.76754041373	4.842132602109994e-10
59.68468468468468	0.1294575083299518	31569.086331398954	4.860925846592157e-10
59.95995995995996	0.13008486403303895	31504.537375946704	4.880192482154437e-10
60.23523523523524	0.1304085287015529	31440.12040363765	4.899779803654485e-10
60.510510510510514	0.1307010017313907	31375.835144605644	4.919614020220722e-10
60.78578578578579	0.1313053445296473	31311.681329536637	4.939688259307892e-10
61.06106106106106	0.13199760443419645	31247.658689667023	4.959968372390413e-10
61.33633633633634	0.13257445328061848	31183.766956782496	4.980403101120089e-10
61.611611611611615	0.1331384550965633	31120.0058632173	5.000969925160973e-10
61.88688688688689	0.133702866438506	31056.37514185292	5.021654796324929e-10
62.16216216216216	0.13412974710407222	30992.87452611691	5.042429498177216e-10
62.43743743743744	0.13447518796724678	30929.50374998189	5.063281901516911e-10
62.712712712712715	0.13493749960368012	30866.262547964598	5.084230159888597e-10
62.98798798798799	0.13555793382032222	30803.15065512468	5.105292520266075e-10
63.26326326326326	0.13626917936263624	30740.167807063382	5.126472686315935e-10
63.53853853853854	0.13686477178689263	30677.313739922378	5.147745635664126e-10
63.813813813813816	0.13723355243412746	30614.588190382685	5.169079323023593e-10
64.0890890890891	0.1376182843193512	30551.99089566399	5.190484200746243e-10
64.36436436436436	0.13813252978539767	30489.521593523365	5.211982791749086e-10
64.63963963963964	0.138598641638563	30427.180022253906	5.233567007832976e-10
64.91491491491492	0.13897050851445739	30364.96592068377	5.255225239746589e-10
65.1901901901902	0.13935237834353226	30302.879028175226	5.276963569502157e-10
65.46546546546547	0.13980405704887647	30240.91908462349	5.298794306250525e-10
65.74074074074073	0.1403361196557668	30179.08583045563	5.320727429842298e-10
66.01601601601601	0.14085099273760202	30117.379006629362	5.342756815604311e-10
66.29129129129129	0.14127564578336987	30055.798354631937	5.364868599004541e-10
66.56656656656656	0.1417498796009739	29994.34361647937	5.387072147205045e-10
66.84184184184184	0.14234525306040458	29933.014534715217	5.409383551672567e-10
67.11711711711712	0.142911999087691	29871.810852409275	5.431793804012978e-10
67.3923923923924	0.14338609324944435	29810.7323131566	5.454288305127463e-10
67.66766766766767	0.14383751925518937	29749.778661076612	5.476866646154591e-10
67.94294294294295	0.14430982165344988	29688.949640811938	5.499534521484938e-10
68.21821821821823	0.14481453361463525	29628.244997527352	5.522297465915972e-10
68.4934934934935	0.14531748371980444	29567.664476908638	5.54515476970248e-10
68.76876876876878	0.1457708223326371	29507.207825161495	5.568099667883807e-10
69.04404404404404	0.14615650136514868	29446.874789010555	5.591125314951992e-10
69.31931931931932	0.1465088146770582	29386.665115698303	5.614231839813032e-10
69.5945945945946	0.14697049703198253	29326.57855298423	5.637438627001566e-10
69.86986986986987	0.14757003437500107	29266.61484914358	5.660762674807986e-10
70.14514514514515	0.14814370477843336	29206.773752966124	5.684193500539826e-10
70.42042042042041	0.14862793969425353	29147.055013755184	5.707715634809206e-10
70.69569569569569	0.1490649382603359	29087.458381326716	5.731324526629734e-10
70.97097097097097	0.14947341526891683	29027.983606008267	5.755019798465613e-10
71.24624624624624	0.14986466400626489	28968.630438637854	5.778802867779298e-10
71.52152152152152	0.15029597183724563	28909.398630563046	5.802682536063393e-10
71.7967967967968	0.15079413555564947	28850.28793363982	5.82666842031732e-10
72.07207207207207	0.1512402102227633	28791.29810023141	5.850751029747771e-10
72.34734734734735	0.15158261694100478	28732.42888320732	5.874917234774195e-10
72.62262262262263	0.15194777914787297	28673.680035942485	5.89917551486461e-10
72.8978978978979	0.1523873921065679	28615.051312316195	5.923538632798163e-10
73.17317317317318	0.1528475954337662	28556.542466710885	5.948007913118315e-10
73.44844844844846	0.1533175912308308	28498.15325401118	5.972582902380723e-10
73.72372372372374	0.15381492794277637	28439.88342960293	5.997265806080365e-10
73.998998998999	0.1543105535214842	28381.732749372106	6.022054274234138e-10
74.27427427427428	0.15477197276967541	28323.70096970374	6.046942486894029e-10
74.54954954954955	0.15523537412132593	28265.787847481046	6.071931662338954e-10
74.82482482482483	0.15572038180610087	28207.993140084356	6.097025410641078e-10
75.1001001001001	0.15616750027488038	28150.31660538999	6.122218171734129e-10
75.37537537537537	0.15655799501103712	28092.75800176931	6.147503905327696e-10
75.65065065065065	0.1569454771894019	28035.317088087806	6.172886099156789e-10
75.92592592592592	0.15734321593277228	27977.993623704013	6.198369001029262e-10
76.2012012012012	0.15772910756103153	27920.787368468482	6.223952534334551e-10
76.47647647647648	0.1581295062826937	27863.698082722818	6.24964039648322e-10
76.75175175175175	0.15858594472760387	27806.725527298706	6.275440824517409e-10
77.02702702702703	0.1590788087587257	27749.869463516825	6.301356655663464e-10
77.30230230230231	0.15958855962498167	27693.129653185842	6.327387202776557e-10
77.57757757757759	0.16015419835903744	27636.505858601515	6.353537489074083e-10
77.85285285285286	0.16074902568107882	27579.99784254559	6.379807243770195e-10
78.12812812812814	0.16121525375202317	27523.605368284625	6.406174825164148e-10
78.40340340340342	0.16153222780937812	27467.328199569234	6.432623585231041e-10
78.67867867867868	0.1618391764515296	27411.16610063324	6.459162029983111e-10
78.95395395395396	0.1622141429747563	27355.11883619261	6.485806538998675e-10
79.22922922922923	0.16268064815857528	27299.18617144447	6.512571090039714e-10
79.50450450450451	0.16321161300219825	27243.367872065966	6.539461125454508e-10
79.77977977977977	0.16374700224668368	27187.663704213322	6.566472020540897e-10
80.05505505505505	0.16417892314210258	27132.073434520702	6.593586086340978e-10
80.33033033033033	0.1644615408229164	27076.596830099417	6.620785823058337e-10
80.6056056056056	0.16471182509274448	27021.23365853708	6.648076321802314e-10
80.88088088088088	0.16501650629364617	26965.98368789666	6.675473005828113e-10
81.15615615615616	0.1653873488971748	26910.846686715347	6.70298756726922e-10
81.43143143143143	0.16576522552018577	26855.82242400353	6.730619465118589e-10
81.70670670670671	0.1660515831121336	26800.91066924378	6.758354823878087e-10
81.98198198198199	0.1662831870583842	26746.11119239005	6.786190048175188e-10
82.25725725725727	0.16655495108389579	26691.423763866776	6.81413624006057e-10
82.53253253253254	0.16690274867834964	26636.84815456785	6.842205682896894e-10
82.80780780780782	0.16730179470123546	26582.384135855616	6.870402926806998e-10
83.0830830830831	0.16760878930125778	26528.031479559682	6.898710944043599e-10
83.35835835835836	0.1677659889191305	26473.789957976118	6.927110935376469e-10
83.63363363363364	0.16789384436931662	26419.659343866737	6.955608032832691e-10
83.90890890890891	0.16809338426889922	26365.639410458138	6.984219920581505e-10
84.18418418418419	0.16841658558246805	26311.729931440674	7.012965406871491e-10
84.45945945945945	0.1687878780683744	26257.930680967307	7.041845935198468e-10
84.73473473473473	0.16907939156905424	26204.24143365261	7.07084442305276e-10
85.01001001001	0.16933912484426522	26150.661964572093	7.099957038188738e-10
85.28528528528528	0.1696663045158987	26097.19204926128	7.129195695035239e-10
85.56056056056056	0.17009842173148665	26043.83146371471	7.158573495657904e-10
85.83583583583584	0.17060496567770136	25990.57998438492	7.188094538398998e-10
86.11111111111111	0.17104340099886847	25937.43738818132	7.2177411310825e-10
86.38638638638639	0.17134597246850045	25884.40345246937	7.247492566916189e-10
86.66166166166167	0.1715644895641799	25831.477955069808	7.277343435680399e-10
86.93693693693695	0.17183205804844423	25778.660674257884	7.307309685365594e-10
87.21221221221222	0.1723041047615412	25725.951388762416	7.3374239917708e-10
87.4874874874875	0.1728423108318661	25673.34987776444	7.367687085583547e-10
87.76276276276278	0.1732337424412914	25620.855920896225	7.398068765623358e-10
88.03803803803804	0.17358050120066573	25568.469298240743	7.428565096278386e-10
88.31331331331332	0.17399344206096054	25516.189790330794	7.459189899222111e-10
88.58858858858859	0.17436743073693003	25464.01717814778	7.489936733341426e-10
88.86386386386387	0.17466310999063953	25411.95124312085	7.520796040266158e-10
89.13913913913915	0.17499858112118585	25359.991767126266	7.551779265006222e-10
89.41441441441442	0.17539754363187093	25308.138532486304	7.582897208994473e-10
89.68968968968969	0.17578414191470604	25256.391321968218	7.614145707221153e-10
89.96496496496496	0.17616230793759746	25204.74991878344	7.645522940572838e-10
90.24024024024024	0.17657340126794246	25153.21410658672	7.677034046295087e-10
90.51551551551552	0.17697828520627434	25101.783669475142	7.708676665302397e-10
90.7907907907908	0.17732819966013488	25050.458391987147	7.740442361477574e-10
91.06606606606607	0.17764167088895022	24999.238059101754	7.77232884009806e-10
91.34134134134135	0.17793009842224883	24948.122456237666	7.804336564900512e-10
91.61661661661662	0.17816461089299504	24897.11136925229	7.836461750987534e-10
91.8918918918919	0.17839241994899308	24846.204584440962	7.868709247118167e-10
92.16716716716716	0.17874863377264338	24795.401888536195	7.901102330701001e-10
92.44244244244244	0.17921188767961668	24744.703068706527	7.933652429648483e-10
92.71771771771772	0.1796510833503345	24694.107912555486	7.96634725522557e-10
92.992992992993	0.18003088670055878	24643.61620812082	7.999174166688655e-10
93.26826826826827	0.18036790055183025	24593.227743873707	8.032128082379774e-10
93.54354354354355	0.18070702435732194	24542.942308717895	8.065212817553527e-10
93.81881881881883	0.18106482029446816	24492.759691988813	8.09843341589766e-10
94.0940940940941	0.18136955842797242	24442.679683452498	8.131782408026557e-10
94.36936936936937	0.1816455011756659	24392.7020733049	8.165259079925462e-10
94.64464464464464	0.18207051010957512	24342.82665217124	8.198890046850408e-10
94.91991991991992	0.18257062624336626	24293.053211104743	8.232680645758728e-10
95.1951951951952	0.1828647074992047	24243.381541585397	8.266591805297393e-10
95.47047047047047	0.18307669305540822	24193.81143551977	8.30061867684423e-10
95.74574574574575	0.18349287581964166	24144.34268524036	8.334802001715175e-10
96.02102102102103	0.18398031778911947	24094.975083504098	8.369146623952336e-10
96.2962962962963	0.18433850443376454	24045.708423491313	8.403625157139962e-10
96.57157157157158	0.18461345279913619	23996.54249880531	8.438228199663713e-10
96.84684684684684	0.18486627488615132	23947.47710347151	8.472959602164433e-10
97.12212212212212	0.18509460383493587	23898.512031936465	8.507821556076478e-10
97.3973973973974	0.1853105677683562	23849.647079067072	8.542817469464775e-10
97.67267267267268	0.18555149732097712	23800.88204014972	8.577955379634685e-10
97.94794794794795	0.1858580977103069	23752.216710889454	8.613246682646505e-10
98.22322322322323	0.18625860688806178	23703.650887409087	8.648702905862948e-10
98.4984984984985	0.18668221998317314	23655.184366248166	8.684320299910692e-10
98.77377377377378	0.1870405654982504	23606.816944362134	8.720083115562419e-10
99.04904904904905	0.18734875775364424	23558.548419121602	8.755984432954e-10
99.32432432432432	0.18764463196178696	23510.378588311567	8.792026209137156e-10
99.5995995995996	0.1879568303202479	23462.307250130558	8.828214333212148e-10
99.87487487487488	0.18828356196110785	23414.334203189723	8.864552314975436e-10
100.15015015015015	0.18858381729851098	23366.45924651191	8.901036082162809e-10
100.42542542542543	0.18886426123580768	23318.682179530933	8.93766447453776e-10
100.70070070070071	0.18917028615816375	23271.002802090774	8.974444184236429e-10
100.97597597597598	0.18948818288027913	23223.42091444465	9.011377316810229e-10
101.25125125125126	0.18977738401931465	23175.93631725415	9.048458972122512e-10
101.52652652652652	0.19002937266394704	23128.548811588425	9.085685108450654e-10
101.8018018018018	0.19026594919585046	23081.258198923413	9.123057007279992e-10
102.07707707707708	0.1905677248238285	23034.06428114113	9.160588516464268e-10
102.35235235235236	0.19096007005993043	22986.966860528748	9.198292236751869e-10
102.62762762762763	0.19135109345444065	22939.965739777508	9.236161276048857e-10
102.90290290290291	0.1916777077404065	22893.060721982	9.274181677292715e-10
103.17817817817819	0.19192192388998028	22846.251610639392	9.312342486266129e-10
103.45345345345346	0.1920664598071559	22799.538209648596	9.350634630112292e-10
103.72872872872873	0.19211848546503743	22752.92032330952	9.389054056550765e-10
104.004004004004	0.19225628918721263	22706.39775632254	9.427627380106407e-10
104.27927927927928	0.19263556722308603	22659.970313787675	9.46639601177944e-10
104.55455455455456	0.19305703933950213	22613.63780120308	9.505352520260179e-10
104.82982982982983	0.19334629181404084	22567.400024464278	9.544464340996421e-10
105.10510510510511	0.1935742982137602	22521.256789863826	9.583723990961962e-10
105.38038038038039	0.1937901390327003	22475.207904090446	9.623135315094917e-10
105.65565565565566	0.19397293996572887	22429.25317422807	9.662697418311935e-10
105.93093093093094	0.19419336872064916	22383.39240775524	9.702421653782564e-10
106.2062062062062	0.1945741522670137	22337.625412544392	9.742335288537294e-10
106.48148148148148	0.19498156191517302	22291.95199686053	9.782432654686269e-10
106.75675675675676	0.19521883200763548	22246.37196936035	9.822678079887541e-10
107.03203203203203	0.19543399229082445	22200.885139092043	9.86307533562703e-10
107.30730730730731	0.1957787405228447	22155.491315494568	9.903652169472601e-10
107.58258258258259	0.19611708145125265	22110.190308396253	9.944402556700685e-10
107.85785785785787	0.1963765252666855	22064.981928014127	9.985311112309263e-10
108.13313313313314	0.1966745428047253	22019.865984953496	1.0026388737428739e-09
108.4084084084084	0.19705063814743037	21974.842290207034	1.0067648770639664e-09
108.68368368368368	0.19743962396413783	21929.910655153722	1.0109088379802493e-09
108.95895895895896	0.19772833896337652	21885.070891558003	1.0150687116557527e-09
109.23423423423424	0.19781831368886538	21840.322811569007	1.0192416615993362e-09
109.50950950950951	0.19787830164410797	21795.6662277203	1.0234289027828923e-09
109.78478478478479	0.19812961243816507	21751.100952929217	1.0276349330032074e-09
110.06006006006007	0.19860812602947472	21706.626800495713	1.0318630368573038e-09
110.33533533533534	0.19920008838123016	21662.243584101245	1.0361132279068413e-09
110.61061061061062	0.19957063723895133	21617.951117807566	1.0403798166997002e-09
110.88588588588588	0.19965519814540322	21573.749216056487	1.0446584078310484e-09
111.16116116116116	0.1997599514151516	21529.637693669836	1.0489517147719032e-09
111.43643643643644	0.1999560450937453	21485.616365848255	1.0532625698860588e-09
111.71171171171171	0.2001289403493532	21441.68504817	1.0575906777967403e-09
111.98698698698699	0.20034487664233827	21397.843556590557	1.0619370433876851e-09
112.26226226226227	0.20071404542120003	21354.09170744197	1.0663041996455074e-09
112.53753753753755	0.20112970042418818	21310.429317431608	1.0706917982718635e-09
112.81281281281282	0.20147356163713373	21266.856203641368	1.0750976061421041e-09
113.08808808808809	0.20176388927562985	21223.372183527215	1.0795206769322615e-09
113.36336336336336	0.2020286111442437	21179.977074918403	1.0839609811053671e-09
113.63863863863864	0.20227513314524762	21136.67069601671	1.0884186615955703e-09
113.91391391391392	0.20251497685308867	21093.452865395648	1.0928940341679053e-09
114.1891891891892	0.20276412257053736	21050.323401999744	1.0973875944342558e-09
114.46446446446447	0.20302286332154426	21007.28212514373	1.1018996661764834e-09
114.73973973973975	0.2032821529526893	20964.328854511776	1.106430308524074e-09
115.01501501501502	0.20353513159845832	20921.463410156717	1.1109794660074971e-09
115.2902902902903	0.203786129852809	20878.685612499346	1.1155472160079692e-09
115.56556556556556	0.2040741569031005	20835.995282327745	1.1201343328872063e-09
115.84084084084084	0.204383596430478	20793.392240796384	1.1247410175917054e-09
116.11611611611612	0.20457905888012828	20750.876309425126	1.1293649886515742e-09
116.3913913913914	0.20467433343049066	20708.44731009882	1.1340052085108233e-09
116.66666666666667	0.20487324722826541	20666.105065066942	1.1386647864577114e-09
116.94194194194195	0.2052277241598602	20623.84939694256	1.143346489150534e-09
117.21721721721723	0.20565896452500562	20581.680128701268	1.148050516791898e-09
117.4924924924925	0.20603831444749401	20539.597083680324	1.1527746809102385e-09
117.76776776776778	0.20626491883580095	20497.600085578004	1.1575159228492e-09
118.04304304304304	0.20645209745781926	20455.688958453313	1.1622745894647496e-09
118.31831831831832	0.20670273611476855	20413.863526725232	1.1670527940623415e-09
118.5935935935936	0.2069470844925523	20372.12361517162	1.1718505010850287e-09
118.86886886886887	0.20712158803718514	20330.469048928462	1.1766665540418896e-09
119.14414414414415	0.20721713279813248	20288.899653489258	1.1815001531872757e-09
119.41941941941943	0.20731199648539403	20247.41525470452	1.1863523183572308e-09
119.6946946946947	0.20754517261964922	20206.015678781183	1.19122624853599e-09
119.96996996996998	0.2078828485424427	20164.700752281442	1.196123184892236e-09
120.24524524524524	0.20821051899390472	20123.47030212187	1.2010417384547635e-09
120.52052052052052	0.20852935966478123	20082.324155572944	1.2059811764876764e-09
120.7957957957958	0.20885522135875773	20041.262140258386	1.210941415660326e-09
121.07107107107107	0.20912215406385118	20000.284084154187	1.215921204708097e-09
121.34634634634635	0.2093119470678058	19959.389815588056	1.220919522749734e-09
121.62162162162163	0.20952623675953147	19918.579163238963	1.2259377427256936e-09
121.8968968968969	0.209816423874656	19877.85195613631	1.2309776552010469e-09
122.17217217217218	0.21015759881313414	19837.208023659034	1.2360398432997735e-09
122.44744744744746	0.21049401755108083	19796.647195534806	1.2411236156728496e-09
122.72272272272272	0.21076409003556207	19756.16930183931	1.2462274429132897e-09
122.997997997998	0.21100153003958266	19715.774172995738	1.251351139445626e-09
123.27327327327328	0.21126931629798365	19675.461639774207	1.2564958436257593e-09
123.54854854854855	0.21157921126083917	19635.231533290877	1.2616624635751527e-09
123.82382382382383	0.2119149016524458	19595.08368500718	1.266851237638922e-09
124.0990990990991	0.2122250853597191	19555.01792672906	1.2720613489967892e-09
124.37437437437438	0.21248727990695718	19515.034090606303	1.2772919397387005e-09
124.64964964964966	0.21272664668478058	19475.13200913196	1.2825430510771192e-09
124.92492492492492	0.21294422541031235	19435.3115151416	1.2878147630274718e-09
125.2002002002002	0.21312124952027447	19395.572441812532	1.2931067908969354e-09
125.47547547547548	0.21328634015639553	19355.91462266326	1.2984195695666933e-09
125.75075075075075	0.21348964802902468	19316.33789155283	1.3037543646675725e-09
126.02602602602603	0.21375586437488756	19276.84208268006	1.3091124149177637e-09
126.30130130130131	0.2140714438928538	19237.427030582745	1.314494192783032e-09
126.57657657657658	0.21433341555259955	19198.092570136745	1.3198979700709006e-09
126.85185185185186	0.21448893339431285	19158.838536555417	1.3253217677985233e-09
127.12712712712714	0.21460442036369964	19119.66476538923	1.330765830080225e-09
127.4024024024024	0.21472178110734738	19080.571092525013	1.3362311637368778e-09
127.67767767767768	0.21484395311495508	19041.557354185185	1.3417184294488682e-09
127.95295295295296	0.2149973792335789	19002.623386927095	1.3472285682412618e-09
128.22822822822823	0.21521393145132384	18963.76902764239	1.3527627927596489e-09
128.5035035035035	0.2154445401904899	18924.99411355609	1.358320836822063e-09
128.7787787787788	0.21563366980428633	18886.298482225913	1.3639014698485744e-09
129.05405405405406	0.21582985076115438	18847.68197154184	1.3695050300992864e-09
129.32932932932934	0.2160749899363291	18809.144419725446	1.3751326030560068e-09
129.60460460460462	0.2163398817337492	18770.685665329016	1.3807842432339972e-09
129.87987987987987	0.21660293219511137	18732.305547234904	1.3864595828757982e-09
130.15515515515517	0.21686576929073975	18694.003904654888	1.392158493573062e-09
130.43043043043042	0.2171212291998049	18655.780577129517	1.397880799233547e-09
130.70570570570572	0.21735402748350668	18617.635404527377	1.4036261286884106e-09
130.98098098098097	0.2175554765602096	18579.56822704448	1.4093941369315213e-09
131.25625625625628	0.21772965432656233	18541.578885203573	1.4151847570766347e-09
131.53153153153153	0.2179259197547408	18503.667219853643	1.4209990202854868e-09
131.80680680680683	0.21817266587622564	18465.833072169182	1.426838136820123e-09
132.08208208208208	0.21839968426183853	18428.076283649243	1.432701355281078e-09
132.35735735735736	0.21857691411500016	18390.396696116873	1.4385876707135637e-09
132.63263263263264	0.21877146599995959	18352.79415171874	1.4444979801374865e-09
132.9079079079079	0.21903142835107017	18315.268492924428	1.4504338417542934e-09
133.1831831831832	0.21936763012086632	18277.819562525645	1.4563963973909317e-09
133.45845845845847	0.219704664800514	18240.44720363536	1.4623847279701706e-09
133.73373373373374	0.21994624661686685	18203.15125968703	1.4683963229436301e-09
134.00900900900902	0.2202104321791076	18165.931574434584	1.474432355242267e-09
134.2842842842843	0.22060124513754495	18128.78799195177	1.4804957430305867e-09
134.55955955955955	0.2208688946257182	18091.720356630405	1.4865827934727911e-09
134.83483483483485	0.22091490870352712	18054.72851318018	1.4926893957545805e-09
135.1101101101101	0.22112551942159447	18017.812306629476	1.4988216368867114e-09
135.3853853853854	0.22158293607140545	17980.97158232378	1.5049847006329747e-09
135.66066066066065	0.2219118663914979	17944.20618592371	1.5111733694756583e-09
135.93593593593596	0.222021806049484	17907.515963405185	1.5173828545923162e-09
136.2112112112112	0.22207450814032054	17870.900761059536	1.523614076880289e-09
136.4864864864865	0.22222050005636396	17834.360425492832	1.529870866314843e-09
136.76176176176176	0.22254595081453268	17797.894803625084	1.5361572682559125e-09
137.03703703703704	0.2228807102769351	17761.50374268876	1.542471825451239e-09
137.31231231231232	0.2230745517436279	17725.187090228275	1.5488104808425747e-09
137.5875875875876	0.22322953876295085	17688.94469410006	1.5551733059280334e-09
137.86286286286287	0.2234366838636843	17652.77640247192	1.561562399560372e-09
138.13813813813815	0.2237001324614778	17616.682063822136	1.5679790543338547e-09
138.41341341341342	0.22399107471586233	17580.661526938722	1.5744233891952575e-09
138.6886886886887	0.22425625139826041	17544.71464091872	1.5808943318524805e-09
138.96396396396398	0.22444779991373068	17508.841255167565	1.5873902733294522e-09
139.23923923923923	0.22454745142429935	17473.041219398565	1.5939099679415036e-09
139.51451451451453	0.22468935228793996	17437.31438363272	1.6004557970777402e-09
139.78978978978978	0.22498556851796808	17401.66059819811	1.6070316448132366e-09
140.06506506506508	0.22528189887372707	17366.079713728308	1.6136361973621893e-09
140.34034034034033	0.22547036373085805	17330.571581162003	1.6202663384974951e-09
140.61561561561564	0.22564796780326674	17295.136051742935	1.6269226253578e-09
140.8908908908909	0.22582797760983392	17259.772977019096	1.6336057126611617e-09
141.1661661661662	0.2259037996761072	17224.482208841655	1.6403135622860338e-09
141.44144144144144	0.22596983432942752	17189.26359936501	1.6470472755880774e-09
141.71671671671672	0.2262440660347826	17154.117001046576	1.6538125316656663e-09
141.991991991992	0.2266715127599688	17119.042266645287	1.6606112155172003e-09
142.26726726726727	0.22708048655924298	17084.039249220586	1.6674404318980687e-09
142.54254254254255	0.2273508739124483	17049.107802131974	1.6742958738596195e-09
142.81781781781783	0.22745356697759112	17014.247779038662	1.6811745756967195e-09
143.0930930930931	0.22755306220700924	16979.459033899668	1.6880788106300574e-09
143.36836836836838	0.2277709381080875	16944.741420973016	1.6950127073593955e-09
143.64364364364366	0.2281140970885896	16910.09479481475	1.7019787259527044e-09
143.9189189189189	0.2285295763402999	16875.519010278156	1.708977012712628e-09
144.1941941941942	0.2289234393454327	16841.013922512975	1.7160054878014988e-09
144.46946946946946	0.22926690454307677	16806.579386965044	1.72306240331855e-09
144.74474474474476	0.22956499333356942	16772.215259375767	1.7301469895265149e-09
145.02002002002	0.22979438151253875	16737.921395781454	1.7372583295549874e-09
145.29529529529532	0.22994560851781692	16703.69765251272	1.744395752914321e-09
145.57057057057057	0.23008584604487242	16669.543886194202	1.7515605495011365e-09
145.84584584584587	0.23026953819804874	16635.459953743884	1.7587547696038563e-09
146.12112112112112	0.23049656684017802	16601.445712372322	1.7659795717090708e-09
146.3963963963964	0.23073607207194483	16567.501019581916	1.7732348949876354e-09
146.67167167167167	0.23093394227383418	16533.62573316625	1.7805194566371043e-09
146.94694694694695	0.23111127967891998	16499.819711209766	1.7878331333739679e-09
147.22222222222223	0.23133465831608388	16466.0828120873	1.7951775334737435e-09
147.4974974974975	0.23159885426138516	16432.41489446328	1.8025534534413505e-09
147.77277277277278	0.23186702470319417	16398.81581729097	1.8099604809587266e-09
148.04804804804806	0.23210414899860152	16365.285439811949	1.8173975956415605e-09
148.32332332332334	0.23230344510630369	16331.823621555546	1.8248641406112981e-09
148.59859859859858	0.23252370126577004	16298.430222338542	1.8323612692321565e-09
148.8738738738739	0.2327844460391969	16265.105102264417	1.8398901411428242e-09
149.14914914914914	0.23303664699145982	16231.848121722547	1.8474502225675062e-09
149.42442442442444	0.23327445980318723	16198.659141387721	1.8550411426322253e-09
149.6996996996997	0.2335327872376522	16165.538022219776	1.862663632551599e-09
149.974974974975	0.23381989628335195	16132.48462546284	1.8703183506921803e-09
150.25025025025025	0.23412657263298267	16099.49881264477	1.878005479998098e-09
150.52552552552555	0.23443312902162258	16066.58044557644	1.885724686054586e-09
150.8008008008008	0.23473448155013352	16033.729386351308	1.8934757245455365e-09
151.07607607607608	0.23507949503338554	16000.945497344963	1.9012597604437264e-09
151.35135135135135	0.23546653685856406	15968.228641214428	1.9090774355529273e-09
151.62662662662663	0.23578811803268704	15935.578680897112	1.9169264302719935e-09
151.9019019019019	0.2360384624275774	15902.99547961068	1.924805427282334e-09
152.17717717717719	0.23632611877143989	15870.478900852884	1.932716550199184e-09
152.45245245245246	0.2366218902281724	15838.028808400486	1.940660241651326e-09
152.72772772772774	0.23682445022368404	15805.645066308385	1.948634205157692e-09
153.00300300300302	0.23701249090131463	15773.327538909758	1.9566393008207193e-09
153.2782782782783	0.23728692937624057	15741.076090815563	1.964678641309821e-09
153.55355355355357	0.23754304536769533	15708.8905869132	1.9727512384916684e-09
153.82882882882885	0.2377215160585208	15676.77089236611	1.9808550985985627e-09
154.10410410410412	0.23797506982929886	15644.716872614019	1.98899319115858e-09
154.37937937937937	0.238313783920032	15612.728393371852	1.9971674152224663e-09
154.65465465465465	0.2385234528885651	15580.805320628246	2.0053732554354463e-09
154.92992992992993	0.2385983045551843	15548.947520645841	2.0136082369320314e-09
155.2052052052052	0.2387072194713694	15517.154859961398	2.021875536142435e-09
155.48048048048048	0.2388715031449301	15485.427205384663	2.030177451228732e-09
155.75575575575576	0.23905172594345583	15453.764423997562	2.0385142216208534e-09
156.03103103103103	0.23930374265678694	15422.16638315403	2.0468875240410754e-09
156.3063063063063	0.2396531636204976	15390.632950479341	2.0552989968833934e-09
156.5815815815816	0.23995539321272036	15359.16399386885	2.063745725587999e-09
156.85685685685687	0.24014050512625496	15327.759381487731	2.0722243790291735e-09
157.13213213213214	0.24031547842122536	15296.418981771167	2.08073613222355e-09
157.40740740740742	0.24052577646641501	15265.142663423549	2.0892828867762173e-09
157.6826826826827	0.24073419239375657	15233.930295417566	2.0978647072950397e-09
157.95795795795797	0.240908339015167	15202.781746993702	2.1064808207120427e-09
158.23323323323325	0.2410284771082977	15171.696887659711	2.1151303513401703e-09
158.50850850850853	0.2411190455258995	15140.675587190271	2.123813565713792e-09
158.7837837837838	0.24122250280925864	15109.71771562652	2.132531824688201e-09
159.05905905905905	0.24138377008004386	15078.823143275511	2.1412871407904925e-09
159.33433433433433	0.24160039169716221	15047.991740709484	2.1500805778112803e-09
159.6096096096096	0.241769778673681	15017.223378764878	2.1589099435063724e-09
159.88488488488488	0.24188115152477757	14986.517928542204	2.1677738610661747e-09
160.16016016016016	0.2420556269628709	14955.875261406036	2.1766750347083753e-09
160.43543543543544	0.2423388264361443	14925.295248984183	2.1856162251668103e-09
160.7107107107107	0.24270110120566205	14894.777763166821	2.1945981312834725e-09
160.985985985986	0.24305416413337871	14864.3226761057	2.2036187303479707e-09
161.26126126126127	0.24330568633447236	14833.929860213562	2.2126744559205578e-09
161.53653653653654	0.24347468967470218	14803.599188164118	2.2217640513419562e-09
161.81181181181182	0.24362357892810627	14773.330532891694	2.2308886831284887e-09
162.0870870870871	0.24384289480720592	14743.123767590832	2.240051585430953e-09
162.36236236236238	0.24413612707120994	14712.978765715381	2.249254619156397e-09
162.63763763763765	0.24436466518653055	14682.895400977328	2.258494893401825e-09
162.91291291291293	0.24453949516537446	14652.873547346926	2.2677712903052446e-09
163.1881881881882	0.24480496849027078	14622.913079052772	2.2770874260667127e-09
163.46346346346348	0.24498581370430186	14593.013870579842	2.2864402341017023e-09
163.73873873873873	0.24480086904954546	14563.175796668473	2.295820096044684e-09
164.014014014014	0.24453734449301642	14533.398732316411	2.305230314825681e-09
164.2892892892893	0.24453699831240028	14503.682552778562	2.314682565475214e-09
164.56456456456456	0.244604040285224	14474.027133564017	2.3241773235747344e-09
164.83983983983984	0.24458917575360284	14444.432350435733	2.333710559990411e-09
165.11511511511512	0.24466719649641527	14414.898079411505	2.3432853912217292e-09
165.3903903903904	0.24489471365661708	14385.42419676291	2.3529052030103018e-09
165.66566566566567	0.24514162224293143	14356.010579013917	2.3625680054876103e-09
165.94094094094095	0.24539723858887544	14326.657102940911	2.3722725376383516e-09
166.21621621621622	0.24574042743290345	14297.363645572615	2.382020577942328e-09
166.4914914914915	0.2461654600909319	14268.130084189172	2.3918129649777845e-09
166.76676676676678	0.2466169654708588	14238.956296321388	2.4016485639246036e-09
167.04204204204206	0.2470001601063867	14209.842159750046	2.4115240341905986e-09
167.31731731731733	0.24726407205084722	14180.787552505572	2.421436201976969e-09
167.5925925925926	0.24749584863281157	14151.79235286821	2.4313861233131387e-09
167.8678678678679	0.2477378548426186	14122.856439367277	2.4413756939961217e-09
168.14314314314316	0.24793544454126956	14093.979690780216	2.4514043168506904e-09
168.4184184184184	0.24814032491654234	14065.16198613257	2.461473327927158e-09
168.6936936936937	0.24849031050242515	14036.40320469793	2.4715876883293177e-09
168.96896896896897	0.24889190287655388	14007.703225996283	2.481747194402793e-09
169.24424424424424	0.2491559178384515	13979.061929793037	2.491946051711452e-09
169.51951951951952	0.2493274237279643	13950.479196099657	2.502182740233811e-09
169.7947947947948	0.24951638962056383	13921.954905173498	2.512459928321296e-09
170.07007007007007	0.24977580205133842	13893.48893751702	2.5227806991432267e-09
170.34534534534535	0.2501077325352889	13865.081173877039	2.5331467889097165e-09
170.62062062062063	0.25043907957078076	13836.731495243843	2.543556916853651e-09
170.8958958958959	0.25070416776282023	13808.439782850739	2.5540084769622472e-09
171.17117117117118	0.2508648526053784	13780.205918173671	2.5644990291845124e-09
171.44644644644646	0.25100415792313296	13752.029782931355	2.5750299885186545e-09
171.72172172172174	0.25125728450803964	13723.91125908505	2.5856063914158387e-09
171.996996996997	0.25150645947989436	13695.850228836767	2.596227211252779e-09
172.2722722722723	0.2516067452143763	13667.846574628644	2.6068874473227488e-09
172.54754754754757	0.2517649338531501	13639.900179144244	2.617591148584103e-09
172.82282282282284	0.2520959361295936	13612.010925307619	2.6283441161231833e-09
173.0980980980981	0.2522793546801073	13584.178696280553	2.639139234985621e-09
173.37337337337337	0.25221994699438105	13556.403375463202	2.6499699136102425e-09
173.64864864864865	0.25223357106477623	13528.6848464958	2.6608429406906358e-09
173.92392392392392	0.25243914765975745	13501.022993257135	2.6717656900335192e-09
174.1991991991992	0.2527438029054276	13473.417699862954	2.6827390472639834e-09
174.47447447447448	0.25300675028758696	13445.868850665212	2.6937590233288e-09
174.74974974974975	0.25311221438505566	13418.3763302517	2.7048199274762216e-09
175.02502502502503	0.2531949936401516	13390.94002344692	2.715923316330767e-09
175.3003003003003	0.25339939171513626	13363.559815311639	2.727074772560821e-09
175.57557557557558	0.2536471797814324	13336.235591141256	2.7382746823426347e-09
175.85085085085086	0.253875967440765	13308.967236465336	2.74952129617945e-09
176.12612612612614	0.2541275936311934	13281.754637047767	2.7608151969685585e-09
176.40140140140142	0.25441047302415987	13254.597678886035	2.772157055984814e-09
176.6766766766767	0.25468467545862283	13227.496248210537	2.7835459915253857e-09
176.95195195195197	0.25492569265457055	13200.450231484145	2.794980838857913e-09
177.22722722722725	0.2551223825322912	13173.459515401819	2.80646072850891e-09
177.50250250250252	0.25527022137280037	13146.523986890177	2.8179851568728926e-09
177.77777777777777	0.25538691004194314	13119.643533107135	2.829554546383477e-09
178.05305305305305	0.2555659987662448	13092.818041441855	2.8411723405808968e-09
178.32832832832833	0.2558452211281117	13066.047399513991	2.8528416572345336e-09
178.6036036036036	0.25609535802756683	13039.331495172246	2.8645598193564348e-09
178.87887887887888	0.25626887139534965	13012.670216494362	2.8763239617685143e-09
179.15415415415416	0.256460802254418	12986.063451787493	2.8881359551815014e-09
179.42942942942943	0.25672807843720863	12959.511089587479	2.8999987831989075e-09
179.7047047047047	0.25707374138273803	12933.013018658103	2.9119141638211402e-09
179.97997997998	0.257391066505229	12906.569127989993	2.9238794178882562e-09
180.25525525525526	0.2575670810685541	12880.17930680009	2.935889416950757e-09
180.53053053053054	0.25773993347074425	12853.843444532651	2.94794641906149e-09
180.80580580580582	0.2580229565653931	12827.561430858668	2.96005557081895e-09
181.0810810810811	0.25823494743723974	12801.333155673647	2.9722132978865335e-09
181.35635635635637	0.2582950715913237	12775.158509097751	2.984415087690262e-09
181.63163163163165	0.2583800830589301	12749.037381476863	2.996664906408994e-09
181.90690690690693	0.2585329124288355	12722.969663381324	3.0089663483909136e-09
182.1821821821822	0.25864127242088913	12696.955245604571	3.0213173902235607e-09
182.45745745745745	0.25875061227868146	12670.994019163601	3.0337187133071926e-09
182.73273273273273	0.2589914497502944	12645.08587529904	3.0461753777548974e-09
183.008008008008	0.259346799649192	12619.230705473818	3.0586894477899696e-09
183.28328328328328	0.25973562249971555	12593.428401372294	3.071259202888885e-09
183.55855855855856	0.26005801209711027	12567.678854899697	3.0838803383412255e-09
183.83383383383384	0.2602638981243669	12541.981958181974	3.096549015311369e-09
184.1091091091091	0.26041963952705344	12516.337603566024	3.1092657782072636e-09
184.3843843843844	0.2605964952787845	12490.745683619321	3.1220335509011944e-09
184.65965965965967	0.26084642349618536	12465.20609112934	3.134855772957529e-09
184.93493493493494	0.2611255608422467	12439.718719102486	3.147732697269868e-09
185.21021021021022	0.2613327695777446	12414.283460763327	3.160660902470968e-09
185.4854854854855	0.26152880745326224	12388.900209555115	3.173640987707043e-09
185.76076076076077	0.2618155107911302	12363.56885913964	3.1866770675562905e-09
186.03603603603605	0.26210640594330165	12338.289303395568	3.199768157601079e-09
186.31131131131133	0.2622774472605838	12313.061436417775	3.212909338727891e-09
186.5865865865866	0.2622548776111089	12287.885152517194	3.226095540340121e-09
186.86186186186188	0.26212130345764806	12262.76034622138	3.239327337953039e-09
187.13713713713713	0.26218781206218134	12237.686912275542	3.2526166091930413e-09
187.4124124124124	0.2624816682091646	12212.66474564031	3.265970439464219e-09
187.68768768768768	0.2627425375292369	12187.693741489411	3.279382810878833e-09
187.96296296296296	0.2629158677883583	12162.773795210556	3.29284880792169e-09
188.23823823823824	0.2630783022973844	12137.904802405856	3.306368963313459e-09
188.51351351351352	0.26328057124886706	12113.086658891207	3.3199455616356988e-09
188.7887887887888	0.26352611945758203	12088.319260695573	3.3335799896001274e-09
189.06406406406407	0.26369177460201815	12063.602504059683	3.347268397661125e-09
189.33933933933935	0.26374365083713297	12038.936285436203	3.3610076894461765e-09
189.61461461461462	0.2638804011925479	12014.320501490838	3.3748039870141714e-09
189.8898898898899	0.26414205878999797	11989.755049100864	3.388661988703368e-09
190.16516516516518	0.26434803274728724	11965.239825353201	3.402577242224796e-09
190.44044044044045	0.2644940930076361	11940.774727545167	3.4165474910513175e-09
190.71571571571573	0.2647054682847625	11916.359653184925	3.4305765562837893e-09
190.990990990991	0.2649744339635444	11891.994499990158	3.4446661613086085e-09
191.26626626626629	0.26524142365027437	11867.679165887283	3.458814979504896e-09
191.54154154154156	0.26550078455694265	11843.41354901139	3.4730222579324672e-09
191.8168168168168	0.2657447911384501	11819.197547705806	3.487287444131481e-09
192.0920920920921	0.26592325861064703	11795.031060521353	3.5016084207337177e-09
192.36736736736736	0.26605429090341876	11770.913986216427	3.5159849605356804e-09
192.64264264264264	0.2662632819490035	11746.846223757291	3.530421997493066e-09
192.91791791791792	0.2664975407242912	11722.827672316438	3.544920021593944e-09
193.1931931931932	0.2665572735666108	11698.858231271124	3.559471490043938e-09
193.46846846846847	0.26656607196556636	11674.9378002052	3.57407767803691e-09
193.74374374374375	0.26677950468685235	11651.066278909655	3.588749516358779e-09
194.01901901901903	0.26710465738060934	11627.243567379743	3.603488842433187e-09
194.2942942942943	0.26739095074919533	11603.469565814117	3.618290671683607e-09
194.56956956956958	0.26770037620530557	11579.74417461595	3.6331551708360042e-09
194.84484484484486	0.26805567184463297	11556.067294392215	3.648083471254072e-09
195.12012012012013	0.2683244420427157	11532.438825952173	3.663070914384468e-09
195.3953953953954	0.2684852643516214	11508.858670307727	3.6781144601433027e-09
195.6706706706707	0.2686612746096532	11485.326728674074	3.6932177257442925e-09
195.94594594594597	0.2688752879718871	11461.842902468572	3.7083835435591357e-09
196.22122122122124	0.26907912356821057	11438.407093309801	3.723611468763395e-09
196.4964964964965	0.2692862007266379	11415.019203017611	3.7389019627949345e-09
196.77177177177177	0.2695119257943106	11391.679133612695	3.754256017605723e-09
197.04704704704704	0.2696634528380539	11368.386787315416	3.769670423671405e-09
197.32232232232232	0.26970925447190974	11345.142066545815	3.7851424178171e-09
197.5975975975976	0.26983183827559803	11321.944873924815	3.800678331015418e-09
197.87287287287288	0.2700994710044505	11298.795112272992	3.81628425697404e-09
198.14814814814815	0.2703728411525256	11275.692684608573	3.831957521263252e-09
198.42342342342343	0.27062943444196275	11252.637494147913	3.847696014247499e-09
198.6986986986987	0.2709525241309973	11229.62944430591	3.8635023400479105e-09
198.97397397397398	0.2712825116834064	11206.668438694483	3.8793754082292775e-09
199.24924924924926	0.2715087882935151	11183.754381121797	3.895310156098633e-09
199.52452452452454	0.2716840709186549	11160.887175593089	3.9113064653977424e-09
199.7997997997998	0.27187667599588566	11138.06672631041	3.927367303468648e-09
200.0750750750751	0.2720365440507373	11115.292937671302	3.943492121594969e-09
200.35035035035037	0.27215030847354305	11092.565714268674	3.959680210015188e-09
200.62562562562564	0.27230938764173873	11069.884960891248	3.975935269840447e-09
200.90090090090092	0.2725112312229656	11047.25058252239	3.992259143145719e-09
201.17617617617617	0.27265058306692924	11024.66248433893	4.0086483350002005e-09
201.45145145145145	0.2728152158316253	11002.120571712276	4.025105073877305e-09
201.72672672672672	0.2731809452302246	10979.62475020873	4.041638229018716e-09
202.002002002002	0.27358372111394486	10957.174925586392	4.058245150955901e-09
202.27727727727728	0.2738124625157506	10934.771003794363	4.074915499020113e-09
202.55255255255256	0.27403329987833847	10912.412890975367	4.091651638521988e-09
202.82782782782783	0.27437878607176186	10890.100493465125	4.108460671630383e-09
203.1031031031031	0.27469487724562636	10867.833717789628	4.125339434304523e-09
203.3783783783784	0.2748787490197581	10845.612470665152	4.142282004418886e-09
203.65365365365366	0.2749565684382022	10823.4366589989	4.159286786861175e-09
203.92892892892894	0.27499906979419325	10801.30618988901	4.176356257865751e-09
204.20420420420422	0.27510194123857573	10779.220970624368	4.193496007118195e-09
204.4794794794795	0.27531461387799205	10757.180908683846	4.210711113228117e-09
204.75475475475477	0.2756356181685766	10735.185911735498	4.228004148106048e-09
205.03003003003005	0.2759330568093765	10713.235887635072	4.2453706057801975e-09
205.30530530530532	0.27611589950287724	10691.330744425943	4.262804358020418e-09
205.5805805805806	0.276327209550284	10669.47039034073	4.280309037725204e-09
205.85585585585588	0.2765997804331547	10647.654733799962	4.297888041466796e-09
206.13113113113113	0.27671193631183955	10625.88368340953	4.315533097104246e-09
206.4064064064064	0.27666068862146476	10604.157147962153	4.333240183252965e-09
206.68168168168168	0.276688136277925	10582.475036439118	4.351018537828921e-09
206.95695695695696	0.2768655129160078	10560.837258008458	4.368876065803497e-09
207.23223223223223	0.27713423301876106	10539.243722023426	4.386814079870876e-09
207.5075075075075	0.27737365358719596	10517.694338021587	4.4048278184378866e-09
207.7827827827828	0.27749501669694826	10496.189015724683	4.422911024471318e-09
208.05805805805807	0.277614166691732	10474.727665040062	4.441066201964716e-09
208.33333333333334	0.2778187205169625	10453.310196060058	4.459298802807564e-09
208.60860860860862	0.27803477581829	10431.936519060198	4.477608170882185e-09
208.8838838838839	0.2782391565094932	10410.606544499267	4.495993067343391e-09
209.15915915915917	0.27849631094219074	10389.320183019707	4.51445609331391e-09
209.43443443443445	0.27875729113303893	10368.077345446236	4.532996361295418e-09
209.70970970970973	0.2788992529250733	10346.877942784806	4.551607787945564e-09
209.984984984985	0.2789959460909205	10325.72188622398	4.570291086892841e-09
210.26026026026028	0.2791659796803061	10304.609087135	4.589052404002939e-09
210.53553553553556	0.2792718182330329	10283.539457069082	4.607888287963834e-09
210.8108108108108	0.2792148558537028	10262.512907757371	4.626792485344138e-09
211.08608608608608	0.27920730960796314	10241.52935111344	4.645772329949923e-09
211.36136136136136	0.27937508276111206	10220.588699232145	4.664837618165508e-09
211.63663663663664	0.2796185602698603	10199.690864387181	4.683988438014802e-09
211.91191191191191	0.2798756159513798	10178.83575903105	4.703222001599028e-09
212.1871871871872	0.2801379848588037	10158.02329579518	4.722536747075329e-09
212.46246246246247	0.280341231451613	10137.253387489038	4.7419289426579e-09
212.73773773773775	0.2804160346640627	10116.525947099717	4.761393547265297e-09
213.01301301301302	0.28048432001072954	10095.840887793356	4.780934286452594e-09
213.2882882882883	0.2806883451748491	10075.198122915	4.800560149386339e-09
213.56356356356358	0.2809918605599882	10054.597565986556	4.8202738507542646e-09
213.83883883883885	0.28130202438365853	10034.039130705869	4.840072270623047e-09
214.11411411411413	0.2814924013411711	10013.522730946039	4.859947787963936e-09
214.3893893893894	0.2815390168690933	9993.04828075601	4.879895702197913e-09
214.66466466466468	0.2815500180303947	9972.615694361502	4.899919319803244e-09
214.93993993993996	0.28161809405983884	9952.224886164533	4.920025047865258e-09
215.21521521521524	0.2818030576001757	9931.87577074273	4.94021916981463e-09
215.4904904904905	0.2820513817894955	9911.568262847888	4.960502186394183e-09
215.76576576576576	0.2822676744819165	9891.302277405151	4.980869680331277e-09
216.04104104104104	0.2824066555054678	9871.077729513183	5.001317404654098e-09
216.31631631631632	0.2824597972532899	9850.894534444136	5.021843049811037e-09
216.5915915915916	0.2824773826235593	9830.752607643908	5.042448244191128e-09
216.86686686686687	0.28252387501550635	9810.651864731926	5.063137254101549e-09
217.14214214214215	0.28266766883248795	9790.592221500849	5.083915851362265e-09
217.41741741741743	0.2829011757609804	9770.573593915444	5.104786613240661e-09
217.6926926926927	0.2831411691000283	9750.595898111484	5.125746643006848e-09
217.96796796796798	0.28327865843112915	9730.6590503951	5.146789048895213e-09
218.24324324324326	0.2832407537644606	9710.762967242787	5.167906869949361e-09
218.51851851851853	0.28323617226421327	9690.90756530395	5.189107903852487e-09
218.7937937937938	0.28344207537577404	9671.092761400269	5.210405434854326e-09
219.0690690690691	0.2836086456867398	9651.31847252092	5.231792784034414e-09
219.34434434434436	0.28359688485233087	9631.584615823369	5.253259546001468e-09
219.61961961961964	0.2836456856966213	9611.891108636939	5.274813666826877e-09
219.89489489489492	0.2838328827844815	9592.23786846082	5.296463316083874e-09
220.17017017017017	0.28400648570070675	9572.624812961312	5.3182044353786015e-09
220.44544544544544	0.2841883700460382	9553.05185997329	5.340036471123201e-09
220.72072072072072	0.2844963434053378	9533.518927500887	5.361965744752646e-09
220.995995995996	0.28474266877048465	9514.02593371391	5.383985289583627e-09
221.27127127127127	0.28473196786148397	9494.572796947376	5.406081325279508e-09
221.54654654654655	0.28481075578369164	9475.159435706973	5.428266362951394e-09
221.82182182182183	0.28521427477737193	9455.785768667596	5.450559478130782e-09
222.0970970970971	0.28556710786957595	9436.451714666384	5.472949352409799e-09
222.37237237237238	0.28569765361617167	9417.157192704555	5.49542134922532e-09
222.64764764764766	0.28585649645900685	9397.902121951656	5.51798252892953e-09
222.92292292292294	0.2860708813483049	9378.686421742812	5.5406379504512214e-09
223.1981981981982	0.2861628217967541	9359.510011576129	5.563380314259327e-09
223.4734734734735	0.28623102788167554	9340.37281111539	5.586211834029835e-09
223.74874874874877	0.2864740495706454	9321.274740190855	5.609144881844196e-09
224.02402402402404	0.28677353922950777	9302.215718795409	5.63217891984748e-09
224.29929929929932	0.2869529763745349	9283.195667083555	5.655303966900284e-09
224.5745745745746	0.2869845047398973	9264.214505372724	5.678513893170516e-09
224.84984984984985	0.28695619124336436	9245.272154144253	5.701810936862932e-09
225.12512512512512	0.28710789134720693	9226.368534044785	5.7252100033470845e-09
225.4004004004004	0.28744595682639645	9207.503565883313	5.7487187792581504e-09
225.67567567567568	0.28770793877421985	9188.677170627787	5.772326120489812e-09
225.95095095095095	0.2877902914675706	9169.889269406547	5.796021002952909e-09
226.22622622622623	0.28772821617930866	9151.139783509578	5.819800387545655e-09
226.5015015015015	0.28768122785247	9132.428634389626	5.843672212309633e-09
226.77677677677679	0.28779525700149183	9113.755743661759	5.867648929131832e-09
227.05205205205206	0.28796118718231756	9095.12103310006	5.891730327794812e-09
227.32732732732734	0.2880910196087636	9076.52442463755	5.915911394070511e-09
227.60260260260262	0.28828721564766985	9057.96584036806	5.94019599428928e-09
227.8778778778779	0.2885539809546868	9039.445202544783	5.964586443589951e-09
228.15315315315317	0.2887297832402731	9020.962433577977	5.989074523880262e-09
228.42842842842845	0.2888047893049477	9002.517456036407	6.0136559649872046e-09
228.70370370370372	0.28890533028337984	8984.110192648668	6.038336450755081e-09
228.978978978979	0.2891084576043947	8965.740566302282	6.063123489237425e-09
229.25425425425428	0.2894287319344856	8947.408500042637	6.0880217497638846e-09
229.52952952952953	0.2897096812962914	8929.113917070588	6.113024292969341e-09
229.8048048048048	0.2898292853292718	8910.85674074253	6.138120717408569e-09
230.08008008008008	0.28992082158729293	8892.636894573183	6.163314348280432e-09
230.35535535535536	0.29008630630831733	8874.454302234897	6.1886131431871965e-09
230.63063063063063	0.2902917251732657	8856.308887555684	6.214019025475222e-09
230.9059059059059	0.2904576425312698	8838.20057451833	6.23952829352238e-09
231.1811811811812	0.2904867873853048	8820.129287259846	6.265133460794364e-09
231.45645645645646	0.2904756889025392	8802.094950073531	6.290837104096182e-09
231.73173173173174	0.2906115797474543	8784.097487409834	6.3166521949779205e-09
232.00700700700702	0.29083609853030135	8766.136823872952	6.342581507235541e-09
232.2822822822823	0.29103282127711644	8748.212884219814	6.368619383797443e-09
232.55755755755757	0.2912354292611189	8730.325593361615	6.3947654966390056e-09
232.83283283283285	0.2914624253530067	8712.474876363307	6.421021086372275e-09
233.10810810810813	0.2916254544215857	8694.660658441944	6.447381440717804e-09
233.3833833833834	0.29170459162188217	8676.882864967229	6.473843305788023e-09
233.65865865865868	0.2917853761501582	8659.14142146254	6.500410749175677e-09
233.93393393393396	0.29189347757960804	8641.436253603879	6.5270875356919866e-09
234.2092092092092	0.29200851407827183	8623.767287218961	6.553874383073149e-09
234.48448448448448	0.29218559714712744	8606.134448287874	6.580775387846521e-09
234.75975975975976	0.2924737622546558	8588.537662942717	6.607795876375481e-09
235.03503503503504	0.292710649832828	8570.976857464506	6.634928213250295e-09
235.3103103103103	0.29277721464993145	8553.451958283405	6.662161391553472e-09
235.5855855855856	0.29284397079947244	8535.96289198225	6.6895014373628886e-09
235.86086086086087	0.29303514902215766	8518.509585295636	6.7169594593929735e-09
236.13613613613614	0.2933172178295384	8501.091965107544	6.744538772310841e-09
236.41141141141142	0.29363834159708035	8483.709958450783	6.7722378330776986e-09
236.6866866866867	0.2939461541393898	8466.363492506654	6.800052766143753e-09
236.96196196196198	0.29422306929503916	8449.052494605108	6.827980859008625e-09
237.23723723723725	0.29446406557434895	8431.776892224609	6.856020757116583e-09
237.51251251251253	0.2946079225656481	8414.536612991065	6.884168032321836e-09
237.7877877877878	0.29464223814891954	8397.331584678186	6.912420003013309e-09
238.06306306306308	0.2947981004340076	8380.161735210513	6.940790940474305e-09
238.33833833833836	0.2951910619336221	8363.026992661597	6.9692954922636115e-09
238.61361361361364	0.29559273962399824	8345.927285248925	6.9979255952882985e-09
238.88888888888889	0.2958601419726942	8328.862541334775	7.026668209541566e-09
239.16416416416416	0.296015077390579	8311.832689428162	7.0555189427251245e-09
239.43943943943944	0.29614689386310955	8294.837658185523	7.0844819632025765e-09
239.71471471471472	0.29636751151651375	8277.877376410754	7.113567000693964e-09
239.98998998999	0.29661679588657064	8260.951773052484	7.142774809557877e-09
240.26526526526527	0.296777284953735	8244.060777202963	7.172098049644257e-09
240.54054054054055	0.2968416331799936	8227.204318099302	7.201533032765072e-09
240.81581581581582	0.296879611855231	8210.382325124281	7.23108301901111e-09
241.0910910910911	0.29707766357685267	8193.594727807753	7.260762553062464e-09
241.36636636636638	0.29743891619379015	8176.8414558237455	7.290578947746439e-09
241.64164164164166	0.2976660425900719	8160.122438985792	7.320515442162527e-09
241.91691691691693	0.29776645683202946	8143.437607251012	7.350564992654749e-09
242.1921921921922	0.2980301797333	8126.786890723971	7.380744657794557e-09
242.4674674674675	0.29837391671344254	8110.170219650959	7.4110568924102325e-09
242.74274274274276	0.2985445466876833	8093.587524417166	7.44148549531787e-09
243.01801801801804	0.2986243676029869	8077.038735551309	7.472028915916259e-09
243.29329329329332	0.29876642350647326	8060.5237837264185	7.502697400354636e-09
243.56856856856857	0.29896139886642903	8044.042599757145	7.53349534101787e-09
243.84384384384384	0.299148856798694	8027.595114598716	7.56442080697002e-09
244.11911911911912	0.2992363237243389	8011.181259346135	7.595466627424392e-09
244.3943943943944	0.2992110020581938	7994.800965235084	7.626628793645385e-09
244.66966966966967	0.29915961583621725	7978.45416364314	7.657911844063706e-09
244.94494494494495	0.29917166676108364	7962.140786089557	7.689324555010764e-09
245.22022022022023	0.2993097189370421	7945.860764234585	7.72087581861014e-09
245.4954954954955	0.29945386613916714	7929.614029876392	7.752561447555731e-09
245.77077077077078	0.29946232572756065	7913.400514950403	7.784369516937755e-09
246.04604604604606	0.299444365651364	7897.220151532887	7.816302668513928e-09
246.32132132132134	0.29952387875175207	7881.072871840921	7.848371448524067e-09
246.5965965965966	0.2996988553790597	7864.958608230165	7.880580938137404e-09
246.8718718718719	0.29994663703113	7848.87729319426	7.91293216932289e-09
247.14714714714717	0.30023863336435425	7832.828859364441	7.945423843719831e-09
247.42242242242244	0.3004803600282422	7816.8132395082	7.978048689573798e-09
247.69769769769772	0.3005467208040709	7800.830366528505	8.010794337683034e-09
247.972972972973	0.3005954974349688	7784.880173467997	8.04366702270246e-09
248.24824824824825	0.3008675733290945	7768.962593510082	8.076687911671699e-09
248.52352352352352	0.3011914424366727	7753.077559972076	8.109854327626255e-09
248.7987987987988	0.3013548322402729	7737.225006304226	8.143149414410985e-09
249.07407407407408	0.301448422487629	7721.40486609428	8.176572457978145e-09
249.34934934934935	0.30156926614550933	7705.617073067354	8.210130728565538e-09
249.62462462462463	0.301717487139798	7689.8615610840825	8.243827902080171e-09
249.8998998998999	0.3018672343867151	7674.138264139918	8.277664024301053e-09
250.17517517517518	0.30197812285460685	7658.447116364608	8.311636337816908e-09
250.45045045045046	0.3020491617363222	7642.788052022558	8.345743779661292e-09
250.72572572572574	0.30211355518925614	7627.161005513131	8.379988697058881e-09
251.00100100100101	0.30224656703948044	7611.5659113710835	8.41437829118375e-09
251.2762762762763	0.30249395593895223	7596.002704265802	8.448919780516614e-09
251.55155155155157	0.30271570932695724	7580.47131899793	8.48360598302854e-09
251.82682682682685	0.30283573344948755	7564.971690500129	8.518427966603003e-09
252.10210210210212	0.303028813347432	7549.503753841052	8.553395555094177e-09
252.3773773773774	0.30334550924985015	7534.0674442229865	8.588517589468547e-09
252.65265265265268	0.3036173819314875	7518.662696977871	8.623785266327247e-09
252.92792792792793	0.30375869877640554	7503.289447568378	8.659188081066367e-09
253.2032032032032	0.30378255618841327	7487.947631589335	8.694722486676783e-09
253.47847847847848	0.3038184005499889	7472.637184769479	8.730397373375164e-09
253.75375375375376	0.30400775898268795	7457.3580429714275	8.76622843907076e-09
254.02902902902903	0.3042483938685445	7442.1101421871945	8.80221513403947e-09
254.3043043043043	0.3044001045332676	7426.8934185372245	8.838346318749664e-09
254.5795795795796	0.3044378586219597	7411.707808272106	8.87461514116374e-09
254.85485485485486	0.3044133072142678	7396.553247773673	8.91102287414864e-09
255.13013013013014	0.30447107726264727	7381.429673556386	8.947582116299218e-09
255.40540540540542	0.30464652061446224	7366.337022265169	8.984301918974974e-09
255.6806806806807	0.30485162523680964	7351.275230672948	9.02117965762779e-09
255.95595595595597	0.30504646501283644	7336.24423568121	9.058211216264017e-09
256.2312312312313	0.3052227549402394	7321.243974320306	9.095394361619605e-09
256.5065065065065	0.305344061585719	7306.274383748688	9.132725392894116e-09
256.7817817817818	0.30540827216780525	7291.335401253238	9.170202740511073e-09
257.0570570570571	0.3055833982083789	7276.426964252121	9.207839941490932e-09
257.3323323323324	0.3059444325471234	7261.549010292877	9.245649855957961e-09
257.60760760760763	0.3062793028997883	7246.701477046886	9.28362110750984e-09
257.8828828828829	0.3064717180757058	7231.884302310801	9.321739096768055e-09
258.15815815815813	0.3065834819888519	7217.0974240095775	9.36000260060275e-09
258.43343343343344	0.3066821153560924	7202.340780196334	9.398417037792592e-09
258.70870870870874	0.30681820534904447	7187.614309051798	9.43698949944164e-09
258.983983983984	0.30694508216749317	7172.91794888224	9.475719643452204e-09
259.25925925925924	0.30699942076283093	7158.251638118868	9.514602267253687e-09
259.53453453453454	0.307070982357239	7143.615315320472	9.553642962970741e-09
259.80980980980985	0.30723950382887444	7129.008919172985	9.592851493801194e-09
260.0850850850851	0.3074314040822932	7114.4323884863425	9.632226416976394e-09
260.36036036036035	0.30757262754780357	7099.885662194165	9.671761060456578e-09
260.63563563563565	0.30763414205864487	7085.368679354372	9.711450188696605e-09
260.91091091091096	0.3076465916972169	7070.881379150059	9.751294371814458e-09
261.1861861861862	0.3076906761859617	7056.4237008902355	9.79130123269122e-09
261.46146146146145	0.3077746370908749	7041.995584008169	9.831475362785953e-09
261.73673673673676	0.30786116761683413	7027.596968060252	9.871815977174932e-09
262.01201201201206	0.30792205655838734	7013.227792725913	9.912320599547623e-09
262.2872872872873	0.3079660293550603	6998.8879978080895	9.95298922202414e-09
262.56256256256256	0.3081177879762501	6984.577523235263	9.993833290553124e-09
262.8378378378378	0.3084282363382753	6970.296309059788	1.0034863023556191e-08
263.1131131131131	0.30874453614951386	6956.044295453579	1.0076069890864087e-08
263.3883883883884	0.3089518729975205	6941.821422708588	1.0117440096901908e-08
263.66366366366367	0.3090237775757535	6927.627631238281	1.0158965282380064e-08
263.9389389389389	0.30906461683694514	6913.462861580022	1.0200651328747782e-08
264.2142142142142	0.30924258039946523	6899.3270543961935	1.024251650530366e-08
264.48948948948953	0.30945605020722766	6885.220150468455	1.0284560383620488e-08
264.7647647647648	0.3095423700343992	6871.142090696243	1.0326768352255824e-08
265.04004004004	0.309646138160656	6857.092816102756	1.0369147277141824e-08
265.31531531531533	0.3098844896951913	6843.072267834221	1.0411711438118815e-08
265.59059059059064	0.3100810625081852	6829.080387153585	1.0454451583499582e-08
265.8658658658659	0.31020237758972075	6815.117115443186	1.0497360776548408e-08
266.14114114114113	0.3104983161234089	6801.182394210414	1.054045935267908e-08
266.41641641641644	0.31091165609002547	6787.276165081111	1.058375174799839e-08
266.69169169169174	0.31109931562326537	6773.398369793274	1.0627208514255697e-08
266.966966966967	0.3110862120811321	6759.548950204494	1.0670818841358166e-08
267.24224224224224	0.3110936490314652	6745.727848295889	1.071459878373667e-08
267.5175175175175	0.3111693456146267	6731.935006168237	1.0758560538070357e-08
267.7927927927928	0.31128363094053957	6718.1703660400935	1.0802707304216952e-08
268.0680680680681	0.3113594367644269	6704.43387024651	1.0847033667164843e-08
268.34334334334335	0.31134283118151534	6690.725461239271	1.089153240440364e-08
268.6186186186186	0.31124646682751644	6677.045081588071	1.0936201754717914e-08
268.8938938938939	0.3111585952332532	6663.392673981935	1.0981049709172925e-08
269.1691691691692	0.3112362016960064	6649.768181230517	1.1026095461408044e-08
269.44444444444446	0.31145929975214626	6636.171546260022	1.1071346370567163e-08
269.7197197197197	0.31168471287912203	6622.602712110231	1.1116792418954388e-08
269.994994994995	0.3118514722213553	6609.0616219360345	1.1162423547722376e-08
270.2702702702703	0.3119585846165896	6595.548219008522	1.1208235468671794e-08
270.54554554554556	0.31209593316026846	6582.062446716765	1.1254235415789629e-08
270.8208208208208	0.31231429119799486	6568.604248566735	1.130043211132354e-08
271.0960960960961	0.3125102052184345	6555.173568177607	1.1346819797032663e-08
271.3713713713714	0.31260990726721966	6541.770349282174	1.139338897278485e-08
271.6466466466467	0.3126220203215106	6528.39453572844	1.144013652722792e-08
271.9219219219219	0.3126297012425575	6515.046071481087	1.1487069678686136e-08
272.19719719719717	0.3127643904271858	6501.724900622387	1.1534205281598618e-08
272.4724724724725	0.3130207248845736	6488.43096734887	1.1581550986626165e-08
272.7477477477478	0.31331761693779014	6475.164215969321	1.162910262899777e-08
273.02302302302303	0.313588227817956	6461.924590904882	1.1676852044953048e-08
273.2982982982983	0.3137893330099333	6448.712036689294	1.172479158614083e-08
273.5735735735736	0.3139353329718145	6435.526497970036	1.1772919639416534e-08
273.8488488488489	0.31403866347464315	6422.367919508046	1.1821237134699643e-08
274.12412412412414	0.3140896835465715	6409.236246176961	1.1869743907824357e-08
274.3993993993994	0.3141450412372068	6396.131422964471	1.1918446089537693e-08
274.6746746746747	0.31433395135359604	6383.053394973808	1.1967360215861823e-08
274.94994994995	0.31471398977313503	6370.002107421884	1.2016500278140534e-08
275.22522522522524	0.31524732462880556	6356.977505636774	1.2065869256611594e-08
275.5005005005005	0.31560153405986313	6343.979535050399	1.2115434585942937e-08
275.7757757757758	0.31549273330102495	6331.008141199323	1.2165152396427674e-08
276.0510510510511	0.3153260046401957	6318.063269741161	1.2215045124187112e-08
276.32632632632635	0.31545750717797827	6305.144866453287	1.2265160644103663e-08
276.6016016016016	0.3157322924820527	6292.252877220265	1.231550503842299e-08
276.87687687687685	0.3159945921851821	6279.387248033538	1.236606520610074e-08
277.15215215215215	0.3161909587882505	6266.547924993645	1.241683003811653e-08
277.42742742742746	0.3162948858827606	6253.73485431066	1.2467792119954231e-08
277.7027027027027	0.3163099320530463	6240.947982304705	1.2518948861211765e-08
277.97797797797796	0.31636081595165017	6228.18725540873	1.2570312805165232e-08
278.25325325325326	0.3165838179420902	6215.452620168652	1.2621904750799648e-08
278.52852852852857	0.3168466758756646	6202.744023236419	1.26737204773486e-08
278.8038038038038	0.3170106667522659	6190.061411369572	1.2725743622385023e-08
279.07907907907907	0.3171682758067781	6177.40473143682	1.2777977217267845e-08
279.35435435435437	0.31737449169475346	6164.773930416904	1.2830429078243425e-08
279.6296296296297	0.31754500730139523	6152.168955394845	1.2883094069826793e-08
279.9049049049049	0.3176068746906983	6139.589753561984	1.2935962354581368e-08
280.1801801801802	0.3175265444537229	6127.036272216721	1.29890261808509e-08
280.4554554554555	0.31741550248723527	6114.508458768054	1.3042294651884182e-08
280.7307307307308	0.31744673438626825	6102.006260737021	1.3095791480887795e-08
281.00600600600603	0.3175708234009186	6089.5296257507125	1.3149522524924248e-08
281.2812812812813	0.3176691007925487	6077.0785015402325	1.3203477784065472e-08
281.5565565565566	0.317701300552466	6064.652835942483	1.325764871654805e-08
281.83183183183183	0.3176905500497179	6052.252576901625	1.3312034497040106e-08
282.10710710710714	0.31775615962710657	6039.87767247139	1.3366648673528406e-08
282.3823823823824	0.3179159145972989	6027.528070812241	1.3421499957208066e-08
282.6576576576577	0.3180450266608804	6015.203720187325	1.3476578695741377e-08
282.93293293293294	0.3181874868060451	6002.904568966753	1.3531886039925786e-08
283.20820820820825	0.31850308715826614	5990.630565630506	1.358744131290439e-08
283.4834834834835	0.3188781565070883	5978.38165876091	1.3643240835348914e-08
283.75875875875874	0.31911766086485294	5966.157797040129	1.3699261104523404e-08
284.03403403403405	0.31930923994580307	5953.958929257593	1.3755502055509283e-08
284.3093093093093	0.3195419073652021	5941.785004309884	1.3811974423936403e-08
284.5845845845846	0.31967476867900074	5929.635971194195	1.386866726152082e-08
284.85985985985985	0.31965675817093075	5917.511779010569	1.3925570120353573e-08
285.13513513513516	0.31964795767944165	5905.412376967499	1.3982697346470846e-08
285.4104104104104	0.31972336639882054	5893.337714379444	1.4040064724024277e-08
285.6856856856857	0.3198522902521332	5881.287740663665	1.4097676365393967e-08
285.96096096096096	0.3200248037855311	5869.2624053406	1.4155533541929342e-08
286.23623623623627	0.3202421307001642	5857.261658033946	1.4213637553441652e-08
286.5115115115115	0.32047459867370515	5845.285448469587	1.4271986041314114e-08
286.7867867867868	0.32068600153276533	5833.333726475161	1.4330574187661689e-08
287.06206206206207	0.32085885303228545	5821.406441980404	1.4389398262215268e-08
287.3373373373374	0.32098438064599194	5809.503545017158	1.4448456043417381e-08
287.6126126126126	0.3210630837634938	5797.624985719432	1.4507747087331283e-08
287.8878878878879	0.3210869876256824	5785.770714322939	1.4567270721274024e-08
288.1631631631632	0.32104452227532715	5773.940681164808	1.4627025714694702e-08
288.4384384384384	0.3210567094007767	5762.134836687202	1.4687026719203001e-08
288.71371371371373	0.3213084662693909	5750.353131439055	1.4747303549107817e-08
288.988988988989	0.3216622837908172	5738.5955160664835	1.4807853534038119e-08
289.2642642642643	0.32189435857084286	5726.8619413099295	1.4868648635653959e-08
289.53953953953953	0.32209284734830895	5715.152358013131	1.4929687593404e-08
289.81481481481484	0.32236098586797873	5703.466717123377	1.4990983131342335e-08
290.0900900900901	0.3226119341415918	5691.804969685711	1.505253082890049e-08
290.3653653653654	0.32281826297727934	5680.1670668444285	1.5114325853178578e-08
290.64064064064064	0.3230878270930349	5668.55295984696	1.5176380007158903e-08
290.91591591591595	0.32338625930265114	5656.962600039407	1.5238694919620303e-08
291.1911911911912	0.3235504795127273	5645.395938862412	1.5301251500911654e-08
291.4664664664665	0.3236393884860879	5633.852927857641	1.5364049044113413e-08
291.74174174174175	0.3238127395580372	5622.3335186707145	1.5427107874653283e-08
292.01701701701705	0.32402533977045045	5610.83766304477	1.549043205267057e-08
292.2922922922923	0.3241871641349719	5599.365312818855	1.5554012603483558e-08
292.5675675675676	0.3243056834660235	5587.916419930692	1.5617846996460496e-08
292.84284284284286	0.32441518341423936	5576.49093641734	1.568193902021952e-08
293.1181181181181	0.3245615688488843	5565.088814415352	1.5746296838654282e-08
293.3933933933934	0.32474964782153654	5553.710006159318	1.5810925363808222e-08
293.66866866866866	0.3249344572609692	5542.354463980096	1.5875821640960166e-08
293.94394394394396	0.32508937240204083	5531.022140305161	1.5940981504102835e-08
294.2192192192192	0.32520996119236106	5519.712987659124	1.600640308622347e-08
294.4944944944945	0.32533908331105027	5508.426958665003	1.6072091702927853e-08
294.76976976976977	0.32551923483263245	5497.164006044061	1.6138055906416412e-08
295.0450450450451	0.325701355896707	5485.9240826126825	1.6204293759540408e-08
295.3203203203203	0.3258493560948646	5474.707141282559	1.627080026889072e-08
295.5955955955956	0.3260184337802719	5463.513135063434	1.6337581066610184e-08
295.8708708708709	0.32622292844793227	5452.342017061619	1.6404641213048174e-08
296.1461461461462	0.32639875930786877	5441.1937404772225	1.6471975125184014e-08
296.4214214214214	0.32654573376592777	5430.068258606029	1.653958087803688e-08
296.69669669669673	0.3267225243422001	5418.965524841244	1.6607466047431708e-08
296.971971971972	0.3269288700547491	5407.885492671367	1.6675634647687223e-08
297.2472472472473	0.3271285210394542	5396.828115678814	1.6744084266330602e-08
297.52252252252254	0.327278422911043	5385.793347539478	1.6812808650895736e-08
297.7977977977978	0.3273604410708152	5374.78114202333	1.6881803135161172e-08
298.0730730730731	0.3274408572900073	5363.791452997066	1.6951075189928283e-08
298.34834834834834	0.32755091994702384	5352.824234422785	1.702063304970934e-08
298.62362362362364	0.32762738410839015	5341.879440354572	1.7090472423396173e-08
298.8988988988989	0.3276443598399947	5330.957024939575	1.7160588443044605e-08
299.1741741741742	0.3276304488388261	5320.056942419636	1.7230983441460154e-08
299.44944944944945	0.32761529739736056	5309.179147131173	1.7301663168150956e-08
299.72472472472475	0.3276271824499902	5298.323593504943	1.7372634774723556e-08
300.0	0.32769435215946846	5287.490236065882	1.744390609897804e-08
