0.003170145331178079	1.1564412835744196	9158.925881224883	3.211009514604367	0.005885435155100354
25.0	0.04124916943521595	33212.0	10.0
25.275275275275277	0.041963604616960096	34195.98617722995	9.635873993345559
25.55055055055055	0.04260712971641601	35155.640579357736	9.279726774843855
25.825825825825827	0.04316820220703262	36088.8546986152	8.932311980497591
26.1011011011011	0.04382542489072768	36997.72095701495	8.592910416319192
26.376376376376378	0.04461392441550739	37884.77627371622	8.260645736837624
26.65165165165165	0.04533763573314455	38748.25318944308	7.936150484949103
26.926926926926928	0.045985762000420524	39586.449204139935	7.62003541554963
27.2022022022022	0.04670449129732597	40400.645642654716	7.3118652829166475
27.47747747747748	0.047450588513139914	41191.18743773887	7.011532677606062
27.75275275275275	0.04811194103920345	41956.490462083246	6.719606866606573
28.02802802802803	0.048760191533669034	42696.42847479252	6.436146472453
28.303303303303302	0.04949376646802808	43412.47848180825	6.160647641058446
28.57857857857858	0.05031554026816239	44105.96358039775	5.89265968402194
28.853853853853856	0.05116805327653366	44777.20253940441	5.63208356221877
29.12912912912913	0.05192377474326763	45424.7597793105	5.37943562410276
29.404404404404403	0.052593859325785586	46047.63939407113	5.135078761012874
29.67967967967968	0.05333319726958477	46647.00330535562	4.898619289308237
29.954954954954957	0.0541218226271166	47223.64556047086	4.669791946130537
30.23023023023023	0.054843295027403004	47776.97877584674	4.448815736309691
30.505505505505504	0.055549644702310504	48307.154149772665	4.2356508442976795
30.78078078078078	0.05632264281730542	48815.212279445994	4.029945295675135
31.056056056056057	0.05709644379403624	49301.44774669954	3.8316082881407456
31.33133133133133	0.05782277243470727	49765.74008553583	3.640694484983794
31.606606606606608	0.058567784032833116	50208.66062338855	3.4570158808934996
31.88188188188188	0.05935579926811988	50630.96780417963	3.280318490627598
32.15715715715716	0.06013685816631533	51032.974078690706	3.1105043890760715
32.432432432432435	0.06090136826453406	51414.954210472024	2.9474886973373056
32.70770770770771	0.061671336323310885	51777.38320582528	2.791116119923221
32.98298298298298	0.06241474062927756	52120.53007818223	2.6413033704826523
33.25825825825826	0.06309610439651438	52444.49323336573	2.4980268731626705
33.533533533533536	0.06379817878521468	52749.959019940696	2.361056698168164
33.808808808808806	0.0645802113551769	53037.92098482748	2.230054735587786
34.08408408408408	0.06533732518950483	53308.71742999558	2.1049122248660894
34.35935935935936	0.06599473225006135	53562.35072017726	1.9856380875651094
34.63463463463464	0.06657733220260775	53799.05979564692	1.8721582340821932
34.90990990990991	0.0671627263521937	54019.50473500554	1.7642506694717368
35.18518518518518	0.06785619177408925	54224.77057230204	1.6615439147445168
35.46046046046046	0.06857198340821423	54415.4844260526	1.5638265487774072
35.73573573573574	0.069143119494876	54591.62815278112	1.471113205031658
36.01101101101101	0.06965627320913885	54753.60998938592	1.3832689182605797
36.286286286286284	0.07026200606124357	54902.364386997586	1.299973852279011
36.56156156156156	0.07099103101108672	55038.82620782832	1.2209074957740298
36.83683683683684	0.07179777300497597	55163.691204586146	1.1458327055310527
37.112112112112115	0.07253690920552987	55277.1989883396	1.074671995032858
37.38738738738739	0.07320484655445504	55379.62336354161	1.007335743873471
37.66266266266266	0.0739790335475131	55471.69834234311	0.9435726974368775
37.93793793793794	0.07479869507547851	55553.94570736508	0.8832056516515324
38.213213213213216	0.07544709310821268	55626.40302196861	0.8262270108037789
38.488488488488485	0.07603883938910871	55689.41869366264	0.7725200866157556
38.76376376376376	0.07677546492114966	55743.72270059662	0.7218341072337718
39.03903903903904	0.07751914046352934	55789.724124957014	0.6740304828133729
39.314314314314316	0.07813795925526508	55827.60945940414	0.6290484938994383
39.58958958958959	0.07876793778892778	55857.809475195645	0.5867416020033865
39.86486486486486	0.07948411146891587	55880.83840078024	0.5469337401962371
40.14014014014014	0.08019942058900849	55897.05122496184	0.5095044238052288
40.41541541541542	0.0808961468170449	55906.77044953966	0.4743443655989492
40.690690690690694	0.08162865509842791	55910.37354275847	0.4413248083258714
40.965965965965964	0.08234911414982678	55908.165023797286	0.4103423768386891
41.24124124124124	0.08297314777285246	55900.36078378827	0.38132462104903236
41.51651651651652	0.083572481444812	55887.255821311024	0.354171210752918
41.791791791791795	0.08424425163060963	55869.21801136412	0.3287560770179233
42.06706706706707	0.08498125758159553	55846.57805093371	0.3049659870019115
42.34234234234234	0.0857345763646523	55819.60503700264	0.28270913435147604
42.61761761761762	0.08641810496568197	55788.49748120548	0.26191832702681456
42.892892892892895	0.08701658639343755	55753.44844439642	0.24252817278650365
43.168168168168165	0.08760470497581899	55714.697681040314	0.22445678567619567
43.44344344344344	0.0882435647831292	55672.50623681513	0.2076146727662041
43.71871871871872	0.08896266916273134	55627.129194550114	0.19191428503882388
43.993993993993996	0.08966063285298381	55578.753623805605	0.1772917932556589
44.26926926926927	0.09021825620248546	55527.511125831435	0.16370272480320144
44.54454454454455	0.09069367087496022	55473.56409451613	0.15109172765510415
44.81981981981982	0.09118705500573208	55417.10891792355	0.1393914294949657
45.0950950950951	0.09178361944202754	55358.35610289387	0.12852939234436714
45.37037037037037	0.09247690545874374	55297.49302618698	0.11844117455861101
45.645645645645644	0.09313407585074	55234.65243477813	0.1090813967187813
45.92092092092092	0.09377500063474503	55169.967722921705	0.1004043768466513
46.1961961961962	0.0945470752865922	55103.600277837984	0.09235453486335556
46.471471471471475	0.09536362308368355	55035.67559393932	0.08488879318374343
46.74674674674675	0.09603673573599585	54966.273125049265	0.07798015782376853
47.02202202202202	0.09657083945271984	54895.47694127704	0.07159996986889441
47.2972972972973	0.0970598595156402	54823.38859719226	0.0657133876024942
47.572572572572575	0.09767049422641808	54750.130405702694	0.060278227806772965
47.847847847847845	0.09842895079606963	54675.81522295254	0.05525555597280019
48.12312312312312	0.09907893786548656	54600.51049681791	0.05062230651624987
48.3983983983984	0.09956001899479187	54524.27663578034	0.04635784554128321
48.673673673673676	0.10006322535747092	54447.19615110817	0.042433749284265285
48.94894894894895	0.10066343858383693	54369.35248666312	0.03882121984699341
49.22422422422423	0.10133001510494945	54290.817950865545	0.03549531916035548
49.4994994994995	0.10193924283347379	54211.64827311739	0.03243688539038062
49.77477477477478	0.10238501837977591	54131.888982886776	0.029630304040929558
50.05005005005005	0.10278932582733678	54051.59428422847	0.027056890951562357
50.32532532532532	0.10327297607188925	53970.82268151635	0.02469642222724753
50.6006006006006	0.10381941329285274	53889.6259565383	0.02253099957510616
50.87587587587588	0.10440395683997411	53808.049811490375	0.02054482851034804
51.151151151151154	0.10501709937888865	53726.13565382495	0.018723595534963687
51.42642642642643	0.10562579048098913	53643.920134853215	0.017054632479952796
51.70170170170171	0.1061833747899035	53561.43553762177	0.015526783112873935
51.97697697697698	0.10671823944730373	53478.713419614716	0.014129127442116961
52.252252252252255	0.10729454503709542	53395.78531176431	0.012850736849901113
52.527527527527525	0.10795038485767804	53312.68109956133	0.011681242153764808
52.8028028028028	0.10868190046170828	53229.42764789821	0.010611317070217082
53.07807807807808	0.10938630781768256	53146.04677113222	0.009633392226378814
53.353353353353356	0.10998958848067907	53062.55730481468	0.008740931098866088
53.62862862862863	0.11050315806759936	52978.977612128605	0.007927552204868417
53.90390390390391	0.11099792179282363	52895.326466049984	0.00718671983205108
54.17917917917918	0.11158807988950316	52811.62310927024	0.006511722760811139
54.454454454454456	0.11224075502659335	52727.88426617026	0.005896722486675698
54.729729729729726	0.11283285740759803	52644.12340360422	0.005337014063172763
55.005005005005	0.11330981673070671	52560.352549439274	0.004828397021541331
55.28028028028028	0.11367356401182485	52476.5831700272	0.004366845153861141
55.55555555555556	0.11403148952500845	52392.8272214419	0.003948162461120783
55.830830830830834	0.11446728911923912	52309.09637653836	0.0035682455249233507
56.10610610610611	0.11495741121354151	52225.40087250323	0.003223488047047469
56.38138138138139	0.11549968239033179	52141.749905311626	0.002910643256313581
56.65665665665666	0.1161364207904085	52058.152041069	0.00262668016662177
56.931931931931935	0.11684568537696821	51974.61479004573	0.0023689334002177697
57.20720720720721	0.1175456128162017	51891.14445931122	0.0021351554959887727
57.48248248248248	0.11812318941616437	51807.74630492066	0.0019234641927926611
57.75775775775776	0.11851079306234136	51724.4250360557	0.001732166131210311
58.033033033033036	0.11893318609896089	51641.18608946411	0.0015593099846228267
58.30830830830831	0.11956673836056668	51558.0349726601	0.0014029165102065208
58.58358358358358	0.12020615539352902	51474.97579283658	0.001261494687834396
58.85885885885886	0.1207306434476333	51392.01194074429	0.0011338025532370045
59.134134134134136	0.12126849234870596	51309.146935965735	0.0010185510130524117
59.40940940940941	0.12185614881550183	51226.38404013642	0.0009145394859122022
59.68468468468468	0.12241381664423057	51143.726004261276	0.0008207447122871302
59.95995995995996	0.12289963019333716	51061.17526094906	0.000736253593862138
60.23523523523524	0.12331860791940703	50978.73405820606	0.0006602164292952216
60.510510510510514	0.12379539417347944	50896.40464054516	0.0005917834689143031
60.78578578578579	0.12441841592821089	50814.189112580454	0.000530152777541831
61.06106106106106	0.12498450357080813	50732.08905719027	0.0004747043037628363
61.33633633633634	0.12535291826865225	50650.105768473906	0.0004249184409611288
61.611611611611615	0.12564978614899627	50568.24062082132	0.00038024527211897354
61.88688688688689	0.1259945795935409	50486.49490956142	0.0003401642095362909
62.16216216216216	0.12645124438375574	50404.869840087485	0.00030418446775860506
62.43743743743744	0.12702178865226843	50323.366452570546	0.00027187254982247736
62.712712712712715	0.1276550017201395	50241.98561042527	0.00024285638672191497
62.98798798798799	0.1282432202271899	50160.728005182405	0.0002168237266947903
63.26326326326326	0.12870055435708153	50079.594211650954	0.00019350287784144528
63.53853853853854	0.12916174215749926	49998.58481121665	0.00017261951616144518
63.813813813813816	0.12972909640402266	49917.70034726703	0.00015391232114145208
64.0890890890891	0.1302544708170515	49836.94122437729	0.00013716836447821336
64.36436436436436	0.13066955299344682	49756.307772258326	0.0001222007518308008
64.63963963963964	0.13109321096885687	49675.80031247005	0.00010882526122887243
64.91491491491492	0.13154058101562202	49595.419116344405	9.687510839490415e-05
65.1901901901902	0.13192290118569708	49515.1643857925	8.620770498724523e-05
65.46546546546547	0.13230333358026974	49435.036298698986	7.668877401281322e-05
65.74074074074073	0.132807676164239	49355.03501536126	6.819010752008341e-05
66.01601601601601	0.1333745953994889	49275.16064171743	6.060247038453615e-05
66.29129129129129	0.13388699564555492	49195.41323314141	5.383429237474722e-05
66.56656656656656	0.13427054485437914	49115.792812626474	4.780531312069219e-05
66.84184184184184	0.1345530023558523	49036.29938839655	4.2440424011318874e-05
67.11711711711712	0.13494234517812095	48956.93296987947	3.766411567101936e-05
67.3923923923924	0.13550038176039683	48877.693545322065	3.340836693367132e-05
67.66766766766767	0.13608949753158142	48798.581067492436	2.9617598505875554e-05
67.94294294294295	0.13662830359089484	48719.595466979925	2.624402900339235e-05
68.21821821821823	0.13709507672932833	48640.73666063716	2.3244732309543676e-05
68.4934934934935	0.13753103072291495	48562.00455655431	2.057990816030117e-05
68.76876876876878	0.1379890949518732	48483.399054127214	1.8212865333485925e-05
69.04404404404404	0.13845148457334394	48404.920040778015	1.6111167603462598e-05
69.31931931931932	0.13887658679099182	48326.5673927752	1.4246348942108654e-05
69.5945945945946	0.1392120732740964	48248.340976788495	1.2593371989244903e-05
69.86986986986987	0.1394771376409717	48170.2406536289	1.1129331765144485e-05
70.14514514514515	0.13979769274537088	48092.26628109548	9.83247805427103e-06
70.42042042042041	0.14022920363532226	48014.417711102775	8.683214896755558e-06
70.69569569569569	0.14074712182923532	47936.69478830409	7.664573575479379e-06
70.97097097097097	0.14126574750996115	47859.09735026014	6.762145870445451e-06
71.24624624624624	0.1417001384188711	47781.6252290761	5.963512338636994e-06
71.52152152152152	0.142152837305733	47704.27825521675	5.256941909109188e-06
71.7967967967968	0.14272479044142244	47627.05625691787	4.631600757549263e-06
72.07207207207207	0.14330902596585476	47549.95905763425	4.078407263620723e-06
72.34734734734735	0.14382776676910813	47472.98647752049	3.5895193926382645e-06
72.62262262262263	0.1443333110049732	47396.13833528405	3.1577137862681775e-06
72.8978978978979	0.14482261364243218	47319.41444768278	2.776551042982597e-06
73.17317317317318	0.14522130899625432	47242.814629273984	2.4404476624326838e-06
73.44844844844846	0.14557554089084437	47166.338693633734	2.14427739562605e-06
73.72372372372374	0.14600041995425936	47089.98645370527	1.8832682421747548e-06
73.998998998999	0.14647007792781214	47013.75772092271	1.6532755713694554e-06
74.27427427427428	0.14692037884749454	46937.65230968124	1.4507860080931872e-06
74.54954954954955	0.14738191528096678	46861.67002982442	1.2725747812700631e-06
74.82482482482483	0.1478626734874776	46785.81069016098	1.11577770711888e-06
75.1001001001001	0.1482627852579694	46710.074098610705	9.779532587615036e-07
75.37537537537537	0.14857681455651028	46634.46006267582	8.569162256562359e-07
75.65065065065065	0.14895018918127298	46558.96838979674	7.506119796903014e-07
75.92592592592592	0.14941253771435015	46483.59888704274	6.572263290244705e-07
76.2012012012012	0.14988081127162037	46408.35136101292	5.752210145919929e-07
76.47647647647648	0.15027179458320075	46333.22561800291	5.032750929188886e-07
76.75175175175175	0.15053663891793834	46258.2214641689	4.402270921039432e-07
77.02702702702703	0.1507938307011202	46183.33870576119	3.849924647851649e-07
77.30230230230231	0.15114631899225217	46108.577149062796	3.365853357933874e-07
77.57757757757759	0.15149042542622626	46033.936600222885	2.9417762229335986e-07
77.85285285285286	0.15177272706949224	45959.41686539077	2.570517287148759e-07
78.12812812812814	0.1520944972094751	45885.01775085831	2.245501830748963e-07
78.40340340340342	0.15247752324058056	45810.73906300638	1.9609452764156829e-07
78.67867867867868	0.1528454856775597	45736.58060828574	1.7119217012993366e-07
78.95395395395396	0.1532003001802096	45662.54219329566	1.4940850784747277e-07
79.22922922922923	0.15358923116688225	45588.62362481707	1.303551510780074e-07
79.50450450450451	0.153986330903069	45514.82470979808	1.1369499676980498e-07
79.77977977977977	0.1543532733322813	45441.145255372976	9.913543901990506e-08
80.05505505505505	0.15472002365976703	45367.5850688971	8.641591817714775e-08
80.33033033033033	0.1551171463277359	45294.14395795325	7.530557369729925e-08
80.6056056056056	0.15554031044177252	45220.82173035256	6.560283215233966e-08
80.88088088088088	0.15598566683461043	45147.618194145085	5.713152219520061e-08
81.15615615615616	0.1564545379724751	45074.53315762952	4.973734259963241e-08
81.43143143143143	0.15691614838188203	45001.566429356826	4.328641072675809e-08
81.70670670670671	0.1573169556214472	44928.717818136785	3.766284989812431e-08
81.98198198198199	0.1576423259732838	44855.98713304946	3.276456889715108e-08
82.25725725725727	0.15792192835776125	44783.374183452725	2.850047331912877e-08
82.53253253253254	0.15830181032536747	44710.87877899112	2.478719473473585e-08
82.80780780780782	0.1588718532191773	44638.50072958979	2.1551066135080202e-08
83.0830830830831	0.15946491369679486	44566.239845443306	1.8731888592711635e-08
83.35835835835836	0.15993590109967468	44494.09593702619	1.627906534714137e-08
83.63363363363364	0.16025829657985902	44422.0688151033	1.4147788663944004e-08
83.90890890890891	0.16054704353561403	44350.15829073564	1.2296831168245858e-08
84.18418418418419	0.1610248279093883	44278.36417528161	1.0687981179986724e-08
84.45945945945945	0.16159952888091653	44206.68628038679	9.289409270831042e-09
84.73473473473473	0.1620212193638608	44135.12441798431	8.075371492054097e-09
85.01001001001	0.16233708098384345	44063.67840030474	7.022588359038318e-09
85.28528528528528	0.16266891058211705	43992.34803987681	6.109835068935378e-09
85.56056056056056	0.16299053846166459	43921.13314952448	5.318788001054097e-09
85.83583583583584	0.16326654242837546	43850.03354236761	4.633615760278083e-09
86.11111111111111	0.16351335886651316	43779.04903182312	4.0404122404108864e-09
86.38638638638639	0.16380015070352089	43708.17943160548	3.5268455861691836e-09
86.66166166166167	0.16424017126781273	43637.42455572693	3.0819658060838776e-09
86.93693693693695	0.16470677325888994	43566.78421849537	2.696699244196454e-09
87.21221221221222	0.1649346735351793	43496.25823451429	2.363670263647153e-09
87.4874874874875	0.16510355870370827	43425.846418686066	2.0759684780849785e-09
87.76276276276278	0.16550242269721951	43355.54858621156	1.827153399083001e-09
88.03803803803804	0.16591951884259615	43285.364552587096	1.6120415986594507e-09
88.31331331331332	0.16613450213210396	43215.29413360491	1.4263677507277825e-09
88.58858858858859	0.1662855797986463	43145.33714535454	1.2662089553271277e-09
88.86386386386387	0.16648365724317726	43075.493404222136	1.128057743757412e-09
89.13913913913915	0.16670399166294703	43005.762726889625	1.0089131681162556e-09
89.41441441441442	0.1669671643797965	42936.14493033455	9.061728919687804e-10
89.68968968968969	0.1673419239645134	42866.639831829845	8.175608830754754e-10
89.96496496496496	0.16780572021582704	42797.24724894328	7.411394492565984e-10
90.24024024024024	0.16828078774279298	42727.96699953703	6.752726658020388e-10
90.51551551551552	0.16869866006702075	42658.798901767375	6.185630804742744e-10
90.7907907907908	0.16902166585816966	42589.742774084414	5.697996049511423e-10
91.06606606606607	0.169303454382833	42520.79843523179	5.279085122921495e-10
91.34134134134135	0.16957315994653033	42451.96570424616	4.919507873309185e-10
91.61661661661662	0.16977512309024517	42383.244400456744	4.6112322303308677e-10
91.8918918918919	0.1699368694569378	42314.634343484926	4.3472280263781444e-10
92.16716716716716	0.1701913789956723	42246.135353244	4.121238419116547e-10
92.44244244244244	0.17055065849823403	42177.74724993845	3.927908468754613e-10
92.71771771771772	0.1709339598717309	42109.4698540636	3.7627388650313955e-10
92.992992992993	0.17128742925259552	42041.30298640509	3.621891043619692e-10
93.26826826826827	0.17159671736256374	41973.246468038495	3.502044810871815e-10
93.54354354354355	0.17195979679034842	41905.30012032902	3.4002639745945056e-10
93.81881881881883	0.17242564811372282	41837.46376493095	3.3140057900921114e-10
94.0940940940941	0.17284599810198517	41769.737223787044	3.2411564032050274e-10
94.36936936936937	0.17315371521297684	41702.120319128175	3.1799013386146296e-10
94.64464464464464	0.17344765309793017	41634.61287347297	3.1286273224706587e-10
94.91991991991992	0.1737669768953307	41567.21470962736	3.0859332648409193e-10
95.1951951951952	0.17408372390638369	41499.92565068402	3.0506209512920965e-10
95.47047047047047	0.17438688202970265	41432.745520021956	3.0216597559187354e-10
95.74574574574575	0.17467876838649563	41365.67414130603	2.9981607507386903e-10
96.02102102102103	0.17497312603922732	41298.71133848655	2.979356677975289e-10
96.2962962962963	0.17527471974506217	41231.856935798765	2.9645873413219394e-10
96.57157157157158	0.17554763808697998	41165.110757762406	2.953287568577389e-10
96.84684684684684	0.17577922671718502	41098.47262918125	2.944970579096115e-10
97.12212212212212	0.17601544381571424	41031.942375142644	2.9392150103674865e-10
97.3973973973974	0.1762871183245465	40965.51982101713	2.9356587489668233e-10
97.67267267267268	0.17660013184884596	40899.20479245794	2.9339920305797644e-10
97.94794794794795	0.17696188396409593	40832.99711540048	2.933949971605916e-10
98.22322322322323	0.1773713391047846	40766.89661606198	2.9353061299509774e-10
98.4984984984985	0.17775235190812733	40700.90312094087	2.9378658038693564e-10
98.77377377377378	0.17803149991171688	40635.0164568164	2.941459768187625e-10
99.04904904904905	0.1782790511857722	40569.23645074828	2.945942890897539e-10
99.32432432432432	0.17858042829354123	40503.56293007622	2.9511927191355767e-10
99.5995995995996	0.17896822417163857	40437.99572241946	2.957105912733383e-10
99.87487487487488	0.17936781091522355	40372.53465567622	2.9635921362953555e-10
100.15015015015015	0.17957767366947489	40307.179558023156	2.9705666859377834e-10
100.42542542542543	0.17969607983914315	40241.93025791517	2.97795947776227e-10
100.70070070070071	0.18004836193110124	40176.786584085086	2.985723157765858e-10
100.97597597597598	0.1805114477321346	40111.748365542844	2.993813279281034e-10
101.25125125125126	0.180792097482263	40046.815431575014	3.0021795724054614e-10
101.52652652652652	0.18100834401154933	39981.98761174457	3.0107835561347863e-10
101.8018018018018	0.18133190827993292	39917.26473589053	3.0195999264291383e-10
102.07707707707708	0.18169347020015966	39852.646634127304	3.028604155209194e-10
102.35235235235236	0.18203328688679982	39788.13313684427	3.037772554288451e-10
102.62762762762763	0.1823868354260552	39723.72407470541	3.047086520641473e-10
102.90290290290291	0.18272362590609217	39659.41927864878	3.056528717454727e-10
103.17817817817819	0.18294682389146966	39595.218579886045	3.066079614766012e-10
103.45345345345346	0.1831721886415599	39531.12180990221	3.0757280962823837e-10
103.72872872872873	0.18360936878606082	39467.12880045522	3.0854750564784593e-10
104.004004004004	0.18411272086086364	39403.23938357524	3.0953142048045833e-10
104.27927927927928	0.18448257541164026	39339.45339156421	3.1052302291929537e-10
104.55455455455456	0.1848744285902542	39275.770656995664	3.1152178082416285e-10
104.82982982982983	0.18536149600991825	39212.1910127142	3.1252761184272866e-10
105.10510510510511	0.18564858217468985	39148.7142918348	3.135389547704348e-10
105.38038038038039	0.1857095294037717	39085.340327742575	3.1455434135086666e-10
105.65565565565566	0.18593154166625261	39022.068954092625	3.1557449129575886e-10
105.93093093093094	0.18633739473856942	38958.90000480939	3.166001403700231e-10
106.2062062062062	0.18664756196381066	38895.833314085896	3.1763048636773943e-10
106.48148148148148	0.18684487497248942	38832.86871638359	3.186647579726931e-10
106.75675675675676	0.18704620356310017	38770.006046431976	3.1970290155671435e-10
107.03203203203203	0.1873363487823366	38707.245139228165	3.20745311815992e-10
107.30730730730731	0.18771174568732182	38644.585830036376	3.217923088981574e-10
107.58258258258259	0.1879498754753675	38582.02795438732	3.2284301195723916e-10
107.85785785785787	0.18799609033118292	38519.5713480779	3.2389638816953733e-10
108.13313313313314	0.1881355386301397	38457.21584717107	3.249530467532539e-10
108.4084084084084	0.1884182723407421	38394.961287995226	3.2601376978308676e-10
108.68368368368368	0.18862992886651317	38332.807507143494	3.2707810173459494e-10
108.95895895895896	0.18873297061792083	38270.75434147353	3.2814545954538163e-10
109.23423423423424	0.18880224608742555	38208.80162810714	3.292157424203701e-10
109.50950950950951	0.18885176801154524	38146.94920442981	3.302889397330994e-10
109.78478478478479	0.1889114017262576	38085.19690809028	3.313652015862648e-10
110.06006006006007	0.18915504130952038	38023.54457700027	3.3244557935489144e-10
110.33533533533534	0.18960812563721655	37961.992049333894	3.335311052305619e-10
110.61061061061062	0.18991975454143334	37900.53916352694	3.346207900968501e-10
110.88588588588588	0.18999228087407805	37839.18575827667	3.357132739241553e-10
111.16116116116116	0.19010538215886483	37777.93167254167	3.368088983316759e-10
111.43643643643644	0.19035114454306434	37716.77674554135	3.379084488006247e-10
111.71171171171171	0.1906542955712836	37655.72081675527	3.390121902728748e-10
111.98698698698699	0.1909626873163392	37594.763725922814	3.401200690047308e-10
112.26226226226227	0.19124492188277817	37533.9053130428	3.412318719349333e-10
112.53753753753755	0.19150250252348028	37473.14541837303	3.423474282861561e-10
112.81281281281282	0.19173916498513938	37412.48388242992	3.434666152852374e-10
113.08808808808809	0.19193994113500604	37351.92054598805	3.4458924943569197e-10
113.36336336336336	0.19212622778918556	37291.455250079714	3.4571529321726655e-10
113.63863863863864	0.1923793740035775	37231.08783599472	3.4684515966323176e-10
113.91391391391392	0.19270534908358344	37170.81814527971	3.4797923335400553e-10
114.1891891891892	0.19303080053273358	37110.646019737804	3.491174410403564e-10
114.46446446446447	0.19329002725004213	37050.571301428165	3.5025936274281524e-10
114.73973973973975	0.19344747219724698	36990.59383266558	3.514044496462276e-10
115.01501501501502	0.1936059081511013	36930.71345602022	3.525528038662148e-10
115.2902902902903	0.1938530929761924	36870.93001431715	3.537049969992274e-10
115.56556556556556	0.19405478210390484	36811.24335063577	3.5486077375148496e-10
115.84084084084084	0.19416464564243235	36751.65330830946	3.5601966358410697e-10
116.11611611611612	0.19440221996156948	36692.15973092539	3.571824867535298e-10
116.3913913913914	0.19483094128823683	36632.76246232403	3.5835029174215565e-10
116.66666666666667	0.19529038516668584	36573.4613465985	3.595230746634367e-10
116.94194194194195	0.1957143408919294	36514.25622809419	3.6070046495166474e-10
117.21721721721723	0.19611543891371147	36455.14695140853	3.618822219767119e-10
117.4924924924925	0.1964823853499413	36396.133361390486	3.630680814280037e-10
117.76776776776778	0.19679682451669453	36337.21530314019	3.642577195887453e-10
118.04304304304304	0.19706180033509055	36278.39262200848	3.6545088259062127e-10
118.31831831831832	0.19729443587872456	36219.66516359661	3.6664745454347654e-10
118.5935935935936	0.19753217338036155	36161.0327737558	3.6784755025516006e-10
118.86886886886887	0.197785006134612	36102.495298586786	3.690513247237157e-10
119.14414414414415	0.19801975823675047	36044.05258443945	3.702587233320357e-10
119.41941941941943	0.19827279303158746	35985.70447791242	3.714699075834085e-10
119.6946946946947	0.1986341876733026	35927.450825852735	3.7268552569654894e-10
119.96996996996998	0.19904214608169077	35869.29147535531	3.739057751984315e-10
120.24524524524524	0.19937228587768427	35811.22627376246	3.7513011774496895e-10
120.52052052052052	0.19964826956565046	35753.25506866365	3.7635823706199446e-10
120.7957957957958	0.19992102114612606	35695.37770789513	3.775901593980454e-10
121.07107107107107	0.20016399217141745	35637.594039539435	3.7882575733409424e-10
121.34634634634635	0.2003617374826551	35579.90391192503	3.800648374066701e-10
121.62162162162163	0.2005497502572034	35522.307173625915	3.8130744218052365e-10
121.8968968968969	0.2007800661107145	35464.8036734613	3.8255390803561214e-10
122.17217217217218	0.20111053052542868	35407.39326049515	3.838048525510301e-10
122.44744744744746	0.2015066763726634	35350.075784035784	3.85060598543401e-10
122.72272272272272	0.20187852878330786	35292.85109363533	3.8632090021365625e-10
122.997997997998	0.20221686596746724	35235.71903908949	3.8758549999870734e-10
123.27327327327328	0.2025411073313732	35178.67947043711	3.888542963009175e-10
123.54854854854855	0.20284102747523097	35121.73223795983	3.901271467829012e-10
123.82382382382383	0.20309408219534839	35064.87719218158	3.914038033191031e-10
124.0990990990991	0.20326821784652727	35008.11418386827	3.9268387346784285e-10
124.37437437437438	0.203415716040295	34951.44306402742	3.939673346783456e-10
124.64964964964966	0.20370220360795804	34894.863683907926	3.9525513700117973e-10
124.92492492492492	0.20409924138057803	34838.375894999466	3.965479131454616e-10
125.2002002002002	0.20441229219573911	34781.979549031916	3.9784505588968457e-10
125.47547547547548	0.20458808328994116	34725.67449797513	3.991457459340961e-10
125.75075075075075	0.2046786915876995	34669.46059403864	4.004496050279001e-10
126.02602602602603	0.20486489096141333	34613.3376896714	4.017573831302605e-10
126.30130130130131	0.2052537862957362	34557.30563756136	4.030703433255868e-10
126.57657657657658	0.20560634455594504	34501.36429063468	4.043881321569498e-10
126.85185185185186	0.20582015317566363	34445.51350205552	4.0570984904557057e-10
127.12712712712714	0.20614567568545042	34389.753125225965	4.0703622951843006e-10
127.4024024024024	0.2065789484996293	34334.083013785465	4.0836786787971775e-10
127.67767767767768	0.2068214139993183	34278.50302161002	4.0970348475306674e-10
127.95295295295296	0.20691515683611256	34223.0130028123	4.1104226386021777e-10
128.22822822822823	0.20710269698627387	34167.612811741354	4.123849747429258e-10
128.5035035035035	0.20733815218815632	34112.30230298195	4.13731988066156e-10
128.7787787787788	0.20750531874310335	34057.08133135417	4.1508291834623394e-10
129.05405405405406	0.20768253033549303	34001.94975191318	4.1643791669961465e-10
129.32932932932934	0.2079293442927169	33946.907419948846	4.177974707874208e-10
129.60460460460462	0.20815839056464056	33891.95419098522	4.1916146283906674e-10
129.87987987987987	0.20831807217971587	33837.089920780185	4.2052948439080756e-10
130.15515515515517	0.20843619842046793	33782.31446532512	4.219013649398068e-10
130.43043043043042	0.20859189927386157	33727.62768084467	4.2327744520325095e-10
130.70570570570572	0.20888542107235164	33673.02942379625	4.246586232665803e-10
130.98098098098097	0.20926322518030782	33618.519550869685	4.260453252298353e-10
131.25625625625628	0.20961755144559746	33564.09791898663	4.274372500954493e-10
131.53153153153153	0.20996887774073564	33509.764385300376	4.2883427480517986e-10
131.80680680680683	0.21033301400717525	33455.51880719547	4.3023639639542745e-10
132.08208208208208	0.21060082303978464	33401.36104228727	4.316429434059956e-10
132.35735735735736	0.21073467476711177	33347.29094842153	4.330531267319812e-10
132.63263263263264	0.21085530735918084	33293.30838367425	4.344670365209859e-10
132.9079079079079	0.2110629629512112	33239.413206351346	4.3588537032455934e-10
133.1831831831832	0.2114088590388745	33185.60527498811	4.37309029674776e-10
133.45845845845847	0.21181167535169593	33131.88444834881	4.3873826315359556e-10
133.73373373373374	0.21213443088394782	33078.25058542614	4.4017242766041767e-10
134.00900900900902	0.21242202143738223	33024.70354544115	4.416112705337653e-10
134.2842842842843	0.21274878193932903	32971.24318784287	4.4305504857057e-10
134.55955955955955	0.2130370528845456	32917.86937230777	4.4450349197119084e-10
134.83483483483485	0.2132313075160665	32864.58195873937	4.4595603084752515e-10
135.1101101101101	0.21339543701403427	32811.380807268135	4.474125950790698e-10
135.3853853853854	0.21355418119261435	32758.265778250923	4.48873284292893e-10
135.66066066066065	0.2136666093024405	32705.23673227063	4.5033792533908923e-10
135.93593593593596	0.21377224247146018	32652.293530135867	4.5180662605504853e-10
136.2112112112112	0.2139645703445688	32599.4360328807	4.5328007058851307e-10
136.4864864864865	0.21421984866264537	32546.664101764116	4.547586798318873e-10
136.76176176176176	0.21447260380411312	32493.977598269663	4.562423899669131e-10
137.03703703703704	0.21473468240523777	32441.37638410507	4.577312263419049e-10
137.31231231231232	0.21500917323374624	32388.860321202006	4.5922523261381585e-10
137.5875875875876	0.21521625265188576	32336.429271715537	4.607239366482913e-10
137.86286286286287	0.21533926614665239	32284.083098023835	4.6222684200913734e-10
138.13813813813815	0.21548338109005888	32231.821662728	4.6373421513607997e-10
138.41341341341342	0.2157034010149926	32179.644828651624	4.6524663308395623e-10
138.6886886886887	0.2159902527029346	32127.552458840346	4.667645192950055e-10
138.96396396396398	0.21630512927807832	32075.54441656148	4.682879770538378e-10
139.23923923923923	0.21659786314082624	32023.62056530362	4.69816769571192e-10
139.51451451451453	0.21684931402380986	31971.78076877631	4.713505789322696e-10
139.78978978978978	0.21706231092138603	31920.024890909768	4.728891627762414e-10
140.06506506506508	0.2172751679400596	31868.352795854487	4.744325730096854e-10
140.34034034034033	0.2174980252571771	31816.764347980916	4.759809217192641e-10
140.61561561561564	0.21767148644111206	31765.259411878982	4.775339151747035e-10
140.8908908908909	0.2178191443332909	31713.837852357883	4.790914675326408e-10
141.1661661661662	0.2180670263542865	31662.499534445764	4.806543400481202e-10
141.44144144144144	0.21839254483504922	31611.244323389295	4.822230174446035e-10
141.71671671671672	0.2186776414054166	31560.07208465309	4.83797123722317e-10
141.991991991992	0.2189795814115093	31508.982683919665	4.853767300522986e-10
142.26726726726727	0.21938369823083326	31457.97598708907	4.869624648796034e-10
142.54254254254255	0.21973709242188055	31407.05186027826	4.885538342300905e-10
142.81781781781783	0.21993489007190045	31356.210169820773	4.901497340560675e-10
143.0930930930931	0.22015648724604076	31305.450782266777	4.917504521173658e-10
143.36836836836838	0.2204521916706963	31254.773564382514	4.933565654783771e-10
143.64364364364366	0.22061698905628618	31204.17838314966	4.94967180119508e-10
143.9189189189189	0.22064951285640866	31153.665105765245	4.965815506997581e-10
144.1941941941942	0.22074257011580994	31103.23359964148	4.982003606325233e-10
144.46946946946946	0.2209002398840843	31052.88373240527	4.998242045462654e-10
144.74474474474476	0.22103614175820188	31002.615371897668	5.014529926257568e-10
145.02002002002	0.22119732537630032	30952.428386173757	5.030869722950933e-10
145.29529529529532	0.2214506350016558	30902.322643502266	5.047268052748041e-10
145.57057057057057	0.2217755474602057	30852.298012365187	5.063729020742234e-10
145.84584584584587	0.2221005456998734	30802.3543614573	5.080251171849011e-10
146.12112112112112	0.22229536869491107	30752.491559685808	5.096824429527931e-10
146.3963963963964	0.2223834983440881	30702.709476170134	5.113442115597383e-10
146.67167167167167	0.22256166673918226	30653.007980241855	5.130112257500965e-10
146.94694694694695	0.2228328403756924	30603.386941444045	5.146841714837433e-10
147.22222222222223	0.22307191635030543	30553.846229530845	5.163627548742361e-10
147.4974974974975	0.22329350937442907	30504.38571446723	5.180468378338989e-10
147.77277277277278	0.22355981453286533	30455.005266428787	5.19736740783838e-10
148.04804804804806	0.22387069319855543	30405.704755801267	5.214327303072588e-10
148.32332332332334	0.2242001513231016	30356.484053180186	5.231348486309225e-10
148.59859859859858	0.22449957457882969	30307.343029370502	5.248427949369386e-10
148.8738738738739	0.2247585420470839	30258.2815553863	5.265562520541168e-10
149.14914914914914	0.2250254151309403	30209.29950245055	5.282753007322186e-10
149.42442442442444	0.22532247127846558	30160.396741994693	5.300001669720059e-10
149.6996996996997	0.2256445782572344	30111.573145658316	5.317310039907608e-10
149.974974974975	0.22598778274195697	30062.828585288782	5.334679133586915e-10
150.25025025025025	0.22634683850670773	30014.162932940933	5.352109449772487e-10
150.52552552552555	0.22670345487454557	29965.57606087666	5.369600140028236e-10
150.8008008008008	0.22702838726428504	29917.067841564673	5.387148471330987e-10
151.07607607607608	0.22727285946246012	29868.638147679998	5.404748774617066e-10
151.35135135135135	0.22745390363556298	29820.286852103836	5.422397638255387e-10
151.62662662662663	0.2277092942589478	29772.01382792335	5.440102098905088e-10
151.9019019019019	0.22804721375887038	29723.818948431173	5.457868548574782e-10
152.17717717717719	0.22833083227460782	29675.702087124882	5.475692490022394e-10
152.45245245245246	0.22858617718804716	29627.663117706845	5.493572131734787e-10
152.72772772772774	0.22892924560646105	29579.70191408407	5.511514358663533e-10
153.00300300300302	0.22929259324463422	29531.8183503676	5.529520004477628e-10
153.2782782782783	0.22956480564709608	29484.012300872106	5.547581767414041e-10
153.55355355355357	0.22976236730105584	29436.28364011574	5.565694888425184e-10
153.82882882882885	0.2299216822726273	29388.632242819847	5.583858130631415e-10
154.10410410410412	0.2300544313836797	29341.057983908595	5.602071355226244e-10
154.37937937937937	0.23018744708311478	29293.560738508677	5.620336423428398e-10
154.65465465465465	0.23036924307352716	29246.140381948968	5.638658418375499e-10
154.92992992992993	0.23058148472951814	29198.796789760196	5.65704020192823e-10
155.2052052052052	0.23076067141141507	29151.52983767444	5.675479513960031e-10
155.48048048048048	0.23095898764276487	29104.339401625053	5.69397835906772e-10
155.75575575575576	0.23125802073224438	29057.225357746356	5.712544404611469e-10
156.03103103103103	0.231582065202497	29010.187582373055	5.731178399533833e-10
156.3063063063063	0.23184080233380078	28963.225952039946	5.749874337838753e-10
156.5815815815816	0.2320418575305503	28916.340343481705	5.768627905883968e-10
156.85685685685687	0.23222415881505967	28869.530633632578	5.787438491569826e-10
157.13213213213214	0.23244816575375005	28822.796699626157	5.806310114329408e-10
157.40740740740742	0.23271879311052962	28776.13841879493	5.825246463568792e-10
157.6826826826827	0.23298533399075805	28729.55566866989	5.844246815770678e-10
157.95795795795797	0.23325717698560283	28683.04832698032	5.863311319284323e-10
158.23323323323325	0.23356748164933705	28636.61627165346	5.882442615633906e-10
158.50850850850853	0.23384060873408538	28590.259380814063	5.901637229919953e-10
158.7837837837838	0.23401327425395432	28543.977532784094	5.92088760729633e-10
159.05905905905905	0.23422302036371745	28497.7706060827	5.940197970823637e-10
159.33433433433433	0.2345396031920682	28451.638479425772	5.959577068509437e-10
159.6096096096096	0.2347932795790345	28405.581031725313	5.979019244584729e-10
159.88488488488488	0.23494409943721606	28359.59814208927	5.998516894962171e-10
160.16016016016016	0.23515123424501835	28313.689689821545	6.018075937594666e-10
160.43543543543544	0.23540544740104208	28267.855554421407	6.037700534050001e-10
160.7107107107107	0.23556656139335733	28222.09561558298	6.057383425222061e-10
160.985985985986	0.23562648525146077	28176.409753195145	6.077118105799909e-10
161.26126126126127	0.2356532547343731	28130.79784734131	6.096904509238393e-10
161.53653653653654	0.23575660531090484	28085.259778299187	6.116751037308656e-10
161.81181181181182	0.23597731854911316	28039.795426540368	6.136667722361348e-10
162.0870870870871	0.23613963633415253	27994.404672729663	6.156649219736866e-10
162.36236236236238	0.2361864378747752	27949.087397724983	6.176686785134037e-10
162.63763763763765	0.23630499357008497	27903.84348257739	6.196787852977948e-10
162.91291291291293	0.23653555115965433	27858.67280853059	6.216961659008315e-10
163.1881881881882	0.23676262195623535	27813.575257020344	6.237206771013457e-10
163.46346346346348	0.23701980417862303	27768.550709674404	6.257524694523347e-10
163.73873873873873	0.2373878379134322	27723.59904831229	6.27792303270499e-10
164.014014014014	0.2376538831093969	27678.720154944473	6.298391302930689e-10
164.2892892892893	0.2376456469862934	27633.91391177217	6.31890744437493e-10
164.56456456456456	0.23770321660479682	27589.180201187843	6.339480364357417e-10
164.83983983983984	0.2380224935847359	27544.518905774647	6.360132851352396e-10
165.11511511511512	0.23829045536404192	27499.929908305327	6.380858678692124e-10
165.3903903903904	0.23837399124390024	27455.413091742168	6.401642239008377e-10
165.66566566566567	0.23843521876663157	27410.9683392372	6.422483784688717e-10
165.94094094094095	0.23858301749962238	27366.595534131768	6.443392252645157e-10
166.21621621621622	0.23885008908402225	27322.29455995614	6.464377577860404e-10
166.4914914914915	0.23910423205137138	27278.065300428898	6.485437276746152e-10
166.76676676676678	0.23921075470013034	27233.907639456662	6.506558532696401e-10
167.04204204204206	0.23935825280443415	27189.821461134296	6.527746177265294e-10
167.31731731731733	0.239687284711245	27145.80664974453	6.54901555091296e-10
167.5925925925926	0.23999173051291914	27101.863089757066	6.570362463599148e-10
167.8678678678679	0.24016001274619173	27057.99066582846	6.591774491490134e-10
168.14314314314316	0.24030625200340106	27014.189262802174	6.613250876866652e-10
168.4184184184184	0.2404794900836165	26970.458765708197	6.634795046221943e-10
168.6936936936937	0.2406535441853439	26926.79905976254	6.656407680965674e-10
168.96896896896897	0.24085101553036772	26883.21003036711	6.678091230515971e-10
169.24424424424424	0.24109937229950498	26839.691563109365	6.699849986806684e-10
169.51951951951952	0.24128317440226957	26796.243543761793	6.721677966771547e-10
169.7947947947948	0.2413354384769161	26752.86585828167	6.743564822036767e-10
170.07007007007007	0.24150610155989097	26709.558392811334	6.765522885409962e-10
170.34534534534535	0.24188773066935743	26666.321033677577	6.787569897025615e-10
170.62062062062063	0.2421557912718727	26623.153667390667	6.809693299645056e-10
170.8958958958959	0.24219728529792073	26580.056180644395	6.831873532854632e-10
171.17117117117118	0.24219844308226496	26537.0284603163	6.854110333365932e-10
171.44644644644646	0.24228130618828592	26494.07039346726	6.876413742289303e-10
171.72172172172174	0.24249257027618493	26451.18186734106	6.898795868840324e-10
171.996996996997	0.2427613221532672	26408.362769363903	6.921260612365483e-10
172.2722722722723	0.24298980202584258	26365.61298714405	6.943802931004847e-10
172.54754754754757	0.24318115094247628	26322.932408471737	6.966419053241077e-10
172.82282282282284	0.24335472518951767	26280.32092131886	6.989107611857208e-10
173.0980980980981	0.2435061728385746	26237.778413838678	7.011867173580294e-10
173.37337337337337	0.24363699182261048	26195.304774365493	7.034696748076367e-10
173.64864864864865	0.24376322127017006	26152.899891414432	7.057596946292919e-10
173.92392392392392	0.2439187428994563	26110.56365368114	7.080571210136491e-10
174.1991991991992	0.24414091708383967	26068.295950041513	7.103625584987011e-10
174.47447447447448	0.2443570747508629	26026.096669551218	7.126758757960705e-10
174.74974974974975	0.2444728131262464	25983.965701445366	7.149961563208448e-10
175.02502502502503	0.24460173780520925	25941.902935138573	7.173236458344327e-10
175.3003003003003	0.24484448227087205	25899.908260224638	7.196594212053714e-10
175.57557557557558	0.24505373814847273	25857.981566475853	7.220030775842488e-10
175.85085085085086	0.24517140044971608	25816.122743842832	7.24353785590341e-10
176.12612612612614	0.24538031302634947	25774.33168245466	7.267124773869671e-10
176.40140140140142	0.2456877139258067	25732.608272618334	7.290799755486417e-10
176.6766766766767	0.24589158752980986	25690.952404818032	7.314551759748219e-10
176.95195195195197	0.24598027308016207	25649.363969715196	7.338370883631269e-10
177.22722722722725	0.24607303730398147	25607.842858148506	7.362259690219308e-10
177.50250250250252	0.24623445631226357	25566.388961133467	7.38622600674242e-10
177.77777777777777	0.24648911006762803	25525.00216986207	7.410278390097821e-10
178.05305305305305	0.2467990065387298	25483.682375702356	7.434420432305544e-10
178.32832832832833	0.24708840216999312	25442.42947019811	7.458648339997344e-10
178.6036036036036	0.24723386981410178	25401.243345068433	7.482948077139756e-10
178.87887887887888	0.2472717965091107	25360.123892207812	7.507311615943694e-10
179.15415415415416	0.2474558661767669	25319.071003686196	7.531755287019637e-10
179.42942942942943	0.24781881641143993	25278.08457174832	7.556295271386288e-10
179.7047047047047	0.2482011723273738	25237.16448881308	7.580930301515374e-10
179.97997997998	0.248536045627547	25196.31064747337	7.605653366895168e-10
180.25525525525526	0.24880806694458255	25155.52294049595	7.630457480606317e-10
180.53053053053054	0.24900023262075072	25114.80126082114	7.655335522344118e-10
180.80580580580582	0.24911527133034017	25074.145501562565	7.680282051074594e-10
181.0810810810811	0.2492140435698545	25033.55555600701	7.705298272463919e-10
181.35635635635637	0.24932347653997297	24993.031317614055	7.730387657888207e-10
181.63163163163165	0.2493972335263374	24952.57268001565	7.755548800005222e-10
181.90690690690693	0.24946212998488257	24912.179537016036	7.780783067571802e-10
182.1821821821822	0.24962112716847074	24871.851782591522	7.806101090024337e-10
182.45745745745745	0.2498715120800081	24831.589310890075	7.831511238819265e-10
182.73273273273273	0.250138424193454	24791.392016230853	7.857013390438514e-10
183.008008008008	0.25034321222493694	24751.259793103967	7.882600206675765e-10
183.28328328328328	0.250439142988463	24711.192536170216	7.90826148545687e-10
183.55855855855856	0.2504999858871856	24671.190140261097	7.933995936705386e-10
183.83383383383384	0.250591563510307	24631.25250037845	7.95980871742476e-10
184.1091091091091	0.2507029341502261	24591.379511694093	7.985703000704705e-10
184.3843843843844	0.25080866039073024	24551.5710695495	8.011679000445824e-10
184.65965965965967	0.250883626994742	24511.827069455492	8.037734571316989e-10
184.93493493493494	0.25100412555893004	24472.14740709224	8.063875246241409e-10
185.21021021021022	0.2513001991983881	24432.531978309027	8.090117864006223e-10
185.4854854854855	0.25166427468600233	24392.980679123513	8.11646582621351e-10
185.76076076076077	0.2519118878012151	24353.493405721358	8.142904367482751e-10
186.03603603603605	0.25205515059770234	24314.070054456257	8.169422832537517e-10
186.31131131131133	0.2521538202039221	24274.710521849833	8.19601842519912e-10
186.5865865865866	0.2522405359868533	24235.414704591287	8.222692074168311e-10
186.86186186186188	0.25237371118114194	24196.182499537197	8.24945019068815e-10
187.13713713713713	0.2526535487945898	24157.013803711317	8.276307647156741e-10
187.4124124124124	0.2530044156663819	24117.90851430394	8.303269150930735e-10
187.68768768768768	0.2531989887625889	24078.866528671326	8.330316523099874e-10
187.96296296296296	0.25332746015778396	24039.887744336076	8.357443983379125e-10
188.23823823823824	0.2536128146058064	24000.972058987158	8.384668652310585e-10
188.51351351351352	0.25386704107863606	23962.119370478787	8.411985987699398e-10
188.7887887887888	0.25387728935549386	23923.32957683006	8.439371584066555e-10
189.06406406406407	0.2538757528896695	23884.602576225658	8.466828660682826e-10
189.33933933933935	0.25405730413223193	23845.938267015517	8.494378997495066e-10
189.61461461461462	0.2543443650602127	23807.336547713956	8.522032491952674e-10
189.8898898898899	0.25461322472941034	23768.797316999317	8.549784930998862e-10
190.16516516516518	0.25473509454401405	23730.320473713706	8.577620242919251e-10
190.44044044044045	0.25474683794681	23691.90591686304	8.605529249709637e-10
190.71571571571573	0.2547989851402047	23653.553545617066	8.633519615539879e-10
190.990990990991	0.2549313448198909	23615.26325930884	8.661601509459381e-10
191.26626626626629	0.2551314301079845	23577.034957434356	8.689781899547906e-10
191.54154154154156	0.2553916894203017	23538.868539652303	8.718065684877971e-10
191.8168168168168	0.2556836574744724	23500.763905783748	8.746454000394318e-10
192.0920920920921	0.25592275610148496	23462.720955811725	8.774939295110734e-10
192.36736736736736	0.25608999170852853	23424.73958988117	8.803513664438813e-10
192.64264264264264	0.25627806942549614	23386.819708298844	8.832180231322912e-10
192.91791791791792	0.2565126832296303	23348.961211532962	8.860944167256878e-10
193.1931931931932	0.25674774485814145	23311.164000212764	8.889804983794823e-10
193.46846846846847	0.2569500869322495	23273.42797512828	8.918758968778543e-10
193.74374374374375	0.25710157553380086	23235.753037230104	8.947801357232662e-10
194.01901901901903	0.2572166101407852	23198.13908762922	8.976929869204139e-10
194.2942942942943	0.25731580609391086	23160.586027596724	9.006144852269766e-10
194.56956956956958	0.2574031165172143	23123.09375856356	9.035447043418212e-10
194.84484484484486	0.2574955730101973	23085.662182120257	9.064838844781625e-10
195.12012012012013	0.2576405748731012	23048.29120001679	9.094327146944989e-10
195.3953953953954	0.2578439946125963	23010.980714162186	9.12391813853786e-10
195.6706706706707	0.25806158687408237	22973.730626624172	9.153612231626885e-10
195.94594594594597	0.25829020349828	22936.540839628993	9.183409497884246e-10
196.22122122122124	0.25855156503607807	22899.41125556124	9.213312339699758e-10
196.4964964964965	0.2588141650930239	22862.341776963447	9.243319442204395e-10
196.77177177177177	0.2590409807648788	22825.332306535824	9.273425930386965e-10
197.04704704704704	0.25927134434759624	22788.382747136202	9.303632125079555e-10
197.32232232232232	0.25953242552059363	22751.49300177971	9.33394122095835e-10
197.5975975975976	0.25977405386733443	22714.662973638387	9.364350522184901e-10
197.87287287287288	0.25994901270386234	22677.892566040904	9.394852930801472e-10
198.14814814814815	0.2600364040081104	22641.18168247237	9.425440618767533e-10
198.42342342342343	0.260115990959058	22604.530226574316	9.456115899599606e-10
198.6986986986987	0.2603312489773608	22567.93810214461	9.486896019220638e-10
198.97397397397398	0.2605811837321551	22531.405213136633	9.51778398033488e-10
199.24924924924926	0.2606769339855893	22494.93146365878	9.548761948875432e-10
199.52452452452454	0.26069348625090194	22458.516757974867	9.579823834304418e-10
199.7997997997998	0.26076462200310396	22422.161000504	9.610979278318905e-10
200.0750750750751	0.2609345457620901	22385.864095820132	9.642240821388332e-10
200.35035035035037	0.26119266617422654	22349.625948651676	9.673617392393602e-10
200.62562562562564	0.2614608960094406	22313.446463881075	9.70510768903144e-10
200.90090090090092	0.261693147975901	22277.32554654466	9.736705719807217e-10
201.17617617617617	0.26189055028006175	22241.263101832476	9.768406907074382e-10
201.45145145145145	0.2620968515039834	22205.259035088176	9.800212473457572e-10
201.72672672672672	0.26236987659215255	22169.313251808766	9.832129823610162e-10
202.002002002002	0.26267322962775524	22133.425657644155	9.864160918046198e-10
202.27727727727728	0.2629426367558771	22097.596158396853	9.896300292992957e-10
202.55255255255256	0.26316013021007645	22061.824660021786	9.928541684866459e-10
202.82782782782783	0.2633199015187866	22026.11106862612	9.960879534559986e-10
203.1031031031031	0.26341854423955535	21990.45529046901	9.99330910270034e-10
203.3783783783784	0.26347881947603746	21954.857231961414	1.0025829211625945e-09
203.65365365365366	0.2635557076696016	21919.316799665936	1.0058445122916687e-09
203.92892892892894	0.26363975168296694	21883.833900296417	1.0091160019363604e-09
204.20420420420422	0.26367589846648554	21848.408440717587	1.0123970303881553e-09
204.4794794794795	0.2637149334960176	21813.040327945055	1.0156878893840736e-09
204.75475475475477	0.26384782912798677	21777.729469145186	1.0189898457607874e-09
205.03003003003005	0.2640832857249546	21742.475771634676	1.022304014396325e-09
205.30530530530532	0.2643840282151386	21707.279142880157	1.0256308676826654e-09
205.5805805805806	0.26465530767537765	21672.13949049781	1.0289697105923022e-09
205.85585585585588	0.26485642171677337	21637.05672225327	1.0323195340323524e-09
206.13113113113113	0.26505609217863085	21602.030746061668	1.0356803306985808e-09
206.4064064064064	0.26527966731911934	21567.06146998725	1.0390523932702314e-09
206.68168168168168	0.2654940266467109	21532.148802243017	1.0424355807890694e-09
206.95695695695696	0.2656566943348056	21497.29265119045	1.0458292989004266e-09
207.23223223223223	0.26573988782071983	21462.49292533931	1.0492327612843776e-09
207.5075075075075	0.26583800528123824	21427.7495333477	1.052646443914017e-09
207.7827827827828	0.26604292119426437	21393.06238402185	1.056071799172138e-09
208.05805805805807	0.2662592827493089	21358.431386315344	1.0595088770698361e-09
208.33333333333334	0.26643527875506107	21323.856449329032	1.06295712014623e-09
208.60860860860862	0.2667038351152505	21289.337482311275	1.0664176506333213e-09
208.8838838838839	0.26709721605389375	21254.874394657432	1.0698917462589376e-09
209.15915915915917	0.26748442487430546	21220.46709590919	1.0733788878975404e-09
209.43443443443445	0.2677515009613885	21186.11549575434	1.076877329270641e-09
209.70970970970973	0.2678327774335923	21151.81950402673	1.0803849191417513e-09
209.984984984985	0.2678743321454069	21117.579030706544	1.0839016893405609e-09
210.26026026026028	0.2680600959047419	21083.393985920193	1.0874298541097317e-09
210.53553553553556	0.26825753875172675	21049.264279939234	1.0909695976099827e-09
210.8108108108108	0.2683359701579666	21015.189823180113	1.0945195138909713e-09
211.08608608608608	0.26842355775757654	20981.170526204623	1.0980800289214948e-09
211.36136136136136	0.2686111489566674	20947.206299719637	1.1016525767027894e-09
211.63663663663664	0.2688565768385728	20913.297054576455	1.105237794466323e-09
211.91191191191191	0.26910855845585285	20879.44270177053	1.1088355775690527e-09
212.1871871871872	0.26932122182561447	20845.643152441295	1.1124452976082068e-09
212.46246246246247	0.26947281392443234	20811.89831787196	1.1160662019623765e-09
212.73773773773775	0.2695666215151922	20778.208109489355	1.1196977423965396e-09
213.01301301301302	0.2696673266453188	20744.5724388639	1.1233402794425216e-09
213.2882882882883	0.2698384961023028	20710.991217709325	1.1269948816563856e-09
213.56356356356358	0.27006029571722184	20677.46435788223	1.130662160127043e-09
213.83883883883885	0.27027716447370614	20643.99177138177	1.1343419253791891e-09
214.11411411411413	0.27040071310511926	20610.57337034928	1.1380329487223455e-09
214.3893893893894	0.27045645277129743	20577.209067068412	1.1417345805906031e-09
214.66466466466468	0.2706043267671305	20543.89877396526	1.145448292201609e-09
214.93993993993996	0.270810003470363	20510.6424036076	1.1491748294617632e-09
215.21521521521524	0.2709112144627809	20477.43986870427	1.1529127733845154e-09
215.4904904904905	0.2709731937970147	20444.29108210562	1.1566618229423992e-09
215.76576576576576	0.27112833732671865	20411.19595680345	1.1604234024194361e-09
216.04104104104104	0.2713231919917601	20378.154405930265	1.1641979764647348e-09
216.31631631631632	0.2714872495710085	20345.166342759	1.1679850354242166e-09
216.5915915915916	0.27163916301917607	20312.23168070302	1.1717844204253221e-09
216.86686686686687	0.2717994181164812	20279.350333315924	1.1755962733543653e-09
217.14214214214215	0.27196827460622314	20246.522214291283	1.1794207182726047e-09
217.41741741741743	0.27212256550226205	20213.747237462278	1.1832575676979767e-09
217.6926926926927	0.2722303479323672	20181.0253168015	1.1871062752934985e-09
217.96796796796798	0.2723836040145365	20148.35636642108	1.1909675921129165e-09
218.24324324324326	0.27269710777006884	20115.740300572532	1.1948435894642517e-09
218.51851851851853	0.27299766258876484	20083.177033645672	1.1987336899532456e-09
218.7937937937938	0.2731095874845222	20050.666480168362	1.2026351880728642e-09
219.0690690690691	0.2731818305121678	20018.20855480728	1.2065478785719422e-09
219.34434434434436	0.27332654589359756	19985.803172367585	1.210473056670549e-09
219.61961961961964	0.2734584163603997	19953.450247792105	1.2144106461424533e-09
219.89489489489492	0.2735530083709274	19921.149696161265	1.2183602775706517e-09
220.17017017017017	0.27368163905725756	19888.901432693197	1.2223225970946313e-09
220.44544544544544	0.27387014883164357	19856.70537274335	1.2262984607582967e-09
220.72072072072072	0.27410411543747487	19824.56143180417	1.2302883643720295e-09
220.995995995996	0.2743487381376509	19792.469525504788	1.2342922518481814e-09
221.27127127127127	0.27457815448020295	19760.429569610846	1.2383097485363103e-09
221.54654654654655	0.27483997365957774	19728.44148002449	1.2423411976699208e-09
221.82182182182183	0.27513831040438297	19696.505172784015	1.2463869339853432e-09
222.0970970970971	0.2753278804181588	19664.620564063192	1.2504453040484168e-09
222.37237237237238	0.2754159437438924	19632.787570171517	1.2545151120130444e-09
222.64764764764766	0.2756508873454028	19601.00610755473	1.2585987350288029e-09
222.92292292292294	0.27597076018232347	19569.27609279366	1.2626972254118761e-09
223.1981981981982	0.27605645842033966	19537.597442603168	1.2668071476626537e-09
223.4734734734735	0.2760007350705812	19505.970073833196	1.2709270522793753e-09
223.74874874874877	0.2760777983176037	19474.39390346919	1.275059495082411e-09
224.02402402402404	0.2762711033413336	19442.868848630937	1.2792062717262868e-09
224.29929929929932	0.27649210913402134	19411.394826572105	1.2833676070007843e-09
224.5745745745746	0.276731045792792	19379.97175468028	1.2875435559154942e-09
224.84984984984985	0.27695572774282157	19348.59955047669	1.2917337345354732e-09
225.12512512512512	0.2770697989351748	19317.278131615767	1.295936536936896e-09
225.4004004004004	0.27710957635309835	19286.00741588535	1.300151205868139e-09
225.67567567567568	0.27725472962166775	19254.787321206968	1.3043796170761057e-09
225.95095095095095	0.27750791997802554	19223.617765635034	1.3086232911974324e-09
226.22622622622623	0.2777590853051414	19192.49866735624	1.312881917370534e-09
226.5015015015015	0.27800808192332477	19161.42994468975	1.3171552604484736e-09
226.77677677677679	0.2782906183953918	19130.411516087042	1.3214436411918221e-09
227.05205205205206	0.27859688549707534	19099.443300131596	1.3257471860861788e-09
227.32732732732734	0.278877573814431	19068.525215538517	1.3300653190935912e-09
227.60260260260262	0.27902161226560634	19037.657181154133	1.3343960496626266e-09
227.8778778778779	0.27906177600269544	19006.83911595624	1.338738283497182e-09
228.15315315315317	0.2792282409769968	18976.07093905458	1.3430943955797113e-09
228.42842842842845	0.27947846956707506	18945.35256968971	1.3474656603649364e-09
228.70370370370372	0.2795657295688398	18914.68392723207	1.3518496120744873e-09
228.978978978979	0.27963914823347663	18884.064931183133	1.3562464318945879e-09
229.25425425425428	0.2799680331640465	18853.49550117561	1.3606600844950437e-09
229.52952952952953	0.2803523948503588	18822.975556971644	1.3650908511812457e-09
229.8048048048048	0.28055343039172204	18792.505018462445	1.3695355666196455e-09
230.08008008008008	0.28064929159034097	18762.083805669157	1.3739928765267517e-09
230.35535535535536	0.28073008902254354	18731.71183874271	1.378463016813073e-09
230.63063063063063	0.2808085095741307	18701.38903796336	1.382946361968216e-09
230.9059059059059	0.28092972469358535	18671.115323740545	1.3874438630764451e-09
231.1811811811812	0.281168005709353	18640.890616612825	1.3919573456227016e-09
231.45645645645646	0.2814312224755458	18610.714837247077	1.3964869199032225e-09
231.73173173173174	0.28155751713812255	18580.587906438028	1.4010303392678603e-09
232.00700700700702	0.28165155930191543	18550.509745108997	1.4055873749966852e-09
232.2822822822823	0.2818479782720366	18520.480274311783	1.4101598178235983e-09
232.55755755755757	0.281997109157076	18490.499415225473	1.4147468950685969e-09
232.83283283283285	0.2820036900609183	18460.567089156397	1.4193466174915929e-09
233.10810810810813	0.28203187457399254	18430.683217538866	1.4239598453948211e-09
233.3833833833834	0.28217478094660137	18400.84772193471	1.4285886315352466e-09
233.65865865865868	0.2823837432558638	18371.06052403257	1.433233875719918e-09
233.93393393393396	0.2825653760989128	18341.32154564752	1.4378949122035918e-09
234.2092092092092	0.2826222947404908	18311.630708720848	1.4425697861565967e-09
234.48448448448448	0.28266475933843854	18281.98793532061	1.4472586185159653e-09
234.75975975975976	0.2828632529497764	18252.39314764163	1.4519640579237375e-09
235.03503503503504	0.28317954001903434	18222.84626800457	1.4566876166912337e-09
235.3103103103103	0.2835180518985414	18193.347218855473	1.461429057171708e-09
235.5855855855856	0.28379691588253425	18163.895922765652	1.4661869756151026e-09
235.86086086086087	0.2840018349790763	18134.492302431692	1.4709600724066429e-09
236.13613613613614	0.2842208542882113	18105.136280675648	1.4757486744776598e-09
236.41141141141142	0.2844267646989987	18075.82778044442	1.4805526359685773e-09
236.6866866866867	0.2844876423200335	18046.566724809134	1.4853698504814875e-09
236.96196196196198	0.2845153721743959	18017.35303696588	1.4902003854877405e-09
237.23723723723725	0.2847217425502108	17988.186640235857	1.4950475348443108e-09
237.51251251251253	0.2849793082186247	17959.067458063935	1.4999119313667836e-09
237.7877877877878	0.28510546104432244	17929.995414018238	1.5047912796682253e-09
238.06306306306308	0.28517304135308447	17900.970431790865	1.5096849197874445e-09
238.33833833833836	0.2852819612261141	17871.99243519784	1.514593887310042e-09
238.61361361361364	0.2854711030486038	17843.06134817866	1.5195196024126327e-09
238.88888888888889	0.2857029568412747	17814.177094795818	1.5244626038804758e-09
239.16416416416416	0.28586413309919784	17785.339599234285	1.5294215617779186e-09
239.43943943943944	0.2860019282237344	17756.548785801962	1.53439618801052e-09
239.71471471471472	0.2862624707433636	17727.804578929845	1.5393885534517734e-09
239.98998998999	0.2865560774121747	17699.106903170916	1.544398880297329e-09
240.26526526526527	0.2867274026093073	17670.455683199685	1.549424914904114e-09
240.54054054054055	0.28683320641732474	17641.85084381282	1.554465806954067e-09
240.81581581581582	0.2869652291053979	17613.2923099291	1.5595223525168427e-09
241.0910910910911	0.28715181820657987	17584.780006588946	1.5645956312398136e-09
241.36636636636638	0.28739306376012935	17556.31385895414	1.5696864977013068e-09
241.64164164164166	0.2876601462343616	17527.89379230749	1.574795172014151e-09
241.91691691691693	0.2879097640344598	17499.519732052595	1.5799211482962466e-09
242.1921921921922	0.2880976879861559	17471.191603713643	1.5850633387117424e-09
242.4674674674675	0.28828983236982164	17442.909332935636	1.5902219652044421e-09
242.74274274274276	0.2885818388071422	17414.672845484332	1.5953987489072232e-09
243.01801801801804	0.28886522638151496	17386.482067245222	1.6005932946156758e-09
243.29329329329332	0.28903699878689143	17358.33692422338	1.6058036458832171e-09
243.56856856856857	0.28925026064149933	17330.237342544264	1.6110307710509279e-09
243.84384384384384	0.28956782825804106	17302.183248453173	1.616276453475832e-09
244.11911911911912	0.2897809592288703	17274.17456831397	1.6215386987325622e-09
244.3943943943944	0.28987870792870934	17246.211228609674	1.6268157918049782e-09
244.66966966966967	0.29009966266545795	17218.29315594328	1.632110308407623e-09
244.94494494494495	0.29035395137302894	17190.420277036246	1.6374227893955919e-09
245.22022022022023	0.2903595380119696	17162.592518727484	1.6427490379162698e-09
245.4954954954955	0.2902855006622095	17134.809807975027	1.6480885860946871e-09
245.77077077077078	0.29041799254466627	17107.072071856346	1.6534457999274238e-09
246.04604604604606	0.290675453257148	17079.379237566627	1.6588227337289923e-09
246.32132132132134	0.2908999968449637	17051.731232418275	1.6642183780862166e-09
246.5965965965966	0.29098648749324973	17024.127983840895	1.6696302142052386e-09
246.8718718718719	0.29097490931348813	16996.569419381744	1.6750569649714644e-09
247.14714714714717	0.2910968513814965	16969.05546670635	1.680501522866281e-09
247.42242242242244	0.291366357343342	16941.586053597395	1.685966382322341e-09
247.69769769769772	0.29160296877043496	16914.16110795371	1.6914504594827608e-09
247.972972972973	0.2918053314398207	16886.78055779084	1.696952905622042e-09
248.24824824824825	0.2920432886914693	16859.444331241164	1.702474257606695e-09
248.52352352352352	0.2922060611230984	16832.152356552917	1.7080130679574067e-09
248.7987987987988	0.29220311270038274	16804.9045620901	1.7135666882298253e-09
249.07407407407408	0.292194444513884	16777.700876333354	1.7191358004192307e-09
249.34934934934935	0.2922934483034198	16750.5412278796	1.7247228803779988e-09
249.62462462462463	0.29243979199432313	16723.425545441085	1.730328826984382e-09
249.8998998998999	0.29260623154180443	16696.35375784536	1.735953883463637e-09
250.17517517517518	0.29281979824357507	16669.3257940353	1.7415987192216546e-09
250.45045045045046	0.2930514828234916	16642.341583068668	1.7472633672957904e-09
250.72572572572574	0.29323719133509263	16615.401054117818	1.7529467581095348e-09
251.00100100100101	0.29335578826661074	16588.50413646964	1.7586477101115505e-09
251.2762762762763	0.2934120928227307	16561.650759525535	1.7643654044742623e-09
251.55155155155157	0.2934402881209879	16534.840852801324	1.7700998148365634e-09
251.82682682682685	0.2934914324078086	16508.07434592717	1.7758518256683977e-09
252.10210210210212	0.2936374205472659	16481.35116864746	1.7816233973904767e-09
252.3773773773774	0.2938856659619068	16454.671250820375	1.7874161945517257e-09
252.65265265265268	0.29415242672223096	16428.034522417252	1.7932300440492125e-09
252.92792792792793	0.29441351837951263	16401.440913522696	1.7990644003285881e-09
253.2032032032032	0.2946943121184123	16374.890354334593	1.8049193077875731e-09
253.47847847847848	0.2949473787454396	16348.382775163624	1.8107939725246045e-09
253.75375375375376	0.2951137321837092	16321.91810643301	1.8166867435163686e-09
254.02902902902903	0.2952766059816471	16295.496278678977	1.8225978464476568e-09
254.3043043043043	0.2955086031730561	16269.117222550549	1.8285287707172518e-09
254.5795795795796	0.2957207391987185	16242.78086880859	1.8344790827218373e-09
254.85485485485486	0.29589125882143336	16216.487148325967	1.8404480700397184e-09
255.13013013013014	0.29615859709250886	16190.235992088086	1.8464376967784545e-09
255.40540540540542	0.29644625077134024	16164.02733119173	1.8524481101786303e-09
255.6806806806807	0.29646666560546564	16137.861096843866	1.8584742203942637e-09
255.95595595595597	0.2963787135081499	16111.737220363568	1.8645149983099556e-09
256.2312312312313	0.2965604491351588	16085.655633182861	1.870576555116454e-09
256.5065065065065	0.2968420465422798	16059.616266843997	1.87666051896804e-09
256.7817817817818	0.2969417418396969	16033.619052998692	1.8827629950595947e-09
257.0570570570571	0.2969850203061842	16007.663923409915	1.888883298442274e-09
257.3323323323324	0.29712146549554413	15981.75080995181	1.8950236717723262e-09
257.60760760760763	0.2973451478710094	15955.879644608774	1.9011857518113547e-09
257.8828828828829	0.2976143581955115	15930.050359475114	1.9073700455229294e-09
258.15815815815813	0.29786950379110355	15904.262886754788	1.9135758535490964e-09
258.43343343343344	0.2980900203424865	15878.517158761386	1.9198022700475955e-09
258.70870870870874	0.29829018646084304	15852.813107918155	1.926048879334745e-09
258.983983983984	0.2984985134033062	15827.150666757889	1.9323159104389318e-09
259.25925925925924	0.2987385664036745	15801.529767922664	1.938603997915347e-09
259.53453453453454	0.29897865265992746	15775.950344163492	1.944913050052608e-09
259.80980980980985	0.29918462680647695	15750.412328340057	1.951242367808141e-09
260.0850850850851	0.29936108324828525	15724.915653420778	1.9575915150663596e-09
260.36036036036035	0.29952604153609375	15699.460252482642	1.9639605124315544e-09
260.63563563563565	0.29970634437364635	15674.046058711127	1.970349900728577e-09
260.91091091091096	0.2998715388979023	15648.67300539971	1.9767595308580108e-09
261.1861861861862	0.29994646441899536	15623.341025949485	1.983187866275233e-09
261.46146146146145	0.30001900558704325	15598.050053869792	1.989635421056026e-09
261.73673673673676	0.30023916124852856	15572.800022778356	1.9961054868127027e-09
262.01201201201206	0.3005012506239752	15547.59086639985	2.0025985786288704e-09
262.2872872872873	0.3006723268532276	15522.422518565563	2.0091125429943806e-09
262.56256256256256	0.3008642197059923	15497.294913214451	2.0156479051592515e-09
262.8378378378378	0.3011336889939797	15472.207984392719	2.022206187570874e-09
263.1131131131131	0.30131626650639015	15447.16166625248	2.028785377366669e-09
263.3883883883884	0.301367219879848	15422.155893052228	2.0353830700429306e-09
263.66366366366367	0.3014249459366821	15397.190599157586	2.0420001371682055e-09
263.9389389389389	0.3015902974869959	15372.265719040945	2.048639240488703e-09
264.2142142142142	0.3019008996995051	15347.381187280955	2.055303183590192e-09
264.48948948948953	0.3021982698894627	15322.536938561403	2.0619910153521385e-09
264.7647647647648	0.30230023656132005	15297.732907670825	2.0686984222950685e-09
265.04004004004	0.30233450126406164	15272.969029503978	2.075424637012876e-09
265.31531531531533	0.3024470033337717	15248.24523906179	2.0821719828089703e-09
265.59059059059064	0.30260431144556493	15223.561471450235	2.088941593128617e-09
265.8658658658659	0.30273530248855607	15198.917661879972	2.095732934075419e-09
266.14114114114113	0.3027606326800769	15174.31374566611	2.102544021498732e-09
266.41641641641644	0.3027234198428724	15149.749658228704	2.1093742106268756e-09
266.69169169169174	0.3027725540669505	15125.225335093133	2.1162260188400784e-09
266.966966966967	0.3029168317094451	15100.74071188921	2.123101573972843e-09
267.24224224224224	0.303081671203845	15076.295724350552	2.130001017739787e-09
267.5175175175175	0.30320860374015973	15051.89030831451	2.136923289425381e-09
267.7927927927928	0.3032655104924359	15027.52439972211	2.143866937151701e-09
268.0680680680681	0.30328705862491323	15003.197934618278	2.1508315702815635e-09
268.34334334334335	0.30332053252692837	14978.910849151724	2.1578178730479464e-09
268.6186186186186	0.30340889217173456	14954.663079574739	2.1648272703459566e-09
268.8938938938939	0.3035285690929132	14930.454562242709	2.17186038804205e-09
269.1691691691692	0.30358696009248454	14906.28523361353	2.178915808835293e-09
269.44444444444446	0.303632848424095	14882.15503024824	2.1859934737564552e-09
269.7197197197197	0.3037997005184264	14858.063888811299	2.193096133083025e-09
269.994994994995	0.30404860303569453	14834.01174606948	2.2002251063783654e-09
270.2702702702703	0.30427734427458153	14809.99853889137	2.2073792884032757e-09
270.54554554554556	0.3044488780201763	14786.024204247555	2.214557074388512e-09
270.8208208208208	0.3045584251555639	14762.088679210603	2.2217571516740216e-09
271.0960960960961	0.3046377894269045	14738.191900955122	2.2289792014199354e-09
271.3713713713714	0.3047109208500993	14714.333806757575	2.2362235015502347e-09
271.6466466466467	0.3047835991961728	14690.514333996005	2.2434904035672546e-09
271.9219219219219	0.30489502505667876	14666.733420150023	2.2507810278292984e-09
272.19719719719717	0.3051047915935965	14642.9910028008	2.2580975238690083e-09
272.4724724724725	0.3053587940632544	14619.28701963026	2.265440402580087e-09
272.7477477477478	0.3055518565603404	14595.621408420595	2.2728078199328432e-09
273.02302302302303	0.3056525829491295	14571.994107054556	2.280197707278787e-09
273.2982982982983	0.3056838555894542	14548.405053515547	2.2876089901203523e-09
273.5735735735736	0.30575874151776583	14524.854185888038	2.2950433059480657e-09
273.8488488488489	0.30591679354567075	14501.341442356948	2.3025027839487566e-09
274.12412412412414	0.3060346262411417	14477.866761206562	2.3099863899436984e-09
274.3993993993994	0.30614706171260103	14454.430080821263	2.317494110360202e-09
274.6746746746747	0.30646098458420956	14431.031339686384	2.32503048068299e-09
274.94994994995	0.30681973734020207	14407.670476385969	2.3325955596904914e-09
275.22522522522524	0.3068852720918316	14384.34742960145	2.3401819814128226e-09
275.5005005005005	0.30688394104447125	14361.062138114867	2.347789118162513e-09
275.7757757757758	0.30714512372323366	14337.8145408093	2.355423785625246e-09
276.0510510510511	0.3074441885800538	14314.604576665452	2.363086239177419e-09
276.32632632632635	0.3075829534473319	14291.432184761625	2.370772292136921e-09
276.6016016016016	0.30774260881029714	14268.297304275822	2.378482799850988e-09
276.87687687687685	0.3080099332144302	14245.199874485012	2.3862203733065447e-09
277.15215215215215	0.3082660028713164	14222.13983476377	2.393984365648239e-09
277.42742742742746	0.30844491761025017	14199.117124584407	2.401772824340467e-09
277.7027027027027	0.3085503748333491	14176.131683517238	2.4095843602631715e-09
277.97797797797796	0.30867591676311906	14153.183451230965	2.41742004012413e-09
278.25325325325326	0.30891253645466893	14130.2723674925	2.4252827552270562e-09
278.52852852852857	0.3090998404222423	14107.398372165319	2.433171095913763e-09
278.8038038038038	0.30910673496591773	14084.561405209422	2.4410810240948336e-09
279.07907907907907	0.30912187582983286	14061.761406683152	2.4490137734182615e-09
279.35435435435437	0.30927326717852854	14038.998316742662	2.4569732285277738e-09
279.6296296296297	0.30947968155344846	14016.272075640525	2.4649605135617307e-09
279.9049049049049	0.3096440285557236	13993.58262372541	2.4729742764429245e-09
280.1801801801802	0.3096879931898367	13970.929901442063	2.4810116998784103e-09
280.4554554554555	0.30969167459593305	13948.313849332137	2.4890725025472505e-09
280.7307307307308	0.30981106532194747	13925.734408034501	2.4971601037173022e-09
281.00600600600603	0.3100110764122961	13903.191518283933	2.505276318237081e-09
281.2812812812813	0.31020348377479756	13880.685120910572	2.5134204969364977e-09
281.5565565565566	0.31039165069337576	13858.21515684037	2.5215922463424986e-09
281.83183183183183	0.3105894905540923	13835.781567095017	2.529791615108839e-09
282.10710710710714	0.31078672686875713	13813.384292791592	2.5380184209762434e-09
282.3823823823824	0.3109652710639739	13791.02327514239	2.5462721204941995e-09
282.6576576576577	0.3111039033171093	13768.69845545472	2.5545518189872723e-09
282.93293293293294	0.3112316435441008	13746.409775131111	2.562857542345309e-09
283.20820820820825	0.3114095591645825	13724.157175669316	2.571190781410998e-09
283.4834834834835	0.31161600950346335	13701.940598661704	2.579552178033915e-09
283.75875875875874	0.3118030707560061	13679.759985794828	2.587941098725064e-09
284.03403403403405	0.31200008764192255	13657.615278849862	2.5963577859632343e-09
284.3093093093093	0.3122473703786087	13635.506419702497	2.604803414640295e-09
284.5845845845846	0.3125506696720736	13613.433350322533	2.613279040898583e-09
284.85985985985985	0.31286697222641835	13591.396012773463	2.6217844545302968e-09
285.13513513513516	0.31308545508550023	13569.394349211812	2.630316838801327e-09
285.4104104104104	0.3131733967114653	13547.42830188753	2.6388732800255666e-09
285.6856856856857	0.3131892175786042	13525.497813144419	2.647452999897213e-09
285.96096096096096	0.31324350327723305	13503.602825420361	2.656058116597187e-09
286.23623623623627	0.3134442961861603	13481.743281247143	2.6646929001166754e-09
286.5115115115115	0.3136970773689725	13459.919123248985	2.673358304930835e-09
286.7867867867868	0.3138500568960624	13438.130294141922	2.6820513513085086e-09
287.06206206206207	0.3138223047186348	13416.376736734202	2.6907678009994545e-09
287.3373373373374	0.3136830054552529	13394.658393927088	2.6995061547381227e-09
287.6126126126126	0.3137721779142635	13372.97520871661	2.7082737115246915e-09
287.8878878878879	0.3141329578242034	13351.327124191375	2.7170771199647822e-09
288.1631631631632	0.3144090636818722	13329.714083529696	2.7259125840506613e-09
288.4384384384384	0.3145460580074751	13308.136030001497	2.7347758856916236e-09
288.71371371371373	0.3147250847569124	13286.592906969763	2.743668383113743e-09
288.988988988989	0.3149543387921586	13265.08465788925	2.7525913370771673e-09
289.2642642642643	0.3151571830587391	13243.61122630569	2.761543798781389e-09
289.53953953953953	0.31526233990223107	13222.17255585573	2.7705232710006813e-09
289.81481481481484	0.31525317060846547	13200.768590267122	2.7795274562679766e-09
290.0900900900901	0.3152510314623604	13179.399273359553	2.7885577078841163e-09
290.3653653653654	0.3153505518021692	13158.06454904433	2.7976174812312104e-09
290.64064064064064	0.3155654383790765	13136.764361323672	2.8067097740918012e-09
290.91591591591595	0.31582651693415265	13115.498654289948	2.8158351181996855e-09
291.1911911911912	0.3160011861562694	13094.267372125114	2.824990538835202e-09
291.4664664664665	0.31606439078248455	13073.070459101276	2.8341731579501513e-09
291.74174174174175	0.31606206914508844	13051.907859581093	2.8433819979022278e-09
292.01701701701705	0.3160686935783079	13030.779518017804	2.8526182627442554e-09
292.2922922922923	0.3161610197321046	13009.685378955133	2.861884879431818e-09
292.5675675675676	0.3163896349706971	12988.625387026943	2.8711854122559464e-09
292.84284284284286	0.316697372688008	12967.599486956338	2.8805211014386584e-09
293.1181181181181	0.3168340312881962	12946.607623554084	2.8898863622186073e-09
293.3933933933934	0.31680632443947454	12925.649741720306	2.899277160151147e-09
293.66866866866866	0.316930062493586	12904.725786446645	2.9086987735969554e-09
293.94394394394396	0.31713686539165836	12883.83570281329	2.918153421999195e-09
294.2192192192192	0.3171236156389707	12862.97943598712	2.9276347835370367e-09
294.4944944944945	0.31707494328276076	12842.156931225105	2.9371429894025683e-09
294.76976976976977	0.3172832911296853	12821.368133875032	2.9466859514317035e-09
295.0450450450451	0.3175486492631522	12800.612989371657	2.9562643521968813e-09
295.3203203203203	0.31765998085173797	12779.891443236527	2.96587308330665e-09
295.5955955955956	0.31770237971086857	12759.20344107999	2.9755105854051003e-09
295.8708708708709	0.3177641064977847	12738.548928601103	2.985178076696605e-09
296.1461461461462	0.31786930200659563	12717.927851587008	2.994877155161843e-09
296.4214214214214	0.31800676742323863	12697.340155912523	3.0046087531315015e-09
296.69669669669673	0.3181451371902402	12676.785787539853	3.0143727508448085e-09
296.971971971972	0.31832770994236226	12656.264692519011	3.0241702649682145e-09
297.2472472472473	0.31860444794502774	12635.776816987734	3.0340035354845105e-09
297.52252252252254	0.31882853597689953	12615.322107169834	3.0438702639150095e-09
297.7977977977978	0.31887264948738053	12594.900509375195	3.0537652391848145e-09
298.0730730730731	0.3188790555692719	12574.511970001684	3.0636884590673224e-09
298.34834834834834	0.3189713879707672	12554.156435534906	3.073643357490584e-09
298.62362362362364	0.319139302345408	12533.833852547014	3.0836322709418824e-09
298.8988988988989	0.31932982228538875	12513.544167696267	3.093655523334941e-09
299.1741741741742	0.31946539869279494	12493.287327726648	3.1037112269359478e-09
299.44944944944945	0.3195662003739013	12473.063279468513	3.113798543664249e-09
299.72472472472475	0.3197226330201654	12452.871969838994	3.123919398299608e-09
300.0	0.32002657807308965	12432.713345841903	3.134077856427292e-09
