0.004820103647128423	6.78691168437125	6575.099923770472	1.826596028872093	0.000845388150201663
25.0	0.044544850498338874	33212.0	10.0
25.275275275275277	0.04532817882251994	34015.3056635353	9.774660249728171
25.55055055055055	0.04611121611579249	34813.68553138712	9.550637256254753
25.825825825825827	0.04689822990321149	35606.68895541808	9.328056541140974
26.1011011011011	0.047668236388964294	36393.53132148305	9.107136445261867
26.376376376376378	0.048424462234877404	37173.52565596031	8.888068231704002
26.65165165165165	0.04920656633120577	37946.64767577299	8.670859084736298
26.926926926926928	0.05000094895177279	38712.64313092827	8.455580084999449
27.2022022022022	0.050754255283532196	39470.46226130458	8.242523356006501
27.47747747747748	0.05149854874188315	40219.60400468229	8.031828637826708
27.75275275275275	0.0523007456745128	40960.54725559671	7.823363430053291
28.02802802802803	0.05316716176028747	41693.790127505905	7.616989861924554
28.303303303303302	0.05404909048737357	42419.10258853397	7.412772340046191
28.57857857857858	0.054794541780178514	43134.270483969245	7.21132655811074
28.853853853853856	0.05539003293368173	43837.12799296035	7.013254923476787
29.12912912912913	0.05609207118994533	44528.90526864389	6.818216440510571
29.404404404404403	0.05696448566720666	45211.462875834666	6.625694880035703
29.67967967967968	0.05784231963545465	45884.52265560509	6.435768119329465
29.954954954954957	0.05868084151965673	46547.31529672384	6.248650516218666
30.23023023023023	0.0595070379127039	47199.44234423544	6.0644534390656695
30.505505505505504	0.06023880378600304	47839.66810864594	5.883520900434725
30.78078078078078	0.060822945032814484	48466.34947674546	5.706310191845866
31.056056056056057	0.06148285954211525	49080.28278101461	5.532600932314771
31.33133133133133	0.062327953931699605	49683.24307898344	5.361900759517726
31.606606606606608	0.06307693031897808	50274.14954770372	5.194510677940984
31.88188188188188	0.0636218456775066	50851.072485377845	5.030967615369562
32.15715715715716	0.06415540994107492	51414.03356539836	4.871266451979237
32.432432432432435	0.06483484155276416	51964.416208155635	4.715023717442182
32.70770770770771	0.06573569955369846	52504.07266249726	4.56172559249542
32.98298298298298	0.0666370100514035	53032.86199764734	4.4114119254698565
33.25825825825826	0.0672789227077554	53548.65663434321	4.2646745462344615
33.533533533533536	0.06793573152066389	54051.66364924712	4.121456759033106
33.808808808808806	0.06885988261629065	54543.903025211155	3.981198155290023
34.08408408408408	0.06979620059326248	55025.36329257427	3.843902616709583
34.35935935935936	0.07057532733636356	55494.90225283287	3.7098881885010515
34.63463463463464	0.07131519418868837	55952.308835733515	3.5792142842038572
34.90990990990991	0.07207979241200124	56397.8201409558	3.4518158111374784
35.18518518518518	0.07284767001133834	56831.53206950478	3.327666892127999
35.46046046046046	0.07357616250779359	57253.30067150243	3.206808284227682
35.73573573573574	0.07422275832697742	57662.788139125754	3.089334615483151
36.01101101101101	0.07481394432949291	58059.875399895776	2.975279762164629
36.286286286286284	0.07539800704107268	58444.743210869194	2.8645943035182797
36.56156156156156	0.07600682164132276	58817.73946513416	2.7571823699157223
36.83683683683684	0.0766582562722736	59179.281112780714	2.6529288824549178
37.112112112112115	0.07734916288602527	59529.74180775136	2.551730764774046
37.38738738738739	0.07809778465483617	59869.55167845772	2.4534692255049366
37.66266266266266	0.07894317579017779	60199.27208314675	2.3579889845381246
37.93793793793794	0.07977261526575681	60518.94313249308	2.2652795493055726
38.213213213213216	0.08038751343847612	60827.841828057135	2.1755424474218694
38.488488488488485	0.08086984845046212	61125.697626811285	2.0888535427359165
38.76376376376376	0.08140184008335982	61412.98214138009	2.005082515601544
39.03903903903904	0.08200178410957167	61690.19757273391	1.9240905172423202
39.314314314314316	0.08265172899229671	61957.745014764885	1.8457667581102473
39.58958958958959	0.08336053299214292	62216.0257130587	1.7700003806149416
39.86486486486486	0.08409714629019438	62465.314693144726	1.6967155703150387
40.14014014014014	0.08476563408083339	62705.59208840271	1.6259184280284689
40.41541541541542	0.08538221999706543	62936.91959546248	1.557592394293693
40.690690690690694	0.0860623158944398	63159.695235937776	1.491627460947108
40.965965965965964	0.08675231656530119	63374.14757989635	1.4279606746344153
41.24124124124124	0.0873413689582984	63580.226371427256	1.3666065364159872
41.51651651651652	0.08799241316477699	63778.30989803747	1.3074604838652228
41.791791791791795	0.08883676093848235	63969.045065976374	1.250343296933279
42.06706706706707	0.08957037841072531	64152.34236473996	1.1952803202183526
42.34234234234234	0.09006111000212633	64327.8840552617	1.1423603152696784
42.61761761761762	0.0906859559682525	64496.186436345764	1.0914403346371289
42.892892892892895	0.09151519250660997	64657.845061182816	1.0423553774241185
43.168168168168165	0.09220164701185328	64812.757390692466	0.9951343625895376
43.44344344344344	0.0927626566703668	64960.89865014537	0.9497846096404093
43.71871871871872	0.09346478535070334	65102.718801478484	0.9061815385976834
43.993993993993996	0.09425568470951282	65238.53852130602	0.8642364611068333
44.26926926926927	0.09498214562088778	65368.422071335364	0.823931910547983
44.54454454454455	0.09569288176069873	65492.520496219586	0.7852263045026612
44.81981981981982	0.09644755908308111	65611.06763348325	0.7480550472385398
45.0950950950951	0.09719857194871596	65724.22235970711	0.7123743552711052
45.37037037037037	0.09788354172679063	65832.06610954374	0.6781619513579566
45.645645645645644	0.09844752795108111	65934.6298427773	0.6454095769628636
45.92092092092092	0.09893677160218584	66032.0202817131	0.6140879216535629
46.1961961961962	0.09948036564742867	66124.49187471575	0.5841266238142806
46.471471471471475	0.10010477710474384	66212.30838823451	0.5554527164409286
46.74674674674675	0.10076842657735628	66295.67265115576	0.5280101464052128
47.02202202202202	0.10138784308297308	66374.70021148979	0.5017670976347998
47.2972972972973	0.10192483018540102	66449.4781812638	0.476699647259372
47.572572572572575	0.1025267490397584	66520.22463817506	0.4527474792066813
47.847847847847845	0.10324262184387166	66587.17999630632	0.42984405735339715
48.12312312312312	0.10387495507756697	66650.41657757048	0.40796953285451076
48.3983983983984	0.10438242650207671	66709.98744736775	0.38710940243192815
48.673673673673676	0.10492375725613924	66766.06531086532	0.36721591860065067
48.94894894894895	0.10552326020434168	66818.82846431351	0.34823976928119993
49.22422422422423	0.1061100274295476	66868.40057962146	0.3301468077245231
49.4994994994995	0.1066700954073492	66914.89501267095	0.31290574539757965
49.77477477477478	0.10721665109184736	66958.43131854686	0.2964835640495007
50.05005005005005	0.10776976224684266	66999.1365705656	0.2808451488308555
50.32532532532532	0.1083328794308813	67037.13455932864	0.2659562887482794
50.6006006006006	0.10886720709451232	67072.52628092679	0.25178909804476757
50.87587587587588	0.10936720381296164	67105.40923177713	0.2383166567853279
51.151151151151154	0.10988337565235085	67135.90066673228	0.22550654903693731
51.42642642642643	0.11046934872993976	67164.13294250035	0.21332215537768595
51.70170170170171	0.11116038416885322	67190.2414826746	0.20172599572228983
51.97697697697698	0.11183176809136292	67214.30687775764	0.19069581608617506
52.252252252252255	0.11232991157570855	67236.35842070592	0.18022360981401653
52.527527527527525	0.1127960291539456	67256.47863483433	0.17028657880400086
52.8028028028028	0.11337841876839531	67274.7917216008	0.16085033973927626
53.07807807807808	0.11396557156397953	67291.37995447073	0.1518921505695842
53.353353353353356	0.11448135440159184	67306.30253386665	0.1433956745526633
53.62862862862863	0.11499464775541035	67319.63677843811	0.13533953713981056
53.90390390390391	0.11550608100539869	67331.45712278594	0.1277031600886542
54.17917917917918	0.11593830419863914	67341.81816006603	0.12047147310258756
54.454454454454456	0.11636819237598381	67350.79124124664	0.11362474635463361
54.729729729729726	0.11693866346785368	67358.47234275026	0.10713640345313209
55.005005005005	0.11752434913386697	67364.92519036059	0.10098882233675417
55.28028028028028	0.11797324591700302	67370.184230308	0.09517251187217896
55.55555555555556	0.11844762920561518	67374.31336877504	0.08966979352803864
55.830830830830834	0.11903868336486546	67377.38678685958	0.08446012985163842
56.10610610610611	0.11951991560147916	67379.43938376702	0.07953389269823703
56.38138138138139	0.11986810230438713	67380.5045376802	0.07488187426836233
56.65665665665666	0.12037286393763579	67380.65448949068	0.07048406696532572
56.931931931931935	0.12100373425865628	67379.9505268668	0.06632350177090453
57.20720720720721	0.12148543588826632	67378.41719070853	0.06239341544855837
57.48248248248248	0.1218969554411755	67376.08972790116	0.05868406861728482
57.75775775775776	0.12243645655661224	67373.02297685579	0.055180276294895435
58.033033033033036	0.12298225853916234	67369.25523688091	0.05187144518753893
58.30830830830831	0.12340013133874879	67364.81112215406	0.04875078181019414
58.58358358358358	0.12379234423970198	67359.72483004029	0.0458088284872213
58.85885885885886	0.12424761345160693	67354.03618691827	0.04303456136263938
59.134134134134136	0.12476232030795006	67347.78179940129	0.04041784858657448
59.40940940940941	0.1253158917559504	67340.99422306933	0.037949681483503216
59.68468468468468	0.1258806320548649	67333.70215737647	0.0356221206611192
59.95995995995996	0.12644343224731913	67325.93203013473	0.033427856025657544
60.23523523523524	0.1269958751743211	67317.70858587042	0.03136004345950984
60.510510510510514	0.1274994572821007	67309.05347686868	0.029412696395226656
60.78578578578579	0.12792167146099975	67299.98622747367	0.027580418093727025
61.06106106106106	0.12829290622811654	67290.52763567364	0.025857456683177894
61.33633633633634	0.12867383590378578	67280.70055459975	0.02423748794434872
61.611611611611615	0.12915642019182416	67270.53030923176	0.022713499399751685
61.88688688688689	0.12972788652351686	67260.03954612196	0.021279221110651732
62.16216216216216	0.1302436503190169	67249.24384718729	0.01993034451638789
62.43743743743744	0.1306722124580188	67238.15738502883	0.0186629516143949
62.712712712712715	0.1310743885768406	67226.7961397635	0.01747262128398331
62.98798798798799	0.13147727192766298	67215.17620959568	0.016354898561470314
63.26326326326326	0.13188331073135037	67203.31288201327	0.015305552692111063
63.53853853853854	0.13226267998959965	67191.21982033263	0.01432080319358001
63.813813813813816	0.13257948280895512	67178.90921139742	0.013397278924324308
64.0890890890891	0.13280719143443828	67166.3922715711	0.012531877593767135
64.36436436436436	0.13299733400680885	67153.68107519057	0.011721257805885593
64.63963963963964	0.13331730407163142	67140.79045723598	0.010961310363943981
64.91491491491492	0.13380811708716803	67127.73460144753	0.010248106052440092
65.1901901901902	0.13437937850651252	67114.52466199103	0.009578556478098669
65.46546546546547	0.13496978896377285	67101.16991162662	0.008950095257803154
65.74074074074073	0.13554127555038692	67087.6785022353	0.008360466834923568
66.01601601601601	0.13606901720316358	67074.05787634908	0.0078076122119622084
66.29129129129129	0.13653700210586406	67060.3150074287	0.007289602237491106
66.56656656656656	0.13694315003931729	67046.4566675866	0.0068045635376707036
66.84184184184184	0.13730164206298617	67032.48951626715	0.006350653007374746
67.11711711711712	0.1376529350302087	67018.42040558686	0.005925973886661301
67.3923923923924	0.13803182145130646	67004.25614853948	0.005528639842169201
67.66766766766767	0.1384613467660623	66990.00331179233	0.005156832539414608
67.94294294294295	0.13894863943579197	66975.66803841789	0.004808850911164067
68.21821821821823	0.13948269522688028	66961.25592019793	0.004483146663948396
68.4934934934935	0.1400018873763084	66946.7716846927	0.004178411258635244
68.76876876876878	0.14043849506022602	66932.21934331587	0.0038935348250766603
69.04404404404404	0.14079745818726716	66917.60284014951	0.0036274259411226894
69.31931931931932	0.14112791383608914	66902.92629816305	0.0033789432273749155
69.5945945945946	0.14153922454176338	66888.19425014431	0.003146831173538315
69.86986986986987	0.14206976021674972	66873.41105476048	0.0029298823540655464
70.14514514514515	0.14263782399095412	66858.58026922487	0.002727111737743921
70.42042042042041	0.1431775142073697	66843.70490327536	0.0025376861745147754
70.69569569569569	0.1436520728914037	66828.78766786736	0.0023608553336921146
70.97097097097097	0.1440760656965903	66813.83123714844	0.0021958789359921432
71.24624624624624	0.1444875709127599	66798.83831108463	0.00204200935579347
71.52152152152152	0.1448955293429188	66783.81146583072	0.0018985331926897736
71.7967967967968	0.14530196985885396	66768.75312824169	0.001764778361232762
72.07207207207207	0.14571886460226388	66753.66561177083	0.0016401041266730903
72.34734734734735	0.146150758297039	66738.55109193664	0.0015239079285812613
72.62262262262263	0.14658462242574283	66723.41160703807	0.0014156252231410774
72.8978978978979	0.14700914326410897	66708.2489644937	0.0013147554216108204
73.17317317317318	0.14741928509975305	66693.06488927455	0.0012208207544399435
73.44844844844846	0.1478376154889065	66677.8610517956	0.0011333584983984869
73.72372372372374	0.14829971910972847	66662.63908098763	0.0010519173482618376
73.998998998999	0.14879551434883062	66647.40046629113	0.0009760846495704028
74.27427427427428	0.1492974322067007	66632.14654543862	0.0009054898021900272
74.54954954954955	0.14978768873586532	66616.87854394334	0.0008397932986042642
74.82482482482483	0.15024740961145253	66601.59758866188	0.0007786829628636607
75.1001001001001	0.1506504145409603	66586.30471152409	0.0007218729206672337
75.37537537537537	0.1510258459641807	66571.00093111803	0.0006690809378843318
75.65065065065065	0.15147696715887218	66555.68732328838	0.0006200088062900572
75.92592592592592	0.15198802105971496	66540.36485727037	0.0005743878685377121
76.2012012012012	0.15244746038150364	66525.03431803409	0.000532000600968441
76.47647647647648	0.1528783008557407	66509.69647285719	0.0004926343448276917
76.75175175175175	0.15335429004740767	66494.35210608812	0.00045607164879209075
77.02702702702703	0.15382401419141853	66479.00190263819	0.0004221226384954745
77.30230230230231	0.15423695341192672	66463.64646833122	0.0003906193689995288
77.57757757757759	0.15466584251993729	66448.28642637812	0.0003613890253566541
77.85285285285286	0.15514233099960048	66432.92237508424	0.00033426567209023843
78.12812812812814	0.15558682125145007	66417.55482157151	0.00030910866948141887
78.40340340340342	0.15598822010819025	66402.18423801032	0.0002857870559697518
78.67867867867868	0.1564163577806604	66386.8111036466	0.0002641678735937064
78.95395395395396	0.15685953064940886	66371.43585696653	0.0002441294581051741
79.22922922922923	0.15726268501936716	66356.05888273973	0.00022556504154861416
79.50450450450451	0.15766822438864883	66340.68055959804	0.0002083695363741694
79.77977977977977	0.1581337240710193	66325.30126002191	0.00019243953966732166
80.05505505505505	0.15862132713592303	66309.9213137143	0.0001776835097273332
80.33033033033033	0.15908009186042169	66294.54101117938	0.000164020774553748
80.6056056056056	0.1594818398050436	66279.16061760533	0.00015137767712212433
80.88088088088088	0.15985234567597104	66263.78039026096	0.00013968274358950434
81.15615615615616	0.16027989608537002	66248.4005908214	0.00012886325921768744
81.43143143143143	0.16074313927480333	66233.02145467074	0.00011885379707601104
81.70670670670671	0.16113564644831566	66217.64317779602	0.00010959986109494526
81.98198198198199	0.16144372569816606	66202.26594349401	0.00010105046840536279
82.25725725725727	0.16171293013025423	66186.88993346396	9.315506814406815e-05
82.53253253253254	0.16203826715904998	66171.51533252494	8.586223091758072e-05
82.80780780780782	0.162470934003429	66156.14231712253	7.912284191011249e-05
83.0830830830831	0.1628980362976858	66140.77103223882	7.289651669712466e-05
83.35835835835836	0.16328731670637242	66125.4016088191	6.714676145284637e-05
83.63363363363364	0.1637844469549439	66110.03418590117	6.18348255263502e-05
83.90890890890891	0.16438242864807123	66094.66888878714	5.6925765588614505e-05
84.18418418418419	0.16490348815346678	66079.30581449326	5.2392489134916485e-05
84.45945945945945	0.16523397307210103	66063.94504525705	4.8212003439696124e-05
84.73473473473473	0.1653553501043626	66048.58666015384	4.436218903922056e-05
85.01001001001	0.16555478264675696	66033.23075771627	4.081551545377964e-05
85.28528528528528	0.16607119050239486	66017.87744361044	3.754246398711103e-05
85.56056056056056	0.16654987356934142	66002.52678789072	3.452340331625701e-05
85.83583583583584	0.1667327490047311	65987.1788413337	3.1744053622000035e-05
86.11111111111111	0.1668443776974612	65971.83366715326	2.9186676317343422e-05
86.38638638638639	0.16706678737723732	65956.49133338961	2.683218788726648e-05
86.66166166166167	0.16744157197029402	65941.15190321402	2.466285320308884e-05
86.93693693693695	0.1678992056620175	65925.81543034245	2.2663560103435156e-05
87.21221221221222	0.1683056227155598	65910.4819585242	2.082196202274437e-05
87.4874874874875	0.16866166384251988	65895.1515287733	1.9126469515387662e-05
87.76276276276278	0.1690251542378159	65879.82418128512	1.7565718008044312e-05
88.03803803803804	0.169409971315416	65864.49995351495	1.612910160188041e-05
88.31331331331332	0.1698187635993504	65849.17887994972	1.48068367298349e-05
88.58858858858859	0.17025748228298845	65833.8609924079	1.3589878988352122e-05
88.86386386386387	0.17069020087149184	65818.54631926272	1.247013914544365e-05
89.13913913913915	0.17101925280547872	65803.23488471634	1.1440684941023724e-05
89.41441441441442	0.17128079826775905	65787.92671233627	1.0494758908569337e-05
89.68968968968969	0.17163344744930434	65772.62182691363	9.62526218610186e-06
89.96496496496496	0.17207542764364034	65757.320250804	8.825771002163155e-06
90.24024024024024	0.1725225889399483	65742.02200297904	8.090800275077736e-06
90.51551551551552	0.17299880578474836	65726.72710121887	7.41519476396553e-06
90.7907907907908	0.17352563610466368	65711.43556206221	6.794143001718122e-06
91.06606606606607	0.17398282526570033	65696.1473992168	6.223618928772393e-06
91.34134134134135	0.17431846764761874	65680.86262497345	5.6999892370786626e-06
91.61661661661662	0.17467301135359492	65665.58125228582	5.219435742865967e-06
91.8918918918919	0.1750684986164745	65650.30329317173	4.778399471725051e-06
92.16716716716716	0.17536686783984615	65635.02875745174	4.373931047370323e-06
92.44244244244244	0.175607831716099	65619.7576546091	4.0031741913932996e-06
92.71771771771772	0.17594199266560873	65604.48999441948	3.663190897741511e-06
92.992992992993	0.1762852083670568	65589.2257851285	3.35146755704423e-06
93.26826826826827	0.17650961163057027	65573.96503353375	3.0658922294983123e-06
93.54354354354355	0.1767706208228426	65558.70774679605	2.8042517649707276e-06
93.81881881881883	0.1771955791609549	65543.45393197288	2.5643613653331058e-06
94.0940940940941	0.17764966067927182	65528.203594707156	2.3444286759249933e-06
94.36936936936937	0.17800642534662997	65512.9567396075	2.1429482174248753e-06
94.64464464464464	0.17822128204630125	65497.71337079971	1.9585483105881095e-06
94.91991991991992	0.17841074586739247	65482.47349252835	1.7898241210462498e-06
95.1951951951952	0.17880395359362447	65467.23710932649	1.6352906169684963e-06
95.47047047047047	0.1793122004819003	65452.004224881515	1.4936973434341107e-06
95.74574574574575	0.17970804179463168	65436.774841870196	1.3640741500942466e-06
96.02102102102103	0.18002408679241158	65421.54896284567	1.2454850840348925e-06
96.2962962962963	0.1803545429416218	65406.32659033494	1.1370013997232873e-06
96.57157157157158	0.18070266373712968	65391.10772658959	1.037770700278925e-06
96.84684684684684	0.1810507422654745	65375.89237357066	9.470211441216975e-07
97.12212212212212	0.18137621732779946	65360.680532976636	8.640536795640023e-07
97.3973973973974	0.18167384400798012	65345.47220630212	7.882257792542172e-07
97.67267267267268	0.18195997066021782	65330.26739488358	7.189387629028989e-07
97.94794794794795	0.18226328852017343	65315.06609991737	6.556328303386296e-07
98.22322322322323	0.18260499594744997	65299.86832244981	5.97789813899768e-07
98.4984984984985	0.18289581486683273	65284.67406327125	5.44962457340942e-07
98.77377377377378	0.18305056352116741	65269.483322974746	4.967581492827716e-07
99.04904904904905	0.18319582241367618	65254.29610217418	4.527786181270523e-07
99.32432432432432	0.1834384599457882	65239.112401443854	4.126367008187571e-07
99.5995995995996	0.18371214303997452	65223.932221172334	3.7599670840200946e-07
99.87487487487488	0.18399997166731644	65208.755561629354	3.4255590119395585e-07
100.15015015015015	0.18438559815310052	65193.58242303875	3.1202440518100327e-07
100.42542542542543	0.18483182914532992	65178.41280550167	2.841463613938501e-07
100.70070070070071	0.18520665549229004	65163.24670897079	2.587069197848019e-07
100.97597597597598	0.18555990470492653	65148.084133366545	2.3550026733778194e-07
101.25125125125126	0.1860014680253929	65132.92507859412	2.1432502012493898e-07
101.52652652652652	0.18642768543013216	65117.769544450464	1.9500967472265826e-07
101.8018018018018	0.18673729521298002	65102.61753064931	1.7740566211080492e-07
102.07707707707708	0.1870443759141266	65087.46903690507	1.6136443688877506e-07
102.35235235235236	0.18743066778915943	65072.32406290954	1.4674392693313205e-07
102.62762762762763	0.1878483099984283	65057.18260829282	1.3341910256968277e-07
102.90290290290291	0.18825176501178265	65042.04467263447	1.2127890078715282e-07
103.17817817817819	0.1886152477005197	65026.91025547594	1.1022280329741167e-07
103.45345345345346	0.18894305918908885	65011.77935633125	1.0015793602497701e-07
103.72872872872873	0.1892629405416427	64996.65197469268	9.099754901261552e-08
104.004004004004	0.18962717312545072	64981.52811003443	8.266004696471302e-08
104.27927927927928	0.19006037923585625	64966.40776180721	7.507046335672697e-08
104.55455455455456	0.19044367454169173	64951.29092941995	6.816515862066516e-08
104.82982982982983	0.19070644612359214	64936.17761225529	6.188764296062534e-08
105.10510510510511	0.19096146026918742	64921.06780969501	5.6181966639272457e-08
105.38038038038039	0.19125510112519398	64905.96152110828	5.0995832305929416e-08
105.65565565565566	0.1915126238648195	64890.85874583965	4.628360908278552e-08
105.93093093093094	0.19171473042346596	64875.759483218506	4.20038454274846e-08
106.2062062062062	0.19189900569911184	64860.66373256533	3.8117691219352934e-08
106.48148148148148	0.19212740875283255	64845.57149319315	3.458858092353849e-08
106.75675675675676	0.1924385582073231	64830.48276440516	3.138283643547063e-08
107.03203203203203	0.19269965054541988	64815.39754548406	2.847208842431582e-08
107.30730730730731	0.19281485230133838	64800.315835698675	2.5831521546413118e-08
107.58258258258259	0.19294008175670221	64785.237634434096	2.340462678194518e-08
107.85785785785787	0.1931554319545193	64770.16294083248	2.120224762777384e-08
108.13313313313314	0.19334293221683937	64755.09175414762	1.9204154501113765e-08
108.4084084084084	0.19351345634530925	64740.02407362762	1.7391761733012473e-08
108.68368368368368	0.1938176182059677	64724.959898521294	1.574687515506583e-08
108.95895895895896	0.19423524805931686	64709.89922806975	1.42534186524596e-08
109.23423423423424	0.19464429243473977	64694.84206352006	1.2928248042720325e-08
109.50950950950951	0.19500136950935099	64679.788402161445	1.1725010514785816e-08
109.78478478478479	0.1953037062665701	64664.73824115184	1.0606440132140952e-08
110.06006006006007	0.19558197740603228	64649.6915817875	9.594274897314679e-09
110.33533533533534	0.19581726051870044	64634.64842320274	8.702504165864942e-09
110.61061061061062	0.19587532529190135	64619.60876471501	7.894406010601704e-09
110.88588588588588	0.19583667621118994	64604.572605536596	7.162491000799519e-09
111.16116116116116	0.1960537148503066	64589.53994488168	6.4987658831683194e-09
111.43643643643644	0.19649055742723398	64574.51078196083	5.896321071720522e-09
111.71171171171171	0.19682900846572962	64559.48511597905	5.349875084050472e-09
111.98698698698699	0.19710152112937412	64544.46294614039	4.854462798826764e-09
112.26226226226227	0.19746494890168953	64529.44427164882	4.405189576617914e-09
112.53753753753755	0.19784066018565216	64514.429091706195	3.9978109872458475e-09
112.81281281281282	0.19812211055223022	64499.41740551251	3.628654301911972e-09
113.08808808808809	0.19831134863895042	64484.40921226697	3.2943257931833816e-09
113.36336336336336	0.19849043299300553	64469.404511168395	2.991583631517623e-09
113.63863863863864	0.19883081232650854	64454.40330141556	2.7172630140376644e-09
113.91391391391392	0.1992746765381623	64439.40558220594	2.468619534449959e-09
114.1891891891892	0.19955615864411128	64424.41135273514	2.243470540301122e-09
114.46446446446447	0.19970130227710048	64409.420612198526	2.039754179437504e-09
114.73973973973975	0.19988211693442617	64394.433359791685	1.855413796980801e-09
115.01501501501502	0.2000461209066279	64379.44959470949	1.688635152839415e-09
115.2902902902903	0.20013047557466693	64364.46931614626	1.5378136540694139e-09
115.56556556556556	0.20031854400796373	64349.492523296445	1.40136351677046e-09
115.84084084084084	0.2006872390746377	64334.519215354274	1.277824638114716e-09
116.11611611611612	0.20099959301179215	64319.54939151308	1.1660255531499393e-09
116.3913913913914	0.20115439557844247	64304.583050965855	1.064940181687024e-09
116.66666666666667	0.20126176679588534	64289.62019290571	9.735693087213275e-10
116.94194194194195	0.20141630009629963	64274.66081652578	8.909664137116999e-10
117.21721721721723	0.20166954699779444	64259.704921019096	8.162625941786743e-10
117.4924924924925	0.2019090591282433	64244.752505578406	7.487157867475075e-10
117.76776776776778	0.20201085138858302	64229.80356939627	6.876865525793993e-10
118.04304304304304	0.20212813133687388	64214.85811166542	6.325454175881443e-10
118.31831831831832	0.20240181790614448	64199.91613157871	5.826921360998171e-10
118.5935935935936	0.20275110118949696	64184.97762832888	5.376107783620005e-10
118.86886886886887	0.20303547696414773	64170.042601108515	4.968642449997992e-10
119.14414414414415	0.20309058071128216	64155.11104911014	4.6007977624436384e-10
119.41941941941943	0.20305185462446954	64140.182971526505	4.268876964826738e-10
119.6946946946947	0.20329147130604827	64125.25836755065	3.9689924525244073e-10
119.96996996996998	0.20370763028826075	64110.33723637559	3.6978729647487923e-10
120.24524524524524	0.20397997483126187	64095.41957719421	3.4529749591802727e-10
120.52052052052052	0.20412962811181154	64080.50538919951	3.231920152551847e-10
120.7957957957958	0.20428927514363904	64065.594671584695	3.0323982490515984e-10
121.07107107107107	0.20456636661308675	64050.6874235431	2.852235984135631e-10
121.34634634634635	0.20496354498210387	64035.783644268224	2.689494817295975e-10
121.62162162162163	0.2052989539122353	64020.883332953534	2.542565473567352e-10
121.8968968968969	0.2055313392504915	64005.986488792674	2.410000407403247e-10
122.17217217217218	0.20579608607553093	63991.09311097944	2.2903972083632782e-10
122.44744744744746	0.2060802738558464	63976.2031987078	2.1824987470785184e-10
122.72272272272272	0.20628000483004327	63961.3167511718	2.0852153850941793e-10
122.997997997998	0.20645693777829124	63946.43376756567	1.9975258378256097e-10
123.27327327327328	0.20671335399696744	63931.55424708384	1.9184684388383988e-10
123.54854854854855	0.20701773901898168	63916.678188920865	1.8471928289279984e-10
123.82382382382383	0.2073134128676857	63901.805592271456	1.7829507568243647e-10
124.0990990990991	0.20756633565337015	63886.93645633046	1.725073145221766e-10
124.37437437437438	0.20779156467680412	63872.07078029291	1.672947949139855e-10
124.64964964964966	0.20806294014399726	63857.208563354	1.6260047058574108e-10
124.92492492492492	0.2083172315329996	63842.34980470909	1.583742740571529e-10
125.2002002002002	0.20839893747266333	63827.49450355369	1.5457345240034297e-10
125.47547547547548	0.20847376270145768	63812.64265908348	1.5115599652225445e-10
125.75075075075075	0.208787990843184	63797.794270494436	1.48080684969988e-10
126.02602602602603	0.20907788394277446	63782.94933698257	1.4531456002949238e-10
126.30130130130131	0.20909814986533018	63768.10785774408	1.4283040152442871e-10
126.57657657657658	0.2091607271985221	63753.26983197535	1.4059964975914574e-10
126.85185185185186	0.20947763289202953	63738.43525887305	1.3859486292576998e-10
127.12712712712714	0.20989443708280364	63723.604137633956	1.367932301143081e-10
127.4024024024024	0.21028409579393018	63708.776467455	1.3517527643468996e-10
127.67767767767768	0.21059396056313162	63693.95224753328	1.3372364831060882e-10
127.95295295295296	0.21079495207390112	63679.13147706607	1.3242265350191184e-10
128.22822822822823	0.2108848334773478	63664.31415525084	1.3125793236244425e-10
128.5035035035035	0.2109513858428928	63649.50028128522	1.3021596055319206e-10
128.7787787787788	0.21109686145861534	63634.689854367105	1.292841157518917e-10
129.05405405405406	0.21133657050275176	63619.88287369453	1.284510856851556e-10
129.32932932932934	0.2116450740038171	63605.07933846571	1.2770687138219663e-10
129.60460460460462	0.21195299315827643	63590.27924787906	1.2704272505604603e-10
129.87987987987987	0.2122172128902509	63575.48260113313	1.2645085868362678e-10
130.15515515515517	0.21243898358052613	63560.689397426686	1.2592420244109603e-10
130.43043043043042	0.21262320884870306	63545.89963595864	1.2545633736024799e-10
130.70570570570572	0.21278135159265665	63531.11331592812	1.2504143185229645e-10
130.98098098098097	0.21297915726608793	63516.33043653448	1.2467411417406998e-10
131.25625625625628	0.21328230680345936	63501.55099697721	1.2434947960790538e-10
131.53153153153153	0.21361779344267137	63486.774996456	1.2406325196209892e-10
131.80680680680683	0.21388952808087072	63472.002434170696	1.238116913317701e-10
132.08208208208208	0.21405815395647934	63457.23330932134	1.2359143419513883e-10
132.35735735735736	0.21416394599542965	63442.46762110814	1.23399378960285e-10
132.63263263263264	0.21435983401194397	63427.70536873156	1.2323260704405994e-10
132.9079079079079	0.21465564871756476	63412.946551392204	1.2308851496819355e-10
133.1831831831832	0.2149129507464456	63398.191168290854	1.2296485702171363e-10
133.45845845845847	0.21514823716777187	63383.4392186285	1.2285959303541092e-10
133.73373373373374	0.21545286200560707	63368.69070160629	1.2277084758803214e-10
134.00900900900902	0.2157276459644267	63353.94561642557	1.2269697559905626e-10
134.2842842842843	0.21586736682140464	63339.20396228785	1.2263651558618915e-10
134.55955955955955	0.2160161635755394	63324.46573839486	1.2258810284225393e-10
134.83483483483485	0.21628295595917502	63309.73094394851	1.2255049599615233e-10
135.1101101101101	0.21658194935458994	63294.9995781509	1.2252260311054337e-10
135.3853853853854	0.21684623952070853	63280.27164020428	1.2250344960379417e-10
135.66066066066065	0.21706551188947532	63265.54712931112	1.224921549460702e-10
135.93593593593596	0.21722366529092585	63250.826044674024	1.224879229471573e-10
136.2112112112112	0.2173113782116549	63236.10838549581	1.224900326640732e-10
136.4864864864865	0.2174383092399289	63221.394150979504	1.224978361224225e-10
136.76176176176176	0.21771249093231526	63206.68334032833	1.2251076123250387e-10
137.03703703703704	0.21796375843405535	63191.97595274568	1.2252828859074387e-10
137.31231231231232	0.21807213745991216	63177.27198743508	1.2254993774849952e-10
137.5875875875876	0.21826635656998494	63162.571443600296	1.2257529667789408e-10
137.86286286286287	0.2186215265271045	63147.87432044531	1.226040088981042e-10
138.13813813813815	0.21888333422645231	63133.18061717422	1.2263572398611225e-10
138.41341341341342	0.21906228770498976	63118.49033299132	1.2267012510557553e-10
138.6886886886887	0.2194284450969522	63103.80346710114	1.227069690118514e-10
138.96396396396398	0.21988450161857856	63089.12001870838	1.2274602550656245e-10
139.23923923923923	0.22016487521130196	63074.439987017846	1.2278704184605498e-10
139.51451451451453	0.22038649776362026	63059.763371234585	1.2282980865050553e-10
139.78978978978978	0.22071702568916576	63045.09017056386	1.228741690249321e-10
140.06506506506508	0.22101298566856928	63030.42038421107	1.2291995545364395e-10
140.34034034034033	0.22117328676631187	63015.7540113818	1.2296699634080747e-10
140.61561561561564	0.2213146795704358	63001.091051281815	1.2301516007512269e-10
140.8908908908909	0.22151388282045656	62986.431503117106	1.2306434466912743e-10
141.1661661661662	0.2217642218732361	62971.77536609383	1.2311445786625066e-10
141.44144144144144	0.22203196753345109	62957.12263941835	1.2316541001293729e-10
141.71671671671672	0.22226543081842476	62942.47332229717	1.23217109360894e-10
141.991991991992	0.22240339412260002	62927.82741393698	1.232694596509408e-10
142.26726726726727	0.22242999486210024	62913.184913544654	1.2332237038057787e-10
142.54254254254255	0.22254548925564122	62898.54582032728	1.2337580547230635e-10
142.81781781781783	0.22288874755180887	62883.910133492165	1.234297650093813e-10
143.0930930930931	0.22329383893966329	62869.277852246785	1.234842116977372e-10
143.36836836836838	0.22359221634917964	62854.648975798744	1.2353907305816147e-10
143.64364364364366	0.2236945660151079	62840.02350335582	1.2359426284687578e-10
143.9189189189189	0.22372923501055908	62825.40143412599	1.2364973335336745e-10
144.1941941941942	0.2239847101508649	62810.782767317476	1.2370550970696913e-10
144.46946946946946	0.22435251789456256	62796.16750213869	1.2376158924769143e-10
144.74474474474476	0.22455589995506217	62781.55563779814	1.2381790409766227e-10
145.02002002002	0.22469002436339747	62766.94717350455	1.2387441583424438e-10
145.29529529529532	0.22491822583486465	62752.342108466844	1.239311289101275e-10
145.57057057057057	0.22520426320074827	62737.74044189415	1.2398803875130524e-10
145.84584584584587	0.22548791680420735	62723.14217299575	1.240451268841464e-10
146.12112112112112	0.22573933997902246	62708.54730098113	1.2410236960192902e-10
146.3963963963964	0.22591740081315803	62693.95582505991	1.2415973579645274e-10
146.67167167167167	0.22597460510826087	62679.3677444419	1.2421718620178242e-10
146.94694694694695	0.22601116872972588	62664.78305833714	1.2427470975003054e-10
147.22222222222223	0.2262004239489985	62650.201765955855	1.2433233824807882e-10
147.4974974974975	0.22646950688122716	62635.62386650845	1.2439008262458902e-10
147.77277277277278	0.22667476120268298	62621.0493592055	1.2444791804344153e-10
148.04804804804806	0.22682976241153624	62606.47824325774	1.2450582556720432e-10
148.32332332332334	0.2269757380215907	62591.9105178761	1.245637982086744e-10
148.59859859859858	0.22712343615552522	62577.34618227172	1.2462183231592494e-10
148.8738738738739	0.22729831340544107	62562.78523565591	1.2467993076543435e-10
149.14914914914914	0.22754974317946464	62548.22767724018	1.2473810803120476e-10
149.42442442442444	0.22785328255816242	62533.67350623622	1.2479637112149606e-10
149.6996996996997	0.22812863905114	62519.12272185589	1.2485470690181813e-10
149.974974974975	0.22840938546778086	62504.57532331121	1.2491311173885463e-10
150.25025025025025	0.22875848879704877	62490.031309814454	1.2497159755546517e-10
150.52552552552555	0.2290574265114037	62475.49068057799	1.2503014638895524e-10
150.8008008008008	0.22920191833708498	62460.953434814386	1.2508871710813216e-10
151.07607607607608	0.22931147045207	62446.41957173639	1.2514730185998943e-10
151.35135135135135	0.2294874459801809	62431.88909055701	1.252059180562336e-10
151.62662662662663	0.22972156065356608	62417.361990489364	1.2526457920839764e-10
151.9019019019019	0.22998888641450335	62402.838270746804	1.2532329134373442e-10
152.17717717717719	0.23026239635560827	62388.31793054284	1.253820533191606e-10
152.45245245245246	0.2305603742460595	62373.80096909117	1.25440868500642e-10
152.72772772772774	0.23091288747697436	62359.28738560567	1.2549974708916037e-10
153.00300300300302	0.23121846850789587	62344.77717930037	1.255586737851125e-10
153.2782782782783	0.23137815806453438	62330.270349389495	1.2561761124412713e-10
153.55355355355357	0.2315145731834757	62315.76689508745	1.2567655566445954e-10
153.82882882882885	0.23174236990541228	62301.26681560888	1.2573553114360714e-10
154.10410410410412	0.23203639126230705	62286.77011016856	1.2579455307859185e-10
154.37937937937937	0.23234895351809504	62272.27677798148	1.2585362373426831e-10
154.65465465465465	0.23262866689738462	62257.78681826279	1.2591273282457857e-10
154.92992992992993	0.23283806079959996	62243.30023022779	1.2597186225472588e-10
155.2052052052052	0.2329621947393198	62228.817013091975	1.260309923884642e-10
155.48048048048048	0.23307847354118588	62214.33716607107	1.2609012426669417e-10
155.75575575575576	0.23328132901898804	62199.860688380955	1.2614928135117908e-10
156.03103103103103	0.2335125785931501	62185.3875792377	1.2620847061444215e-10
156.3063063063063	0.23370996882691084	62170.917837857545	1.262676834148794e-10
156.5815815815816	0.2339343651702036	62156.45146345692	1.26326926575974e-10
156.85685685685687	0.2342206287548214	62141.98845525246	1.2638621445449197e-10
157.13213213213214	0.23452206406857806	62127.52881246095	1.2644554868144943e-10
157.40740740740742	0.23479966495988147	62113.072534299376	1.2650492142333472e-10
157.6826826826827	0.23503379861820461	62098.61961998488	1.2656432106017566e-10
157.95795795795797	0.23523827852758616	62084.170068734784	1.2662374056175907e-10
158.23323323323325	0.23544453814227895	62069.723879766614	1.2668318115235304e-10
158.50850850850853	0.2356613418962233	62055.28105229808	1.2674264600049006e-10
158.7837837837838	0.2358967966465929	62040.84158554707	1.2680213984098255e-10
159.05905905905905	0.2361892902011451	62026.40547873165	1.268616759640354e-10
159.33433433433433	0.23654492010512598	62011.972731070106	1.2692126759058364e-10
159.6096096096096	0.23688724489246274	61997.54334178085	1.269809083512992e-10
159.88488488488488	0.23718924222120497	61983.1173100825	1.2704058620453635e-10
160.16016016016016	0.23749962577385256	61968.69463519386	1.2710030197302428e-10
160.43543543543544	0.23782514114458955	61954.275316333886	1.271600579706938e-10
160.7107107107107	0.23813828488137695	61939.85935272173	1.272198497593165e-10
160.985985985986	0.2384428368318621	61925.44674357674	1.2727967429422942e-10
161.26126126126127	0.23875282120851585	61911.03748811843	1.2733953217595544e-10
161.53653653653654	0.23905568913296907	61896.631585566516	1.2739942098465667e-10
161.81181181181182	0.23934441461194214	61882.229035140874	1.2745933692819994e-10
162.0870870870871	0.23964701459902032	61867.82983606155	1.2751928322388498e-10
162.36236236236238	0.23993737074659607	61853.433987548815	1.275792565972846e-10
162.63763763763765	0.24009962790318476	61839.041488823066	1.2763922702614215e-10
162.91291291291293	0.24018881657191035	61824.65233910488	1.2769918083772934e-10
163.1881881881882	0.24041127578959304	61810.26653761509	1.277591542024164e-10
163.46346346346348	0.24066948874794852	61795.88408357467	1.2781915634664532e-10
163.73873873873873	0.24074275735709605	61781.504976204735	1.2787914389662525e-10
164.014014014014	0.24082000841917278	61767.129214726614	1.2793912257845738e-10
164.2892892892893	0.2411335505465956	61752.75679836188	1.279991516736273e-10
164.56456456456456	0.24154096464785701	61738.38772633226	1.280592504246282e-10
164.83983983983984	0.24187709489460849	61724.02199785961	1.2811939735229276e-10
165.11511511511512	0.24209611181006038	61709.65961216594	1.2817956278345691e-10
165.3903903903904	0.24224303618729645	61695.300568473496	1.282397309572618e-10
165.66566566566567	0.24244757283032775	61680.94486600472	1.282999181017318e-10
165.94094094094095	0.2426925307449872	61666.592503982196	1.2836013457856382e-10
166.21621621621622	0.24285827684322406	61652.24348162869	1.2842036177287618e-10
166.4914914914915	0.24293543607530713	61637.897798167156	1.2848058105656119e-10
166.76676676676678	0.24297528564325785	61623.55545282073	1.285407878610051e-10
167.04204204204206	0.2430635024025774	61609.21644481274	1.2860099802516836e-10
167.31731731731733	0.24325122842138888	61594.8807733667	1.286612374264953e-10
167.5925925925926	0.24347778366360207	61580.548437706326	1.2872151489370258e-10
167.8678678678679	0.243676476235237	61566.21943705547	1.2878182278316367e-10
168.14314314314316	0.24380239273683968	61551.893770638155	1.288421439351452e-10
168.4184184184184	0.24389515773235038	61537.57143767862	1.2890247235199598e-10
168.6936936936937	0.24405688587767935	61523.25243740127	1.2896282636883687e-10
168.96896896896897	0.24422654340148295	61508.9367690307	1.290232080826737e-10
169.24424424424424	0.2442827699033215	61494.624431791635	1.2908359127886902e-10
169.51951951951952	0.2443099221711994	61480.31542490904	1.291439722852412e-10
169.7947947947948	0.24442406047985515	61466.009747608055	1.292043746970196e-10
170.07007007007007	0.2446099982266433	61451.707399114	1.292648158780945e-10
170.34534534534535	0.24482986910697932	61437.40837865238	1.29325302431718e-10
170.62062062062063	0.24505398978777834	61423.112685448854	1.2938583333331615e-10
170.8958958958959	0.24527854092582244	61408.820318729275	1.2944640679013115e-10
171.17117117117118	0.24552590583276143	61394.531277719674	1.295070263815222e-10
171.44644644644646	0.245776026222008	61380.24556164628	1.2956769063472913e-10
171.72172172172174	0.2459904606212442	61365.963169735456	1.2962838937442513e-10
171.996996996997	0.24622943151053892	61351.684101213774	1.296891274978221e-10
172.2722722722723	0.246549358528873	61337.40835530802	1.2974992232951997e-10
172.54754754754757	0.24681013370224178	61323.13593124508	1.2981075687938547e-10
172.82282282282284	0.24691627940305513	61308.866828252045	1.2987159416294152e-10
173.0980980980981	0.2470007811930051	61294.6010455562	1.2993243214182148e-10
173.37337337337337	0.24714334193368276	61280.338582385004	1.2999328736248184e-10
173.64864864864865	0.24729994468300512	61266.079437966146	1.300541643165651e-10
173.92392392392392	0.24748319510701866	61251.82361152743	1.301150698719216e-10
174.1991991991992	0.24774745316445432	61237.57110229688	1.3017602258640126e-10
174.47447447447448	0.2479750191802958	61223.32190950271	1.302370117960439e-10
174.74974974974975	0.24801342665034606	61209.07603237319	1.3029799307629017e-10
175.02502502502503	0.24803517606989994	61194.83347013691	1.3035896682276185e-10
175.3003003003003	0.24821658567237004	61180.5942220226	1.304199738660573e-10
175.57557557557558	0.2484193685074946	61166.35828725917	1.3048101851798314e-10
175.85085085085086	0.24858643062408942	61152.125665075706	1.3054209148528814e-10
176.12612612612614	0.2489074227308138	61137.8963547015	1.3060322805843188e-10
176.40140140140142	0.24932123178571966	61123.67035536603	1.306644453454637e-10
176.6766766766767	0.24948876021225536	61109.447666298845	1.3072568073388336e-10
176.95195195195197	0.24946186537505258	61095.2282867297	1.3078689088538776e-10
177.22722722722725	0.2495282695103837	61081.01221588861	1.308481034493049e-10
177.50250250250252	0.2496757069395196	61066.799453005726	1.3090934001807353e-10
177.77777777777777	0.2498128822474797	61052.589997311414	1.3097059875245238e-10
178.05305305305305	0.25003621947149174	61038.38384803618	1.3103190009182925e-10
178.32832832832833	0.2503989310887011	61024.18100441078	1.3109327422541703e-10
178.6036036036036	0.25075281779593167	61009.98146566606	1.3115471387374574e-10
178.87887887887888	0.2509856175062268	60995.78523103306	1.312161869618717e-10
179.15415415415416	0.251081709252535	60981.59229974299	1.3127766165952798e-10
179.42942942942943	0.25117493630677307	60967.40267102724	1.3133914047088924e-10
179.7047047047047	0.25148361626549204	60953.216344117456	1.3140067541880838e-10
179.97997997998	0.2518942118620993	60939.033318245434	1.314622864340989e-10
180.25525525525526	0.25216643230021635	60924.85359264309	1.315239362919785e-10
180.53053053053054	0.2523033222049819	60910.67716654253	1.3158559290655262e-10
180.80580580580582	0.2523813712559553	60896.50403917602	1.31647245443455e-10
181.0810810810811	0.25246925949375015	60882.33420977605	1.3170889999853482e-10
181.35635635635637	0.25260972963185596	60868.16767757531	1.3177057167240719e-10
181.63163163163165	0.252802815276824	60854.00444180663	1.3183227377831294e-10
181.90690690690693	0.2530339720124024	60839.84450170305	1.318940147357662e-10
182.1821821821822	0.25327512629727755	60825.687856497774	1.319557955770541e-10
182.45745745745745	0.253467881406984	60811.53450542416	1.3201760394537864e-10
182.73273273273273	0.25355895794587346	60797.38444771574	1.320794168684205e-10
183.008008008008	0.2536521164625332	60783.23768260624	1.321412376781749e-10
183.28328328328328	0.2538709041370471	60769.0942093296	1.3220309734911806e-10
183.55855855855856	0.25418418317427177	60754.95402711994	1.322650160829439e-10
183.83383383383384	0.25452362606087464	60740.81713521151	1.3232699615342465e-10
184.1091091091091	0.254819309056849	60726.68353283877	1.3238902370271563e-10
184.3843843843844	0.2550844997041349	60712.55321923632	1.32451089538327e-10
184.65965965965967	0.2554294097623656	60698.426193638974	1.3251321051050087e-10
184.93493493493494	0.25576422606465654	60684.30245528172	1.325753811086064e-10
185.21021021021022	0.25587527498421825	60670.182003399656	1.3263754819951074e-10
185.4854854854855	0.25591389403524867	60656.0648372281	1.3269969927310555e-10
185.76076076076077	0.25613279749734863	60641.95095600261	1.3276188040332297e-10
186.03603603603605	0.2564016341926242	60627.84035895886	1.3282410267743685e-10
186.31131131131133	0.25657338916275735	60613.733045332745	1.3288634267790733e-10
186.5865865865866	0.25676010477067623	60599.62901436027	1.329486050885782e-10
186.86186186186188	0.2570233162393124	60585.528265277695	1.3301090789591847e-10
187.13713713713713	0.2572733567128681	60571.4307973214	1.330732467059962e-10
187.4124124124124	0.2574645311434392	60557.33660972797	1.331356073713177e-10
187.68768768768768	0.25761534087419935	60543.245701734144	1.3319798163013022e-10
187.96296296296296	0.2578107343975322	60529.15807257687	1.3326038133619282e-10
188.23823823823824	0.2581419411285663	60515.07372149329	1.3332283741157916e-10
188.51351351351352	0.25850052039202925	60500.99264772069	1.3338535263509756e-10
188.7887887887888	0.25875316135102056	60486.91485049651	1.3344789950397493e-10
189.06406406406407	0.2589377834950388	60472.84032905839	1.335104623853185e-10
189.33933933933935	0.25911545175579787	60458.76908264414	1.3357304125741856e-10
189.61461461461462	0.2593178084024465	60444.70111049176	1.336356432000156e-10
189.8898898898899	0.2595294683869841	60430.636411839434	1.336982709846547e-10
190.16516516516518	0.25968569593414087	60416.57498592549	1.337609125522327e-10
190.44044044044045	0.2597916880556	60402.51683198845	1.338235584885377e-10
190.71571571571573	0.25989498014173296	60388.461949267024	1.338862111741432e-10
190.990990990991	0.2599346201046991	60374.410337000074	1.339488590706985e-10
191.26626626626629	0.2598636156572678	60360.361994426625	1.3401148153933622e-10
191.54154154154156	0.25992347727416903	60346.31692078596	1.3407411447539305e-10
191.8168168168168	0.260249851075162	60332.275115317556	1.3413681974986724e-10
192.0920920920921	0.2605069206693022	60318.23657726097	1.3419957659678189e-10
192.36736736736736	0.2605501704852643	60304.20130585593	1.342623344818918e-10
192.64264264264264	0.2606359094094671	60290.1693003424	1.3432510632170705e-10
192.91791791791792	0.26082437688403864	60276.14055996052	1.3438791692164867e-10
193.1931931931932	0.260971167355414	60262.11508395057	1.3445075579858629e-10
193.46846846846847	0.26108692738045036	60248.092871553024	1.3451361612969843e-10
193.74374374374375	0.2612617219976232	60234.07392200855	1.3457651204217514e-10
194.01901901901903	0.26149201635536695	60220.05823455798	1.3463945514586892e-10
194.2942942942943	0.26173754831523577	60206.04580844233	1.347024466372666e-10
194.56956956956958	0.26194710258491544	60192.03664290277	1.3476547613364407e-10
194.84484484484486	0.26209655233137263	60178.030737180634	1.3482852914477867e-10
195.12012012012013	0.26221696248197085	60164.02809051745	1.348915998904759e-10
195.3953953953954	0.2623016065082297	60150.02870215494	1.3495468180474467e-10
195.6706706706707	0.2622985881693685	60136.03257133495	1.3501775756183188e-10
195.94594594594597	0.2622507388389713	60122.03969729954	1.3508082150836922e-10
196.22122122122124	0.26226205561925503	60108.05007929095	1.3514389187063377e-10
196.4964964964965	0.2623635834685617	60094.06371655164	1.3520699157381896e-10
196.77177177177177	0.26255139778939796	60080.0806083242	1.3527013986766526e-10
197.04704704704704	0.26281349501799417	60066.10075385143	1.353333509649535e-10
197.32232232232232	0.26310208484919884	60052.12415237628	1.3539662667077743e-10
197.5975975975976	0.2632901237708937	60038.150803141834	1.3545994024813845e-10
197.87287287287288	0.26336780108466434	60024.18070539137	1.355232660652306e-10
198.14814814814815	0.26350286914403703	60010.213858368385	1.35586619017392e-10
198.42342342342343	0.2636471339710059	59996.250261316505	1.35650001434753e-10
198.6986986986987	0.26358823061634573	59982.28991347952	1.357133680661383e-10
198.97397397397398	0.26353649213090485	59968.332814101435	1.3577672606742748e-10
199.24924924924926	0.2638295534229034	59954.3789624265	1.3584015693092884e-10
199.52452452452454	0.2642121433391249	59940.42835769909	1.3590367525682017e-10
199.7997997997998	0.26438937119245387	59926.4809991637	1.359672281746915e-10
200.0750750750751	0.264548515874812	59912.536886065	1.3603081102864126e-10
200.35035035035037	0.2648393570220868	59898.596017647906	1.3609445306416874e-10
200.62562562562564	0.2651756206366232	59884.6583931575	1.3615816070109e-10
200.90090090090092	0.2654769884996954	59870.72401183898	1.362219216909987e-10
201.17617617617617	0.2657032229169488	59856.79287293775	1.362857163621292e-10
201.45145145145145	0.2658816548842941	59842.86497569936	1.3634953356405212e-10
201.72672672672672	0.26607590505095197	59828.94031936959	1.3641337766288618e-10
202.002002002002	0.26628725265999753	59815.01890319438	1.3647725276661287e-10
202.27727727727728	0.2664994661724547	59801.10072641982	1.365411588716314e-10
202.55255255255256	0.266731304969336	59787.185788292205	1.3660510013453575e-10
202.82782782782783	0.2669642560579286	59773.27408805798	1.3666907608918296e-10
203.1031031031031	0.2670778777675754	59759.365624963764	1.367330596512216e-10
203.3783783783784	0.26707927999529707	59745.46039825634	1.3679702870308095e-10
203.65365365365366	0.26716230893295073	59731.5584071827	1.3686100681456213e-10
203.92892892892894	0.26734374091229474	59717.65965099004	1.3692501833514734e-10
204.20420420420422	0.26749662899408194	59703.76412892567	1.3698905648077617e-10
204.4794794794795	0.2676757191287302	59689.87184023712	1.3705312743022047e-10
204.75475475475477	0.2679790568315023	59675.98278417209	1.3711725827591095e-10
205.03003003003005	0.2682293819223658	59662.096959978444	1.3718143351396733e-10
205.30530530530532	0.2682882490791905	59648.21436690415	1.3724560898355504e-10
205.5805805805806	0.2683771162439981	59634.335004197426	1.3730979500083903e-10
205.85585585585588	0.2686152121556288	59620.4588711067	1.373740269371201e-10
206.13113113113113	0.2688392352417357	59606.58596688051	1.3743829965776172e-10
206.4064064064064	0.2690300951921204	59592.71629076761	1.3750260445606512e-10
206.68168168168168	0.2693332927616669	59578.849842016905	1.3756696583071228e-10
206.95695695695696	0.26967267035390946	59564.98661987751	1.3763138838272044e-10
207.23223223223223	0.26986119676934955	59551.12662359863	1.376958348866412e-10
207.5075075075075	0.2699702186599008	59537.26985242969	1.3776028854411637e-10
207.7827827827828	0.27014452989125165	59523.41630562028	1.3782476658393615e-10
208.05805805805807	0.2704185306287721	59509.565982420245	1.3788929163853407e-10
208.33333333333334	0.27075642746392153	59495.71888207953	1.3795387559159812e-10
208.60860860860862	0.27102854620956857	59481.87500384826	1.3801850028164232e-10
208.8838838838839	0.2712124140103205	59468.03434697671	1.3808314490827146e-10
209.15915915915917	0.2714353444142718	59454.19691071538	1.3814781929518353e-10
209.43443443443445	0.271702108828943	59440.362694314914	1.3821253306770666e-10
209.70970970970973	0.2719237402722759	59426.531697026134	1.3827727509387065e-10
209.984984984985	0.2721332280676837	59412.703918100044	1.3834204289937602e-10
210.26026026026028	0.2723922743860752	59398.87935678784	1.3840684786014005e-10
210.53553553553556	0.2726045372375231	59385.05801234085	1.3847167878342378e-10
210.8108108108108	0.272679588703528	59371.239884010545	1.3853650609374273e-10
211.08608608608608	0.2726710126666899	59357.424971048626	1.3860131572505773e-10
211.36136136136136	0.2726883022387552	59343.613272706956	1.3866611938658197e-10
211.63663663663664	0.27288402136690104	59329.804788237634	1.3873096072273374e-10
211.91191191191191	0.2732109794407777	59315.99951689292	1.3879586749997464e-10
212.1871871871872	0.27344008369664724	59302.19745792517	1.3886081380083447e-10
212.46246246246247	0.27360568797098217	59288.398610586926	1.3892578452518287e-10
212.73773773773775	0.2738620032730259	59274.60297413099	1.3899080022523373e-10
213.01301301301302	0.2740643916891679	59260.81054781023	1.3905584720843142e-10
213.2882882882883	0.27406309802063816	59247.02133087769	1.3912088080598977e-10
213.56356356356358	0.27408086650079966	59233.235322586625	1.3918591072169137e-10
213.83883883883885	0.27427176829314104	59219.452522190535	1.3925097909493266e-10
214.11411411411413	0.2744870648407162	59205.672928943015	1.3931609020279483e-10
214.3893893893894	0.27467301400729494	59191.896542097864	1.3938123603803925e-10
214.66466466466468	0.2749326711600545	59178.12336090906	1.3944643211474947e-10
214.93993993993996	0.2752456720344853	59164.35338463073	1.3951168750988733e-10
215.21521521521524	0.27550546261484715	59150.58661251718	1.39576986882814e-10
215.4904904904905	0.2757388195968438	59136.823043822864	1.396423226965366e-10
215.76576576576576	0.27600315010657395	59123.06267780245	1.3970770089187923e-10
216.04104104104104	0.2762077372504824	59109.30551371074	1.397731068823039e-10
216.31631631631632	0.2763066624773534	59095.55155080271	1.3983851796376785e-10
216.5915915915916	0.2764728426291151	59081.80078833354	1.3990395200083285e-10
216.86686686686687	0.27674029016829554	59068.05322555861	1.3996943196392783e-10
217.14214214214215	0.2768832565924475	59054.3088617334	1.4003492875922432e-10
217.41741741741743	0.2768786856397826	59040.56769611356	1.4010041203019493e-10
217.6926926926927	0.2769121116449769	59026.82972795496	1.401658956707702e-10
217.96796796796798	0.277095555627865	59013.09495651369	1.402314161532583e-10
218.24324324324326	0.2774606629186387	58999.363381045994	1.4029701213579907e-10
218.51851851851853	0.2778572392802282	58985.63500080826	1.4036268463623876e-10
218.7937937937938	0.2781351810341446	58971.90981505702	1.404284019283648e-10
219.0690690690691	0.2783537067927355	58958.187823048975	1.4049414924255969e-10
219.34434434434436	0.27858829717424805	58944.46902404105	1.405599300973566e-10
219.61961961961964	0.27886128128032767	58930.75341729031	1.4062575239542166e-10
219.89489489489492	0.27913374752745035	58917.041002054015	1.4069161457792405e-10
220.17017017017017	0.27931073613097973	58903.33177758954	1.4075749472278572e-10
220.44544544544544	0.2794275741243626	58889.625743154495	1.4082338141218324e-10
220.72072072072072	0.2795974606202233	58875.92289800663	1.4088928921740784e-10
220.995995995996	0.2797850245525105	58862.223241403895	1.409552231695437e-10
221.27127127127127	0.27992257151687316	58848.5267726044	1.4102117301035826e-10
221.54654654654655	0.2800878081698209	58834.833490866404	1.4108714662019525e-10
221.82182182182183	0.28030591908368485	58821.14339544842	1.4115315630141307e-10
222.0970970970971	0.28038541164401787	58807.456485609	1.4121917138500126e-10
222.37237237237238	0.2803115403268168	58793.77276060692	1.412851620045981e-10
222.64764764764766	0.2803646726925719	58780.09221970118	1.4135116273977145e-10
222.92292292292294	0.2805858557756178	58766.41486215098	1.4141721256212652e-10
223.1981981981982	0.28079184998810386	58752.74068721561	1.4148330580572298e-10
223.4734734734735	0.28094339661667356	58739.069694154576	1.4154942906185074e-10
223.74874874874877	0.28107996021113973	58725.40188222751	1.4161557918694857e-10
224.02402402402404	0.28120649714083107	58711.737250694256	1.416817545186975e-10
224.29929929929932	0.2813475859002682	58698.07579881482	1.4174795891896744e-10
224.5745745745746	0.2816230979265072	58684.41752584941	1.4181422161683088e-10
224.84984984984985	0.2820089915760165	58670.76243105841	1.418805628306523e-10
225.12512512512512	0.2821950729349117	58657.110513702275	1.4194693323534298e-10
225.4004004004004	0.2821839169168512	58643.461773041665	1.4201329051304102e-10
225.67567567567568	0.28233510009057267	58629.81620833749	1.4207967538105152e-10
225.95095095095095	0.2826270825727099	58616.173818850824	1.4214611859857663e-10
226.22622622622623	0.2828034678375144	58602.53460384284	1.4221259166227135e-10
226.5015015015015	0.282911017569227	58588.8985625749	1.4227907987299821e-10
226.77677677677679	0.28307798295276704	58575.265694308575	1.4234559807480976e-10
227.05205205205206	0.2832417578329147	58561.635998305595	1.4241214569372285e-10
227.32732732732734	0.28335127681077416	58548.009473827835	1.4247871124302915e-10
227.60260260260262	0.28348841491913374	58534.38612013737	1.4254530236322362e-10
227.8778778778779	0.2836623620306122	58520.765936496464	1.42611927674356e-10
228.15315315315317	0.28376416778390856	58507.14892216749	1.4267857123171816e-10
228.42842842842845	0.28384918821945576	58493.53507641304	1.427452310900192e-10
228.70370370370372	0.2840936887529427	58479.924398495896	1.42811943471803e-10
228.978978978979	0.2844168539457212	58466.316887679015	1.4287872246259755e-10
229.25425425425428	0.2846379034218366	58452.71254322547	1.429455414309839e-10
229.52952952952953	0.28476953775545916	58439.11136439849	1.4301237998014638e-10
229.8048048048048	0.2848760886027756	58425.51335046154	1.430792342210617e-10
230.08008008008008	0.28499405118512466	58411.9185006782	1.431461086193823e-10
230.35535535535536	0.2851391801453281	58398.32681431228	1.4321301044053533e-10
230.63063063063063	0.2853015496372252	58384.73829062774	1.4327994386543414e-10
230.9059059059059	0.285511630117562	58371.15292888872	1.4334691906632896e-10
231.1811811811812	0.2858348925831893	58357.57072835953	1.434139589190888e-10
231.45645645645646	0.28620607594839115	58343.99168830467	1.4348106926110943e-10
231.73173173173174	0.28650147885013355	58330.41580798873	1.4354822862134266e-10
232.00700700700702	0.2867856447353561	58316.84308667653	1.436154322000229e-10
232.2822822822823	0.2871362594162121	58303.27352363308	1.4368269246230733e-10
232.55755755755757	0.2874004851331331	58289.707118123486	1.4374998749840545e-10
232.83283283283285	0.28749964490145524	58276.14386941306	1.438172814944482e-10
233.10810810810813	0.28762904315788634	58262.583776767286	1.4388458517055547e-10
233.3833833833834	0.28786228283448506	58249.02683945184	1.4395192355905747e-10
233.65865865865868	0.2880697359574828	58235.473056732575	1.440192906670738e-10
233.93393393393396	0.28821055981207344	58221.92242787547	1.4408667258178178e-10
234.2092092092092	0.28833033171496103	58208.374952146696	1.441540669801013e-10
234.48448448448448	0.2884930636303492	58194.8306288126	1.4422148551719875e-10
234.75975975975976	0.28873991881803324	58181.289457139734	1.4428894708227515e-10
235.03503503503504	0.288966142001938	58167.75143639478	1.443564457008494e-10
235.3103103103103	0.2891161216626674	58154.216565844574	1.4442396433970195e-10
235.5855855855856	0.2893842860587855	58140.68484475617	1.4449152968314162e-10
235.86086086086087	0.28976015849893566	58127.156272396816	1.445591626078105e-10
236.13613613613614	0.28984474748264233	58113.630848033776	1.4462679623018553e-10
236.41141141141142	0.2896664594401344	58100.10857093455	1.4469437866012164e-10
236.6866866866867	0.28968731488175486	58086.58944036689	1.4476196329371108e-10
236.96196196196198	0.28996092190306266	58073.07345559875	1.4482960783894135e-10
237.23723723723725	0.2902923206789734	58059.560615898175	1.4489732079461753e-10
237.51251251251253	0.29060471299540763	58046.05092053341	1.4496509316733072e-10
237.7877877877878	0.29086480356424477	58032.54436877281	1.4503291007870727e-10
238.06306306306308	0.29103113756463	58019.04095988492	1.4510074983325843e-10
238.33833833833836	0.29111951140764664	58005.540693138464	1.4516859700817693e-10
238.61361361361364	0.2912636453703699	57992.04356780234	1.4523646666666877e-10
238.88888888888889	0.2914771573410821	57978.54958314567	1.453043747485984e-10
239.16416416416416	0.2916163076263937	57965.058738437634	1.4537230453127518e-10
239.43943943943944	0.2917139868727229	57951.57103294766	1.454402485236409e-10
239.71471471471472	0.2919182307188445	57938.08646594535	1.4550823166977705e-10
239.98998998999	0.2921403536548854	57924.60503670046	1.4557625674252122e-10
240.26526526526527	0.29223266792793734	57911.12674448288	1.456442948077457e-10
240.54054054054055	0.2922921078823961	57897.651588562694	1.4571234138635632e-10
240.81581581581582	0.29244456839032223	57884.17956821019	1.4578041931170394e-10
241.0910910910911	0.2927123589575648	57870.71068269582	1.4584855308258267e-10
241.36636636636638	0.29301707543662836	57857.244931290195	1.4591674726897963e-10
241.64164164164166	0.2931600578766576	57843.78231326406	1.4598496371505496e-10
241.91691691691693	0.29317591315050906	57830.32282788832	1.4605317674438182e-10
242.1921921921922	0.2933072965662969	57816.86647443409	1.461214155584154e-10
242.4674674674675	0.29352039079160175	57803.413252172686	1.4618969826576326e-10
242.74274274274276	0.2936441064022157	57789.96316037554	1.4625800429528756e-10
243.01801801801804	0.29368983141835847	57776.516198314246	1.4632631826294204e-10
243.29329329329332	0.29373319604714526	57763.072365260596	1.463946428773945e-10
243.56856856856857	0.29384509842350187	57749.63166048656	1.4646299550333313e-10
243.84384384384384	0.2940315459177414	57736.19408326427	1.465313924431919e-10
244.11911911911912	0.29417709191211744	57722.75963286602	1.4659982335479808e-10
244.3943943943944	0.29425447629006946	57709.328308564254	1.4666827351914778e-10
244.66966966966967	0.29435277466929566	57695.90010963162	1.467367490658338e-10
244.94494494494495	0.2944852174025938	57682.47503534093	1.4680525810299383e-10
245.22022022022023	0.2946161962676884	57669.053084965155	1.4687380010774444e-10
245.4954954954955	0.2948000078086121	57655.63425777744	1.4694238612543693e-10
245.77077077077078	0.2950956953832421	57642.21855305114	1.4701103820548315e-10
246.04604604604606	0.29541063269676343	57628.80597005973	1.4707975579774443e-10
246.32132132132134	0.29567048689959885	57615.39650807685	1.4714852269107085e-10
246.5965965965966	0.29594159332430414	57601.99016637631	1.472173388980206e-10
246.8718718718719	0.2962168005688013	57588.586944232105	1.4728620291208396e-10
247.14714714714717	0.2963594506644631	57575.18684091836	1.4735508455782801e-10
247.42242242242244	0.2964342793306786	57561.78985570936	1.4742397144742235e-10
247.69769769769772	0.29666826236731736	57548.39598787965	1.4749290081821004e-10
247.972972972973	0.29698403568037884	57535.00523670393	1.4756188849901662e-10
248.24824824824825	0.2971691934538046	57521.61760145698	1.4763090333256812e-10
248.52352352352352	0.2972239774642178	57508.23308141376	1.4769991846918598e-10
248.7987987987988	0.2972261383201038	57494.85167584944	1.477689271231799e-10
249.07407407407408	0.29727079021643066	57481.47338403935	1.4783794349921556e-10
249.34934934934935	0.29742790438138095	57468.09820525903	1.479069946345711e-10
249.62462462462463	0.2977109662497003	57454.726138784186	1.4797610673015047e-10
249.8998998998999	0.2980153425289378	57441.35718389067	1.480452803433681e-10
250.17517517517518	0.2981319360769775	57427.99133985444	1.4811447188300757e-10
250.45045045045046	0.29814068749169653	57414.628605951635	1.4818366055974678e-10
250.72572572572574	0.2982912196693474	57401.26898145867	1.4825288102526298e-10
251.00100100100101	0.29857923266570796	57387.91246565206	1.4832216229669017e-10
251.2762762762763	0.2988932634074858	57374.559057808496	1.4839150593659523e-10
251.55155155155157	0.29913045265660926	57361.20875720484	1.4846089163048004e-10
251.82682682682685	0.29925039087199357	57347.86156311807	1.4853029334652163e-10
252.10210210210212	0.29935059883378595	57334.51747482536	1.485997091458879e-10
252.3773773773774	0.29947987372265567	57321.17649160408	1.4866914762659802e-10
252.65265265265268	0.2995943208365645	57307.838612731735	1.487386069797891e-10
252.92792792792793	0.2997006877453766	57294.50383748603	1.4880808706769224e-10
253.2032032032032	0.2998470125718636	57281.17216514483	1.4887759787804768e-10
253.47847847847848	0.30000283517366144	57267.84359498617	1.4894714162733394e-10
253.75375375375376	0.3001180177456922	57254.51812628821	1.4901670968883765e-10
254.02902902902903	0.300258168035569	57241.19575832935	1.4908630841472033e-10
254.3043043043043	0.3004720248186293	57227.876490388124	1.4915595353286821e-10
254.5795795795796	0.3006527019202244	57214.56032174324	1.4922563614678286e-10
254.85485485485486	0.30074434121052196	57201.247251673536	1.4929533684626084e-10
255.13013013013014	0.3008277249109621	57187.937279458034	1.4936505586414077e-10
255.40540540540542	0.3009412528505244	57174.63040437596	1.4943480147347453e-10
255.6806806806807	0.30106291283040776	57161.32662570667	1.4950457618972815e-10
255.95595595595597	0.3011687966286546	57148.0259427297	1.4957437716259067e-10
256.2312312312313	0.3012456967657941	57134.72835472476	1.4964419916107844e-10
256.5065065065065	0.3013454035550454	57121.43386097171	1.4971404855668082e-10
256.7817817817818	0.301532588374923	57108.14246075062	1.4978394443593623e-10
257.0570570570571	0.30182275661402946	57094.85415334174	1.49853906514495e-10
257.3323323323324	0.30216071328721683	57081.56893802545	1.499239401861728e-10
257.60760760760763	0.3023667198348553	57068.286814082254	1.499940123582799e-10
257.8828828828829	0.3024536234351869	57055.00778079283	1.5006409720975292e-10
258.15815815815813	0.30269321883175765	57041.7318374381	1.501342295222464e-10
258.43343343343344	0.3030434854370017	57028.45898329913	1.5020443044420723e-10
258.70870870870874	0.3032302621740169	57015.1892176571	1.5027466070068662e-10
258.983983983984	0.3033273308895765	57001.922539793355	1.5034490193217563e-10
259.25925925925924	0.3035187774469638	56988.65894898947	1.5041517690703814e-10
259.53453453453454	0.3036615973746745	56975.39844452714	1.5048547527865476e-10
259.80980980980985	0.3036200741966591	56962.1410256882	1.505557597071989e-10
260.0850850850851	0.3035469691988241	56948.88669175469	1.5062603002086483e-10
260.36036036036035	0.3035483419451452	56935.63544200884	1.506963082970369e-10
260.63563563563565	0.30357401971862363	56922.387275733025	1.5076660305433959e-10
260.91091091091096	0.3036301635972212	56909.142192209816	1.508369229311546e-10
261.1861861861862	0.30378478558002725	56895.90019072195	1.509072896381271e-10
261.46146146146145	0.30398808370983743	56882.66127055234	1.5097771144646723e-10
261.73673673673676	0.304130492962843	56869.42543098398	1.5104817251067119e-10
262.01201201201206	0.30420130075552587	56856.1926713001	1.5111865693182182e-10
262.2872872872873	0.304246110837712	56842.96299078407	1.5118916057339483e-10
262.56256256256256	0.30437477691576803	56829.736388719444	1.5125970291062832e-10
262.8378378378378	0.3045916679182429	56816.51286438997	1.513303016419821e-10
263.1131131131131	0.3046613474602996	56803.292417079494	1.5140092264392913e-10
263.3883883883884	0.3046013504320117	56790.07504607202	1.5147154019397164e-10
263.66366366366367	0.30475921096877906	56776.86075065184	1.5154220502908047e-10
263.9389389389389	0.3050766607930273	56763.64953010336	1.5161294863764492e-10
264.2142142142142	0.305204633405138	56750.44138371108	1.5168372492387313e-10
264.48948948948953	0.305134086579874	56737.236310759654	1.5175449229277908e-10
264.7647647647648	0.3050236967611233	56724.03431053396	1.5182524819025423e-10
265.04004004004	0.3050397439271337	56710.835382319085	1.518960253093502e-10
265.31531531531533	0.30524406838088675	56697.63952540029	1.5196686481003147e-10
265.59059059059064	0.30542428903336366	56684.44673906295	1.5203775756784405e-10
265.8658658658659	0.30549427163329645	56671.25702259258	1.5210867764144856e-10
266.14114114114113	0.3056276682029639	56658.070375274896	1.5217963914534462e-10
266.41641641641644	0.30584974200297277	56644.88679639581	1.5225065953986136e-10
266.69169169169174	0.30603164800286287	56631.706285241344	1.5232172680778695e-10
266.966966966967	0.30616379664690546	56618.52884109771	1.523928285904262e-10
267.24224224224224	0.30631034915362054	56605.35446325128	1.5246396771786875e-10
267.5175175175175	0.3065287048017471	56592.18315098861	1.5253515867353647e-10
267.7927927927928	0.30682942225055826	56579.014903596435	1.5260641613085253e-10
268.0680680680681	0.30707808641205236	56565.84972036161	1.5267772450713548e-10
268.34334334334335	0.3072103063664392	56552.68760057116	1.527490568951276e-10
268.6186186186186	0.30735307300616094	56539.52854351229	1.5282041678213089e-10
268.8938938938939	0.30750831507808146	56526.37254847236	1.528918075752746e-10
269.1691691691692	0.3075210897202978	56513.219614738875	1.529631997286686e-10
269.44444444444446	0.30751060428091687	56500.06974159953	1.5303459281661082e-10
269.7197197197197	0.3077539605893007	56486.92292834227	1.5310604457308168e-10
269.994994994995	0.3081396453875601	56473.77917425515	1.5317758127086376e-10
270.2702702702703	0.3084348273781908	56460.63847862635	1.532491766945714e-10
270.54554554554556	0.3086422520526696	56447.500840744244	1.5332080888303073e-10
270.8208208208208	0.3088001957124612	56434.36625989731	1.5339246697874622e-10
271.0960960960961	0.3088813396494504	56421.23473537424	1.5346413593664222e-10
271.3713713713714	0.30888050749157586	56408.10626646385	1.5353580174538873e-10
271.6466466466467	0.30884175818578974	56394.98085245519	1.5360746158250625e-10
271.9219219219219	0.30884218508052175	56381.85849263744	1.5367912916272702e-10
272.19719719719717	0.3089718776393874	56368.739186299994	1.5375083515147764e-10
272.4724724724725	0.3091875733221164	56355.62293273242	1.5382259686143785e-10
272.7477477477478	0.3093801941821781	56342.50973122438	1.538944063346945e-10
273.02302302302303	0.3094939653971987	56329.3995810657	1.5396624505313675e-10
273.2982982982983	0.3095395814717421	56316.2924815464	1.540380993394814e-10
273.5735735735736	0.3096769596046613	56303.18843195667	1.5410999092241739e-10
273.8488488488489	0.3099705251624634	56290.087431586915	1.5418195196709092e-10
274.12412412412414	0.31025746473031274	56276.98947972764	1.542539760219616e-10
274.3993993993994	0.31046147646083827	56263.89457566951	1.5432604157313557e-10
274.6746746746747	0.3106324149810818	56250.80271870335	1.5439814057209925e-10
274.94994994995	0.31081841392760834	56237.71390812016	1.5447027617545945e-10
275.22522522522524	0.31104932049874007	56224.62814321116	1.545424573354319e-10
275.5005005005005	0.3112694378044112	56211.54542326766	1.5461468009394325e-10
275.7757757757758	0.31140786513972496	56198.46574758114	1.5468692623718963e-10
276.0510510510511	0.31147785030840763	56185.38911544326	1.5475918290053755e-10
276.32632632632635	0.31152851212828464	56172.315526145845	1.548314493051411e-10
276.6016016016016	0.31164234133261337	56159.24497898091	1.5490374202275791e-10
276.87687687687685	0.31184427564952005	56146.17747324065	1.549760804972345e-10
277.15215215215215	0.31207215436453045	56133.11300821738	1.5504846843582845e-10
277.42742742742746	0.31227446293692057	56120.051583203574	1.5512089826026935e-10
277.7027027027027	0.312419837439061	56106.99319749191	1.5519335691840502e-10
277.97797797797796	0.3125238248859699	56093.93785037517	1.5526583645698415e-10
278.25325325325326	0.31262410177663424	56080.885541146345	1.5533833791882296e-10
278.52852852852857	0.3127449618862584	56067.83626909859	1.5541086727417307e-10
278.8038038038038	0.3129017537287346	56054.790033525234	1.5548343285428234e-10
279.07907907907907	0.31309600355911305	56041.74683371977	1.5555604212911016e-10
279.35435435435437	0.3133076585035163	56028.70666897582	1.556286973233789e-10
279.6296296296297	0.31348420029462015	56015.6695385872	1.5570138938843038e-10
279.9049049049049	0.3135970188967679	56002.635441847866	1.5577410459567795e-10
280.1801801801802	0.31365281071177287	55989.604378051925	1.55846832567113e-10
280.4554554554555	0.3137308690527646	55976.57634649369	1.5591958094151412e-10
280.7307307307308	0.3139303266713223	55963.551346467655	1.5599237695490011e-10
281.00600600600603	0.31417071874714547	55950.52937726846	1.560652271890039e-10
281.2812812812813	0.31434394727717796	55937.51043819088	1.5613811474684615e-10
281.5565565565566	0.3145100683273552	55924.49452852986	1.5621103765917337e-10
281.83183183183183	0.3147383891023181	55911.48164758055	1.562840086843082e-10
282.10710710710714	0.3150307648118892	55898.47179463823	1.5635703914256206e-10
282.3823823823824	0.3153353477461945	55885.46496899837	1.5643012792727275e-10
282.6576576576577	0.31554447653846274	55872.46116995656	1.5650325166899935e-10
282.93293293293294	0.31561621917880567	55859.46039680853	1.565763816197452e-10
283.20820820820825	0.31557806910053704	55846.462648850174	1.5664949886777324e-10
283.4834834834835	0.31555818624816784	55833.46792537763	1.5672261387867913e-10
283.75875875875874	0.31569345326152426	55820.47622568717	1.5679576412897638e-10
284.03403403403405	0.3159231631038456	55807.48754907527	1.568689691134195e-10
284.3093093093093	0.3161482231438031	55794.501894838526	1.5694222491262288e-10
284.5845845845846	0.3163278324868631	55781.51926227367	1.5701551967548297e-10
284.85985985985985	0.3164677763368915	55768.53965067763	1.570888444521138e-10
285.13513513513516	0.3166321637841057	55755.563059347485	1.5716220491369182e-10
285.4104104104104	0.3168286897331125	55742.58948758049	1.5723560752136643e-10
285.6856856856857	0.3170038891296232	55729.61893467405	1.5730904669171053e-10
285.96096096096096	0.31712963105118835	55716.65139992573	1.5738251179462523e-10
286.23623623623627	0.3172014840018051	55703.68688263326	1.5745599280606805e-10
286.5115115115115	0.3172514157195722	55690.72538209452	1.5752948778847512e-10
286.7867867867868	0.31732655514075725	55677.76689760758	1.5760300488522763e-10
287.06206206206207	0.3174787124953426	55664.811428470704	1.5767656185139337e-10
287.3373373373374	0.3176952235460366	55651.8589739823	1.577501712653457e-10
287.6126126126126	0.31783110557898137	55638.909533440885	1.5782381375742163e-10
287.8878878878879	0.31787192359829053	55625.96310614516	1.5789746973806084e-10
288.1631631631632	0.3179788436377494	55613.01969139402	1.5797115593832685e-10
288.4384384384384	0.31814761680394116	55600.079288486544	1.5804488580963585e-10
288.71371371371373	0.3182538780887603	55587.14189672191	1.5811864501794447e-10
288.988988988989	0.3183222548395105	55574.20751539946	1.5819242640911975e-10
289.2642642642643	0.3184331560030293	55561.27614381876	1.582662405777933e-10
289.53953953953953	0.3185892324522307	55548.3477812795	1.583400971518637e-10
289.81481481481484	0.31876418641210863	55535.42242708156	1.5841399890920776e-10
290.0900900900901	0.3189145003558154	55522.50008052496	1.584879391812074e-10
290.3653653653654	0.31904850126176687	55509.58074090986	1.5856191399116796e-10
290.64064064064064	0.3192540382515713	55496.66440753663	1.5863593819831606e-10
290.91591591591595	0.31947882832146973	55483.75107970579	1.5871001365240858e-10
291.1911911911912	0.3195516422168962	55470.84075671797	1.5878410635250402e-10
291.4664664664665	0.3195544787794028	55457.93343787397	1.5885820424018464e-10
291.74174174174175	0.31968583259103683	55445.02912247484	1.5893233825292914e-10
292.01701701701705	0.319922755143599	55432.12780982177	1.5900653010398175e-10
292.2922922922923	0.3201722311732662	55419.22949921609	1.5908077904013204e-10
292.5675675675676	0.32037511308675615	55406.334189959256	1.5915507212531814e-10
292.84284284284286	0.3205270093833596	55393.44188135292	1.5922939738243495e-10
293.1181181181181	0.3207140212808172	55380.55257269889	1.593037624504495e-10
293.3933933933934	0.3209187602045932	55367.66626329916	1.593781702528429e-10
293.66866866866866	0.3210002834416829	55354.78295245579	1.5945259403135812e-10
293.94394394394396	0.32101143440600144	55341.90263947109	1.595270218734255e-10
294.2192192192192	0.32113028682853234	55329.02532364754	1.596014805641576e-10
294.4944944944945	0.32135066378099697	55316.151004287785	1.5967599173532787e-10
294.76976976976977	0.3215769524732331	55303.27968069463	1.5975055403636776e-10
295.0450450450451	0.3216947398725138	55290.41135217098	1.5982514256735944e-10
295.3203203203203	0.3216739326162116	55277.5460180199	1.5989972979357633e-10
295.5955955955956	0.32170280746386	55264.683677544665	1.5997433124575194e-10
295.8708708708709	0.3218756686913224	55251.824330048774	1.6004897978968009e-10
296.1461461461462	0.322100771605121	55238.9679748358	1.6012368448718205e-10
296.4214214214214	0.3223577478765804	55226.114611209545	1.6019844885385115e-10
296.69669669669673	0.3226892639751871	55213.26423847393	1.6027328473765143e-10
296.971971971972	0.3229724726732841	55200.41685593302	1.603481767705163e-10
297.2472472472473	0.323051243415069	55187.57246289099	1.60423079453064e-10
297.52252252252254	0.32310713417244935	55174.731058652265	1.604979915559582e-10
297.7977977977978	0.3233358412207289	55161.89264252142	1.605729526027389e-10
298.0730730730731	0.32361875640929827	55149.057213803244	1.6064797177258104e-10
298.34834834834834	0.32383915941075014	55136.22477180258	1.6072303271789378e-10
298.62362362362364	0.32399807774259237	55123.39531582446	1.6079812169291364e-10
298.8988988988989	0.3240988675182157	55110.56884517409	1.6087322765846861e-10
299.1741741741742	0.3241358881993376	55097.74535915682	1.6094834002280454e-10
299.44944944944945	0.32414315408809113	55084.92485707818	1.610234567848243e-10
299.72472472472475	0.324183144511673	55072.107338243855	1.610985891780256e-10
300.0	0.3243189368770764	55059.29280195976	1.6117375987079035e-10
