0.00184641381834764	8.372983986794956	5514.045189958883	5.620577381242939	0.009503754071047602
25.0	0.031707641196013284	33212.0	10.0
25.275275275275277	0.03228921038920707	33602.65724017587	9.51269349079084
25.55055055055055	0.03287845064627059	33977.10727943288	9.040887628608424
25.825825825825827	0.03346553477908407	34335.296053715516	8.58468081047918
26.1011011011011	0.03407556603207387	34677.529365285474	8.143804264947999
26.376376376376378	0.03471443569292014	35004.16357800769	7.7179367980423965
26.65165165165165	0.03535603434602948	35315.23575967639	7.3070821707619285
26.926926926926928	0.036014925017732964	35610.97320360058	6.911049883876271
27.2022022022022	0.036731384579510334	35892.00357091094	6.529240178563159
27.47747747747748	0.03743531858536461	36158.21214658465	6.161809364039632
27.75275275275275	0.038034517572568594	36408.7464913613	5.809667050552379
28.02802802802803	0.03862989382546619	36643.8507324073	5.472605860633299
28.303303303303302	0.03931805527743864	36864.55626790425	5.1496142000291885
28.57857857857858	0.04000116322890583	37071.023570224585	4.840566676885456
28.853853853853856	0.040628270469511764	37263.10337138945	4.545653623946811
29.12912912912913	0.04129074480226132	37441.36223209867	4.264335127266224
29.404404404404403	0.04199580280979703	37606.37125500921	3.9960651261235474
29.67967967967968	0.04265218458693101	37758.13820527644	3.7408710357907062
29.954954954954957	0.043271764528532486	37896.829280212296	3.4986185400912038
30.23023023023023	0.04392566092943141	38023.02967687448	3.2687452067683713
30.505505505505504	0.044598012313252465	38137.21374440021	3.050800185529465
30.78078078078078	0.04525128114972947	38239.680579299216	2.8445102414416317
31.056056056056057	0.045900644025921034	38330.82270107311	2.649505986209291
31.33133133133133	0.04655655013355162	38411.08160513661	2.465366994537714
31.606606606606608	0.047192939106196034	38480.80449564492	2.2917679071757866
31.88188188188188	0.04783898414940526	38540.454201331064	2.1282644206401424
32.15715715715716	0.04859534120171697	38590.78416905547	1.9741143617659396
32.432432432432435	0.04940792227961346	38632.297886979926	1.8288286811808494
32.70770770770771	0.05011241740159662	38665.03576842455	1.692389649482774
32.98298298298298	0.050738363825669035	38689.200703708084	1.5646135890386446
33.25825825825826	0.051385117847946964	38705.268262305515	1.4450379560790672
33.533533533533536	0.05200447412295852	38713.59285999574	1.3333226005727945
33.808808808808806	0.0525474147056631	38714.44615189181	1.229210901595708
34.08408408408408	0.05308656051431846	38708.25822964564	1.1322837963745755
34.35935935935936	0.05367611835055557	38695.53004876283	1.042048743398448
34.63463463463464	0.054304692443603496	38676.70307772675	0.9580725834158847
34.90990990990991	0.054965438287581124	38652.17682681953	0.8799638063745384
35.18518518518518	0.05565965147614447	38622.32583597296	0.8073553244026467
35.46046046046046	0.05635501350743486	38587.46347855444	0.7399414821392022
35.73573573573574	0.05700876022509373	38547.84896418691	0.6774710744393587
36.01101101101101	0.05764716426333105	38503.77066808637	0.6196624349990202
36.286286286286284	0.05829614236224547	38455.531997181075	0.5662177850476545
36.56156156156156	0.05888668702378038	38403.36622914242	0.5169101180002857
36.83683683683684	0.05938027943704971	38347.482894312736	0.47153604407927274
37.112112112112115	0.0598455706560772	38288.14666329011	0.4298353321139018
37.38738738738739	0.06034061166692454	38225.64628426645	0.3915224683423691
37.66266266266266	0.06089146850672152	38160.261107566104	0.3563207609428941
37.93793793793794	0.061502758045002034	38092.24628281734	0.3239774745443994
38.213213213213216	0.062159927782974585	38021.82615505864	0.29427063550622745
38.488488488488485	0.06281725848305252	37949.18747762549	0.2670160418635113
38.76376376376376	0.06343298846581653	37874.49152962104	0.2420549952079755
39.03903903903904	0.06405022771188107	37797.90985072052	0.21921789360566235
39.314314314314316	0.06469119404365278	37719.61012865975	0.1983386090518852
39.58958958958959	0.06526147754801981	37639.7217145027	0.17928969687670648
39.86486486486486	0.06576072561693604	37558.37221418183	0.16194514849289485
40.14014014014014	0.06635959439703965	37475.724081481945	0.146143044910595
40.41541541541542	0.06706038575814165	37391.921242972116	0.13173994456271573
40.690690690690694	0.06770016801941374	37307.06175196011	0.11863884541142027
40.965965965965964	0.06826396269681269	37221.23879433928	0.10674745198895652
41.24124124124124	0.06883018545512526	37134.554735819125	0.09596385008485518
41.51651651651652	0.06947779187562918	37047.11453066908	0.08618321003647819
41.791791791791795	0.07022061525882387	36959.01324863092	0.0773105113435866
42.06706706706707	0.07085687454000318	36870.31406427486	0.06928303582776656
42.34234234234234	0.07129831791355519	36781.07153107699	0.0620466964541099
42.61761761761762	0.07176639452319271	36691.36109091726	0.05552593929203777
42.892892892892895	0.07238151020370767	36601.25994754257	0.04964321060818144
43.168168168168165	0.07309554172002522	36510.83161170881	0.04433472730870301
43.44344344344344	0.07382453673454446	36420.12712556028	0.03954926376766544
43.71871871871872	0.07448324949355659	36329.18876667677	0.035244404326331864
43.993993993993996	0.07512167122631648	36238.05930892507	0.0313771138886147
44.26926926926927	0.07581976835752699	36146.781745313325	0.02790401946415958
44.54454454454455	0.07652218749651536	36055.39243419242	0.024788405466066112
44.81981981981982	0.07717529729333508	35963.922868063484	0.021998425969016903
45.0950950950951	0.07781898140217654	35872.40367541823	0.01950303288706726
45.37037037037037	0.07846315156922565	35780.863146913485	0.017273482661468602
45.645645645645644	0.0790561212668913	35689.325823917454	0.015284783245786273
45.92092092092092	0.0796413977626196	35597.815340250054	0.013512803432398647
46.1961961961962	0.0803340713551879	35506.3552236079	0.011933457187227985
46.471471471471475	0.08103810920777332	35414.96446127399	0.010527230263254965
46.74674674674675	0.08158631837002654	35323.65784478229	0.009278840598079416
47.02202202202202	0.08209001044637936	35232.450990438934	0.008172124743717715
47.2972972972973	0.08269399588561938	35141.359698183966	0.007190690038271013
47.572572572572575	0.08334895989290503	35050.397207467984	0.006320715279793474
47.847847847847845	0.08399961044612801	34959.57473578072	0.005550407902389614
48.12312312312312	0.08464982906495772	34868.90238934739	0.004869079766501757
48.3983983983984	0.0852758746082271	34778.389061466434	0.004267253928126765
48.673673673673676	0.08582396822883766	34688.04246846493	0.00373665715950074
48.94894894894895	0.08636107115731056	34597.86995372856	0.003269316762116634
49.22422422422423	0.08701170976595433	34507.87859227197	0.002857546990577351
49.4994994994995	0.08769318982988376	34418.07412403042	0.002495005957333451
49.77477477477478	0.08827098325264321	34328.461136719954	0.00217651254145439
50.05005005005005	0.08876356731191114	34239.04387170736	0.001897226891670449
50.32532532532532	0.08924092379017738	34149.82631815129	0.001652555263632404
50.6006006006006	0.0898013586297843	34060.8121772907	0.0014381871525740145
50.87587587587588	0.09044504435245429	33972.00458584113	0.0012503783965562793
51.151151151151154	0.09103512107107088	33883.405971098175	0.0010861005696842765
51.42642642642643	0.09158658585102487	33795.01848585749	0.0009425989546065078
51.70170170170171	0.0922363930564595	33706.84416523062	0.0008172332284101456
51.97697697697698	0.0929286683519406	33618.884630054265	0.0007077804952030089
52.252252252252255	0.0935336083872531	33531.1411113754	0.0006124113894687661
52.527527527527525	0.09408915858060866	33443.61470076908	0.0005294356489627649
52.8028028028028	0.09465408103181229	33356.30635179143	0.0004573010676844363
53.07807807807808	0.09518903601280526	33269.21680831121	0.00039466697152354917
53.353353353353356	0.09571752799549359	33182.34667515626	0.00034033267660772356
53.62862862862863	0.09639847978329662	33095.69648501998	0.00029316956864876764
53.90390390390391	0.09717982493493245	33009.26658456554	0.000252237542378563
54.17917917917918	0.09778745201076462	32923.05710329884	0.0002168173408655354
54.454454454454456	0.09822809497121106	32837.06811600278	0.0001862453753938149
54.729729729729726	0.09868423005771111	32751.299682568842	0.00015987316885566677
55.005005005005	0.09919916967797748	32665.751786541394	0.00013711811497620945
55.28028028028028	0.09975815074276015	32580.424330823036	0.00011749904114326876
55.55555555555556	0.10034612025490167	32495.317152337673	0.00010059458644627778
55.830830830830834	0.10092817165906888	32410.43002921018	8.60438211677406e-05
56.10610610610611	0.10142788440974171	32325.762686812992	7.354021645984441e-05
56.38138138138139	0.101870832472752	32241.31481919108	6.280993684173632e-05
56.65665665665666	0.10241687972800477	32157.086101282854	5.359947345133987e-05
56.931931931931935	0.10304318534633519	32073.07617011379	4.569482935088314e-05
57.20720720720721	0.10358596068213297	31989.28462362742	3.892275597747459e-05
57.48248248248248	0.10405061856592658	31905.71104111451	3.313002695730733e-05
57.75775775775776	0.10452692953565978	31822.354988440402	2.8178157501386536e-05
58.033033033033036	0.10508285668201188	31739.216016180984	2.394532234101679e-05
58.30830830830831	0.10572947486695193	31656.29365855879	2.0327440277717394e-05
58.58358358358358	0.10633843483149072	31573.587432197844	1.723934309892236e-05
58.85885885885886	0.10683245821559012	31491.096842162402	1.4608569226654715e-05
59.134134134134136	0.10726211629388689	31408.821387364464	1.2370373791464468e-05
59.40940940940941	0.10771784756745718	31326.76056186458	1.0467115959182298e-05
59.68468468468468	0.10830545714755377	31244.913854380688	8.848098942640472e-06
59.95995995995996	0.10897960355534506	31163.28074647719	7.471219894823914e-06
60.23523523523524	0.10960616237298608	31081.86071335345	6.302048627756886e-06
60.510510510510514	0.11010216894011121	31000.653226318096	5.311372083650629e-06
60.78578578578579	0.11045548883467902	30919.65775441405	4.4736388805910505e-06
61.06106106106106	0.11083390609676358	30838.873766112072	3.765526290045509e-06
61.33633633633634	0.11134799114255683	30758.300728500755	3.1667039266458607e-06
61.611611611611615	0.1119060098636791	30677.93811057746	2.660665026351438e-06
61.88688688688689	0.11247579417720766	30597.785382214446	2.233507683025984e-06
62.16216216216216	0.11312601746043593	30517.842006933548	1.873029545057e-06
62.43743743743744	0.11380022019188092	30438.107447654602	1.5690828503452936e-06
62.712712712712715	0.11435386940868435	30358.58116693478	1.3133313217051393e-06
62.98798798798799	0.11477455136793198	30279.262627644737	1.0985547367501752e-06
63.26326326326326	0.11512349152754515	30200.15129319699	9.184134597605384e-07
63.53853853853854	0.11550038566715305	30121.246627619075	7.673724554724238e-07
63.813813813813816	0.11598130536804098	30042.548095552185	6.407022203501778e-07
64.0890890890891	0.11655026947648234	29964.05516225076	5.344785512786847e-07
64.36436436436436	0.11712304817472208	29885.76729368094	4.4548021485627675e-07
64.63963963963964	0.1175420434697757	29807.683956632103	3.7107270378592086e-07
64.91491491491492	0.11789717652097215	29729.80461897814	3.089367971230314e-07
65.1901901901902	0.1184895092281137	29652.128749758696	2.5698224936898684e-07
65.46546546546547	0.11921340466680919	29574.655818991985	2.1353825458765024e-07
65.74074074074073	0.11977839157207926	29497.385297726563	1.7729779700709057e-07
66.01601601601601	0.12028463031100713	29420.316658242424	1.471076592583628e-07
66.29129129129129	0.12088522290410482	29343.44937405595	1.2196025553271746e-07
66.56656656656656	0.12143222729230072	29266.782919869747	1.0104219281270364e-07
66.84184184184184	0.12184418199477891	29190.31677162689	8.367530751391646e-08
67.11711711711712	0.12229361055247849	29114.05040656062	6.926228144118536e-08
67.3923923923924	0.12284660608979606	29037.98330317794	5.7300159197516646e-08
67.66766766766767	0.1234088773473702	28962.114941256266	4.738043133734835e-08
67.94294294294295	0.12396202447548248	28886.444801865935	3.916249415010681e-08
68.21821821821823	0.12453492996591838	28810.972367380593	3.2359572784071694e-08
68.4934934934935	0.12502719171177026	28735.697121475754	2.6736653992949386e-08
68.76876876876878	0.12534201906159584	28660.61854913669	2.209886357069424e-08
69.04404404404404	0.12565459950494537	28585.736136670588	1.827569482056104e-08
69.31931931931932	0.12611960984873075	28511.049371701894	1.5122239243554786e-08
69.5945945945946	0.12665845040412696	28436.557743166162	1.2521838131054465e-08
69.86986986986987	0.1271948141166641	28362.260741313046	1.0379501023815705e-08
70.14514514514515	0.12770902842751838	28288.157857708207	8.616450582032251e-09
70.42042042042041	0.12816557774395282	28214.248585232475	7.1674420221537894e-09
70.69569569569569	0.12852000621554108	28140.532418080733	5.9783839714603265e-09
70.97097097097097	0.12882912773471708	28067.008851761217	5.003618442593398e-09
71.24624624624624	0.12919485346536058	27993.67738309329	4.204710371185257e-09
71.52152152152152	0.12964646410636854	27920.537510204416	3.550031703134769e-09
71.7967967967968	0.1301596101513939	27847.588732527587	3.0138148479106243e-09
72.07207207207207	0.1306201323532028	27774.830550798662	2.5752639063831092e-09
72.34734734734735	0.13097144909391506	27702.262467054356	2.2172448798343e-09
72.62262262262263	0.1312978809745399	27629.883984629872	1.925302128575061e-09
72.8978978978979	0.13167006792021949	27557.694608155794	1.6874082628858065e-09
73.17317317317318	0.13212000059697052	27485.6938435549	1.493688855663782e-09
73.44844844844846	0.1326135086605328	27413.881198039013	1.3361301634260714e-09
73.72372372372374	0.13308107783150375	27342.256180105953	1.2082309322954712e-09
73.998998998999	0.13352661536905788	27270.818299536608	1.1046277004215906e-09
74.27427427427428	0.13398067499065588	27199.5670673918	1.020888494947859e-09
74.54954954954955	0.13445149765334127	27128.501996009047	9.533768610090333e-10
74.82482482482483	0.13492111886701866	27057.622598999355	8.991226919062076e-10
75.1001001001001	0.1353242796337304	26986.928391243935	8.557107083866292e-10
75.37537537537537	0.13564801416060263	26916.418888891032	8.21153915740178e-10
75.65065065065065	0.13596198736375717	26846.093609352843	7.93804241996429e-10
75.92592592592592	0.13630239591954482	26775.95207130219	7.723119100159431e-10
76.2012012012012	0.13667117312080332	26705.9937946692	7.555798415621742e-10
76.47647647647648	0.1370790841753734	26636.218300638175	7.42715716378886e-10
76.75175175175175	0.13753202109320484	26566.625111644244	7.329947841486443e-10
77.02702702702703	0.13798252099243258	26497.21375137012	7.258311277822003e-10
77.30230230230231	0.13838960395186198	26427.98374474286	7.207485079926172e-10
77.57757757757759	0.13878304959220433	26358.93461793073	7.17356979667504e-10
77.85285285285286	0.13919999503650562	26290.065898339948	7.153386676351996e-10
78.12812812812814	0.13966568758044695	26221.377114611492	7.14435770059917e-10
78.40340340340342	0.14016233096656253	26152.8677966178	7.144398124808118e-10
78.67867867867868	0.14063037396279926	26084.53747545955	7.151816201991818e-10
78.95395395395396	0.1410597695029707	26016.385683462486	7.165233853230691e-10
79.22922922922923	0.14146440719294692	25948.411954174255	7.183531564694599e-10
79.50450450450451	0.14178481924090122	25880.61582236116	7.205792656132355e-10
79.77977977977977	0.14199140153237078	25812.996824004986	7.231266048490752e-10
80.05505505505505	0.14228268620813234	25745.554496300076	7.259375803530952e-10
80.33033033033033	0.14276277518128533	25678.2883776501	7.289681972829242e-10
80.6056056056056	0.14320783720025068	25611.198007664487	7.321790820796393e-10
80.88088088088088	0.14353480198778065	25544.282927155466	7.355365838697142e-10
81.15615615615616	0.14390331282799934	25477.542678135178	7.390168158048804e-10
81.43143143143143	0.14433423271424853	25410.976803812402	7.426011113086525e-10
81.70670670670671	0.14472827537192026	25344.584848589282	7.462722709098156e-10
81.98198198198199	0.14508032677729776	25278.366358058327	7.50016306753434e-10
82.25725725725727	0.14543468881518642	25212.320878999322	7.53823002660241e-10
82.53253253253254	0.1458309736397901	25146.447959376284	7.576851238447697e-10
82.80780780780782	0.14628640982675575	25080.747148334296	7.615973228214178e-10
83.0830830830831	0.14675984088566646	25015.21799619636	7.655543507294161e-10
83.35835835835836	0.14722582710084595	24949.860054460354	7.695513957084806e-10
83.63363363363364	0.14770235424549058	24884.672875796008	7.735850578374652e-10
83.90890890890891	0.14820157887857946	24819.65601404182	7.776529344990758e-10
84.18418418418419	0.14872112669452445	24754.809024202008	7.817530652018303e-10
84.45945945945945	0.1492109608410924	24690.131462443405	7.858826553433563e-10
84.73473473473473	0.14960628693060055	24625.622886092373	7.900378694532685e-10
85.01001001001	0.1499386850210261	24561.282853631932	7.942164545786558e-10
85.28528528528528	0.15026755614809917	24497.11092469873	7.984181284649215e-10
85.56056056056056	0.1506178802399813	24433.106660080022	8.026433205612892e-10
85.83583583583584	0.1509764510110825	24369.269621710595	8.068920641647666e-10
86.11111111111111	0.15126847552568787	24305.59937266973	8.111625117967985e-10
86.38638638638639	0.15151585319542255	24242.09547717827	8.154537718300295e-10
86.66166166166167	0.15186469360631152	24178.757500595864	8.197688888835649e-10
86.93693693693695	0.15230151657590832	24115.58500941772	8.241099686189091e-10
87.21221221221222	0.15269235300739226	24052.57757127153	8.28475271396678e-10
87.4874874874875	0.1530101187141407	23989.73475491467	8.328627415347922e-10
87.76276276276278	0.15329347099246426	23927.056130231264	8.372717686618955e-10
88.03803803803804	0.15363629010730775	23864.54126822937	8.417043244218262e-10
88.31331331331332	0.15409866092434377	23802.189741037957	8.461635612070706e-10
88.58858858858859	0.1546091332022547	23740.001121903846	8.506501452319447e-10
88.86386386386387	0.15508821447974866	23677.974985188754	8.55162554427544e-10
89.13913913913915	0.15548046304284352	23616.110906366423	8.596981593386167e-10
89.41441441441442	0.15578357470413234	23554.408462019775	8.642548465962859e-10
89.68968968968969	0.15604519344232223	23492.867229838088	8.688322238990026e-10
89.96496496496496	0.15630958424470276	23431.48678861408	8.73431173054688e-10
90.24024024024024	0.1566145105923047	23370.266718241055	8.780534150063858e-10
90.51551551551552	0.15697916426314315	23309.206599709967	8.827008455923134e-10
90.7907907907908	0.15739836810579386	23248.306015106544	8.873748525878615e-10
91.06606606606607	0.1578076637860105	23187.56454760834	8.920748403819523e-10
91.34134134134135	0.15816744789896606	23126.98178148193	8.967993082936371e-10
91.61661661661662	0.15851186152211608	23066.557302080113	9.015480170918919e-10
91.8918918918919	0.15885119886857862	23006.290695839107	9.063210831323857e-10
92.16716716716716	0.1591616428835099	22946.181550275644	9.111179839235703e-10
92.44244244244244	0.15950179548372045	22886.22945398424	9.159399208421867e-10
92.71771771771772	0.15996111066963367	22826.433996634463	9.207902936237627e-10
92.992992992993	0.1603777799817947	22766.794768967746	9.256674050011439e-10
93.26826826826827	0.16056073493337442	22707.311362794535	9.305647424186733e-10
93.54354354354355	0.16069357319097954	22647.983370992053	9.354822364668984e-10
93.81881881881883	0.1609547230464412	22588.810387501493	9.404247504006098e-10
94.0940940940941	0.16125626355042763	22529.792007324853	9.453937128844795e-10
94.36936936936937	0.16153173662422282	22470.927826522216	9.503884406167102e-10
94.64464464464464	0.16180821998681982	22412.21744220909	9.554091772724526e-10
94.91991991991992	0.1620880650610085	22353.66045255364	9.604562094616552e-10
95.1951951951952	0.16234961724221467	22295.25645677389	9.655291882180524e-10
95.47047047047047	0.16263561524399575	22237.005055135072	9.706290662881213e-10
95.74574574574575	0.16301043986495334	22178.905848946943	9.75758429800684e-10
96.02102102102103	0.16344988037766395	22120.9584405609	9.809186554804419e-10
96.2962962962963	0.16390333803339155	22063.16243336724	9.861094241409114e-10
96.57157157157158	0.16433375961660646	22005.517431792436	9.913294693181848e-10
96.84684684684684	0.16471997821852052	21948.023041296485	9.965772336558171e-10
97.12212212212212	0.16506601315282332	21890.678868370233	1.0018516492471427e-09
97.3973973973974	0.1653852731309741	21833.484520532686	1.0071522985362207e-09
97.67267267267268	0.16569742204554336	21776.43960632834	1.0124794510676915e-09
97.94794794794795	0.1660035914864739	21719.54373532448	1.0178333812141752e-09
98.22322322322323	0.16629863107957935	21662.796518108502	1.023214186331506e-09
98.4984984984985	0.16662920172429818	21606.197566285307	1.0286233231541303e-09
98.77377377377378	0.16701853520914367	21549.74649247464	1.0340626326027763e-09
99.04904904904905	0.16730313170583722	21493.4429103081	1.0395288271938801e-09
99.32432432432432	0.16742322346233468	21437.286434426685	1.045017639487781e-09
99.5995995995996	0.16767273965106547	21381.27668047873	1.0505343809031615e-09
99.87487487487488	0.16813277531925191	21325.413265116906	1.0560855962488247e-09
100.15015015015015	0.16851969552508278	21269.695805995045	1.0616680525159862e-09
100.42542542542543	0.168818797640043	21214.12392176593	1.0672788420073455e-09
100.70070070070071	0.16924619542839467	21158.697232079077	1.0729221499983948e-09
100.97597597597598	0.1697077869057216	21103.4153575776	1.078598460065102e-09
101.25125125125126	0.16999932310275154	21048.277919895467	1.0843020953180942e-09
101.52652652652652	0.170247781407114	20993.284541655437	1.0900324933825474e-09
101.8018018018018	0.17060930936016766	20938.43484646651	1.0957939353974541e-09
102.07707707707708	0.17100384896147744	20883.728458920985	1.1015873610998778e-09
102.35235235235236	0.17134360889171832	20829.16500459188	1.1074108859239106e-09
102.62762762762763	0.1716077323047268	20774.744110030464	1.1132624597938959e-09
102.90290290290291	0.17182623261061397	20720.4654027638	1.1191414452988989e-09
103.17817817817819	0.1720726385942059	20666.328511292228	1.1250496230897348e-09
103.45345345345346	0.17236102618189852	20612.333065086787	1.13098883341555e-09
103.72872872872873	0.17266305995070202	20558.47869458657	1.1369596653852249e-09
104.004004004004	0.17294737709697847	20504.76503119619	1.1429616469370437e-09
104.27927927927928	0.1731962786256959	20451.191707283295	1.1489939055588109e-09
104.55455455455456	0.17344783338031172	20397.75835617612	1.1550569851441476e-09
104.82982982982983	0.17374253757079433	20344.464612161017	1.161152601763306e-09
105.10510510510511	0.1740945673492594	20291.310110479877	1.1672825597719866e-09
105.38038038038039	0.17443643566287798	20238.294487327523	1.1734461775052986e-09
105.65565565565566	0.17460770424299826	20185.41737984901	1.1796379323536156e-09
105.93093093093094	0.17467776975701008	20132.67842613758	1.1858557967544011e-09
106.2062062062062	0.1748873226605854	20080.07726523249	1.1921058549714517e-09
106.48148148148148	0.17523119397981923	20027.61353711608	1.198392663570381e-09
106.75675675675676	0.1755876144089822	19975.28688271114	1.2047158904950066e-09
107.03203203203203	0.17590004995832825	19923.096943878532	1.2110735170164048e-09
107.30730730730731	0.1761503091933909	19871.043363414818	1.2174634519709875e-09
107.58258258258259	0.17637165823049902	19819.125785049913	1.223885202130085e-09
107.85785785785787	0.17662457737741324	19767.343853444705	1.230340383458573e-09
108.13313313313314	0.17699323323586053	19715.697214188647	1.2368330080334736e-09
108.4084084084084	0.17738630705102773	19664.18551379703	1.243363224555863e-09
108.68368368368368	0.17755949400527363	19612.808399708243	1.2499232133465333e-09
108.95895895895896	0.17764570518641273	19561.5655202821	1.2565113802654023e-09
109.23423423423424	0.17795759577098125	19510.45652479775	1.263136824451475e-09
109.50950950950951	0.178378713201531	19459.481063450494	1.2698027130819101e-09
109.78478478478479	0.17868364080053187	19408.638787349155	1.2765040490971226e-09
110.06006006006007	0.1788601229800288	19357.92934851411	1.2832366501911471e-09
110.33533533533534	0.17899516252975728	19307.35239987507	1.2900002614494705e-09
110.61061061061062	0.1792789690723622	19256.907595268953	1.2968010965703783e-09
110.88588588588588	0.17970881616079376	19206.594589437118	1.3036438586225529e-09
111.16116116116116	0.1800281657881949	19156.4130380225	1.3105235352357027e-09
111.43643643643644	0.18017738949712922	19106.362597567644	1.3174343314380931e-09
111.71171171171171	0.18026926090654052	19056.44292551268	1.3243756964527211e-09
111.98698698698699	0.18042729446609246	19006.653680193027	1.3313514568853747e-09
112.26226226226227	0.18072748031112737	18956.994520836943	1.338367176580716e-09
112.53753753753755	0.18101354527500943	18907.46510756274	1.3454217777837182e-09
112.81281281281282	0.18117037649057333	18858.065101376527	1.3525105163553253e-09
113.08808808808809	0.18136989072495271	18808.794164170464	1.3596357756627325e-09
113.36336336336336	0.18169942308253667	18759.651958720304	1.3668024550431746e-09
113.63863863863864	0.18203612750313508	18710.638148682632	1.3740100500583749e-09
113.91391391391392	0.18229325446437397	18661.752398592645	1.3812551906786768e-09
114.1891891891892	0.18245105621729057	18612.994373861988	1.388534668231578e-09
114.46446446446447	0.18262424759960294	18564.363740776753	1.3958501343059983e-09
114.73973973973975	0.1829604151042527	18515.860166495248	1.4032081187123952e-09
115.01501501501502	0.18332568776095884	18467.483319045157	1.4106088768811289e-09
115.2902902902903	0.1835723460529408	18419.232867321214	1.4180473861077008e-09
115.56556556556556	0.18385625768591746	18371.10848108358	1.4255254676468168e-09
115.84084084084084	0.1842696611056029	18323.10983095547	1.4330478690103075e-09
116.11611611611612	0.1846510666205988	18275.236588420317	1.4406124199294362e-09
116.3913913913914	0.18493365117620075	18227.488425819767	1.4482151144567374e-09
116.66666666666667	0.18519877441529636	18179.865016351727	1.4558559253365204e-09
116.94194194194195	0.1854541818684703	18132.366034067985	1.4635351632224695e-09
117.21721721721723	0.1856556249337912	18084.991153871848	1.4712514946752377e-09
117.4924924924925	0.18584158904923714	18037.740051516124	1.4790053701058073e-09
117.76776776776778	0.18607949625133693	17990.612403600953	1.486799660040429e-09
118.04304304304304	0.18639338788261534	17943.607887571492	1.4946374753108083e-09
118.31831831831832	0.18675655506526725	17896.726181715607	1.5025202325275555e-09
118.5935935935936	0.1870451649057216	17849.966965161457	1.5104444495986313e-09
118.86886886886887	0.1871889262346225	17803.329917875384	1.5184049275053933e-09
119.14414414414415	0.18722624352644676	17756.814720659993	1.5263992279444534e-09
119.41941941941943	0.18728497871614347	17710.421055152157	1.5344303607264277e-09
119.6946946946947	0.1875406585252114	17664.14860382099	1.542507280023002e-09
119.96996996996998	0.1878882035430395	17617.997049965008	1.5506328159900604e-09
120.24524524524524	0.18811863878055832	17571.966077709694	1.5588012011871707e-09
120.52052052052052	0.18835535117001811	17526.05537200612	1.5670128687308143e-09
120.7957957957958	0.188748069605403	17480.264618628877	1.575273955910547e-09
121.07107107107107	0.18916142538676872	17434.593504173234	1.5835839282716904e-09
121.34634634634635	0.1894607189349483	17389.041716052987	1.5919372368127142e-09
121.62162162162163	0.18962230887429013	17343.6089424986	1.6003288521569976e-09
121.8968968968969	0.18967777648953693	17298.29487255517	1.608756273389694e-09
122.17217217217218	0.18970993167553285	17253.099196080453	1.6172208980618443e-09
122.44744744744746	0.18982087557652608	17208.021603742796	1.6257278282200506e-09
122.72272272272272	0.19010193875705514	17163.06178701898	1.6342845600853031e-09
122.997997997998	0.1904822674383715	17118.21943819172	1.6428939915892343e-09
123.27327327327328	0.19084134663015886	17073.494250347423	1.6515535775328964e-09
123.54854854854855	0.1911455762472983	17028.88591737432	1.660260134788155e-09
123.82382382382383	0.19140845495791078	16984.394133960446	1.6690118814221233e-09
124.0990990990991	0.19170036048473574	16940.018595591748	1.6778103731132878e-09
124.37437437437438	0.1919829833422936	16895.758998549692	1.686655291483555e-09
124.64964964964966	0.19206568209588074	16851.615039908807	1.695538736895607e-09
124.92492492492492	0.19206705338619795	16807.58641753538	1.7044596619066007e-09
125.2002002002002	0.1923431984438054	16763.67283008604	1.7134318672179693e-09
125.47547547547548	0.19278833528557796	16719.87397700448	1.7224614217232223e-09
125.75075075075075	0.19310282328262593	16676.189558518916	1.7315406107923545e-09
126.02602602602603	0.19332309274138626	16632.619275640867	1.7406652409663705e-09
126.30130130130131	0.1935651661609592	16589.162830163365	1.7498370510584489e-09
126.57657657657658	0.1938520695669756	16545.81992465863	1.7590583612152024e-09
126.85185185185186	0.1941887870180604	16502.590262476024	1.7683311791105481e-09
127.12712712712714	0.19457846676809223	16459.47354773999	1.7776572049373974e-09
127.4024024024024	0.19500067196721935	16416.46948534799	1.7870369183534103e-09
127.67767767767768	0.1954088086292868	16373.57778096836	1.7964687823876236e-09
127.95295295295296	0.19575224164813185	16330.798141038355	1.8059495810109143e-09
128.22822822822823	0.19599659096153493	16288.130272762115	1.8154755308088052e-09
128.5035035035035	0.19622937703719104	16245.57388410905	1.8250476108182147e-09
128.7787787787788	0.1965356729318442	16203.1286838118	1.8346702483755775e-09
129.05405405405406	0.19679787100918172	16160.794381363683	1.8443417535420176e-09
129.32932932932934	0.19694405301712722	16118.570687016856	1.8540578390739678e-09
129.60460460460462	0.19711327979268614	16076.457311780912	1.8638213909027763e-09
129.87987987987987	0.19737485203233968	16034.453967420697	1.873637622791295e-09
130.15515515515517	0.1976668367047396	15992.560366453972	1.883507779672355e-09
130.43043043043042	0.1979915090611163	15950.776222149645	1.8934329605497754e-09
130.70570570570572	0.198394900374046	15909.1012485259	1.9034160786613686e-09
130.98098098098097	0.19875890842687327	15867.535160347823	1.9134541694130537e-09
131.25625625625628	0.19893115257850394	15826.077673125257	1.923538377784036e-09
131.53153153153153	0.1990139886683952	15784.728503111684	1.9336667519741193e-09
131.80680680680683	0.19912839310269548	15743.487367302272	1.9438432878941505e-09
132.08208208208208	0.19922574165740264	15702.353983431498	1.954068827388079e-09
132.35735735735736	0.1993028117364879	15661.328069971303	1.9643439094390182e-09
132.63263263263264	0.19947818647103902	15620.409346129554	1.974674349068922e-09
132.9079079079079	0.19970948015314333	15579.59753184765	1.9850626106670203e-09
133.1831831831832	0.1997966428357607	15538.89234779811	1.99550149287034e-09
133.45845845845847	0.19981454418439507	15498.293515383473	2.005989151809341e-09
133.73373373373374	0.19997439459430646	15457.800756734865	2.0165339850730547e-09
134.00900900900902	0.20019200368670712	15417.413794709142	2.027138407017624e-09
134.2842842842843	0.20032985666017622	15377.132352886856	2.0377979169964774e-09
134.55955955955955	0.2004785310465925	15336.95615557106	2.0485134787779095e-09
134.83483483483485	0.20070796878352953	15296.884927785344	2.0592891548678652e-09
135.1101101101101	0.20093483451997549	15256.918395271512	2.0701241228244847e-09
135.3853853853854	0.2011027737745108	15217.056284487733	2.081015202305806e-09
135.66066066066065	0.2012196067065991	15177.298322606941	2.0919604914327755e-09
135.93593593593596	0.20135106483386328	15137.644237515062	2.1029617837554016e-09
136.2112112112112	0.2015880609562225	15098.09375780932	2.1140248241302188e-09
136.4864864864865	0.20187401951674813	15058.64661279585	2.125151229773708e-09
136.76176176176176	0.2021110091975362	15019.302532487767	2.1363375691744297e-09
137.03703703703704	0.20234725506929283	14980.061247603708	2.1475837306364448e-09
137.31231231231232	0.20262410955733057	14940.922489566043	2.158891725075239e-09
137.5875875875876	0.2028515312240523	14901.885990498577	2.1702587327098336e-09
137.86286286286287	0.2030026404350769	14862.951483224911	2.1816814445768847e-09
138.13813813813815	0.20318257742650503	14824.118701267062	2.1931626665156133e-09
138.41341341341342	0.2033826563569121	14785.387378843277	2.204704115022569e-09
138.6886886886887	0.20348509934952766	14746.757250865816	2.216301300171761e-09
138.96396396396398	0.2035474468720547	14708.22805293975	2.227953853213392e-09
139.23923923923923	0.20370990304712244	14669.799521361427	2.2396685815535513e-09
139.51451451451453	0.20394645889199778	14631.471393116091	2.2514492772024874e-09
139.78978978978978	0.2041958255490737	14593.243405876015	2.263295736891434e-09
140.06506506506508	0.20448685305332528	14555.115297998918	2.2752093693439353e-09
140.34034034034033	0.20482035708332252	14517.086808526188	2.2871913500068506e-09
140.61561561561564	0.2051036649411723	14479.157677180681	2.2992379129647762e-09
140.8908908908909	0.20530234771630942	14441.327644365192	2.3113446258212405e-09
141.1661661661662	0.2054672468324971	14403.596451160927	2.3235109364904567e-09
141.44144144144144	0.20564465716928537	14365.963839325783	2.3357389108192727e-09
141.71671671671672	0.2058660360849167	14328.429551292473	2.348031778962894e-09
141.991991991992	0.2061062082569524	14290.99333016659	2.3603906901761824e-09
142.26726726726727	0.20632893457101037	14253.65491972481	2.372814687528383e-09
142.54254254254255	0.20656387320962857	14216.414064413353	2.3853047200709117e-09
142.81781781781783	0.2068212534552475	14179.270509346192	2.397862116517485e-09
143.0930930930931	0.20701810372251747	14142.224000302951	2.4104835573242807e-09
143.36836836836838	0.20716533769405093	14105.274283727505	2.423167284074375e-09
143.64364364364366	0.2074275155556914	14068.421106726819	2.435920872919909e-09
143.9189189189189	0.20771832421048178	14031.664217068295	2.4487453424502783e-09
144.1941941941942	0.20774772086047016	13995.003363177255	2.461625946630768e-09
144.46946946946946	0.20768732466626919	13958.438294136999	2.4745612416732424e-09
144.74474474474476	0.20789598029379916	13921.968759687717	2.4875696950198444e-09
145.02002002002	0.20825028134688583	13885.594510223053	2.500658194270163e-09
145.29529529529532	0.2085157759891349	13849.3152967879	2.513819067582369e-09
145.57057057057057	0.2086442693864083	13813.130871077448	2.5270441752806166e-09
145.84584584584587	0.20870269736745484	13777.040985435871	2.540331357157296e-09
146.12112112112112	0.20889870729710847	13741.045392855234	2.553690622424889e-09
146.3963963963964	0.20921394272070956	13705.143846972882	2.5671283590974344e-09
146.67167167167167	0.20937100715418658	13669.336102068803	2.580633843781632e-09
146.94694694694695	0.2094153711506721	13633.621913065135	2.594201906351257e-09
147.22222222222223	0.20959411434375932	13598.001035525333	2.607842784500095e-09
147.4974974974975	0.20984517610398185	13562.473225651258	2.621560533048267e-09
147.77277277277278	0.2100184106013646	13527.038240281172	2.635349685992897e-09
148.04804804804806	0.21016878254200802	13491.695836888863	2.6492095042295792e-09
148.32332332332334	0.21037053485192644	13456.445773582096	2.6631438075734324e-09
148.59859859859858	0.21061683191137892	13421.287809100608	2.6771550926988187e-09
148.8738738738739	0.2108616980260284	13386.221702814299	2.691242633116286e-09
149.14914914914914	0.21102646812422016	13351.24721472148	2.705401446243576e-09
149.42442442442444	0.21116171148477889	13316.364105447708	2.719630959586169e-09
149.6996996996997	0.2114133714091197	13281.57213624459	2.7339394021108164e-09
149.974974974975	0.2117114156666977	13246.87106898722	2.7483287533252207e-09
150.25025025025025	0.21189842228434136	13212.260666172235	2.762791279564059e-09
150.52552552552555	0.21199377809040545	13177.74069091684	2.777322621614114e-09
150.8008008008008	0.21207881629020975	13143.310906957537	2.791924547715359e-09
151.07607607607608	0.21224523824703603	13108.971078648474	2.8066039188465226e-09
151.35135135135135	0.212532412552888	13074.720970959701	2.8213681936762902e-09
151.62662662662663	0.21288225821898055	13040.560349475085	2.8362194118446376e-09
151.9019019019019	0.2132501375119717	13006.488980390779	2.85115648295166e-09
152.17717717717719	0.21361457922303964	12972.50663051372	2.8661774430273643e-09
152.45245245245246	0.21391467619137214	12938.613067259861	2.881277283164031e-09
152.72772772772774	0.2140827215306631	12904.808058652527	2.8964483553394196e-09
153.00300300300302	0.21419408247778318	12871.091373321467	2.911689861801587e-09
153.2782782782783	0.21434691628227298	12837.462780501384	2.9270073744230752e-09
153.55355355355357	0.21449728258523174	12803.92205002972	2.9424023026581966e-09
153.82882882882885	0.2146202489387889	12770.468952345162	2.9578742223630904e-09
154.10410410410412	0.21480924936202742	12737.103258486597	2.9734287760082717e-09
154.37937937937937	0.21504910137013622	12703.824740091084	2.9890692119117756e-09
154.65465465465465	0.21516547169855785	12670.63316939154	3.0047870158036345e-09
154.92992992992993	0.21520332136154613	12637.528319216186	3.0205789920726294e-09
155.2052052052052	0.21537608772466044	12604.509962987757	3.0364565066774753e-09
155.48048048048048	0.21564899584483388	12571.577874720824	3.052425677036354e-09
155.75575575575576	0.21587891633625436	12538.731829019767	3.068481879712561e-09
156.03103103103103	0.21604206747601326	12505.971601077737	3.084620379790365e-09
156.3063063063063	0.21616900142006729	12473.296966675394	3.1008398593404153e-09
156.5815815815816	0.21633863517969976	12440.70770217961	3.117144612565933e-09
156.85685685685687	0.21658715878581478	12408.20358454171	3.133540224959524e-09
157.13213213213214	0.21686469406951436	12375.784391295576	3.1500275929604984e-09
157.40740740740742	0.21716301912632524	12343.449900556296	3.1666069637303585e-09
157.6826826826827	0.21751573671460003	12311.199891018867	3.1832808779238726e-09
157.95795795795797	0.21782775528203638	12279.03414195603	3.2000450008619987e-09
158.23323323323325	0.21796287418678587	12246.952433216566	3.2168872868370046e-09
158.50850850850853	0.21806495675038373	12214.95454522515	3.2338088070149636e-09
158.7837837837838	0.21830086538559323	12183.040258980978	3.250821638915575e-09
159.05905905905905	0.2185198273562945	12151.209356054702	3.267924432085693e-09
159.33433433433433	0.21861525805253482	12119.46161858715	3.2851091357358297e-09
159.6096096096096	0.21872816917619176	12087.796829289051	3.3023796678019784e-09
159.88488488488488	0.21893146950111658	12056.214771439232	3.3197439425150324e-09
160.16016016016016	0.21917136523597675	12024.715228882495	3.3372040968743724e-09
160.43543543543544	0.21945515304760166	11993.297986028441	3.354762317429559e-09
160.7107107107107	0.2198271577933847	11961.962827850195	3.3724233920681747e-09
160.985985985986	0.22017270451631998	11930.70953988211	3.3901829524785264e-09
161.26126126126127	0.22035506781745973	11899.53790821817	3.408028497580803e-09
161.53653653653654	0.22050343177218587	11868.4477195119	3.4259602436546426e-09
161.81181181181182	0.22073123428575042	11837.438760974845	3.4439864346634597e-09
162.0870870870871	0.2209018801736622	11806.510820373798	3.4621034751814224e-09
162.36236236236238	0.22098687207916182	11775.663686029913	3.480306906207839e-09
162.63763763763765	0.2211904732678526	11744.897146818474	3.4986081883518424e-09
162.91291291291293	0.2214863597645706	11714.21099216627	3.517013788534961e-09
163.1881881881882	0.22162593914636378	11683.605012048938	3.535510660557023e-09
163.46346346346348	0.221684363980821	11653.07899699125	3.5540950272820536e-09
163.73873873873873	0.22189090352457302	11622.632738066506	3.5727809008475417e-09
164.014014014014	0.22216537133751027	11592.26602689347	3.5915726237855204e-09
164.2892892892893	0.22236924505854283	11561.978655634603	3.610463355567031e-09
164.56456456456456	0.22256045032199634	11531.7704169957	3.6294526116744335e-09
164.83983983983984	0.22279851066845563	11501.6411042245	3.6485445778919977e-09
165.11511511511512	0.22305988358118314	11471.590511108814	3.6677406596719592e-09
165.3903903903904	0.22328712810359155	11441.618431974897	3.6870377588555357e-09
165.66566566566567	0.22340277130412575	11411.724661685961	3.706428048069885e-09
165.94094094094095	0.22347027647864479	11381.908995641526	3.725910830060761e-09
166.21621621621622	0.22363421361418578	11352.171229776495	3.745496602609234e-09
166.4914914914915	0.22382288969645275	11322.511160558557	3.7651875891412125e-09
166.76676676676678	0.22391358726351934	11292.928584986468	3.78497622798007e-09
167.04204204204206	0.22400769290297554	11263.423300589962	3.804864998050107e-09
167.31731731731733	0.2242069797096181	11233.995105428361	3.824863602841325e-09
167.5925925925926	0.22445730055371832	11204.643798088306	3.8449749657104695e-09
167.8678678678679	0.22470201171758933	11175.369177682347	3.865196977009313e-09
168.14314314314316	0.2249191397027894	11146.171043847788	3.885526609244496e-09
168.4184184184184	0.22510527544756131	11117.04919674541	3.905961612479589e-09
168.6936936936937	0.22527649459150184	11088.003437058196	3.926501805255747e-09
168.96896896896897	0.2254963858694633	11059.03356599029	3.947152211869145e-09
169.24424424424424	0.22582770887032047	11030.139385265624	3.967921523330844e-09
169.51951951951952	0.22617476468427256	11001.320697125602	3.988808523694274e-09
169.7947947947948	0.22644342946711818	10972.577304327757	4.009805058856906e-09
170.07007007007007	0.226723464427952	10943.90901014551	4.030912683341179e-09
170.34534534534535	0.22705876647764092	10915.31561836655	4.052136186978053e-09
170.62062062062063	0.22733757274105226	10886.79693329053	4.0734701582612096e-09
170.8958958958959	0.22755072865196388	10858.352759728361	4.094910201732264e-09
171.17117117117118	0.2278181630886792	10829.982903001679	4.116463085041946e-09
171.44644644644646	0.22809318016106336	10801.687168940467	4.138129969903423e-09
171.72172172172174	0.22823310685328038	10773.465363881149	4.159900204550614e-09
171.996996996997	0.22831765851841163	10745.317294666609	4.181772945162392e-09
172.2722722722723	0.22848260189918365	10717.242768645277	4.2037589165219046e-09
172.54754754754757	0.22868501857458143	10689.241593668678	4.2258623211516006e-09
172.82282282282284	0.22887835354571573	10661.31357809005	4.248082446763467e-09
173.0980980980981	0.22911794695071716	10633.458530763746	4.270423591350893e-09
173.37337337337337	0.2294274785028413	10605.676261043676	4.292890968729142e-09
173.64864864864865	0.22976215116803925	10577.96657878158	4.3154846963317285e-09
173.92392392392392	0.23006786203300694	10550.329294325657	4.338200493952353e-09
174.1991991991992	0.23029073248732487	10522.764218519249	4.361030974257416e-09
174.47447447447448	0.2304124042575994	10495.271162699808	4.383969547648293e-09
174.74974974974975	0.23045204498213395	10467.849938697804	4.407013361962375e-09
175.02502502502503	0.23052316270777592	10440.500358836112	4.430170288132604e-09
175.3003003003003	0.23070579883173756	10413.222235928512	4.453452937724131e-09
175.57557557557558	0.2308840876213918	10386.015383277074	4.476860361332451e-09
175.85085085085086	0.23098876600615315	10358.879614671192	4.500386061688876e-09
176.12612612612614	0.23110062831754588	10331.814744387328	4.524032704522209e-09
176.40140140140142	0.23124563494105752	10304.820587187376	4.5478046321376346e-09
176.6766766766767	0.23137708577044383	10277.896958316891	4.571700979805154e-09
176.95195195195197	0.2315268650059597	10251.043673504368	4.595724160499473e-09
177.22722722722725	0.23176701708252032	10224.260548960248	4.619882490638732e-09
177.50250250250252	0.2320557314473361	10197.547401374908	4.644178308175014e-09
177.77777777777777	0.23231696859651274	10170.904047917138	4.668606659246861e-09
178.05305305305305	0.2325281087819085	10144.330306233227	4.693162241288707e-09
178.32832832832833	0.23270325018131588	10117.825994446022	4.7178428086366e-09
178.6036036036036	0.23290886287667556	10091.39093115404	4.7426530216434e-09
178.87887887887888	0.23314634374688578	10065.02493542977	4.767596483155087e-09
179.15415415415416	0.23332544896868168	10038.727826817772	4.792667660076646e-09
179.42942942942943	0.23350125432004773	10012.49942533448	4.8178679428255215e-09
179.7047047047047	0.233833519809512	9986.33955146775	4.843213282732348e-09
179.97997997998	0.23425642749373546	9960.248026173998	4.868708987023148e-09
180.25525525525526	0.23461401236494156	9934.22467087629	4.894344486203692e-09
180.53053053053054	0.23489983026996386	9908.269307464228	4.920112016424734e-09
180.80580580580582	0.2351357602788883	9882.381758292897	4.9460084173609216e-09
181.0810810810811	0.23529133823781184	9856.5618461813	4.972028809286281e-09
181.35635635635637	0.23538741642413435	9830.809394411513	4.998171937677167e-09
181.63163163163165	0.2355434054936061	9805.124226728247	5.024448449126938e-09
181.90690690690693	0.23573442296592728	9779.506167336527	5.050863612037085e-09
182.1821821821822	0.2357947983783849	9753.955040899426	5.077405440195551e-09
182.45745745745745	0.23582182995744713	9728.470672538859	5.1040751105242046e-09
182.73273273273273	0.23604095729879043	9703.0528878354	5.130895447898284e-09
183.008008008008	0.2363679152576787	9677.701512824717	5.157874465967552e-09
183.28328328328328	0.2366344515477842	9652.416373995682	5.185001609949084e-09
183.55855855855856	0.2368160381065522	9627.197298290319	5.212267360002017e-09
183.83383383383384	0.2369345580424685	9602.044113102962	5.239667450445309e-09
184.1091091091091	0.23704038493856447	9576.956646279317	5.2672040885893915e-09
184.3843843843844	0.23717046288163504	9551.934726115174	5.294882687946803e-09
184.65965965965967	0.23733705935240246	9526.978181355053	5.322708469762416e-09
184.93493493493494	0.23751625755740652	9502.086841190732	5.3506829161155124e-09
185.21021021021022	0.23766677789338533	9477.260535259937	5.378803147098361e-09
185.4854854854855	0.2378359953635666	9452.499093645882	5.407072181603311e-09
185.76076076076077	0.23808620297964478	9427.802346876257	5.435498693234547e-09
186.03603603603605	0.2383420777807783	9403.170125920924	5.464081302723966e-09
186.31131131131133	0.2385440058644237	9378.602262190881	5.492813205307044e-09
186.5865865865866	0.23878359945949384	9354.098587538369	5.521699336878191e-09
186.86186186186188	0.23909816912779167	9329.658934255269	5.550747237180599e-09
187.13713713713713	0.23939708942357724	9305.283135070902	5.579953016354847e-09
187.4124124124124	0.23963208024420102	9280.971023151193	5.609309209722461e-09
187.68768768768768	0.23981129300891232	9256.722432098033	5.638811732517981e-09
187.96296296296296	0.23996551859843213	9232.537195948325	5.668461210724717e-09
188.23823823823824	0.24013376575929876	9208.41514917292	5.698262417290974e-09
188.51351351351352	0.2403292180814592	9184.35612667528	5.7282202981567355e-09
188.7887887887888	0.2405334137133283	9160.35996379005	5.758336573967261e-09
189.06406406406407	0.24065266087269466	9136.426496281309	5.7886026873597775e-09
189.33933933933935	0.24067125178596663	9112.555560342065	5.819011248223014e-09
189.61461461461462	0.2407620074159462	9088.746992594846	5.849575961102983e-09
189.8898898898899	0.24099218919761312	9065.00063008965	5.880313860235376e-09
190.16516516516518	0.2412694600191886	9041.316310301416	5.9112270103384684e-09
190.44044044044045	0.2415041354346017	9017.69387112893	5.942307349272653e-09
190.71571571571573	0.24163731904676047	8994.133150893953	5.973543115007282e-09
190.990990990991	0.24177411230032791	8970.633988341619	6.0049379945815955e-09
191.26626626626629	0.24204116352638516	8947.196222639537	6.036508811886122e-09
191.54154154154156	0.24232183734231774	8923.819693374478	6.0682545384128244e-09
191.8168168168168	0.24252429658203534	8900.504240551494	6.1001645102976545e-09
192.0920920920921	0.2427901606826987	8877.249704594951	6.1322475059617705e-09
192.36736736736736	0.24314338501240196	8854.055926346393	6.1645125738299686e-09
192.64264264264264	0.24337930803545055	8830.922747061291	6.196943142124905e-09
192.91791791791792	0.24350137108749562	8807.850008409889	6.229528443164117e-09
193.1931931931932	0.24370746031081622	8784.837552477968	6.262283833168258e-09
193.46846846846847	0.2439623396297941	8761.88522176357	6.295216143478615e-09
193.74374374374375	0.24412571470129707	8738.992859174925	6.328314258059869e-09
194.01901901901903	0.24426413196304167	8716.160308031318	6.361578460855073e-09
194.2942942942943	0.24446023165583977	8693.387412062199	6.395018787461882e-09
194.56956956956958	0.24461150181867883	8670.674015404335	6.428630506923384e-09
194.84484484484486	0.24467682808237967	8648.019962601302	6.462405826778059e-09
195.12012012012013	0.2448016925338108	8625.425098604268	6.496356716547779e-09
195.3953953953954	0.24500765034470456	8602.889268769732	6.530494249782319e-09
195.6706706706707	0.24515444980360757	8580.41231885685	6.564809745350184e-09
195.94594594594597	0.2452335182343647	8557.994095027678	6.599296498890273e-09
196.22122122122124	0.24533569655106488	8535.634443847111	6.633961030321998e-09
196.4964964964965	0.24552504628787478	8513.33321228158	6.668815815379778e-09
196.77177177177177	0.24581749634950337	8491.090247697532	6.7038716926977294e-09
197.04704704704704	0.24608279113872192	8468.90539785891	6.739120679234565e-09
197.32232232232232	0.24621053327425485	8446.778510926259	6.774544180381422e-09
197.5975975975976	0.24623131313459942	8424.709435457125	6.810133437194007e-09
197.87287287287288	0.2462408771503973	8402.69802040572	6.8458944265869125e-09
198.14814814814815	0.24638918510440982	8380.744115122456	6.88185002351464e-09
198.42342342342343	0.24662312325501537	8358.847569350828	6.918009694566614e-09
198.6986986986987	0.2467268377463996	8337.008233224658	6.9543534044375385e-09
198.97397397397398	0.24672421068692502	8315.225957269555	6.9908706795912305e-09
199.24924924924926	0.24675749283586124	8293.500592403152	7.0275724723628265e-09
199.52452452452454	0.24687074613537516	8271.831989933087	7.064472164714338e-09
199.7997997997998	0.247036826345584	8250.220001555213	7.101575840595915e-09
200.0750750750751	0.24711292734362436	8228.664479351333	7.13886980665724e-09
200.35035035035037	0.24708685360825322	8207.165275789572	7.176343402779992e-09
200.62562562562564	0.24721703493087316	8185.722243726311	7.2140228871496946e-09
200.90090090090092	0.24754537342026642	8164.335236402887	7.251932078374467e-09
201.17617617617617	0.24785184741350547	8143.00410744169	7.290059125602778e-09
201.45145145145145	0.24808179126809074	8121.7287108469345	7.3283891594356496e-09
201.72672672672672	0.24830078911175446	8100.508901005002	7.366920949417985e-09
202.002002002002	0.24854679792821474	8079.344532683155	7.4056589936380744e-09
202.27727727727728	0.24881579940773657	8058.235461028068	7.444606189095926e-09
202.55255255255256	0.24898934407476528	8037.181541563543	7.483749139971194e-09
202.82782782782783	0.24902896511143774	8016.182630190398	7.523073870633031e-09
203.1031031031031	0.24914001529203805	7995.238583188277	7.562598605338631e-09
203.3783783783784	0.24940139551794357	7974.349257213246	7.602346748647429e-09
203.65365365365366	0.24967319340940278	7953.514509294315	7.642315778497397e-09
203.92892892892894	0.24988296083853412	7932.7341968331975	7.682494524808339e-09
204.20420420420422	0.2500334077421263	7912.00817760419	7.72287608552225e-09
204.4794794794795	0.25015672159652913	7891.336309753559	7.763460485425234e-09
204.75475475475477	0.25029469402552357	7870.718451798687	7.804253814462679e-09
205.03003003003005	0.2504657786483467	7850.154462626836	7.845263122269702e-09
205.30530530530532	0.25065792120320224	7829.644201493829	7.88649191252673e-09
205.5805805805806	0.25079294336340824	7809.187528022278	7.927932049447772e-09
205.85585585585588	0.2508602626343926	7788.784302201422	7.969576847798407e-09
206.13113113113113	0.2509826760578856	7768.434384387798	8.011439349703793e-09
206.4064064064064	0.25118511644390384	7748.137635303102	8.053532339328167e-09
206.68168168168168	0.2513801180838533	7727.893916031879	8.09585251721538e-09
206.95695695695696	0.2515488227851745	7707.703088021396	8.138395341418795e-09
207.23223223223223	0.2517197278146659	7687.565013081261	8.18116218127962e-09
207.5075075075075	0.2519126710963544	7667.479553382386	8.224157206051323e-09
207.7827827827828	0.2521284525099407	7647.446571455818	8.267383762973853e-09
208.05805805805807	0.2523118798735877	7627.465930191081	8.310836517019357e-09
208.33333333333334	0.2524507546346108	7607.537492835766	8.354510443141417e-09
208.60860860860862	0.25265129204945164	7587.66112299611	8.398418049834859e-09
208.8838838838839	0.25292765518348304	7567.83668463491	8.442570328932943e-09
209.15915915915917	0.2531575826031256	7548.064042068837	8.486957118644454e-09
209.43443443443445	0.2533027355190927	7528.343059968561	8.531566233367674e-09
209.70970970970973	0.2534062378209552	7508.673603358868	8.576396187483876e-09
209.984984984985	0.25355641254939904	7489.05553761835	8.621459545882981e-09
210.26026026026028	0.25382679244705225	7469.4887284783035	8.666776291950969e-09
210.53553553553556	0.2541205057808503	7449.973042019589	8.712345810557453e-09
210.8108108108108	0.2543381951096086	7430.508344671657	8.758153067691636e-09
211.08608608608608	0.2545103486308505	7411.094503213316	8.804192925674546e-09
211.36136136136136	0.2546569771728764	7391.73138477171	8.850465348976336e-09
211.63663663663664	0.2547468325249169	7372.418856820718	8.896965889266007e-09
211.91191191191191	0.25479046126441757	7353.156787180613	8.94369351586964e-09
212.1871871871872	0.25484376668230774	7333.94504401776	8.990656546216585e-09
212.46246246246247	0.25494461672375723	7314.783495843498	9.037866895660224e-09
212.73773773773775	0.2551070013673014	7295.672011512919	9.085335255680013e-09
213.01301301301302	0.2552760685384256	7276.610460223024	9.133060703492505e-09
213.2882882882883	0.2554053806923086	7257.598711511914	9.181035731066557e-09
213.56356356356358	0.25556633363368864	7238.636635259554	9.22926702126768e-09
213.83883883883885	0.2557810521373381	7219.724101686187	9.277763076420306e-09
214.11411411411413	0.25592187523610205	7200.860981349349	9.326509667053408e-09
214.3893893893894	0.25597255728720364	7182.04714514453	9.375494975462167e-09
214.66466466466468	0.2560712606285881	7163.282464306481	9.424733725734632e-09
214.93993993993996	0.2562401988043352	7144.566810406718	9.474239911291925e-09
215.21521521521524	0.2564097972297613	7125.900055351329	9.524012113802925e-09
215.4904904904905	0.2565536870719642	7107.282071380688	9.574045520906806e-09
215.76576576576576	0.2566762774376477	7088.712731069031	9.62433805692626e-09
216.04104104104104	0.25682290767581256	7070.191907324184	9.674896263150322e-09
216.31631631631632	0.25702702230890684	7051.719473386535	9.725730580673263e-09
216.5915915915916	0.25726239411489943	7033.295302827282	9.776844175517178e-09
216.86686686686687	0.2575042914794623	7014.919269547603	9.828235540392608e-09
217.14214214214215	0.2577435519715076	6996.591247777988	9.87990261223963e-09
217.41741741741743	0.2579400467670383	6978.311112076936	9.931837698338724e-09
217.6926926926927	0.2580398246850311	6960.078737329856	9.984026905249643e-09
217.96796796796798	0.25816588747485625	6941.893998750895	1.0036482269913151e-08
218.24324324324326	0.25848395319995143	6923.756771882778	1.0089240760844417e-08
218.51851851851853	0.25880620896925777	6905.666932590577	1.0142295498961647e-08
218.7937937937938	0.25894472196534707	6887.624357060787	1.0195609905593419e-08
219.0690690690691	0.2591193451785322	6869.6289218067595	1.024919797835807e-08
219.34434434434436	0.2594398910804202	6851.68050366621	1.0303088743039632e-08
219.61961961961964	0.2596496976494355	6833.778979794659	1.0357257317094368e-08
219.89489489489492	0.25972812601278666	6815.9242276682335	1.0411683831023742e-08
220.17017017017017	0.25995848043731123	6798.116125087633	1.0466405383175655e-08
220.44544544544544	0.2602659505702316	6780.354550171688	1.0521434143552604e-08
220.72072072072072	0.2603591845909504	6762.63938135303	1.0576726936546201e-08
220.995995995996	0.2603838305772472	6744.970497384189	1.0632281264426258e-08
221.27127127127127	0.260588896617291	6727.347777338504	1.0688140613506441e-08
221.54654654654655	0.26083033205020595	6709.771100602974	1.0744308708423269e-08
221.82182182182183	0.2609523248924149	6692.240346877189	1.0800760347352876e-08
222.0970970970971	0.26102061675045973	6674.755396176096	1.0857491081033617e-08
222.37237237237238	0.26110988176878874	6657.316128829355	1.0914512043553836e-08
222.64764764764766	0.2612581105191705	6639.9224254799265	1.0971838179660125e-08
222.92292292292294	0.26147999364857666	6622.574167082893	1.1029482774180062e-08
223.1981981981982	0.261767490541603	6605.271234904256	1.108745383230608e-08
223.4734734734735	0.26207203180197236	6588.013510519436	1.1145748273086233e-08
223.74874874874877	0.26233268657117925	6570.800875812238	1.1204353224456184e-08
224.02402402402404	0.2625412969671283	6553.633212974918	1.1263259097952986e-08
224.29929929929932	0.26272093332020136	6536.51040450791	1.1322464356985011e-08
224.5745745745746	0.2629358875914928	6519.432333219749	1.138198067311612e-08
224.84984984984985	0.26319220984338115	6502.398882225279	1.1441817544292528e-08
225.12512512512512	0.2633776571521843	6485.409934942781	1.1501960427827635e-08
225.4004004004004	0.2634617657622225	6468.465375094592	1.156239428526954e-08
225.67567567567568	0.26352073175628227	6451.56508670815	1.1623124231191213e-08
225.95095095095095	0.2636353923764418	6434.708954115334	1.1684169819045721e-08
226.22622622622623	0.2638535333440603	6417.896861951093	1.1745553963863817e-08
226.5015015015015	0.26400012080772495	6401.1286951487145	1.1807258355034464e-08
226.77677677677679	0.2639125327558433	6384.404338939162	1.1869239359161177e-08
227.05205205205206	0.2638455812395713	6367.7236788577975	1.1931518525075387e-08
227.32732732732734	0.26400504131192737	6351.086600742793	1.199415155002732e-08
227.60260260260262	0.2642495018201283	6334.4929907281	1.2057148120105921e-08
227.8778778778779	0.2644967403461371	6317.942735243687	1.2120498939394641e-08
228.15315315315317	0.26480843126617326	6301.4357210173885	1.2184210897879307e-08
228.42842842842845	0.2651305762003343	6284.9718350720095	1.2248278356223595e-08
228.70370370370372	0.2653228255737979	6268.550964722921	1.2312669731810085e-08
228.978978978979	0.265449813371005	6252.172997581065	1.237737773728944e-08
229.25425425425428	0.26565233248018577	6235.837821553667	1.2442426870686989e-08
229.52952952952953	0.2658999379501624	6219.545324840276	1.250782777604681e-08
229.8048048048048	0.26613074888567	6203.295395931373	1.2573575394534077e-08
230.08008008008008	0.26634881767148205	6187.087923608869	1.263966782689017e-08
230.35535535535536	0.2665764139642775	6170.922796945674	1.27061090632427e-08
230.63063063063063	0.2668450808484554	6154.799905305146	1.2772908976892882e-08
230.9059059059059	0.2671437665113826	6138.719138339496	1.2840072456113772e-08
231.1811811811812	0.26741850766991515	6122.680385988212	1.2907592030402393e-08
231.45645645645646	0.2676583692373516	6106.683538478108	1.2975461072474386e-08
231.73173173173174	0.2678772704269057	6090.728486323078	1.3043678766876543e-08
232.00700700700702	0.2680569902294606	6074.815120322694	1.3112241291673444e-08
232.2822822822823	0.2681789312949077	6058.943331561464	1.3181142715524655e-08
232.55755755755757	0.2682711326662408	6043.113011409007	1.325038570792013e-08
232.83283283283285	0.26834438763118346	6027.324051518971	1.3319974932869232e-08
233.10810810810813	0.26835067384649086	6011.576343827106	1.3389903604745555e-08
233.3833833833834	0.2683265774206677	5995.869780552225	1.3460175748674539e-08
233.65865865865868	0.26842004266593544	5980.204254197776	1.3530827077955182e-08
233.93393393393396	0.2686013550116177	5964.579657547501	1.3601875423449609e-08
234.2092092092092	0.268708355399361	5948.99588366195	1.3673297409652038e-08
234.48448448448448	0.26874266862122653	5933.452825881064	1.374507857865449e-08
234.75975975975976	0.2687818343714363	5917.950377825076	1.381722731606428e-08
235.03503503503504	0.2688642876770265	5902.488433392955	1.3889758460656216e-08
235.3103103103103	0.2689865567004479	5887.066886760841	1.3962681754758579e-08
235.5855855855856	0.2690636944093864	5871.68563237957	1.4035985074941494e-08
235.86086086086087	0.26908982033373857	5856.344564975607	1.4109659719730715e-08
236.13613613613614	0.2692066733880202	5841.043579553496	1.4183733091940773e-08
236.41141141141142	0.2694358798592752	5825.78257139261	1.4258229075174182e-08
236.6866866866867	0.2696670474947595	5810.56143604358	1.4333138733008303e-08
236.96196196196198	0.2698317918754852	5795.380069328443	1.4408441029934658e-08
237.23723723723725	0.2699149458436493	5780.238367341059	1.4484119217912882e-08
237.51251251251253	0.2700425068891436	5765.136226449513	1.4560192452928673e-08
237.7877877877878	0.27032391398296174	5750.073543295109	1.4636699927783489e-08
238.06306306306308	0.2706267288770223	5735.050214786308	1.4713636990401729e-08
238.33833833833836	0.27084742063549866	5720.06613809861	1.479097675147685e-08
238.61361361361364	0.27104885933908945	5705.121210677549	1.4868717228784628e-08
238.88888888888889	0.2712462198343898	5690.21533023694	1.4946861471523816e-08
239.16416416416416	0.27137306426104246	5675.348394756333	1.502539618928759e-08
239.43943943943944	0.27142334800983625	5660.520302481666	1.510431181513566e-08
239.71471471471472	0.2714477456024352	5645.730951925862	1.518361497601712e-08
239.98998998999	0.2715419442614271	5630.980241869216	1.5263334065729383e-08
240.26526526526527	0.27178804796249223	5616.268071358426	1.5343508737428525e-08
240.54054054054055	0.2721153718092843	5601.594339702365	1.542414858735924e-08
240.81581581581582	0.2724200101668547	5586.958946470584	1.5505235099606685e-08
241.0910910910911	0.2726236434546217	5572.361791493165	1.558673744622221e-08
241.36636636636638	0.2727251305727468	5557.802774861839	1.5668635804786123e-08
241.64164164164166	0.27283294777711325	5543.281796931907	1.5750945025683497e-08
241.91691691691693	0.27296431164030893	5528.798758319442	1.5833679915068445e-08
242.1921921921922	0.2730445874541433	5514.353559898388	1.5916832047085323e-08
242.4674674674675	0.27305297378737214	5499.946102801164	1.6000391289860064e-08
242.74274274274276	0.2730258865285493	5485.576288419353	1.6084360943850563e-08
243.01801801801804	0.27313145983756804	5471.244018406281	1.6168787088367916e-08
243.29329329329332	0.27348054191036547	5456.949194675028	1.625372957328233e-08
243.56856856856857	0.27384320403298656	5442.6917193893705	1.6339169138958322e-08
243.84384384384384	0.27402798679237117	5428.471494963939	1.6425044215507536e-08
244.11911911911912	0.2740560075931675	5414.288424068771	1.651132069548357e-08
244.3943943943944	0.2740071465423464	5400.142409630131	1.6597997804116623e-08
244.66966966966967	0.27399570216693914	5386.033354830774	1.668510581347184e-08
244.94494494494495	0.27404609102224986	5371.961163107058	1.677267180258587e-08
245.22022022022023	0.27412459503260844	5357.9257381468105	1.6860705393153277e-08
245.4954954954955	0.2742691165624262	5343.926983890487	1.6949223957535476e-08
245.77077077077078	0.27452032976971324	5329.964804530596	1.7038250822743907e-08
246.04604604604606	0.2747930277769056	5316.039104507811	1.7127779240817828e-08
246.32132132132134	0.27502536054450477	5302.149788510869	1.7217788942847102e-08
246.5965965965966	0.27529184847704036	5288.296761479463	1.73082879137703e-08
246.8718718718719	0.27558811456910065	5274.479928601555	1.7399281107029925e-08
247.14714714714717	0.27577058286945094	5260.699195309033	1.7490733139282804e-08
247.42242242242244	0.2758449190203671	5246.95446728096	1.758262323266382e-08
247.69769769769772	0.2759581197793427	5233.245650446718	1.767497936268039e-08
247.972972972973	0.2762053266569595	5219.572650984063	1.776784722092459e-08
248.24824824824825	0.2766081572075905	5205.935375316538	1.7861263749823696e-08
248.52352352352352	0.27696543846116894	5192.33373010678	1.7955197527138416e-08
248.7987987987988	0.27709468665708265	5178.767622256275	1.8049577429173466e-08
249.07407407407408	0.2771018267803063	5165.236958912539	1.814438784687552e-08
249.34934934934935	0.2771040268273865	5151.741647468872	1.8239652635676017e-08
249.62462462462463	0.2771364679444074	5138.281595561505	1.8335398166360827e-08
249.8998998998999	0.27723141583994065	5124.856711068926	1.843165179298443e-08
250.17517517517518	0.27742114237294274	5111.466902111243	1.8528441687970593e-08
250.45045045045046	0.27765097364709296	5098.112077047142	1.862577141294737e-08
250.72572572572574	0.2778161872382003	5084.792144471782	1.8723613753494274e-08
251.00100100100101	0.27788713357362266	5071.507013218263	1.8821943194228714e-08
251.2762762762763	0.2778860903682944	5058.256592358463	1.8920750480888273e-08
251.55155155155157	0.27791277653145846	5045.040791204671	1.9020059897974088e-08
251.82682682682685	0.27803874562507774	5031.859519308214	1.9119909490147582e-08
252.10210210210212	0.27822588120129116	5018.712686455683	1.9220313725838828e-08
252.3773773773774	0.27841058956437253	5005.600202667547	1.9321264016826104e-08
252.65265265265268	0.27852145465697353	4992.521978197256	1.9422734236558497e-08
252.92792792792793	0.2785991877728359	4979.477923533918	1.9524720647864493e-08
253.2032032032032	0.2787625983208465	4966.467949404011	1.9627257967266733e-08
253.47847847847848	0.27895209025668044	4953.491966765543	1.973035160937626e-08
253.75375375375376	0.27905376110212804	4940.549886805751	1.9833971103148696e-08
254.02902902902903	0.2791668915307097	4927.641620946863	1.9938128249001363e-08
254.3043043043043	0.27938690520326176	4914.767080845454	2.0042861365593973e-08
254.5795795795796	0.2796013473013422	4901.926178385536	2.0148161420499965e-08
254.85485485485486	0.2797476675908338	4889.1188256794285	2.0254004011453092e-08
255.13013013013014	0.27991241342560635	4876.344935071706	2.0360401515086847e-08
255.40540540540542	0.2800834028281372	4863.604419135591	2.046735914959722e-08
255.6806806806807	0.28013961152711364	4850.89719066897	2.057484287309211e-08
255.95595595595597	0.28011990263126557	4838.223162698717	2.06828438439167e-08
256.2312312312313	0.2801480523839351	4825.582248482794	2.0791396856733037e-08
256.5065065065065	0.2801862828683952	4812.974361504644	2.090051332375036e-08
256.7817817817818	0.28017065310527334	4800.3994154717275	2.1010180951527228e-08
257.0570570570571	0.28018310892831505	4787.857324319546	2.1120419401636773e-08
257.3323323323324	0.28027099787394644	4775.348002210021	2.1231258022920145e-08
257.60760760760763	0.2803335206645147	4762.871363526133	2.1342683895471975e-08
257.8828828828829	0.28033351460850137	4750.4273228733255	2.1454677420633715e-08
258.15815815815813	0.28034512937726874	4738.015795082543	2.15672515118992e-08
258.43343343343344	0.28045406198524736	4725.636695210077	2.1680444276782037e-08
258.70870870870874	0.28072543952812623	4713.289938536371	2.179430361363774e-08
258.983983983984	0.28102339150738354	4700.975440558813	2.190881620035137e-08
259.25925925925924	0.28117510317607103	4688.693116989815	2.202391613767286e-08
259.53453453453454	0.2813131613600493	4676.442883766351	2.2139606882891636e-08
259.80980980980985	0.2815567491444647	4664.224657049055	2.2255932514630966e-08
260.0850850850851	0.2817389611027889	4652.038353212017	2.2372865510528123e-08
260.36036036036035	0.28180992540668015	4639.88388884608	2.2490371943763843e-08
260.63563563563565	0.2819846003728719	4627.761180767299	2.260850532606331e-08
260.91091091091096	0.28225788715799316	4615.67014600898	2.272729974926254e-08
261.1861861861862	0.28239911099299125	4603.610701813268	2.2846697915783414e-08
261.46146146146145	0.2824470225909918	4591.582765639797	2.2966677425685982e-08
261.73673673673676	0.2825832070896786	4579.58625517014	2.3087288856861358e-08
262.01201201201206	0.282786322467126	4567.621088300274	2.3208558569513863e-08
262.2872872872873	0.28297469500141187	4555.687183137846	2.333047581003394e-08
262.56256256256256	0.28312771289278044	4543.784458003717	2.345302748001423e-08
262.8378378378378	0.283254979483031	4531.912831432487	2.3576209734978948e-08
263.1131131131131	0.2833996809597769	4520.072222173118	2.3700036839808655e-08
263.3883883883884	0.2835658409979867	4508.262549187041	2.382452068049542e-08
263.66366366366367	0.2837071637872541	4496.4837316457515	2.394965330493185e-08
263.9389389389389	0.2838434555922242	4484.735688932618	2.4075438034287308e-08
264.2142142142142	0.28403704679150193	4473.01834064394	2.4201901165428544e-08
264.48948948948953	0.2842578186077202	4461.331606585018	2.4329049864222033e-08
264.7647647647648	0.28444778821270106	4449.675406768552	2.4456868562005632e-08
265.04004004004	0.28462427342720625	4438.04966141685	2.4585354938075657e-08
265.31531531531533	0.28479653192883214	4426.454290960984	2.4714512211831614e-08
265.59059059059064	0.2848986313257434	4414.889216037448	2.4844318894845283e-08
265.8658658658659	0.2849152886352466	4403.354357489471	2.497475649112494e-08
266.14114114114113	0.2849275554612611	4391.8496363701115	2.5105844900641768e-08
266.41641641641644	0.2849758728265484	4380.374973940247	2.5237613519252422e-08
266.69169169169174	0.2850504586983866	4368.930291666139	2.5370078812978358e-08
266.966966966967	0.2851123275527214	4357.5155112177545	2.5503237692320923e-08
267.24224224224224	0.28512970882467775	4346.130554468469	2.5637077143129025e-08
267.5175175175175	0.2852054655896103	4334.775343499767	2.5771630070501638e-08
267.7927927927928	0.28543566626295813	4323.449800600532	2.5906956700548126e-08
268.0680680680681	0.28573486902337586	4312.153848259436	2.6043063886669438e-08
268.34334334334335	0.285983704214308	4300.887409162978	2.6179910505760237e-08
268.6186186186186	0.2860745993071145	4289.650406195312	2.6317428850667126e-08
268.8938938938939	0.2860580505436155	4278.442762443987	2.645559662344901e-08
269.1691691691692	0.28615462435713607	4267.264401206311	2.6594488840054157e-08
269.44444444444446	0.28633740660533064	4256.115245979014	2.6734144325101283e-08
269.7197197197197	0.2864262642641791	4244.995220451429	2.6874516743020847e-08
269.994994994995	0.2865216971291777	4233.904248516309	2.7015618429235123e-08
270.2702702702703	0.286771835326004	4222.842254271365	2.7157519166524222e-08
270.54554554554556	0.2869844276728208	4211.809162004794	2.7300186627780738e-08
270.8208208208208	0.28702639661235196	4200.804896197038	2.744354670296996e-08
271.0960960960961	0.28712821384162873	4189.829381535337	2.758764833584356e-08
271.3713713713714	0.28737515377775696	4178.882542907354	2.773255982397391e-08
271.6466466466467	0.28756209558161205	4167.964305388462	2.7878240998529336e-08
271.9219219219219	0.28761485217352234	4157.074594246576	2.8024636406123672e-08
272.19719719719717	0.2876059142352448	4146.213334947855	2.8171742220344563e-08
272.4724724724725	0.2876543070973897	4135.380453158259	2.831960759212937e-08
272.7477477477478	0.2878682235092577	4124.575874742698	2.8468311583396676e-08
273.02302302302303	0.288171607454048	4113.799525756605	2.8617874170523966e-08
273.2982982982983	0.28844382790073325	4103.051332443431	2.876825812207987e-08
273.5735735735736	0.28861944233317044	4092.3312212364212	2.8919412960428432e-08
273.8488488488489	0.2887053783154691	4081.639118761263	2.907131076957993e-08
274.12412412412414	0.2888196884063116	4070.9749518405083	2.9223986366448495e-08
274.3993993993994	0.2889969558768725	4060.338647489466	2.9377478620109594e-08
274.6746746746747	0.2891673885673907	4049.730132911069	2.9531783339414995e-08
274.94994994995	0.2893155641996016	4039.1493354977633	2.9686892593297807e-08
275.22522522522524	0.28947276885610007	4028.596182833081	2.984281670513302e-08
275.5005005005005	0.2897015231075736	4018.0706026926177	2.999959170656856e-08
275.7757757757758	0.29003834352630126	4007.572523042409	3.01572586951598e-08
276.0510510510511	0.2903651492769281	3997.101872031362	3.03157926908479e-08
276.32632632632635	0.2905844854707093	3986.6585779915927	3.047513547494624e-08
276.6016016016016	0.29073572144083437	3976.2425694442045	3.063526923195479e-08
276.87687687687685	0.29084853468901095	3965.853775098377	3.07961975112082e-08
277.15215215215215	0.29091522658879926	3955.4921238491725	3.0957920453294075e-08
277.42742742742746	0.29099299686534225	3945.157544780092	3.1120465814241585e-08
277.7027027027027	0.2911766806985622	3934.849967164443	3.128389661586855e-08
277.97797797797796	0.2913661471166332	3924.569320455641	3.1448208415090764e-08
278.25325325325326	0.2914003017109077	3914.3155342837185	3.161332502740022e-08
278.52852852852857	0.2913425387379672	3904.0885384654707	3.1779228887997726e-08
278.8038038038038	0.2913212329960611	3893.888263007198	3.1945970451352243e-08
279.07907907907907	0.2914442583872408	3883.7146381033795	3.211363448414627e-08
279.35435435435437	0.2917128777116231	3873.567594131068	3.228227763742346e-08
279.6296296296297	0.29195270929562156	3863.4470616407893	3.245185488101015e-08
279.9049049049049	0.29210857804066376	3853.3529713617577	3.262231293492306e-08
280.1801801801802	0.2922656389259608	3843.2852542083174	3.279366056731114e-08
280.4554554554555	0.2924188296106936	3833.243841275067	3.296590260825523e-08
280.7307307307308	0.29251663693220503	3823.2286638340556	3.313901877524303e-08
281.00600600600603	0.29262798705646725	3813.239653340326	3.3313031440228204e-08
281.2812812812813	0.2928210958137025	3803.276741431486	3.348799004571911e-08
281.5565565565566	0.29297886275727886	3793.339859917866	3.3663870196649275e-08
281.83183183183183	0.29304995017512026	3783.428940785303	3.384063269829009e-08
282.10710710710714	0.29321880004051704	3773.5439162067455	3.4018346057046536e-08
282.3823823823824	0.2935182370609332	3763.6847185341694	3.4197072176813484e-08
282.6576576576577	0.2937472409634318	3753.8512802859505	3.43767515294245e-08
282.93293293293294	0.2938805897349949	3744.043534155381	3.455733543191845e-08
283.20820820820825	0.29403627065602916	3734.2614130177194	3.4738854434924774e-08
283.4834834834835	0.29419797379051693	3724.504849922781	3.492132140692057e-08
283.75875875875874	0.2943146089765802	3714.7737780925804	3.510472019395441e-08
284.03403403403405	0.2945048988590044	3705.0681309299234	3.528910330584722e-08
284.3093093093093	0.2948156233914372	3695.387842014208	3.547453019021412e-08
284.5845845845846	0.29495640387825184	3685.7328450828054	3.5660890140744175e-08
284.85985985985985	0.2948592514541243	3676.1030740423407	3.5848079216911936e-08
285.13513513513516	0.29490886134401373	3666.4984629928776	3.6036234043752654e-08
285.4104104104104	0.295187288224844	3656.9189462113554	3.6225486324671154e-08
285.6856856856857	0.29543807929949206	3647.3644581325098	3.641578644526841e-08
285.96096096096096	0.29557580909946607	3637.83493335761	3.660705975351841e-08
286.23623623623627	0.29563566106659694	3628.3303066606304	3.679927953505883e-08
286.5115115115115	0.2956694126679896	3618.850512988787	3.699245827662783e-08
286.7867867867868	0.29573150944682486	3609.395487462313	3.7186634916672744e-08
287.06206206206207	0.29586578583523276	3599.9651653734786	3.738185974901485e-08
287.3373373373374	0.29606988861082073	3590.5594821835616	3.7578165487756025e-08
287.6126126126126	0.29625299199767813	3581.1783735173426	3.777552547509879e-08
287.8878878878879	0.2964153453875047	3571.821775167784	3.797392508321637e-08
288.1631631631632	0.29667365962318165	3562.489623102332	3.8173421447821646e-08
288.4384384384384	0.2969454766758609	3553.18185345105	3.8374007297229945e-08
288.71371371371373	0.29702534681467657	3543.8984024988704	3.857556596253047e-08
288.988988988989	0.2970214749298291	3534.639206703346	3.87780858573414e-08
289.2642642642643	0.2971325794435322	3525.404202699699	3.898167282892125e-08
289.53953953953953	0.2972799914127872	3516.1933272841825	3.918635149128502e-08
289.81481481481484	0.2973771859054229	3507.006517413066	3.93920905343699e-08
290.0900900900901	0.297520487388072	3497.8437102130565	3.959892707744968e-08
290.3653653653654	0.29770753857447735	3488.704842975042	3.980688541611508e-08
290.64064064064064	0.29774587736843705	3479.5898531421453	4.0015872493539196e-08
290.91591591591595	0.29769711846686797	3470.4986783245035	4.022586694555272e-08
291.1911911911912	0.2978523480180243	3461.4312563130115	4.0437026019746226e-08
291.4664664664665	0.2981475114243853	3452.3875250574065	4.064941412811174e-08
291.74174174174175	0.29833878937389385	3443.3674226546136	4.08629316886259e-08
292.01701701701705	0.2984071522595026	3434.3708873619685	4.107750691560552e-08
292.2922922922923	0.29842831649050877	3425.397857602721	4.1293141214021304e-08
292.5675675675676	0.29852110357114675	3416.4482719684315	4.150990798308389e-08
292.84284284284286	0.29875551099618536	3407.522069215624	4.172789757465673e-08
293.1181181181181	0.29908546440619865	3398.6191882580847	4.1947141920596164e-08
293.3933933933934	0.29937536481395055	3389.7395681606436	4.216758208911976e-08
293.66866866866866	0.2994176203080833	3380.883148133955	4.238905774033918e-08
293.94394394394396	0.29928075945086274	3372.0498675516023	4.261151129763996e-08
294.2192192192192	0.2992161545718917	3363.2396659616934	4.283506142929082e-08
294.4944944944945	0.2992800384384997	3354.452483074062	4.305981937747884e-08
294.76976976976977	0.29942719383730726	3345.688258753269	4.328582983138533e-08
295.0450450450451	0.29956614400920073	3336.9469330150678	4.3513066848745094e-08
295.3203203203203	0.2996611092382398	3328.228446029542	4.3741494292326336e-08
295.5955955955956	0.2998416707413618	3319.532738131674	4.3971172966833276e-08
295.8708708708709	0.30012436218314215	3310.8597498135546	4.420215416196672e-08
296.1461461461462	0.3003284448545152	3302.2094217107124	4.443435860610974e-08
296.4214214214214	0.30044884640233993	3293.5816946133255	4.466773567251381e-08
296.69669669669673	0.3006437723345078	3284.9765094769245	4.490235671205837e-08
296.971971971972	0.30093693813429123	3276.393807413043	4.5138284255802714e-08
297.2472472472473	0.3012640433958514	3267.8335296827763	4.5375518899420764e-08
297.52252252252254	0.30151658688807104	3259.2956176932357	4.5613993571687836e-08
297.7977977977978	0.30162914040204863	3250.7800129999664	4.585362616456954e-08
298.0730730730731	0.30171626763795023	3242.2866573190327	4.609444197221479e-08
298.34834834834834	0.3018308214742459	3233.815492522481	4.633649361430813e-08
298.62362362362364	0.3018507983370827	3225.366460625657	4.657973609748078e-08
298.8988988988989	0.3018075518257717	3216.939503797519	4.6824164020723385e-08
299.1741741741742	0.3019137981979072	3208.534564373212	4.706991750813409e-08
299.44944944944945	0.30217808591881085	3200.151584839386	4.731709296682283e-08
299.72472472472475	0.3024571787162698	3191.7905078228378	4.7565657837981954e-08
300.0	0.30260465116279067	3183.451276089674	4.78154959275153e-08
