0.008754539939039295	2.08918677488684	6784.9177475477845	5.678341810869247	0.008837235204760471
25.0	0.050657807308970106	33212.0	10.0
25.275275275275277	0.05154825907036937	34055.157749595965	9.225853215849785
25.55055055055055	0.05237529885685896	34837.870018187554	8.500640435078198
25.825825825825827	0.05302864237729352	35560.190881870185	7.824439396672535
26.1011011011011	0.05372364706238097	36225.89695284942	7.194208377063186
26.376376376376378	0.054560918469878546	36839.730355222135	6.606088903311807
26.65165165165165	0.055416853780672674	37404.375475352754	6.057937171617335
26.926926926926928	0.056237317878764584	37921.865778229934	5.548149370064253
27.2022022022022	0.057041355304306096	38394.51921936426	5.07487915737922
27.47747747747748	0.057824464121998376	38824.62291343898	4.6363013200820244
27.75275275275275	0.05857699825718191	39214.39168493926	4.2306465676709095
28.02802802802803	0.05933461687274793	39566.30935838658	3.8559156880255547
28.303303303303302	0.06011655599561846	39882.88425928592	3.5100838812551043
28.57857857857858	0.060851660476527056	40166.05355462199	3.1915998543259674
28.853853853853856	0.061540531677594434	40417.776307996864	2.8988900216676052
29.12912912912913	0.062334377535211184	40640.747454606535	2.629760169000241
29.404404404404403	0.06325236022141482	40837.44142376628	2.382195370648453
29.67967967967968	0.06415517710594137	41009.476460381375	2.1548931187524563
29.954954954954957	0.06491894859442861	41157.98628352215	1.9469536292885898
30.23023023023023	0.06548059399775578	41284.03168199031	1.7575359236709975
30.505505505505504	0.06607427773878727	41389.53498439603	1.5850749159448745
30.78078078078078	0.06693861437107211	41476.88959866962	1.4276068514521427
31.056056056056057	0.06787726989050435	41547.61289294353	1.283897196773849
31.33133133133133	0.06867028560940043	41602.60726663772	1.1532236550935704
31.606606606606608	0.06927488199925372	41642.76394904392	1.0348714519725415
31.88188188188188	0.06978979104365653	41669.21966723326	0.9279182764501975
32.15715715715716	0.0704575448312346	41683.45590297168	0.8311506060954235
32.432432432432435	0.07127980604951656	41686.75582559396	0.743518078603377
32.70770770770771	0.07206908810706819	41680.00007830956	0.6643050247718695
32.98298298298298	0.07280520806767934	41664.00407542022	0.5928486411870206
33.25825825825826	0.07354938451182277	41639.60833272363	0.5284634282699571
33.533533533533536	0.07433023212289894	41607.61295396777	0.47049603782840843
33.808808808808806	0.07513465192505943	41568.73540156406	0.41836074257915373
34.08408408408408	0.07586235216671479	41523.56274717501	0.37157961760960045
34.35935935935936	0.07648900317862078	41472.64279132497	0.3297064499127241
34.63463463463464	0.07714041503190924	41416.570694152724	0.2922542235844259
34.90990990990991	0.07790158852494715	41355.925449705916	0.2587482563888504
35.18518518518518	0.07878827821976155	41291.2220109236	0.22876635096053746
35.46046046046046	0.07967311101167365	41222.863478725376	0.2019789900096774
35.73573573573574	0.08038408003373464	41151.164182245055	0.17813022366565812
36.01101101101101	0.08102347956280462	41076.465872962806	0.15694048191892498
36.286286286286284	0.08174477142282935	40999.12689650273	0.13811559245930488
36.56156156156156	0.08250963862712313	40919.45446242726	0.12140350350712827
36.83683683683684	0.08326032057974324	40837.71173216652	0.10658844853106703
37.112112112112115	0.08398777078839166	40754.13701407499	0.09347495093350626
37.38738738738739	0.08470209662451428	40668.94919796275	0.08188332066786339
37.66266266266266	0.08542861516042849	40582.35009213636	0.07164773541748214
37.93793793793794	0.08617083636230694	40494.52125371326	0.06261893156505745
38.213213213213216	0.08691994370228408	40405.62444347461	0.054663864325910624
38.488488488488485	0.08771254629527062	40315.80810079008	0.047660322217022724
38.76376376376376	0.08856446073299692	40225.20516526444	0.04149877964622455
39.03903903903904	0.0892974107736492	40133.92113923338	0.036092432013936575
39.314314314314316	0.08981356539653784	40042.04859408636	0.03136509557348934
39.58958958958959	0.09036913654384754	39949.68859310697	0.02723328168313576
39.86486486486486	0.09110570472877222	39856.93592012182	0.023618557680386447
40.14014014014014	0.09189326402056489	39763.86611383179	0.020458424802006683
40.41541541541542	0.09261475600226565	39670.54169119126	0.017701142335280712
40.690690690690694	0.09320008087195411	39577.01726108809	0.015301468977229803
40.965965965965964	0.09369392176717663	39483.344026671555	0.013216906041204662
41.24124124124124	0.09420643531699464	39389.57039962771	0.011407189623651762
41.51651651651652	0.09483314961167	39295.740408368525	0.009835630211953335
41.791791791791795	0.09559446014804095	39201.892053193624	0.008470500001615094
42.06706706706707	0.0962795619351916	39108.0549293033	0.007287037189703222
42.34234234234234	0.09679115285824091	39014.25446123355	0.006263914695310224
42.61761761761762	0.09734657187534085	38920.516051302904	0.005379772161689685
42.892892892892895	0.09801477260609776	38826.8622291418	0.004615604725614377
43.168168168168165	0.09865250516577828	38733.311133994044	0.003956040837768893
43.44344344344344	0.09928479334787522	38639.8788653766	0.003387381314833347
43.71871871871872	0.10004146742071117	38546.58016264622	0.0028970483978935503
43.993993993993996	0.10082148804901221	38453.427050414924	0.002474673902588086
44.26926926926927	0.10146887748002764	38360.42933876956	0.0021117409134607506
44.54454454454455	0.10204751470819676	38267.59601150853	0.0018004049142580848
44.81981981981982	0.10265777224450602	38174.93521573256	0.001533504198985809
45.0950950950951	0.10334357917609478	38082.4540149156	0.0013047685063283607
45.37037037037037	0.10409059335696169	37990.158351278704	0.0011088527614180651
45.645645645645644	0.10481206893188358	37898.05310514961	0.0009412896175393433
45.92092092092092	0.1054617149578912	37806.142402734054	0.0007982337126102039
46.1961961961962	0.10604021513795459	37714.42980556497	0.0006763044537838456
46.471471471471475	0.10658719601913598	37622.91840600735	0.0005725071429246937
46.74674674674675	0.10715418307049834	37531.61085787367	0.00048420828435138133
47.02202202202202	0.10774170921067738	37440.509360891796	0.00040914949608592335
47.2972972972973	0.10832383675911816	37349.61570755831	0.0003454091761326535
47.572572572572575	0.10884680172965455	37258.931336342306	0.0002913588024633176
47.847847847847845	0.10932383435039644	37168.45742906502	0.00024558207523635333
48.12312312312312	0.1098986052672773	37078.194987550785	0.00020681118814235317
48.3983983983984	0.11056903234994883	36988.144771907195	0.00017397891217079453
48.673673673673676	0.1111667940909698	36898.307295892024	0.00014622300291100364
48.94894894894895	0.11175408735926547	36808.68294975304	0.00012278379097805506
49.22422422422423	0.11251577160527242	36719.272028063235	0.00010298107894860423
49.4994994994995	0.1133010564712894	36630.074666058244	8.625875743001514e-05
49.77477477477478	0.11390790783380667	36541.09087017037	7.218211100522658e-05
50.05005005005005	0.11451423310799323	36452.32060692803	6.03444187672526e-05
50.32532532532532	0.11526502520786028	36363.76378435097	5.038806892758252e-05
50.6006006006006	0.11600491073368727	36275.420227507086	4.202509484746282e-05
50.87587587587588	0.11662247771009963	36187.28970433217	3.501570742895876e-05
51.151151151151154	0.11713299223052723	36099.371945689134	2.9151606064414826e-05
51.42642642642643	0.11760653981055097	36011.66665125957	2.4251101597437483e-05
51.70170170170171	0.11814217171285313	35924.17349212762	2.01569960171732e-05
51.97697697697698	0.11873963673136183	35836.89210923259	1.673788751506626e-05
52.252252252252255	0.11934152215643457	35749.822117037824	1.3885094566825562e-05
52.527527527527525	0.11987541649509263	35662.963108707	1.1508287819642721e-05
52.8028028028028	0.12032935326958612	35576.31466158249	9.53086551960583e-06
53.07807807807808	0.12088314355158512	35489.876343085954	7.88567088139243e-06
53.353353353353356	0.12160498862987223	35403.64770952503	6.516471316023209e-06
53.62862862862863	0.12230677610968767	35317.628304351325	5.378538215556925e-06
53.90390390390391	0.12290310898842959	35231.81766300057	4.434681860956644e-06
54.17917917917918	0.1234501893556237	35146.215315872985	3.652897448361678e-06
54.454454454454456	0.12401834513868248	35060.82078894833	3.0058802989091452e-06
54.729729729729726	0.12466206280206052	34975.633604242066	2.470643502432905e-06
55.005005005005	0.12529977099381545	34890.653279775426	2.0283987459861987e-06
55.28028028028028	0.12583636801589623	34805.87933060227	1.6636709016922595e-06
55.55555555555556	0.12633490588419782	34721.311276536835	1.3633578753304476e-06
55.830830830830834	0.12687889087969262	34636.94863645588	1.1163017027070347e-06
56.10610610610611	0.12751211743507326	34552.790922411084	9.131065674231024e-07
56.38138138138139	0.12819344792575965	34468.837645595035	7.461005682919156e-07
56.65665665665666	0.12878246366332607	34385.08831664572	6.090812609147664e-07
56.931931931931935	0.1292751139863685	34301.54244619874	4.968489077689138e-07
57.20720720720721	0.12977217231307195	34218.19954514333	4.049901842868435e-07
57.48248248248248	0.13024535374967874	34135.05912462161	3.298799946768958e-07
57.75775775775776	0.1306282452063633	34052.120696183316	2.6855062084743744e-07
58.033033033033036	0.1309977505348795	33969.3837720003	2.1850938907332396e-07
58.30830830830831	0.1314401709769914	33886.84786493227	1.7768237796015659e-07
58.58358358358358	0.13194592996785226	33804.51248856376	1.443823206066494e-07
58.85885885885886	0.13246873201339932	33722.37715728294	1.1724077310806304e-07
59.134134134134136	0.13293297948056268	33640.44138635254	9.514659343618006e-08
59.40940940940941	0.13336787302200073	33558.704691987645	7.71784158697934e-08
59.68468468468468	0.13389779873963759	33477.16659139848	6.256665331500964e-08
59.95995995995996	0.13446357590275432	33395.826602790265	5.069178907619443e-08
60.23523523523524	0.13491779334179416	33314.68424539277	4.105744652023427e-08
60.510510510510514	0.13531110835675653	33233.73903950563	3.3249951511201706e-08
60.78578578578579	0.13574290673057252	33152.99050651115	2.6925385131846718e-08
61.06106106106106	0.13621262055970382	33072.4381688779	2.1804463491710504e-08
61.33633633633634	0.1367013871265996	32992.08155017185	1.7660845119974017e-08
61.611611611611615	0.13719868608441044	32911.92017506626	1.4310580539338693e-08
61.88688688688689	0.1376907906308639	32831.95356934842	1.1604144798241828e-08
62.16216216216216	0.13815897908790045	32752.1812599246	9.419995671588159e-09
62.43743743743744	0.13859161656968735	32672.602774823714	7.659185008318211e-09
62.712712712712715	0.1389896830930514	32593.217643199707	6.241068359405097e-09
62.98798798798799	0.1394085550775473	32514.025395333218	5.099622374956678e-09
63.26326326326326	0.1399059571964855	32435.02556263164	4.181116027998788e-09
63.53853853853854	0.1404309435619392	32356.21767762811	3.442564788523557e-09
63.813813813813816	0.14092984238541673	32277.601273981527	2.8494124804063623e-09
64.0890890890891	0.14142351314112978	32199.175886476256	2.3735312515836263e-09
64.36436436436436	0.14192376203742332	32120.941051020676	1.9921213773207817e-09
64.63963963963964	0.14241081551097218	32042.89630464552	1.6867992710576785e-09
64.91491491491492	0.1429128082213626	31965.0411855023	1.4426538320876443e-09
65.1901901901902	0.1434952243960188	31887.375232861395	1.2475858813283576e-09
65.46546546546547	0.1440911450936882	31809.89798710967	1.0919646787498174e-09
65.74074074074073	0.14458215065679592	31732.60898974823	9.681168309513716e-10
66.01601601601601	0.14502304320639306	31655.50778339065	8.697672237055802e-10
66.29129129129129	0.14549728802694778	31578.593911760447	7.918098141974113e-10
66.56656656656656	0.1459726045326008	31501.866919688546	7.301691712781961e-10
66.84184184184184	0.14642325340129353	31425.3263531108	6.815825211923799e-10
67.11711711711712	0.1468830273652175	31348.97175906557	6.434204628576125e-10
67.3923923923924	0.1473307267622746	31272.80268569115	6.13582417007754e-10
67.66766766766767	0.14767948759746152	31196.818682223133	5.903978236685132e-10
67.94294294294295	0.14798166897142434	31121.01929899201	5.725152632600954e-10
68.21821821821823	0.14838040259239224	31045.404087420662	5.588413444137473e-10
68.4934934934935	0.14889061180969126	30969.972600021618	5.485104321715532e-10
68.76876876876878	0.14945445719358083	30894.724390394425	5.408404728661716e-10
69.04404404404404	0.14995850906044472	30819.659013222958	5.352927000492849e-10
69.31931931931932	0.1503384383388639	30744.776024272873	5.314364213597563e-10
69.5945945945946	0.15068891006875573	30670.074980389232	5.289238753128441e-10
69.86986986986987	0.1510816403248833	30595.555439493783	5.274775758085532e-10
70.14514514514515	0.15151579480711766	30521.216960582322	5.268779773862903e-10
70.42042042042041	0.1519659566041105	30447.05910372211	5.269513199716131e-10
70.69569569569569	0.1523947322683976	30373.081430049217	5.275596983241379e-10
70.97097097097097	0.15281764653060934	30299.28350176603	5.285936309028637e-10
71.24624624624624	0.15326625063526977	30225.66488213863	5.29966575203365e-10
71.52152152152152	0.1536918268872495	30152.225135494195	5.316096604486946e-10
71.7967967967968	0.15406577362226961	30078.963827218424	5.334679785605359e-10
72.07207207207207	0.15450931416855293	30005.880523753094	5.354994019784033e-10
72.34734734734735	0.15503817500079559	29932.974792593428	5.376710369502149e-10
72.62262262262263	0.1554223778951901	29860.246202285252	5.399540295682267e-10
72.8978978978979	0.15566896577127848	29787.69432242272	5.423254823321633e-10
73.17317317317318	0.15606427268344172	29715.318723646044	5.447712411964903e-10
73.44844844844846	0.15655856832633103	29643.11897763859	5.472796192680303e-10
73.72372372372374	0.15690344234449105	29571.09465712416	5.498378657172763e-10
73.998998998999	0.15722113889900804	29499.245335864856	5.524376836426487e-10
74.27427427427428	0.15771047194452315	29427.5705886586	5.550755382117614e-10
74.54954954954955	0.15822326298121336	29356.069991336288	5.577464862810431e-10
74.82482482482483	0.15862904728005567	29284.74312075931	5.604446726610252e-10
75.1001001001001	0.1590449279106332	29213.58955481727	5.631672867535531e-10
75.37537537537537	0.15953331979140503	29142.608872425433	5.65913101826916e-10
75.65065065065065	0.160029311188542	29071.80065352215	5.686801737920475e-10
75.92592592592592	0.16050104481388308	29001.164479066367	5.714664987669486e-10
76.2012012012012	0.16095381866224057	28930.699931035175	5.742706033912859e-10
76.47647647647648	0.16138612377661818	28860.406592421346	5.770913257364364e-10
76.75175175175175	0.1617999794101833	28790.284047230864	5.799278039837927e-10
77.02702702702703	0.1622383716017356	28720.33188048052	5.82780055122592e-10
77.30230230230231	0.16271449059452767	28650.549678195417	5.856483153008266e-10
77.57757757757759	0.1631140375826652	28580.937027406377	5.885309806164381e-10
77.85285285285286	0.1633931604485237	28511.49351614758	5.914261239053775e-10
78.12812812812814	0.1636742720044878	28442.21873345428	5.943342001499764e-10
78.40340340340342	0.16405029863295292	28373.1122693604	5.972570552704348e-10
78.67867867867868	0.16454939727657922	28304.17371489599	6.001965897272034e-10
78.95395395395396	0.1650292844118854	28235.40266208462	6.031520241696581e-10
79.22922922922923	0.16528539272952758	28166.7987039409	6.061194958452825e-10
79.50450450450451	0.16545196454698957	28098.361434468476	6.090981757687185e-10
79.77977977977977	0.1657500081879477	28030.090448657695	6.120909891307994e-10
80.05505505505505	0.1662005103017691	27961.985342482978	6.151005604267105e-10
80.33033033033033	0.16672163175258178	27894.045712900363	6.181276182310239e-10
80.6056056056056	0.16711258535021506	27826.271157844913	6.211694888753072e-10
80.88088088088088	0.1673346478572765	27758.661276228588	6.242234908931021e-10
81.15615615615616	0.1675836503344254	27691.215667938075	6.272907544130973e-10
81.43143143143143	0.16793868606885928	27623.933933832344	6.303734609183211e-10
81.70670670670671	0.16836382808756312	27556.815675740138	6.334727262240374e-10
81.98198198198199	0.16879704921919664	27489.860496457553	6.365884117000383e-10
82.25725725725727	0.1691818562403512	27423.06799974574	6.397194980240687e-10
82.53253253253254	0.16954517750509268	27356.43779032863	6.428656604224415e-10
82.80780780780782	0.16992659874811686	27289.969473890622	6.460273204437546e-10
83.0830830830831	0.17032946148610312	27223.662657074183	6.492048758215669e-10
83.35835835835836	0.17072308850701173	27157.516947477543	6.523981408537985e-10
83.63363363363364	0.1710340650327139	27091.53195365223	6.556057678167932e-10
83.90890890890891	0.17128452862639698	27025.707285100936	6.58827107038394e-10
84.18418418418419	0.17159056102661557	26960.042552275285	6.620636189530851e-10
84.45945945945945	0.17195804956788108	26894.537366573444	6.653165428068149e-10
84.73473473473473	0.17233442713252964	26829.191340337675	6.685859644836278e-10
85.01001001001	0.17276150470631108	26764.004086852223	6.718726741958765e-10
85.28528528528528	0.17327253545507743	26698.975220341003	6.75177859489479e-10
85.56056056056056	0.173738344741193	26634.104355965086	6.785002587000058e-10
85.83583583583584	0.17408190016951963	26569.39110982051	6.818376158172087e-10
86.11111111111111	0.17441055533254363	26504.835098936233	6.851900520842753e-10
86.38638638638639	0.1747510965516787	26440.43594127177	6.885581360360949e-10
86.66166166166167	0.17500717119315656	26376.193255714763	6.919406715079649e-10
86.93693693693695	0.17524774877924626	26312.106662078968	6.953379456250074e-10
87.21221221221222	0.17564922089358945	26248.1757811021	6.987532323379353e-10
87.4874874874875	0.17613833045067742	26184.40023444331	7.021877884711834e-10
87.76276276276278	0.1765557303202722	26120.779644680795	7.056398360462958e-10
88.03803803803804	0.1769113893833128	26057.313635309823	7.091082123489707e-10
88.31331331331332	0.1772372182665042	25994.001830740483	7.125926061100169e-10
88.58858858858859	0.1774949346168646	25930.84385629544	7.160921321925696e-10
88.86386386386387	0.17770588118532896	25867.83933820772	7.19606508021734e-10
89.13913913913915	0.17799832174884048	25804.98790361869	7.231377855230244e-10
89.41441441441442	0.17835100158103398	25742.289180575648	7.266871730639037e-10
89.68968968968969	0.17860675240057786	25679.74279802943	7.302528386177824e-10
89.96496496496496	0.17883317004737545	25617.34838583251	7.338346041163799e-10
90.24024024024024	0.17919416408207023	25555.10557473695	7.374352628769971e-10
90.51551551551552	0.17959515947785742	25493.01399639187	7.410552765405999e-10
90.7907907907908	0.17989490512146897	25431.0732833412	7.446924961720136e-10
91.06606606606607	0.18011512875090818	25369.283069021705	7.483457003794272e-10
91.34134134134135	0.18032923590832217	25307.642987760923	7.52015299757611e-10
91.61661661661662	0.1806406963789308	25246.152674775018	7.557034896996494e-10
91.8918918918919	0.18100655454783934	25184.811766166433	7.594111812098347e-10
92.16716716716716	0.18122143243956176	25123.619898921505	7.631353644110185e-10
92.44244244244244	0.1813791212309333	25062.576710908714	7.668754840340772e-10
92.71771771771772	0.18175445004925986	25001.681840876845	7.706361532581543e-10
92.992992992993	0.1822221893355487	24940.934928452243	7.744185977064326e-10
93.26826826826827	0.18255354493167372	24880.335614136548	7.782195693507025e-10
93.54354354354355	0.18287689786200859	24819.883539305065	7.82038999001539e-10
93.81881881881883	0.18331443445010134	24759.578346204664	7.85879112333244e-10
94.0940940940941	0.1837315295615496	24699.41967795125	7.89739121197589e-10
94.36936936936937	0.18404500639480909	24639.407178527752	7.936169114019431e-10
94.64464464464464	0.18431114915071015	24579.540492782213	7.975119593335672e-10
94.91991991991992	0.18461838984601778	24519.819266425737	8.014255422272746e-10
95.1951951951952	0.18505247619322163	24460.24314603039	8.05360249537741e-10
95.47047047047047	0.185480241321291	24400.811779026782	8.093155557741771e-10
95.74574574574575	0.18570514777030694	24341.524813701883	8.132873923970069e-10
96.02102102102103	0.18587790571803597	24282.38189919746	8.172755660564453e-10
96.2962962962963	0.18616938224521243	24223.382685508037	8.212831854729581e-10
96.57157157157158	0.18643397673811377	24164.526823478343	8.253098458759527e-10
96.84684684684684	0.1865893005744897	24105.813964801353	8.293536965203016e-10
97.12212212212212	0.18678801887254046	24047.243762016562	8.334162854270233e-10
97.3973973973974	0.18709761733819494	23988.8158685078	8.375000930113226e-10
97.67267267267268	0.18745630293191284	23930.52993850103	8.41605819310762e-10
97.94794794794795	0.18779686754056363	23872.38562706224	8.45732719057896e-10
98.22322322322323	0.1880675404638046	23814.382590095418	8.498792568772477e-10
98.4984984984985	0.1883174602926776	23756.520484340734	8.540452611317238e-10
98.77377377377378	0.18862203359856042	23698.79896737249	8.582320970855981e-10
99.04904904904905	0.1889853229646615	23641.217697597007	8.624408925070066e-10
99.32432432432432	0.18938351434782738	23583.776334250568	8.666720514372887e-10
99.5995995995996	0.18977006412932662	23526.474537397356	8.709249878854542e-10
99.87487487487488	0.19011020662889855	23469.311967927435	8.751986053259184e-10
100.15015015015015	0.19039415415607946	23412.288287554824	8.794919176484539e-10
100.42542542542543	0.19067479111693592	23355.403158815574	8.838052630316823e-10
100.70070070070071	0.19104190897076206	23298.656245065842	8.881407056484316e-10
100.97597597597598	0.19142600508488594	23242.047210479628	8.924984250482098e-10
101.25125125125126	0.19170222049794486	23185.575720046705	8.968760839870413e-10
101.52652652652652	0.19191399049698785	23129.241439570902	9.012728391538925e-10
101.8018018018018	0.19213612056195445	23073.04403566819	9.05689592611395e-10
102.07707707707708	0.19237301013595764	23016.983175764584	9.101271294957136e-10
102.35235235235236	0.19262454772766124	22961.05852809418	9.145860579685768e-10
102.62762762762763	0.19290576119846153	22905.26976169722	9.190671633408304e-10
102.90290290290291	0.19322279723594696	22849.616546418078	9.235711835321544e-10
103.17817817817819	0.1935684425589613	22794.098552903346	9.280985487478217e-10
103.45345345345346	0.1939121358094549	22738.715452599794	9.326489806452971e-10
103.72872872872873	0.19422420849954375	22683.46691775245	9.372216907746895e-10
104.004004004004	0.19458424412613168	22628.35262140283	9.418177671913299e-10
104.27927927927928	0.19505572010299604	22573.372237387022	9.46439361702823e-10
104.55455455455456	0.19546878149203897	22518.525440333295	9.51084569492039e-10
104.82982982982983	0.19570878255515653	22463.811905660288	9.5574962217903e-10
105.10510510510511	0.19590782478598526	22409.231309575527	9.604345190459713e-10
105.38038038038039	0.19611744166768688	22354.783329073372	9.65140364501492e-10
105.65565565565566	0.19624225793990246	22300.467641932813	9.69865994478078e-10
105.93093093093094	0.19633315461773965	22246.28392671588	9.746116444717077e-10
106.2062062062062	0.19655801387516356	22192.23186276591	9.793810699671574e-10
106.48148148148148	0.1969517228688247	22138.311130205413	9.841778236688442e-10
106.75675675675676	0.19745607087326544	22084.521409934037	9.890033259397523e-10
107.03203203203203	0.19790312753757688	22030.862383626463	9.93855065876684e-10
107.30730730730731	0.19818505796152125	21977.333733730615	9.98728910022982e-10
107.58258258258259	0.19845749917364144	21923.935143466282	1.003625192280224e-09
107.85785785785787	0.19881912283871125	21870.666296823118	1.0085463185888776e-09
108.13313313313314	0.19919309270333316	21817.52687855848	1.013492428391551e-09
108.4084084084084	0.19948532550881495	21764.51657419552	1.0184616129821492e-09
108.68368368368368	0.19962158029148158	21711.635070021322	1.023450880814255e-09
108.95895895895896	0.19976075824919795	21658.882053085523	1.0284615299373274e-09
109.23423423423424	0.2001450043030126	21606.257211198645	1.0334998547398875e-09
109.50950950950951	0.2005977943104682	21553.760232929388	1.038566634012709e-09
109.78478478478479	0.20088098484287445	21501.39080760272	1.043657217998498e-09
110.06006006006007	0.20112253062424262	21449.148625298694	1.0487710594019445e-09
110.33533533533534	0.20142408337960874	21397.033376850617	1.0539100457389604e-09
110.61061061061062	0.2016599320693173	21345.044753842732	1.0590727919211321e-09
110.88588588588588	0.20182369724518348	21293.18244860864	1.064258170208678e-09
111.16116116116116	0.20209040267592082	21241.446154229856	1.0694693109797678e-09
111.43643643643644	0.2024731508761016	21189.835564533656	1.0747088382968478e-09
111.71171171171171	0.20285148924811622	21138.350374091002	1.0799759902706698e-09
111.98698698698699	0.2031513915141881	21086.990278214827	1.0852685679272733e-09
112.26226226226227	0.20335280891969246	21035.75497295834	1.0905845408503385e-09
112.53753753753755	0.20357121182699545	20984.6441551135	1.0959250890356205e-09
112.81281281281282	0.2038822241870759	20933.657522209138	1.1012928384817212e-09
113.08808808808809	0.20415238747490805	20882.79477250874	1.106686679061823e-09
113.36336336336336	0.20433022619267865	20832.055605008838	1.1121046479416822e-09
113.63863863863864	0.20454635231413887	20781.4397194376	1.1175483636156388e-09
113.91391391391392	0.20482168454493882	20730.94681625283	1.123019527358379e-09
114.1891891891892	0.20506378466754543	20680.576596639938	1.128517264652304e-09
114.46446446446447	0.20530528005636373	20630.32876251047	1.13404173567334e-09
114.73973973973975	0.20562421639499648	20580.203016500414	1.1395949240351099e-09
115.01501501501502	0.205897486750065	20530.199061968015	1.1451754169450097e-09
115.2902902902903	0.20602309599302268	20480.31660299206	1.1507798124348006e-09
115.56556556556556	0.20622109878059564	20430.55534437084	1.1564108787018682e-09
115.84084084084084	0.20659547673661713	20380.914991620124	1.1620731414848697e-09
116.11611611611612	0.20688691708165521	20331.39525097066	1.1677637474584084e-09
116.3913913913914	0.20704322255516638	20281.995829366875	1.1734794089844162e-09
116.66666666666667	0.2073023760143771	20232.71643446575	1.1792234890468152e-09
116.94194194194195	0.20765456689239198	20183.556774634573	1.1849982343945177e-09
117.21721721721723	0.2079148117287803	20134.516558948835	1.1908008416305774e-09
117.4924924924925	0.20810118518684795	20085.595497190934	1.196629751784666e-09
117.76776776776778	0.20831200594634997	20036.79329984864	1.202486264120872e-09
118.04304304304304	0.20857695477043722	19988.109678113233	1.2083720845156888e-09
118.31831831831832	0.20888062666362164	19939.54434387771	1.214288112659817e-09
118.5935935935936	0.20914284831276286	19891.097009734916	1.220233067504991e-09
118.86886886886887	0.20937202274102662	19842.767388976023	1.2262062677733751e-09
119.14414414414415	0.20971583025207266	19794.555195589186	1.2322109217980785e-09
119.41941941941943	0.21010088587310188	19746.460144257344	1.2382475694547768e-09
119.6946946946947	0.21027522557846015	19698.481950356098	1.2443103537748639e-09
119.96996996996998	0.21039257433111058	19650.62032995296	1.2503989249071817e-09
120.24524524524524	0.21076122203157124	19602.874999806056	1.2565208153352531e-09
120.52052052052052	0.21121945134888473	19555.245677361356	1.2626774361211466e-09
120.7957957957958	0.21154783579618006	19507.732080750844	1.2688642995400417e-09
121.07107107107107	0.21186445009441582	19460.333928791657	1.2750812077040228e-09
121.34634634634635	0.2122454006674193	19413.050940984307	1.2813299977904134e-09
121.62162162162163	0.21256347615783092	19365.88283751057	1.2876087876102782e-09
121.8968968968969	0.2128172246345447	19318.82933923208	1.2939162261329796e-09
122.17217217217218	0.21316584729972418	19271.890167689126	1.3002554731598278e-09
122.44744744744746	0.21360445524481986	19225.065045098545	1.306628720053796e-09
122.72272272272272	0.21400563859812158	19178.353694351834	1.3130342931141361e-09
122.997997997998	0.21425809750794259	19131.755839013524	1.3194681477661421e-09
123.27327327327328	0.21431885900648381	19085.271203319677	1.3259262998984967e-09
123.54854854854855	0.21439017477611197	19038.89951217692	1.33241119752179e-09
123.82382382382383	0.21460524004825485	18992.640491160597	1.3389281234068885e-09
124.0990990990991	0.214786647874371	18946.493866512425	1.3454762483768595e-09
124.37437437437438	0.21489892135957445	18900.45936513918	1.352054081377088e-09
124.64964964964966	0.2151636678739996	18854.536714611753	1.358666469822928e-09
124.92492492492492	0.2155581623400622	18808.72564316292	1.3653163406335178e-09
125.2002002002002	0.21584699869007218	18763.025879685192	1.3719995579722297e-09
125.47547547547548	0.21601396969950148	18717.437153729737	1.3787127689354453e-09
125.75075075075075	0.2161623345927435	18671.959195505147	1.3854563890925892e-09
126.02602602602603	0.21636945815031813	18626.591735875718	1.392232846339945e-09
126.30130130130131	0.21667195327986458	18581.334506359774	1.3990449194181855e-09
126.57657657657658	0.2170104466907637	18536.18723912785	1.4058930344011932e-09
126.85185185185186	0.21733894700312859	18491.149667001115	1.4127762922231372e-09
127.12712712712714	0.21766713219599626	18446.221523449938	1.419694365367662e-09
127.4024024024024	0.21798414314857048	18401.402542592277	1.4266467708591808e-09
127.67767767767768	0.21825489802920936	18356.692459191996	1.4336322449590741e-09
127.95295295295296	0.21850565453812484	18312.091008657513	1.440650658682862e-09
128.22822822822823	0.21879524305747233	18267.597927040293	1.4477035995936777e-09
128.5035035035035	0.21911370829795443	18223.212951033092	1.4547919716304063e-09
128.7787787787788	0.2194184725464965	18178.935817968337	1.4619152795528164e-09
129.05405405405406	0.21965218195902683	18134.766265816506	1.4690716115198363e-09
129.32932932932934	0.21980951360035497	18090.704033184746	1.476259501639576e-09
129.60460460460462	0.2200079727286089	18046.74885931563	1.4834812671740239e-09
129.87987987987987	0.22027024726446595	18002.90048408539	1.49073924855284e-09
130.15515515515517	0.22047360406522518	17959.158648001914	1.4980316711335725e-09
130.43043043043042	0.2206216652012387	17915.52309220366	1.5053574232358281e-09
130.70570570570572	0.2208244240099283	17871.993558458307	1.5127189129054173e-09
130.98098098098097	0.22110754393635182	17828.569789161098	1.5201186431516376e-09
131.25625625625628	0.22143200276496314	17785.25152733306	1.5275573231161683e-09
131.53153153153153	0.22166476177525438	17742.038516619257	1.5350316569737134e-09
131.80680680680683	0.22172157319030383	17698.930501287345	1.5425369022532387e-09
132.08208208208208	0.2217386176573928	17655.92722622678	1.5500737045661596e-09
132.35735735735736	0.22185013863842332	17613.02843694724	1.5576464970601701e-09
132.63263263263264	0.22211708703105287	17570.233879576932	1.565260276899324e-09
132.9079079079079	0.2225074326547424	17527.543300860827	1.5729177105441185e-09
133.1831831831832	0.22290484538909458	17484.956448158926	1.5806173039022002e-09
133.45845845845847	0.22325944891724286	17442.473069444903	1.5883565746847313e-09
133.73373373373374	0.2235722627778425	17400.092913304823	1.5961338535673598e-09
134.00900900900902	0.22387746268509096	17357.81572893572	1.60394903888372e-09
134.2842842842843	0.22420634762806396	17315.641266144088	1.6118030548597487e-09
134.55955955955955	0.22453402279304593	17273.56927534429	1.619695860051476e-09
134.83483483483485	0.2248253038470783	17231.599507556984	1.6276264165449547e-09
135.1101101101101	0.2250512071049314	17189.731714407742	1.6355931656259123e-09
135.3853853853854	0.2252211233743122	17147.965648125588	1.6435953437781695e-09
135.66066066066065	0.22538858791621635	17106.30106154178	1.6516340974784742e-09
135.93593593593596	0.22553318580748843	17064.73770808804	1.65970965885504e-09
136.2112112112112	0.22559650267914153	17023.275341795044	1.667820440198354e-09
136.4864864864865	0.225716129915954	16981.9137172915	1.6759696240713601e-09
136.76176176176176	0.22605598757567766	16940.652589802852	1.684164607744061e-09
137.03703703703704	0.22645277578879516	16899.491715148783	1.6924055888858656e-09
137.31231231231232	0.22673322467036167	16858.43084974171	1.7006873521867653e-09
137.5875875875876	0.22695178112598818	16817.469750586086	1.7090079949850503e-09
137.86286286286287	0.22715008238514187	16776.60817527692	1.7173675460913335e-09
138.13813813813815	0.2272908391505264	16735.845881998077	1.7257649002408135e-09
138.41341341341342	0.22739936841807865	16695.182629521067	1.734200134784281e-09
138.6886886886887	0.22756196137026977	16654.61817720377	1.7426761076584017e-09
138.96396396396398	0.22777283750834795	16614.15228498879	1.7511947043017708e-09
139.23923923923923	0.22796503361225626	16573.78471340178	1.7597551620582767e-09
139.51451451451453	0.22805378451404926	16533.515223549966	1.768354268955488e-09
139.78978978978978	0.2280129564160396	16493.343577120962	1.7769889683380122e-09
140.06506506506508	0.22803716133108665	16453.26953638202	1.7856634849251231e-09
140.34034034034033	0.22824447302432108	16413.292864178467	1.7943847090301068e-09
140.61561561561564	0.22850564634015574	16373.413323931398	1.8031533201044111e-09
140.8908908908909	0.228743930658295	16333.630679636519	1.811967340545492e-09
141.1661661661662	0.22897959954639452	16293.94469586299	1.8208261219796948e-09
141.44144144144144	0.22917025310437952	16254.355137751907	1.8297278675995573e-09
141.71671671671672	0.22925429240008877	16214.86177101477	1.838669322943393e-09
141.991991991992	0.22942575009755561	16175.464361933016	1.847654757641023e-09
142.26726726726727	0.2298827763167319	16136.162677356668	1.8566938993679481e-09
142.54254254254255	0.23032169122546137	16096.956484701177	1.8657834026209495e-09
142.81781781781783	0.23048834207384816	16057.845551946248	1.8749123940744334e-09
143.0930930930931	0.2305997008974115	16018.829647636083	1.8840806932575824e-09
143.36836836836838	0.23079172431676093	15979.908540877725	1.8932928636684965e-09
143.64364364364366	0.23096676824116455	15941.082001338904	1.90254881805701e-09
143.9189189189189	0.23108265338650835	15902.349799246846	1.911847107789772e-09
144.1941941941942	0.23117173810867742	15863.71170538717	1.921187894178783e-09
144.46946946946946	0.23130160163862318	15825.167491102695	1.9305736909983652e-09
144.74474474474476	0.23153690488825318	15786.716928292026	1.940008574778334e-09
145.02002002002	0.2318208088443566	15748.359789407832	1.949493487963592e-09
145.29529529529532	0.23207265473852146	15710.095847455337	1.95902633804214e-09
145.57057057057057	0.23227167609665275	15671.924875991272	1.968605004933324e-09
145.84584584584587	0.23245976009966549	15633.846649122675	1.978229556547247e-09
146.12112112112112	0.23276961556724746	15595.860941505978	1.987904817753942e-09
146.3963963963964	0.23316005706941345	15557.967528344961	1.9976327666333716e-09
146.67167167167167	0.23339909048229315	15520.166185388767	2.007406572277934e-09
146.94694694694695	0.2335879044002145	15482.45668893177	2.0172251733470274e-09
147.22222222222223	0.23401367481589416	15444.838815812984	2.0270982331463352e-09
147.4974974974975	0.23450795837338861	15407.312343413012	2.0370264762423985e-09
147.77277277277278	0.23479672580174324	15369.877049652334	2.0470005625185276e-09
148.04804804804806	0.23500326492132853	15332.53271299149	2.0570185547839635e-09
148.32332332332334	0.23526471176184338	15295.279112429822	2.067084172012746e-09
148.59859859859858	0.23550792584168012	15258.116027503384	2.0771973895470053e-09
148.8738738738739	0.23572607884527366	15221.043238283843	2.0873580098165923e-09
149.14914914914914	0.23604534312629202	15184.06052537777	2.097570616891918e-09
149.42442442442444	0.23644346305666705	15147.167669924698	2.107837647019792e-09
149.6996996996997	0.2367679105701448	15110.364453595355	2.118155211782e-09
149.974974974975	0.2369817192376567	15073.650658590785	2.1285193188549954e-09
150.25025025025025	0.2371234651516372	15037.026067641395	2.1389287132962304e-09
150.52552552552555	0.2372803774511537	15000.490464005828	2.149385860519783e-09
150.8008008008008	0.2375122089737847	14964.04363146962	2.15989478600633e-09
151.07607607607608	0.2377482620066345	14927.685354343359	2.1704556829419764e-09
151.35135135135135	0.23795673071996198	14891.415417461574	2.1810675577125504e-09
151.62662662662663	0.23821665481396453	14855.23360618192	2.1917328109742907e-09
151.9019019019019	0.23850075879833746	14819.139706383476	2.2024521426861185e-09
152.17717717717719	0.23867045872524398	14783.133504464995	2.2132208023827473e-09
152.45245245245246	0.23883506449453246	14747.214787344687	2.224039790892669e-09
152.72772772772774	0.23921261016097747	14711.383342459389	2.2349183056924173e-09
153.00300300300302	0.23957718710447232	14675.638957761512	2.245854024293102e-09
153.2782782782783	0.23966219833820607	14639.981421717537	2.256835052257123e-09
153.55355355355357	0.23976078010579652	14604.410523309161	2.267864707529172e-09
153.82882882882885	0.24009552390218364	14568.92605203173	2.2789540823856185e-09
154.10410410410412	0.2404261004995705	14533.52779789107	2.290101452646474e-09
154.37937937937937	0.24064965320896373	14498.215551402789	2.30130165592618e-09
154.65465465465465	0.24092961732547907	14462.989103592188	2.3125577038840318e-09
154.92992992992993	0.24124981473230275	14427.848245992256	2.323871111529247e-09
155.2052052052052	0.24144824246156157	14392.792770641814	2.3352365359986397e-09
155.48048048048048	0.24157139098290298	14357.82247008516	2.3466522456035705e-09
155.75575575575576	0.241757109708947	14322.93713737126	2.358122671673922e-09
156.03103103103103	0.2420443199922582	14288.136566052099	2.3696525171189465e-09
156.3063063063063	0.24240460530279434	14253.420550181156	2.3812439557438532e-09
156.5815815815816	0.24270624244565508	14218.788884311727	2.392893214853978e-09
156.85685685685687	0.24289237280085416	14184.24136349604	2.4045954728115675e-09
157.13213213213214	0.24306259531660127	14149.777783284726	2.416351586279908e-09
157.40740740740742	0.24324371485970087	14115.397939725295	2.428163325306805e-09
157.6826826826827	0.24338013612746676	14081.101629360563	2.4400296882796277e-09
157.95795795795797	0.24353906060830138	14046.888649227998	2.4519528576905497e-09
158.23323323323325	0.24384002438797928	14012.758796858774	2.4639393986305503e-09
158.50850850850853	0.2442103626739961	13978.711870275682	2.475990874452999e-09
158.7837837837838	0.24453435273712626	13944.747667991733	2.4881036033211637e-09
159.05905905905905	0.24481572955177683	13910.865989009528	2.500275321524676e-09
159.33433433433433	0.24506405321333338	13877.066632820053	2.5125049778045498e-09
159.6096096096096	0.24524410849546968	13843.349399401344	2.524790448379295e-09
159.88488488488488	0.24536191499294746	13809.714089217443	2.5371306203020208e-09
160.16016016016016	0.2454834141607682	13776.16050321753	2.5495276295861843e-09
160.43543543543544	0.24565216553646044	13742.688442834646	2.561984888963206e-09
160.7107107107107	0.24588485789316605	13709.29770998436	2.5745055436764427e-09
160.985985985986	0.24615248927697334	13675.98810706342	2.587090589744746e-09
161.26126126126127	0.2464051375314947	13642.759436948461	2.5997386430007165e-09
161.53653653653654	0.24659896195665534	13609.611502994858	2.6124469476534096e-09
161.81181181181182	0.2467357548378168	13576.54410903579	2.6252137949081957e-09
162.0870870870871	0.24693423831148617	13543.557059381641	2.638043324892318e-09
162.36236236236238	0.24723043129990233	13510.650158818467	2.6509400488298016e-09
162.63763763763765	0.24749799999497504	13477.823212606012	2.6639015551715584e-09
162.91291291291293	0.24768552479291564	13445.076026476949	2.676924019313952e-09
163.1881881881882	0.2478309358908584	13412.408406636136	2.6900066235455068e-09
163.46346346346348	0.2479676958768267	13379.820159759485	2.7031503998455284e-09
163.73873873873873	0.24812293143250547	13347.311092992757	2.7163573627506474e-09
164.014014014014	0.2483167192277446	13314.881013950413	2.729629888267451e-09
164.2892892892893	0.2485647702971103	13282.52973071445	2.742970411004578e-09
164.56456456456456	0.2488765645183343	13250.257051833227	2.756381130237129e-09
164.83983983983984	0.2492463897144376	13218.062786320248	2.7698633957479463e-09
165.11511511511512	0.24963965954462838	13185.946743652905	2.783416655236369e-09
165.3903903903904	0.24999211452152406	13153.908733771179	2.7970376924008056e-09
165.66566566566567	0.25021804353629284	13121.948567076379	2.8107204790586615e-09
165.94094094094095	0.2503943860220375	13090.0660544309	2.8244645912371826e-09
166.21621621621622	0.25069082058563813	13058.261007157582	2.8382777250230568e-09
166.4914914914915	0.2510213671340942	13026.533237037253	2.8521611892494167e-09
166.76676676676678	0.2512245549408729	12994.882556307202	2.8661084196839617e-09
167.04204204204206	0.2513372641925652	12963.308777661145	2.8801168065877127e-09
167.31731731731733	0.25145171424019597	12931.811714248362	2.8941890240400867e-09
167.5925925925926	0.25165982043415785	12900.39117967265	2.908331332165414e-09
167.8678678678679	0.2519231705154629	12869.046987990494	2.9225462518740493e-09
168.14314314314316	0.2520163002448261	12837.778953708945	2.9368248353739964e-09
168.4184184184184	0.2519859530948744	12806.586891786004	2.9511633652347456e-09
168.6936936936937	0.2521198068878029	12775.470617630841	2.9655732651627404e-09
168.96896896896897	0.2523733530469506	12744.42994710092	2.9800602251199373e-09
169.24424424424424	0.2525466244377887	12713.464696500012	2.9946185080043522e-09
169.51951951951952	0.25268982188086825	12682.574682578495	3.0092468018006294e-09
169.7947947947948	0.25288570091003987	12651.75972253246	3.0239483858381708e-09
170.07007007007007	0.2530376930766968	12621.01963400163	3.0387208435880527e-09
170.34534534534535	0.25311820560469395	12590.354235068646	3.053561291512584e-09
170.62062062062063	0.2532971146985075	12559.763344259127	3.068476313093908e-09
170.8958958958959	0.25362014552671036	12529.24678053991	3.0834727539841323e-09
171.17117117117118	0.2539690985894552	12498.804363317024	3.098549461932493e-09
171.44644644644646	0.2543376880522465	12468.435912435256	3.1137054809711296e-09
171.72172172172174	0.2547799198746452	12438.141248177442	3.1289430192962558e-09
171.996996996997	0.25514679924623423	12407.920191262223	3.144256168210153e-09
172.2722722722723	0.2552864200221552	12377.772562842945	3.1596333807775783e-09
172.54754754754757	0.2554080450496585	12347.698184508712	3.1750776403743075e-09
172.82282282282284	0.2556983225071992	12317.696878283232	3.1906005816319767e-09
173.0980980980981	0.2560650100102817	12287.76846662212	3.2062054206166657e-09
173.37337337337337	0.25641935332350646	12257.912772411852	3.2218898871837896e-09
173.64864864864865	0.25673786656421355	12228.129618969104	3.2376513782811123e-09
173.92392392392392	0.2570021325005501	12198.41883003973	3.2534873210218304e-09
174.1991991991992	0.25719476997375645	12168.78022979772	3.2693952067460686e-09
174.47447447447448	0.25730902324511645	12139.213642844239	3.2853731119650356e-09
174.74974974974975	0.25735676305783867	12109.718894206668	3.3014204696532105e-09
175.02502502502503	0.2574173350896708	12080.295809338035	3.3175411694325038e-09
175.3003003003003	0.2575718688505193	12050.944214115962	3.333742214832891e-09
175.57557557557558	0.25783851180111467	12021.663934841281	3.350029397958333e-09
175.85085085085086	0.2581607628427017	11992.454798236517	3.366403739713587e-09
176.12612612612614	0.2583751322146099	11963.316631444193	3.3828573296094946e-09
176.40140140140142	0.25850541169179686	11934.24926202697	3.3993862819278116e-09
176.6766766766767	0.2587712538048457	11905.252517967872	3.4159999563853068e-09
176.95195195195197	0.25906674219193493	11876.326227667221	3.432699021540603e-09
177.22722722722725	0.2591277264882498	11847.470219940582	3.4494697166652942e-09
177.50250250250252	0.25919129661202506	11818.684324020966	3.4663158820978123e-09
177.77777777777777	0.2595554511480366	11789.968369558237	3.483256522041362e-09
178.05305305305305	0.2599355094456927	11761.322186614341	3.5002888429955795e-09
178.32832832832833	0.2601192318071453	11732.745605662738	3.517399425811357e-09
178.6036036036036	0.2603773325867027	11704.238457590562	3.5345944444961194e-09
178.87887887887888	0.2607925557656868	11675.800573696397	3.5518827547867784e-09
179.15415415415416	0.2611072798597716	11647.431785687038	3.5692560397620117e-09
179.42942942942943	0.26126851043772875	11619.13192567782	3.5867059380224114e-09
179.7047047047047	0.26141191797454116	11590.900826192876	3.604234628068017e-09
179.97997997998	0.2616045761949802	11562.738320163726	3.62184746350852e-09
180.25525525525526	0.2618625754878856	11534.644240927943	3.6395490540768937e-09
180.53053053053054	0.26214333530580525	11506.618422227752	3.657340194152661e-09
180.80580580580582	0.26238842331408474	11478.660698208947	3.675218227879435e-09
181.0810810810811	0.26254725928160016	11450.770903419958	3.693178635703145e-09
181.35635635635637	0.26267877803910183	11422.948872811612	3.711221934450406e-09
181.63163163163165	0.2630156213007026	11395.19444173737	3.729362036034369e-09
181.90690690690693	0.26348503833283876	11367.507445950272	3.747604127719942e-09
182.1821821821822	0.26370784606645653	11339.887721599787	3.7659297677322315e-09
182.45745745745745	0.26371821397977685	11312.335105233704	3.7843288627620725e-09
182.73273273273273	0.26379671011081607	11284.849433798918	3.802811265384049e-09
183.008008008008	0.26400780436364774	11257.430544638974	3.821387428687381e-09
183.28328328328328	0.26430600291994394	11230.078275492315	3.840061755262212e-09
183.55855855855856	0.2645621352450416	11202.792464490736	3.858829669087024e-09
183.83383383383384	0.26471159782065257	11175.572950158838	3.87768444965882e-09
184.1091091091091	0.26486825641894524	11148.419571414393	3.896628597205966e-09
184.3843843843844	0.26509184757813536	11121.332167566987	3.91566749895682e-09
184.65965965965967	0.2653399115854589	11094.310578316346	3.9348023204509645e-09
184.93493493493494	0.26555539841805403	11067.354643751263	3.9540305430382205e-09
185.21021021021022	0.2656883724779869	11040.464204348704	3.9733476220010854e-09
185.4854854854855	0.26579982820613046	11013.63910097367	3.9927544149391855e-09
185.76076076076077	0.2659832320768914	10986.879174878524	4.012257357920474e-09
186.03603603603605	0.26622638675675153	10960.184267701252	4.031860116908198e-09
186.31131131131133	0.26648444014537626	10933.5542214643	4.05156251686731e-09
186.5865865865866	0.26670885334859934	10906.988878573586	4.071361604433731e-09
186.86186186186188	0.26689809139442117	10880.488081817917	4.091255498271373e-09
187.13713713713713	0.2671244309815195	10854.05167436864	4.111247632229906e-09
187.4124124124124	0.267374445973698	10827.679499778053	4.131339594351445e-09
187.68768768768768	0.2675536171028986	10801.371401977858	4.151526646691852e-09
187.96296296296296	0.26769776749125407	10775.127225279215	4.171808088375996e-09
188.23823823823824	0.2679045917122851	10748.946814372348	4.1921898140553e-09
188.51351351351352	0.2681442443756906	10722.830014324605	4.212673973425736e-09
188.7887887887888	0.2683676492643403	10696.776670579404	4.233259016826558e-09
189.06406406406407	0.2686241658653114	10670.786628956075	4.253947268771809e-09
189.33933933933935	0.2689039277391954	10644.859735648497	4.274739799586006e-09
189.61461461461462	0.2690384332488213	10618.995837222914	4.295626579609053e-09
189.8898898898899	0.2690347569616704	10593.194780618405	4.316601621938685e-09
190.16516516516518	0.2691297787387338	10567.456413147846	4.337676579842127e-09
190.44044044044045	0.2693731992582524	10541.780582495523	4.3588625391762e-09
190.71571571571573	0.2696614842557068	10516.167136714985	4.380160169845264e-09
190.990990990991	0.2699071929368061	10490.615924228257	4.401564331406165e-09
191.26626626626629	0.27006155738214466	10465.126793825251	4.423068596431797e-09
191.54154154154156	0.2702048093520547	10439.699594663942	4.444674256970987e-09
191.8168168168168	0.27041021923511316	10414.334176269398	4.466387229652678e-09
192.0920920920921	0.27064190303794106	10389.03038853203	4.488209169013559e-09
192.36736736736736	0.27084291972586283	10363.788081706487	4.510137507896141e-09
192.64264264264264	0.27095653717398704	10338.607106410791	4.532166900558416e-09
192.91791791791792	0.27105466868827	10313.487313626503	4.554298894802737e-09
193.1931931931932	0.2713075641106713	10288.428554698725	4.576546299767132e-09
193.46846846846847	0.2716356630972436	10263.430681333088	4.59891225853684e-09
193.74374374374375	0.271852629724793	10238.493545593947	4.621386215148432e-09
194.01901901901903	0.27201201796783114	10213.616999905536	4.643965148120182e-09
194.2942942942943	0.2722205977758398	10188.800897051593	4.666654661502995e-09
194.56956956956958	0.2724818864209158	10164.04509017359	4.689458853471127e-09
194.84484484484486	0.27275339018323697	10139.349432769452	4.7123776319876664e-09
195.12012012012013	0.27294751771094694	10114.713778692305	4.7354049875841215e-09
195.3953953953954	0.27307320684363967	10090.13798215043	4.758537806295617e-09
195.6706706706707	0.27325035934480596	10065.621897707417	4.781782708389297e-09
195.94594594594597	0.2734741449373325	10041.165380280177	4.805143862055272e-09
196.22122122122124	0.27366029193738645	10016.768285137397	4.828618177996179e-09
196.4964964964965	0.2738444570243301	9992.430467899725	4.852206387671743e-09
196.77177177177177	0.27409706585303684	9968.151784539261	4.875914228069482e-09
197.04704704704704	0.2744080484935373	9943.932091377983	4.899744924195461e-09
197.32232232232232	0.27472127183874634	9919.771245086447	4.923696728848286e-09
197.5975975975976	0.2749221183856601	9895.669102682405	4.947760380468839e-09
197.87287287287288	0.2750080301154009	9871.625521530988	4.9719298499076525e-09
198.14814814814815	0.2751453456572554	9847.640359345412	4.9962135714370895e-09
198.42342342342343	0.2753504754522757	9823.71347418478	5.0206184304253936e-09
198.6986986986987	0.2755033929841994	9799.844724451958	5.045140243821682e-09
198.97397397397398	0.2755940382937853	9776.03396889375	5.0697757398782596e-09
199.24924924924926	0.27566948773263256	9752.281066600604	5.0945264826318515e-09
199.52452452452454	0.27574030194140425	9728.58587700545	5.119394465736389e-09
199.7997997997998	0.275820591154195	9704.948259882873	5.144382240028729e-09
200.0750750750751	0.2759725341564452	9681.368075348784	5.16949636719915e-09
200.35035035035037	0.2762062820309868	9657.845183859086	5.19474211389167e-09
200.62562562562564	0.27642305542250256	9634.379446207791	5.220115619477647e-09
200.90090090090092	0.2765981189352025	9610.970723526892	5.245612712313282e-09
201.17617617617617	0.27679651117286547	9587.618877286433	5.271235895167683e-09
201.45145145145145	0.2770043147997641	9564.32376929291	5.296985939677704e-09
201.72672672672672	0.2771639927988373	9541.085261688026	5.3228591113624065e-09
202.002002002002	0.2773169018383579	9517.90321694884	5.348856413149881e-09
202.27727727727728	0.2775126949453068	9494.777497887064	5.374982584712236e-09
202.55255255255256	0.27766979331841307	9471.707967646922	5.401234526542593e-09
202.82782782782783	0.27776144226971566	9448.69448970488	5.42760833585752e-09
203.1031031031031	0.2779562035265969	9425.73692787083	5.4541150151314584e-09
203.3783783783784	0.2782721982339061	9402.83514628577	5.4807633716155465e-09
203.65365365365366	0.27849041721548173	9379.989009418572	5.507541909865703e-09
203.92892892892894	0.27855866971776666	9357.198382066852	5.534439238299249e-09
204.20420420420422	0.2785806280043799	9334.46312935778	5.561456499686932e-09
204.4794794794795	0.27863709601371894	9311.78311674708	5.588601137218507e-09
204.75475475475477	0.2787727000244317	9289.158210017833	5.615881799423491e-09
205.03003003003005	0.278924801804262	9266.588275278611	5.64329922583397e-09
205.30530530530532	0.27906417364181163	9244.073178962988	5.6708517493320515e-09
205.5805805805806	0.2793526275891047	9221.61278783079	5.6985518297029834e-09
205.85585585585588	0.2797830954871676	9199.206968965529	5.7264072181216605e-09
206.13113113113113	0.2800105867967709	9176.855589769995	5.754394646343168e-09
206.4064064064064	0.2800205253301135	9154.558517968957	5.782498112309152e-09
206.68168168168168	0.28015890932993925	9132.315621612286	5.810736332623858e-09
206.95695695695696	0.2804562920778955	9110.126769070814	5.839124177951828e-09
207.23223223223223	0.2807409069849358	9087.99182903335	5.867657066655211e-09
207.5075075075075	0.2809479569155317	9065.910670507039	5.896326834257872e-09
207.7827827827828	0.28106688815319353	9043.883162817163	5.925127559717248e-09
208.05805805805807	0.28112533861476935	9021.909175606814	5.954057991476594e-09
208.33333333333334	0.28114759357136077	8999.988578836066	5.9831195991094985e-09
208.60860860860862	0.2811327958686863	8978.121242780944	6.012313455774308e-09
208.8838838838839	0.28112201881117826	8956.30703803312	6.041644001179672e-09
209.15915915915917	0.28120838926004404	8934.545835499755	6.0711224012029294e-09
209.43443443443445	0.2813628984735652	8912.83750640136	6.100753602694446e-09
209.70970970970973	0.2814720841559642	8891.181922270061	6.13053115165839e-09
209.984984984985	0.281573805981338	8869.578954950553	6.160454478658278e-09
210.26026026026028	0.2817524717507208	8848.028476599884	6.1905309302971575e-09
210.53553553553556	0.2819499976864321	8826.530359685072	6.220760371159633e-09
210.8108108108108	0.28210110765594293	8805.084476982245	6.251137180713874e-09
211.08608608608608	0.2822357462827955	8783.690701576992	6.2816606791122285e-09
211.36136136136136	0.2823913314185731	8762.34890686371	6.312334044774208e-09
211.63663663663664	0.2825890199591532	8741.05896654466	6.3431614965094636e-09
211.91191191191191	0.2827997020320066	8719.82075462865	6.37414338981295e-09
212.1871871871872	0.2829515985131636	8698.634145429747	6.405273702874705e-09
212.46246246246247	0.28304555476842863	8677.499013567403	6.436548898539517e-09
212.73773773773775	0.2831318218657294	8656.415233966301	6.467971552271539e-09
213.01301301301302	0.2832784849034863	8635.382681855852	6.499549839426344e-09
213.2882882882883	0.2835228229029836	8614.40123276909	6.531292741573836e-09
213.56356356356358	0.2837733278799019	8593.470762540379	6.563197833477756e-09
213.83883883883885	0.28397278938003917	8572.591147305066	6.5952585212688775e-09
214.11411411411413	0.2841896419558333	8551.762263500283	6.627477261527084e-09
214.3893893893894	0.2844385112149872	8530.98398786358	6.659857286732211e-09
214.66466466466468	0.284655630002973	8510.256197431205	6.6923949397051845e-09
214.93993993993996	0.2848984954502187	8489.578769538895	6.7250936067473874e-09
215.21521521521524	0.2852923621949194	8468.951581822019	6.757967662593076e-09
215.4904904904905	0.28572775944138207	8448.374512211898	6.7910161765328955e-09
215.76576576576576	0.28602234165982016	8427.84743893413	6.824221405150857e-09
216.04104104104104	0.2861662637432172	8407.370240510034	6.857571347473496e-09
216.31631631631632	0.2862256001103199	8386.942795756915	6.891064946677628e-09
216.5915915915916	0.28633693349163303	8366.564983788261	6.924714980602297e-09
216.86686686686687	0.2865594808945879	8346.236684012063	6.958535638478538e-09
217.14214214214215	0.2868163550173158	8325.957776128347	6.99252878221362e-09
217.41741741741743	0.2870564653697144	8305.728140128767	7.0266909065410735e-09
217.6926926926927	0.28726398448389767	8285.54765629636	7.061018522365251e-09
217.96796796796798	0.2874158140427279	8265.416205204718	7.095507411951535e-09
218.24324324324326	0.28749695316245993	8245.333667717405	7.130153669193729e-09
218.51851851851853	0.2875676370993484	8225.299924988243	7.164961066415744e-09
218.7937937937938	0.28768637573786615	8205.314858460604	7.19993813920948e-09
219.0690690690691	0.2878193745561571	8185.37834986547	7.235087230859589e-09
219.34434434434436	0.28794916634944956	8165.4902812209575	7.270408379637218e-09
219.61961961961964	0.288124730772401	8145.65053483251	7.305906891951264e-09
219.89489489489492	0.288344399873803	8125.858993291529	7.341586307669076e-09
220.17017017017017	0.2885417475179316	8106.115539473787	7.377442419864691e-09
220.44544544544544	0.2887105821939812	8086.420056539536	7.413472235412804e-09
220.72072072072072	0.2888882552460552	8066.772427933434	7.449678013704661e-09
220.995995995996	0.28908666167925373	8047.172537383506	7.486062740508391e-09
221.27127127127127	0.28930976114672097	8027.6202689003485	7.522629052155478e-09
221.54654654654655	0.2895776591383154	8008.115506776665	7.559381059169115e-09
221.82182182182183	0.2898825397956266	7988.658135586203	7.596320898964365e-09
222.0970970970971	0.2901394117832681	7969.248040181956	7.633441329114954e-09
222.37237237237238	0.2903124346193696	7949.88510569618	7.670734290770333e-09
222.64764764764766	0.2904551471946265	7930.569217540965	7.708200647978722e-09
222.92292292292294	0.2906247312234682	7911.300261407642	7.745847336293821e-09
223.1981981981982	0.2908637227917011	7892.078123265914	7.783683625679417e-09
223.4734734734735	0.2911044027190253	7872.902689361564	7.821708469936427e-09
223.74874874874877	0.29125641620788906	7853.773846215458	7.859911805895295e-09
224.02402402402404	0.29143685424518595	7834.6914806258765	7.898300248903171e-09
224.29929929929932	0.2917401973164046	7815.655479667561	7.936888596018109e-09
224.5745745745746	0.2919789568345618	7796.665730686877	7.97566612637437e-09
224.84984984984985	0.29206206157294073	7777.7221213025205	8.014616416510015e-09
225.12512512512512	0.29217073252395126	7758.824539408931	8.053749299861854e-09
225.4004004004004	0.2923862402369615	7739.972873174164	8.09308029438395e-09
225.67567567567568	0.29264626326048754	7721.167011037094	8.132612671106827e-09
225.95095095095095	0.2929107045829733	7702.406841707042	8.172344411714364e-09
226.22622622622623	0.2931585105614152	7683.692254163425	8.212272258321878e-09
226.5015015015015	0.2933563556431214	7665.02313765489	8.252390770087689e-09
226.77677677677679	0.29349025240337145	7646.399381698951	8.292695272461279e-09
227.05205205205206	0.29364310359450807	7627.820876082829	8.333192519213132e-09
227.32732732732734	0.29386185139893817	7609.287510862278	8.373892451690444e-09
227.60260260260262	0.29405703606393135	7590.799176358804	8.414791505455968e-09
227.8778778778779	0.29417959078240824	7572.355763159618	8.455882169024063e-09
228.15315315315317	0.2942676145281566	7553.957162118352	8.497164421269228e-09
228.42842842842845	0.29443422585835627	7535.603264355645	8.538651656251317e-09
228.70370370370372	0.29481815981652837	7517.293961258907	8.58036881087081e-09
228.978978978979	0.2952559559932644	7499.0291444768945	8.622313001089387e-09
229.25425425425428	0.29548845761436576	7480.808705917446	8.66445253931176e-09
229.52952952952953	0.2955835082861511	7462.632537752076	8.706775811770445e-09
229.8048048048048	0.29568274375518866	7444.500532416565	8.749292504186358e-09
230.08008008008008	0.29584198839135395	7426.412582608964	8.792015638297798e-09
230.35535535535536	0.296059652195165	7408.3685812880385	8.834953588162479e-09
230.63063063063063	0.2962642154661974	7390.368421671462	8.878103484628921e-09
230.9059059059059	0.2964549416100464	7372.411997236348	8.921463829077892e-09
231.1811811811812	0.2967066519707472	7354.499201719877	8.965043072183046e-09
231.45645645645646	0.2970037791185904	7336.629929117177	9.008845052960055e-09
231.73173173173174	0.2972792223624368	7318.804073679815	9.052864464969705e-09
232.00700700700702	0.297534737127507	7301.021529916328	9.097098599893307e-09
232.2822822822823	0.2977755063476235	7283.282192591643	9.141546788189212e-09
232.55755755755757	0.29791674323263834	7265.585956724926	9.186198593798193e-09
232.83283283283285	0.29794750095373523	7247.932717590204	9.231046473279669e-09
233.10810810810813	0.2980586793484317	7230.322370719222	9.276109632979762e-09
233.3833833833834	0.29829061438840254	7212.75481189829	9.321405509624314e-09
233.65865865865868	0.29846308723587905	7195.229937163821	9.366922984193196e-09
233.93393393393396	0.29862158102177966	7177.747642805606	9.412661204920572e-09
234.2092092092092	0.2989728377688916	7160.30782536907	9.458646068605498e-09
234.48448448448448	0.29941904209542086	7142.910381649324	9.504881906146063e-09
234.75975975975976	0.2997439277429987	7125.555208688424	9.551344494347403e-09
235.03503503503504	0.299905584440146	7108.2422037777815	9.59801380027651e-09
235.3103103103103	0.29994996192581536	7090.971264459148	9.644883536070232e-09
235.5855855855856	0.300020438416984	7073.742288525773	9.691968475995865e-09
235.86086086086087	0.30019018898280425	7056.555174020585	9.739287638491324e-09
236.13613613613614	0.30039115184778553	7039.40981923303	9.786844533511891e-09
236.41141141141142	0.30058741524101046	7022.306122699034	9.834637139567692e-09
236.6866866866867	0.300784817963699	7005.243983201163	9.882665401748737e-09
236.96196196196198	0.30094222050029823	6988.223299767148	9.930924335465325e-09
237.23723723723725	0.30101511716089424	6971.243971669218	9.979405392140153e-09
237.51251251251253	0.30112464099975345	6954.305898426576	1.0028119629782854e-08
237.7877877877878	0.3013869980412044	6937.408979804769	1.0077089795196046e-08
238.06306306306308	0.30168365416550963	6920.553115810696	1.0126314777688949e-08
238.33833833833836	0.3019056057787022	6903.738206692153	1.0175779800502342e-08
238.61361361361364	0.3020699457925525	6886.96415293961	1.0225478408991846e-08
238.88888888888889	0.30224254673893214	6870.230855286561	1.0275415891300202e-08
239.16416416416416	0.3025194992683738	6853.538214709537	1.0325608990791521e-08
239.43943943943944	0.30282190631008754	6836.88613242419	1.0376057886064496e-08
239.71471471471472	0.3029702588545126	6820.274509882698	1.0426738674722268e-08
239.98998998999	0.30307675252864175	6803.703248778832	1.0477652291028015e-08
240.26526526526527	0.30332510049098627	6787.172251048808	1.0528825006943003e-08
240.54054054054055	0.30359458718176224	6770.681418864784	1.0580256956553619e-08
240.81581581581582	0.30373709538627197	6754.23065463368	1.0631928169425149e-08
241.0910910910911	0.30375504776333107	6737.819860999546	1.0683827008380176e-08
241.36636636636638	0.30373339115664166	6721.448940844637	1.0735958494175166e-08
241.64164164164166	0.30384000646015136	6705.117797290545	1.0788349725001358e-08
241.91691691691693	0.30406769901087327	6688.826333694159	1.0841017012597722e-08
242.1921921921922	0.30424949091899284	6672.5744536438315	1.0893947356727141e-08
242.4674674674675	0.30438178421365514	6656.362060962078	1.0947132686022138e-08
242.74274274274276	0.30453802715165845	6640.189059706583	1.1000578973655423e-08
243.01801801801804	0.3046554762608569	6624.055354166864	1.1054281396642973e-08
243.29329329329332	0.30468024280338607	6607.960848863863	1.1108229651161645e-08
243.56856856856857	0.3047472653505004	6591.905448553279	1.1162437326620333e-08
243.84384384384384	0.3049331206667172	6575.889058223849	1.1216924476730752e-08
244.11911911911912	0.3051280683532194	6559.911583092907	1.1271688039442296e-08
244.3943943943944	0.3053020658727665	6543.97292860744	1.1326722247860627e-08
244.66966966966967	0.3055353427943104	6528.073000445879	1.138203588308334e-08
244.94494494494495	0.3057641317518794	6512.211704514482	1.143762548152377e-08
245.22022022022023	0.30584554779555895	6496.388946945069	1.1493468178470482e-08
245.4954954954955	0.30587264613879167	6480.604634099483	1.1549564159636373e-08
245.77077077077078	0.3060159022654304	6464.858672570751	1.160593954060134e-08
246.04604604604606	0.3063221151151785	6449.150969179918	1.1662618068231749e-08
246.32132132132134	0.306713078604881	6433.481430972789	1.1719603215064937e-08
246.5965965965966	0.306889580666665	6417.849965214473	1.177685230907926e-08
246.8718718718719	0.30679853559485326	6402.256479394142	1.1834331381677063e-08
247.14714714714717	0.3067879879521398	6386.7008812333615	1.1892073062112536e-08
247.42242242242244	0.3069806948445284	6371.183078680689	1.1950116838961382e-08
247.69769769769772	0.3072616270243808	6355.702979905839	1.2008469946576457e-08
247.972972972973	0.3074936213763243	6340.260493298601	1.2067116200608046e-08
248.24824824824825	0.30756873129556705	6324.855527468894	1.2126029363202622e-08
248.52352352352352	0.3075766768638341	6309.487991250648	1.2185207747159348e-08
248.7987987987988	0.3076345025570437	6294.157793701964	1.2244669148750457e-08
249.07407407407408	0.3077388338254647	6278.864844101852	1.2304424530136402e-08
249.34934934934935	0.3078731899836559	6263.609051949388	1.2364478604786913e-08
249.62462462462463	0.3080393429529162	6248.390326963595	1.2424835146068639e-08
249.8998998998999	0.3082254528751415	6233.208579082588	1.2485495180935088e-08
250.17517517517518	0.30840549205311635	6218.0637184627085	1.2546455753426065e-08
250.45045045045046	0.30859802104094713	6202.955655479028	1.2607718618126378e-08
250.72572572572574	0.30883523266042495	6187.884300725145	1.2669290657171504e-08
251.00100100100101	0.3090236756710808	6172.849565009691	1.2731161501833e-08
251.2762762762763	0.30906450005900943	6157.851359355629	1.2793309175705176e-08
251.55155155155157	0.3090488512166568	6142.889595004234	1.2855735572959806e-08
251.82682682682685	0.3090749822516677	6127.96418341479	1.29184585126416e-08
252.10210210210212	0.3091492227214163	6113.0750362618855	1.298149054714829e-08
252.3773773773774	0.30928749248320775	6098.222065435128	1.3044842649684304e-08
252.65265265265268	0.3095305270984827	6083.405183039229	1.3108529028686457e-08
252.92792792792793	0.3097969757589869	6068.624301390511	1.3172545456514949e-08
253.2032032032032	0.30992316504629247	6053.879333014301	1.3236862405825142e-08
253.47847847847848	0.3099738136982981	6039.170190650019	1.3301473234941709e-08
253.75375375375376	0.3101046763160288	6024.496787252949	1.3366400855828407e-08
254.02902902902903	0.31030899320683475	6009.859035989742	1.3431658794141385e-08
254.3043043043043	0.31053951600951807	5995.256850236871	1.349724791130989e-08
254.5795795795796	0.3107815741277412	5980.690143580926	1.3563166867292722e-08
254.85485485485486	0.31102029637903433	5966.158829818081	1.3629412916416916e-08
255.13013013013014	0.3112311854750214	5951.662822953328	1.3695980755523598e-08
255.40540540540542	0.31141738790493584	5937.202037200677	1.3762868292656155e-08
255.6806806806807	0.3116120518756553	5922.77638698342	1.3830080646153533e-08
255.95595595595597	0.31183971605822036	5908.385786933417	1.3897625879250133e-08
256.2312312312313	0.3121046374372654	5894.030151890075	1.3965510324897887e-08
256.5065065065065	0.31232264069564464	5879.709396897532	1.4033723610750123e-08
256.7817817817818	0.31242562427545956	5865.423437204538	1.4102247898897177e-08
257.0570570570571	0.3125365738736205	5851.172188268951	1.41710947900685e-08
257.3323323323324	0.31273838305789264	5836.955565756263	1.4240286837902401e-08
257.60760760760763	0.31293072941145816	5822.773485534246	1.430982043927044e-08
257.8828828828829	0.3130704588704624	5808.6258636739185	1.4379686245185588e-08
258.15815815815813	0.3132159409830559	5794.512616451773	1.4449889765526985e-08
258.43343343343344	0.3133151742556691	5780.433660346326	1.4520425513135834e-08
258.70870870870874	0.31324870347114014	5766.388912035763	1.4591268838055256e-08
258.983983983984	0.31314470224148916	5752.378288404145	1.4662428738149396e-08
259.25925925925924	0.31320280865508504	5738.401706542943	1.473394816781056e-08
259.53453453453454	0.3133632797055432	5724.459083743519	1.4805843022345075e-08
259.80980980980985	0.3135278958041988	5710.550337495513	1.4878105470017824e-08
260.0850850850851	0.3137055356662929	5696.675385489296	1.4950733141949156e-08
260.36036036036035	0.31388997794797857	5682.8341456150465	1.5023724152020872e-08
260.63563563563565	0.31402278718008103	5669.026535960814	1.5097067008546084e-08
260.91091091091096	0.3141162750876124	5655.2524748139895	1.5170757700308093e-08
261.1861861861862	0.3142512346547338	5641.511880662787	1.5244809842077524e-08
261.46146146146145	0.3144118270493943	5627.804672193035	1.5319229401505456e-08
261.73673673673676	0.314540386420368	5614.130768286492	1.539400963422208e-08
262.01201201201206	0.31470738229584294	5600.490088024027	1.546916074291619e-08
262.2872872872873	0.3149795140823906	5586.882550685087	1.5544702630203897e-08
262.56256256256256	0.31523961879628154	5573.308075741876	1.562062537746969e-08
262.8378378378378	0.3154198898940846	5559.766582860271	1.5696910428066913e-08
263.1131131131131	0.31563532738024597	5546.25799190467	1.5773569776691547e-08
263.3883883883884	0.31591688822533137	5532.782222935118	1.5850617555877774e-08
263.66366366366367	0.3161640375801217	5519.339196202954	1.5928043213410764e-08
263.9389389389389	0.31632319504086154	5505.928832151646	1.600583040858817e-08
264.2142142142142	0.3163934627488775	5492.551051417906	1.6083969690559085e-08
264.48948948948953	0.3164485615747033	5479.205774833442	1.6162470710075797e-08
264.7647647647648	0.31657302230061635	5465.892923424886	1.624135700998956e-08
265.04004004004	0.31674310939430234	5452.612418410072	1.6320638843469034e-08
265.31531531531533	0.31690852337207515	5439.364181196734	1.640031300498733e-08
265.59059059059064	0.31703005100832893	5426.14813338236	1.6480370311257518e-08
265.8658658658659	0.3171366211486594	5412.964196755815	1.6560811842632913e-08
266.14114114114113	0.31735441521789354	5399.812293299878	1.6641664973235913e-08
266.41641641641644	0.317665892074627	5386.692345186425	1.67229435313592e-08
266.69169169169174	0.3179211870384686	5373.6042747717765	1.680462566866795e-08
266.966966966967	0.31812665014789915	5360.548004601088	1.6886700264281782e-08
267.24224224224224	0.3183576279945982	5347.523457410037	1.6969177101361582e-08
267.5175175175175	0.3185316253507969	5334.530556119445	1.7052045548661112e-08
267.7927927927928	0.31856676623665986	5321.569223834765	1.7135282619631545e-08
268.0680680680681	0.31857063074507597	5308.639383851656	1.7218897809747904e-08
268.34334334334335	0.31865334030460246	5295.740959655703	1.7302920966437412e-08
268.6186186186186	0.3188519968283476	5282.873874919634	1.7387378901602893e-08
268.8938938938939	0.3191527846504791	5270.038053501258	1.7472285794590412e-08
269.1691691691692	0.31948943601464724	5257.233419441278	1.7557636881842994e-08
269.44444444444446	0.3197725715016759	5244.459896962036	1.7643410848370918e-08
269.7197197197197	0.31992094031035656	5231.717410467251	1.772957799105565e-08
269.994994994995	0.32002408479235045	5219.005884547236	1.781614062381832e-08
270.2702702702703	0.32020688532535324	5206.325243979672	1.7903128224818286e-08
270.54554554554556	0.32041827582209104	5193.675413723354	1.799054818640369e-08
270.8208208208208	0.32059245258489805	5181.056318917194	1.8078391285592375e-08
271.0960960960961	0.32074137593388025	5168.467884882383	1.8166655427271674e-08
271.3713713713714	0.3208594464671379	5155.91003712136	1.825533889891433e-08
271.6466466466467	0.32090209254748076	5143.38270131603	1.83444314699445e-08
271.9219219219219	0.32091434024941246	5130.88580333038	1.8433937816466564e-08
272.19719719719717	0.3210102029496543	5118.419269212445	1.85238872636775e-08
272.4724724724725	0.32114561355477234	5105.983025188465	1.861428839014641e-08
272.7477477477478	0.32122121458153685	5093.576997660505	1.870512463331053e-08
273.02302302302303	0.3213298005782638	5081.20111321266	1.8796408089281898e-08
273.2982982982983	0.3215725631825558	5068.855298610988	1.888817022281536e-08
273.5735735735736	0.32187447652003603	5056.539480796907	1.8980413685530907e-08
273.8488488488489	0.3221536565911329	5044.253586886481	1.9073122094009213e-08
274.12412412412414	0.32238126564232106	5031.997544171811	1.9166279813867545e-08
274.3993993993994	0.3225985244995387	5019.7712801231	1.925988795234396e-08
274.6746746746747	0.3229054997202224	5007.574722390383	1.9353971537354803e-08
274.94994994995	0.3232160556894987	4995.407798796425	1.944852628032026e-08
275.22522522522524	0.3233550162539677	4983.270437332982	1.954350911694617e-08
275.5005005005005	0.3234554575053718	4971.162566171522	1.9638926560794886e-08
275.7757757757758	0.3236820384581492	4959.084113664086	1.973482257723389e-08
276.0510510510511	0.3237994025766179	4947.035008328184	1.9831168157127796e-08
276.32632632632635	0.32366969936243795	4935.015178849818	1.9927913540678035e-08
276.6016016016016	0.32360884977665266	4923.024554099897	2.0025105745015663e-08
276.87687687687685	0.32377389475473933	4911.063063128103	2.0122811964830193e-08
277.15215215215215	0.3240102738758762	4899.130635150838	2.0221035997651672e-08
277.42742742742746	0.3242111380312335	4887.227199552487	2.0319755065711182e-08
277.7027027027027	0.32434048068726146	4875.352685887608	2.041894765203854e-08
277.97797797797796	0.32444230910590993	4863.507023883551	2.0518612634863478e-08
278.25325325325326	0.3245882189069976	4851.690143441145	2.0618768012338064e-08
278.52852852852857	0.3247786091384001	4839.901974631597	2.071942565402264e-08
278.8038038038038	0.32497903638202524	4828.14244769472	2.0820585075397763e-08
279.07907907907907	0.3251203123712806	4816.411493037117	2.0922229602803604e-08
279.35435435435437	0.3252057029925127	4804.709041234577	2.1024351004069804e-08
279.6296296296297	0.3253712814967508	4793.035023036895	2.1126979750090977e-08
279.9049049049049	0.3256150704766785	4781.38936936211	2.1230134611037328e-08
280.1801801801802	0.32578827584576503	4769.772011290246	2.1333789860530758e-08
280.4554554554555	0.32594363424412465	4758.182880070836	2.1437944633009382e-08
280.7307307307308	0.3262211289233239	4746.62190712607	2.154263549267291e-08
281.00600600600603	0.3264197104599618	4735.0890240367435	2.1647833350102946e-08
281.2812812812813	0.3263278123550611	4723.584162541244	2.1753466776122207e-08
281.5565565565566	0.3262111908113063	4712.107254554436	2.1859563106945177e-08
281.83183183183183	0.32628486555726954	4700.658232165436	2.196619588161145e-08
282.10710710710714	0.32640943459172017	4689.237027622756	2.2073373451131387e-08
282.3823823823824	0.3265336256709114	4677.843573337457	2.218108837710858e-08
282.6576576576577	0.3267757512155948	4666.47780188972	2.2289368821877693e-08
282.93293293293294	0.32706940301542725	4655.13964602086	2.239821508370789e-08
283.20820820820825	0.327218924558428	4643.829038627431	2.2507576023340184e-08
283.4834834834835	0.3273132284724848	4632.545912772668	2.261744606362923e-08
283.75875875875874	0.32752644759423694	4621.290201689784	2.2727869964142182e-08
284.03403403403405	0.3277405680097023	4610.061838769281	2.2838843487512824e-08
284.3093093093093	0.32783304829432847	4598.860757558274	2.2950331764915733e-08
284.5845845845846	0.3279113347362533	4587.686891769849	2.3062344411625433e-08
284.85985985985985	0.3280608672587744	4576.540175281863	2.3174911676708034e-08
285.13513513513516	0.3282634608536092	4565.420542132076	2.3288047689752986e-08
285.4104104104104	0.3284657404022268	4554.327926516249	2.3401747225130563e-08
285.6856856856857	0.32859252251601906	4543.26226278672	2.3515987342849777e-08
285.96096096096096	0.3286161333168057	4532.223485454055	2.3630747655642733e-08
286.23623623623627	0.32855608850008905	4521.211529188734	2.3746022417392323e-08
286.5115115115115	0.3285334454489742	4510.226328825294	2.3861843297442533e-08
286.7867867867868	0.32865446762821826	4499.267819361404	2.397826040662963e-08
287.06206206206207	0.32883802052395383	4488.335935949133	2.4095281738478765e-08
287.3373373373374	0.3290019698572448	4477.430613894455	2.4212889809053784e-08
287.6126126126126	0.32914807252103595	4466.551788660594	2.433107592599301e-08
287.8878878878879	0.3292863925780797	4455.699395868017	2.444983898904257e-08
288.1631631631632	0.329423057530622	4444.873371293899	2.456918127266694e-08
288.4384384384384	0.3295454377765233	4434.073650870872	2.468910159599782e-08
288.71371371371373	0.329628226829567	4423.300170686051	2.4809592975707053e-08
288.988988988989	0.3296609106053139	4412.552866981327	2.4930649252783924e-08
289.2642642642643	0.3296643309854282	4401.83167615444	2.5052273972791154e-08
289.53953953953953	0.3297677822609699	4391.136534763726	2.5174508727915813e-08
289.81481481481484	0.33001290509278475	4380.467379523708	2.5297391963194523e-08
290.0900900900901	0.3301355381413278	4369.824147290275	2.542086876862454e-08
290.3653653653654	0.33006267027735003	4359.206775069149	2.554488568144289e-08
290.64064064064064	0.33008943426738285	4348.615200033079	2.5669501088487382e-08
290.91591591591595	0.3302857284461881	4338.049359510918	2.5794772125939926e-08
291.1911911911912	0.3304845661057221	4327.509190975881	2.5920683212631663e-08
291.4664664664665	0.3306611923564888	4316.994632051886	2.6047218859624395e-08
291.74174174174175	0.330859577440946	4306.505620516542	2.617438468923976e-08
292.01701701701705	0.3309940165530538	4296.042094294444	2.630215882325589e-08
292.2922922922923	0.33099758342833835	4285.603991457675	2.6430508668978713e-08
292.5675675675676	0.3310209172833137	4275.191250236115	2.655946288785808e-08
292.84284284284286	0.3311394258911337	4264.803809013535	2.6689063264938782e-08
293.1181181181181	0.3311971830902519	4254.441606315685	2.6819286832612703e-08
293.3933933933934	0.3312032812534795	4244.104580818094	2.695012405041297e-08
293.66866866866866	0.3313780523123699	4233.792671356373	2.7081640455824284e-08
293.94394394394396	0.3316615285486386	4223.505816911862	2.721385726407186e-08
294.2192192192192	0.33181359132278265	4213.243956602004	2.734671161804243e-08
294.4944944944945	0.33187877599367266	4203.00702969432	2.748018187053177e-08
294.76976976976977	0.331997493669798	4192.794975611067	2.7614301745573102e-08
295.0450450450451	0.33216049430874256	4182.607733921236	2.774908951169829e-08
295.3203203203203	0.3322985427269066	4172.445244337124	2.788453477542451e-08
295.5955955955956	0.33229597510823256	4162.307446711426	2.802059478965437e-08
295.8708708708709	0.3322074892019333	4152.194281045727	2.815726331492089e-08
296.1461461461462	0.3323365393619883	4142.105687503324	2.829463807328531e-08
296.4214214214214	0.3326698436222563	4132.041606392425	2.84327740879357e-08
296.69669669669673	0.33290292604334054	4122.00197815023	2.8571604074624002e-08
296.971971971972	0.33292609101605164	4111.986743352674	2.871105291962757e-08
297.2472472472473	0.3327757588680796	4101.995842721844	2.885108950550211e-08
297.52252252252254	0.3326474359120323	4092.0292171342694	2.8991762365604675e-08
297.7977977977978	0.3327053240188595	4082.0868076190927	2.9133157163506516e-08
298.0730730730731	0.33284863177645563	4072.1685553434236	2.927529178360062e-08
298.34834834834834	0.3329671473747973	4062.2744016113597	2.941814063532572e-08
298.62362362362364	0.3330312861200734	4052.404287867942	2.956167987355099e-08
298.8988988988989	0.333067548060266	4042.5581557019045	2.9705905933318295e-08
299.1741741741742	0.3331506081841146	4032.7359468480245	2.985084402778492e-08
299.44944944944945	0.333278524257194	4022.937603182603	2.999650985087645e-08
299.72472472472475	0.33339316435442173	4013.163066719933	3.0142893794507405e-08
300.0	0.33343521594684383	4003.41227961184	3.0289970717261146e-08
