0.007245896478908017	1.7526214884805382	6798.2926987587925	2.7839496381290423	0.007217680742903999
25.0	0.048571428571428585	33212.0	10.0
25.275275275275277	0.049249284296586385	34049.633426341235	9.629610800328427
25.55055055055055	0.05002390786577504	34865.56253622081	9.267437313017428
25.825825825825827	0.05086325886915157	35660.63380164764	8.913150188815308
26.1011011011011	0.051622660557883907	36433.253313720146	8.567419768664946
26.376376376376378	0.052256784033545486	37181.385246064274	8.231098845266512
26.65165165165165	0.052882396864156515	37905.07192783007	7.904189978044388
26.926926926926928	0.05359507366642601	38605.75922434669	7.586120347018815
27.2022022022022	0.054440445004832985	39285.33528445525	7.276134653637551
27.47747747747748	0.05527520722436016	39943.55000478228	6.9743525901193095
27.75275275275275	0.055925922620432084	40578.054861339704	6.68175425087463
28.02802802802803	0.05658050337897505	41189.18624421424	6.398221025213285
28.303303303303302	0.05741033676551723	41779.256045856324	6.122824219395219
28.57857857857858	0.058198200072994005	42347.86511545711	5.855744587142259
28.853853853853856	0.05882403503395894	42893.4762248624	5.597629735436335
29.12912912912913	0.05946241699440353	43416.63390649463	5.348275154469876
29.404404404404403	0.06023035460737607	43918.989905377864	5.107022016493559
29.67967967967968	0.06114029349929586	44402.093875766346	4.873251999907122
29.954954954954957	0.062086651937867866	44866.35914273072	4.646811333728253
30.23023023023023	0.06291710590426107	45310.912108470206	4.42807345466869
30.505505505505504	0.06366951337916638	45735.39812719897	4.217199778730648
30.78078078078078	0.06442465620666812	46140.2122096805	4.014044706960183
31.056056056056057	0.06513378831287198	46525.41238212715	3.8186004582360527
31.33133133133133	0.0658059244964645	46891.196880173484	3.6308017290620302
31.606606606606608	0.06663959519954808	47239.103191169546	3.4500340601961663
31.88188188188188	0.06761850152466824	47570.36097259284	3.2758079290205018
32.15715715715716	0.06842165545055252	47884.16651611912	3.10846634320029
32.432432432432435	0.06902472428739817	48179.82008667833	2.9483103430575324
32.70770770770771	0.06965318280765623	48458.041806015266	2.7950595023631672
32.98298298298298	0.07040702605536453	48720.01198778745	2.6482441636492995
33.25825825825826	0.07129897166903375	48966.832090933785	2.5074260336715213
33.533533533533536	0.07224787189913631	49199.10574954625	2.372369994661539
33.808808808808806	0.07314348605713433	49416.92941569258	2.2430483453323316
34.08408408408408	0.07387446726378087	49620.02089502342	2.1195885235458385
34.35935935935936	0.07445956495117072	49808.32247582705	2.0020261755964284
34.63463463463464	0.07512625015922768	49982.699758978764	1.8900185040935122
34.90990990990991	0.07589480677375783	50144.00678555159	1.7832267458228241
35.18518518518518	0.0765734152431079	50292.40757476763	1.6815943015798887
35.46046046046046	0.07721419612097728	50428.282523123264	1.584975739757528
35.73573573573574	0.07798720188002771	50552.50356127018	1.4930238259757582
36.01101101101101	0.07879455399680362	50665.58654308926	1.405536581875293
36.286286286286284	0.07949846132881302	50767.67977036261	1.3224622790528369
36.56156156156156	0.08018542732782741	50859.18982671187	1.2436431916939072
36.83683683683684	0.08091136043867113	50940.64518506606	1.1688712973557838
37.112112112112115	0.08156732900601539	51012.31899143605	1.0980428091095051
37.38738738738739	0.08214494844987977	51074.494154759755	1.0310497157111422
37.66266266266266	0.08278128253011528	51127.726352837286	0.967671960188654
37.93793793793794	0.08347538545255147	51172.52737830432	0.9077070230792271
38.213213213213216	0.08412465414462678	51209.20779210376	0.8510344588915004
38.488488488488485	0.08474440220910123	51238.10800663735	0.7975213333335048
38.76376376376376	0.08540292807157947	51259.66208521507	0.7469960431747953
39.03903903903904	0.0861448579550667	51274.334976389786	0.6992739720854632
39.314314314314316	0.08694965588264338	51282.52598302178	0.654197035327162
39.58958958958959	0.08764557940455103	51284.40820280032	0.6116995510816233
39.86486486486486	0.08819131929473535	51280.13545773423	0.5717235983477569
40.14014014014014	0.08878481250660476	51270.0907555978	0.5341171812006519
40.41541541541542	0.08949650467696388	51254.69529219049	0.49871233760730105
40.690690690690694	0.09025149045371232	51234.26229602684	0.4653850215703816
40.965965965965964	0.09097319654893686	51209.02253688959	0.43404473434701324
41.24124124124124	0.0916069270074878	51179.16374281772	0.4046184334294079
41.51651651651652	0.09220983630344878	51144.92255972337	0.37701287068376166
41.791791791791795	0.09285802705181848	51106.58035328934	0.3511162734367793
42.06706706706707	0.0935560475796066	51064.4014812677	0.3268236120329094
42.34234234234234	0.09427077273828124	51018.61257544869	0.3040451066023623
42.61761761761762	0.09492635476622428	50969.38825134453	0.28271211579549954
42.892892892892895	0.09551708626911125	50916.90044799863	0.2627569533036728
43.168168168168165	0.09612345136785595	50861.35751530636	0.24409686699406727
43.44344344344344	0.09675955684075603	50802.96168845767	0.22665144173379445
43.71871871871872	0.0973874908878802	50741.88719138969	0.21035158041044624
43.993993993993996	0.09798094537933438	50678.290853982704	0.1951351744298591
44.26926926926927	0.09853763246583205	50612.32390382456	0.18094228408335158
44.54454454454455	0.09913269903706019	50544.15622281768	0.16770519960351798
44.81981981981982	0.09982234984380207	50473.9618590297	0.15535436509398812
45.0950950950951	0.10056477970470183	50401.88758254165	0.14383126503181695
45.37037037037037	0.10133000520705798	50328.06177751926	0.13308480135213477
45.645645645645644	0.10212579098537625	50252.60691745163	0.12306619444252552
45.92092092092092	0.10291148918095859	50175.62907874115	0.11373328665131376
46.1961961961962	0.10360568687660608	50097.21380086006	0.1050522526883895
46.471471471471475	0.10419611458244173	50017.44483499326	0.09698993070949513
46.74674674674675	0.10471578669366055	49936.41175221881	0.0895107049441911
47.02202202202202	0.10522465858063718	49854.21111535992	0.08257602057502889
47.2972972972973	0.10578591621146109	49770.94293395335	0.07614583125777556
47.572572572572575	0.10644391807645104	49686.70488975991	0.07018096345265792
47.847847847847845	0.10717153486387654	49601.58214607632	0.06464729579720528
48.12312312312312	0.10781935247483708	49515.63606419395	0.059520394778811575
48.3983983983984	0.10836671168715314	49428.92476379997	0.05477710576939187
48.673673673673676	0.10894862477604993	49341.518277082585	0.05038934351675203
48.94894894894895	0.10960174166706681	49253.484461701824	0.046329857156835075
49.22422422422423	0.11028776596260369	49164.88218696224	0.04257502518861648
49.4994994994995	0.11097550885569642	49075.763701528485	0.039103892193265904
49.77477477477478	0.11164282203845662	48986.176524532246	0.035897399001366244
50.05005005005005	0.11228876873123089	48896.16553789686	0.032937528832997415
50.32532532532532	0.11290109645528593	48805.77243915097	0.03020753375516131
50.6006006006006	0.11342984748543741	48715.03414992199	0.027692589688330126
50.87587587587588	0.11388762215786236	48623.986901240096	0.02537812559406454
51.151151151151154	0.11437936935706887	48532.66986266466	0.023248336330084562
51.42642642642643	0.1149314708419487	48441.12002896525	0.021288276376377962
51.70170170170171	0.11549788652075264	48349.36941770284	0.019485010417382237
51.97697697697698	0.11605963686334965	48257.44701590784	0.01782681938765553
52.252252252252255	0.11660854930848004	48165.37955769652	0.01630288416981497
52.527527527527525	0.1171099125611548	48073.19101109125	0.014903497802926064
52.8028028028028	0.11756308622372755	47980.90395993643	0.013619501238202958
53.07807807807808	0.11809302692063857	47888.54255571925	0.012441074390465759
53.353353353353356	0.11874973848489818	47796.12968818982	0.011358894727102496
53.62862862862863	0.11941257993199089	47703.683461679255	0.010365582817104304
53.90390390390391	0.12004180822909148	47611.21995299543	0.009454575649182019
54.17917917917918	0.12069495308834659	47518.75518002489	0.008619321272622793
54.454454454454456	0.1213081025993035	47426.30293531433	0.00785416696563645
54.729729729729726	0.12175800046958409	47333.87451631328	0.007154471659545696
55.005005005005	0.12209211237940307	47241.48156774226	0.006515442736380916
55.28028028028028	0.12243521527260737	47149.13660489576	0.005931932880450383
55.55555555555556	0.12293912195370398	47056.8525448913	0.005398594285917064
55.830830830830834	0.12362396145386707	46964.64097205028	0.004910628673066809
56.10610610610611	0.12420872320580312	46872.5097190571	0.004464766246218642
56.38138138138139	0.12460971231276623	46780.46562748461	0.004058137119287403
56.65665665665666	0.12505321676758993	46688.51695174036	0.003687286669836737
56.931931931931935	0.12558394342476695	46596.671437303026	0.0033489621815951803
57.20720720720721	0.12609173422507797	46504.93538848991	0.003040495409371262
57.48248248248248	0.12659706755666725	46413.314725124175	0.0027593705917709544
57.75775775775776	0.1271713931761188	46321.81520100927	0.0025031352057266524
58.033033033033036	0.12779727411499295	46230.44190748248	0.002269603610015882
58.30830830830831	0.12841755426649676	46139.19921822411	0.0020568802083718043
58.58358358358358	0.12894080055656726	46048.09082300917	0.001863346197811576
58.85885885885886	0.12936503405889657	45957.120186032516	0.0016874722505837445
59.134134134134136	0.12984292287925192	45866.290986814056	0.0015276379567860125
59.40940940940941	0.13039881944728937	45775.60657964865	0.0013823532341227303
59.68468468468468	0.13091871259534932	45685.069680333625	0.0012503870119335955
59.95995995995996	0.13139799332701052	45594.6827670657	0.0011306034132736442
60.23523523523524	0.13188996473197753	45504.448208526126	0.0010219094428536564
60.510510510510514	0.1323480729384641	45414.36805387932	0.0009233411631269881
60.78578578578579	0.13272613377475262	45324.444093298844	0.0008340391453856043
61.06106106106106	0.13311723634739434	45234.678100934005	0.0007531490792321531
61.33633633633634	0.13358081157210552	45145.071732842516	0.000679863624741934
61.611611611611615	0.1340413921271606	45055.62635291244	0.0006134938750619822
61.88688688688689	0.13445018607545114	44966.34312618201	0.0005534313431761889
62.16216216216216	0.13481766210951654	44877.22312980892	0.0004991002223276686
62.43743743743744	0.1352069415737786	44788.26734377568	0.00044996774524365103
62.712712712712715	0.13569792160062225	44699.476699259474	0.00040551859725238937
62.98798798798799	0.13619371338443992	44610.8519223954	0.00036532075320787176
63.26326326326326	0.13656224125861735	44522.39356253754	0.0003290140580198356
63.53853853853854	0.13690252137928866	44434.102169246464	0.00029623782903652707
63.813813813813816	0.13732653560380095	44345.978270948486	0.00026663960368327323
64.0890890890891	0.1378061141211073	44258.02228990265	0.00023991000710023733
64.36436436436436	0.13830407921474866	44170.2345560181	0.00021577717368294967
64.63963963963964	0.13880622614337743	44082.61533122248	0.0001939968334971274
64.91491491491492	0.13931804442980955	43995.16482447446	0.00017434621381590853
65.1901901901902	0.13985517477614504	43907.88319870722	0.0001566212357341438
65.46546546546547	0.1403568768864495	43820.77055302591	0.00014064384453798325
65.74074074074073	0.14075111304387425	43733.826932938224	0.0001262578652047639
66.01601601601601	0.14117174094992282	43647.05238536246	0.00011330650720718938
66.29129129129129	0.14174250700401334	43560.44694278177	0.00010163886027788024
66.56656656656656	0.14230249348677998	43474.010566375786	9.113319680681102e-05
66.84184184184184	0.14274469654980532	43387.74317447822	8.168536178009895e-05
67.11711711711712	0.14318587214621603	43301.64468400907	7.319184094893375e-05
67.3923923923924	0.14368824428330162	43215.71499574419	6.555579731043231e-05
67.66766766766767	0.1442158252357771	43129.953981726256	5.869223170213543e-05
67.94294294294295	0.14473377684603755	43044.36149030019	5.2525936613531574e-05
68.21821821821823	0.1452183718368755	42958.937351017616	4.698953433727487e-05
68.4934934934935	0.14568969053689804	42873.68138082367	4.2021040023720594e-05
68.76876876876878	0.14619009386177512	42788.59338588321	3.7563050496753364e-05
69.04404404404404	0.14677171390598598	42703.6731618676	3.356263245671456e-05
69.31931931931932	0.1474082069166243	42618.92048924869	2.9973242973155338e-05
69.5945945945946	0.147873481401149	42534.33512567023	2.6757821496618772e-05
69.86986986986987	0.14807409419820725	42449.91681936479	2.3883336225650215e-05
70.14514514514515	0.14816461140447718	42365.66532132236	2.13158632700157e-05
70.42042042042041	0.14834096762788426	42281.580382988905	1.902154207543953e-05
70.69569569569569	0.14878566173411442	42197.66175250706	1.696811718209078e-05
70.97097097097097	0.14935486461272704	42113.90916335734	1.5129510723762606e-05
71.24624624624624	0.14978571629275417	42030.32233522085	1.3485443476352694e-05
71.52152152152152	0.15018882166474892	41946.90098726537	1.2016103078069812e-05
71.7967967967968	0.15069546309456663	41863.64483730015	1.0702499742120326e-05
72.07207207207207	0.15109734934523084	41780.55359442235	9.529379155064641e-06
72.34734734734735	0.15131779694773376	41697.62696394474	8.483246265143711e-06
72.62262262262263	0.15164552866274947	41614.86465369574	7.549904786935172e-06
72.8978978978979	0.15214144360416584	41532.26636873946	6.716549798583751e-06
73.17317317317318	0.15257360438082077	41449.8318079657	5.973065880414711e-06
73.44844844844846	0.1529270331761382	41367.56066844386	5.310319397674157e-06
73.72372372372374	0.15332820694259766	41285.45264705739	4.71954264707889e-06
73.998998998999	0.15372628992754	41203.507438463515	4.1931054097519655e-06
74.27427427427428	0.15405566562893952	41121.7247395064	3.7244207820929505e-06
74.54954954954955	0.15450638315998397	41040.10424513044	3.3069758479219166e-06
74.82482482482483	0.15516347394217245	40958.645647827965	2.9348311523670526e-06
75.1001001001001	0.15571626805815977	40877.34863728316	2.6034557122946442e-06
75.37537537537537	0.15605216883707665	40796.21290237937	2.308901214473901e-06
75.65065065065065	0.15641116784750037	40715.23813288082	2.0471085469276113e-06
75.92592592592592	0.1568134187601657	40634.42401814533	1.8144385278768757e-06
76.2012012012012	0.15708973781341792	40553.77024663597	1.6078740754228685e-06
76.47647647647648	0.15734047080865282	40473.27650705262	1.4245540377493928e-06
76.75175175175175	0.1577633091070009	40392.942488445624	1.261726171496785e-06
77.02702702702703	0.15828335086901388	40312.767879448	1.1170638804992346e-06
77.30230230230231	0.15875907335384354	40232.75236837024	9.886276457461735e-07
77.57757757757759	0.15911491212614165	40152.89564354833	8.747218064812321e-07
77.85285285285286	0.15937456395798244	40073.19739360077	7.737885307110572e-07
78.12812812812814	0.15971170386535946	39993.657307622925	6.843274561955812e-07
78.40340340340342	0.1601736119582706	39914.27507494039	6.049971370718051e-07
78.67867867867868	0.16065544095491013	39835.050384980816	5.346678423088004e-07
78.95395395395396	0.16109047156204181	39755.982927424826	4.7235927695194957e-07
79.22922922922923	0.16145452572704327	39677.07239230722	4.1719869323853144e-07
79.50450450450451	0.16179996628120558	39598.31847010225	3.6838542848225484e-07
79.77977977977977	0.16219216180055843	39519.72085172731	3.2518907658457285e-07
80.05505505505505	0.1626277922471303	39441.27922850342	2.869654924746484e-07
80.33033033033033	0.16306490952480276	39362.99329216218	2.5315359591559294e-07
80.6056056056056	0.16341478741271787	39284.86273485892	2.2326966127295732e-07
80.88088088088088	0.16370793818241686	39206.88724925435	1.968733279134119e-07
81.15615615615616	0.1641340402398794	39129.06652856816	1.7354508356301178e-07
81.43143143143143	0.16469539345065662	39051.40026649799	1.5291926149412365e-07
81.70670670670671	0.16523717496938015	38973.88815719676	1.3469301416572154e-07
81.98198198198199	0.16568850486067827	38896.52989532963	1.1860244449329252e-07
82.25725725725727	0.1660479725775194	38819.32517610412	1.044098229160198e-07
82.53253253253254	0.16642985688887954	38742.27369529407	9.189325166306364e-08
82.80780780780782	0.16691779005490148	38665.37514922683	8.085151501382917e-08
83.0830830830831	0.16741106643792417	38588.62923475724	7.111432798031083e-08
83.35835835835836	0.1678421645893488	38512.03564928703	6.253394584778842e-08
83.63363363363364	0.16825413686733345	38435.59409078509	5.497634711852682e-08
83.90890890890891	0.16869991198585768	38359.30425778809	4.832054314780075e-08
84.18418418418419	0.16922257660245416	38283.16584939954	4.245850137358083e-08
84.45945945945945	0.16976097656935304	38207.17856528351	3.7297270627141434e-08
84.73473473473473	0.17020583174459183	38131.34210566731	3.275738988389517e-08
85.01001001001	0.1705635672971896	38055.65617135376	2.8767407252362878e-08
85.28528528528528	0.17088644740850056	37980.12046372368	2.5262400607007818e-08
85.56056056056056	0.17122934873702558	37904.73468473495	2.2183885615716166e-08
85.83583583583584	0.171613124925253	37829.49853692064	1.94801102475929e-08
86.11111111111111	0.1719870000033459	37754.411723387195	1.710632812552784e-08
86.38638638638639	0.17234598653195196	37679.473947817525	1.502307004223053e-08
86.66166166166167	0.172750152821744	37604.684914472964	1.3194867165433961e-08
86.93693693693695	0.17317316317923626	37530.04432819062	1.1590862361113586e-08
87.21221221221222	0.17352390390876143	37455.5518943827	1.0184606881022752e-08
87.4874874874875	0.17377190141501134	37381.207319038505	8.952771432519085e-09
87.76276276276278	0.17394319154644333	37307.01030872516	7.874403418246566e-09
88.03803803803804	0.1741833681852638	37232.96057058832	6.930179944153612e-09
88.31331331331332	0.17459876293160184	37159.05781235002	6.102809345487411e-09
88.58858858858859	0.17510063695930464	37085.30174230574	5.377753730327763e-09
88.86386386386387	0.17559242340099826	37011.692069324505	4.742671074891799e-09
89.13913913913915	0.17601969732148964	36938.22850284926	4.186828896073972e-09
89.41441441441442	0.17640530344016359	36864.91075289693	3.70063644030836e-09
89.68968968968969	0.17683176678244075	36791.7385300578	3.2754269246435348e-09
89.96496496496496	0.1772445593189578	36718.711545493665	2.903727730135649e-09
90.24024024024024	0.17753720992091213	36645.829510936936	2.57914207905168e-09
90.51551551551552	0.17779724497544747	36573.09213869091	2.2958368578948418e-09
90.7907907907908	0.17812826200299708	36500.49914162858	2.048544317546004e-09
91.06606606606607	0.17844839223441256	36428.05023319093	1.8327801481973226e-09
91.34134134134135	0.17870124407391427	36355.74512738619	1.6446638311981859e-09
91.61661661661662	0.17895899763122863	36283.58353878937	1.480706111426509e-09
91.8918918918919	0.17928625278229923	36211.56518254112	1.3378065900211823e-09
92.16716716716716	0.17971179395907178	36139.68977434656	1.2132541850543198e-09
92.44244244244244	0.1801490055423272	36067.957030474034	1.104749062551802e-09
92.71771771771772	0.18044952874662337	35996.36666775412	1.0103498457594634e-09
92.992992992993	0.18064646817412075	35924.91840357895	9.283127925557528e-10
93.26826826826827	0.18085896757329806	35853.61195590134	8.570507846614762e-10
93.54354354354355	0.18121341104350946	35782.44704323361	7.951400375942172e-10
93.81881881881883	0.18172835180996788	35711.42338464635	7.413508483397531e-10
94.0940940940941	0.18215019743946329	35640.540699767	6.946867937374482e-10
94.36936936936937	0.18237753710568166	35569.79870877915	6.542858510726201e-10
94.64464464464464	0.18259682828026402	35499.197132421745	6.193431183618144e-10
94.91991991991992	0.18287083982728608	35428.735691987844	5.891462212311555e-10
95.1951951951952	0.18313318198571013	35358.41410932347	5.630864776804619e-10
95.47047047047047	0.18340827691543754	35288.23210682653	5.406293244192683e-10
95.74574574574575	0.18375520606773277	35218.18940744587	5.213033154935382e-10
96.02102102102103	0.18411931721598188	35148.28573467999	5.047049859374366e-10
96.2962962962963	0.1844322783900001	35078.520812576084	4.904877160418615e-10
96.57157157157158	0.18470746024635498	35008.89436572898	4.783464286598515e-10
96.84684684684684	0.18497856078541555	34939.406119280065	4.680122641055252e-10
97.12212212212212	0.18528583448422883	34870.05579891626	4.59249088840537e-10
97.3973973973974	0.18563432050228398	34800.84313086889	4.518518093895579e-10
97.67267267267268	0.1859864478432535	34731.76784191257	4.45643665802539e-10
97.94794794794795	0.18629134104611184	34662.829659364186	4.4047197021443925e-10
98.22322322322323	0.18651045602120447	34594.02831108175	4.3620383412724776e-10
98.4984984984985	0.18674916703299108	34525.363525463516	4.3272068861704413e-10
98.77377377377378	0.18711264683858894	34456.83503144688	4.299181989345856e-10
99.04904904904905	0.18745124791574908	34388.44255850711	4.277084590526172e-10
99.32432432432432	0.18766534105230398	34320.18583665632	4.260155702263728e-10
99.5995995995996	0.1879251915972406	34252.06459644265	4.247715732153759e-10
99.87487487487488	0.1883020626812513	34184.07856894908	4.2391742495817566e-10
100.15015015015015	0.18867023270868905	34116.22748579229	4.2340275653605897e-10
100.42542542542543	0.18892800824649414	34048.511079121534	4.23183814845368e-10
100.70070070070071	0.18903567859498177	33980.9290816177	4.232221154858079e-10
100.97597597597598	0.18920643740292212	33913.48122649243	4.234840267010637e-10
101.25125125125126	0.18969411407924078	33846.1672474871	4.2394117980940075e-10
101.52652652652652	0.19025145732780502	33778.986878871394	4.245690260856725e-10
101.8018018018018	0.19058708310791922	33711.93985544216	4.25345235697451e-10
102.07707707707708	0.1907664506066868	33645.02591252272	4.262502311873495e-10
102.35235235235236	0.1909361426440607	33578.24478596186	4.2726749836141543e-10
102.62762762762763	0.1912615481840974	33511.596212132834	4.283836317702742e-10
102.90290290290291	0.19171827699540234	33445.079927932085	4.2958708164295475e-10
103.17817817817819	0.1920833148602699	33378.695670778165	4.3086658422868346e-10
103.45345345345346	0.19228499596410592	33312.443178610716	4.322118054453578e-10
103.72872872872873	0.19237238776810736	33246.32218988961	4.3361399114312127e-10
104.004004004004	0.19246726477131068	33180.332443593936	4.350663511982304e-10
104.27927927927928	0.19267467668590646	33114.473679220966	4.365637945270335e-10
104.55455455455456	0.19292490032792872	33048.74563678497	4.381014718535128e-10
104.82982982982983	0.19315761498502768	32983.14805681625	4.3967475453337473e-10
105.10510510510511	0.19342619575860875	32917.68068036016	4.412800484762246e-10
105.38038038038039	0.19374049514677807	32852.34324897601	4.429143397767496e-10
105.65565565565566	0.19403512083771973	32787.13550473611	4.4457451640353483e-10
105.93093093093094	0.19433202181498824	32722.057190224685	4.4625806120930917e-10
106.2062062062062	0.19471494521669422	32657.108048537026	4.479634862295777e-10
106.48148148148148	0.19512433785884148	32592.28782327827	4.4968903394696074e-10
106.75675675675676	0.1954526791391095	32527.596258562404	4.5143229564365927e-10
107.03203203203203	0.19572533352321755	32463.033099011314	4.531913912788508e-10
107.30730730730731	0.19598788993455407	32398.598089753854	4.5496507734205754e-10
107.58258258258259	0.19622808440106446	32334.290976424756	4.5675217851357515e-10
107.85785785785787	0.19645887699425854	32270.111505163637	4.5855179253963493e-10
108.13313313313314	0.19674912126129246	32206.059422614082	4.6036373590740317e-10
108.4084084084084	0.19706786197762444	32142.13447592252	4.6218759285086976e-10
108.68368368368368	0.1972923964243821	32078.33641273718	4.6402194635644044e-10
108.95895895895896	0.19750937459849371	32014.66498120724	4.658663256485195e-10
109.23423423423424	0.19789806329910448	31951.119929981945	4.677218969385357e-10
109.50950950950951	0.19835334854694034	31887.701008209373	4.695887582276729e-10
109.78478478478479	0.19870632193845178	31824.407965535338	4.714655129115752e-10
110.06006006006007	0.19895896199894697	31761.240552102605	4.733509730070616e-10
110.33533533533534	0.19916383758991074	31698.19851854993	4.752445802230091e-10
110.61061061061062	0.19939723159457107	31635.28161601109	4.771465342025659e-10
110.88588588588588	0.19966889584298747	31572.48959611383	4.790570996537416e-10
111.16116116116116	0.19990475464347682	31509.822210978848	4.809758477112343e-10
111.43643643643644	0.200126205013365	31447.279213218862	4.829026040014983e-10
111.71171171171171	0.20042379654259446	31384.860355937737	4.848380373948698e-10
111.98698698698699	0.20079234613278152	31322.565392729364	4.8678268433362e-10
112.26226226226227	0.20116955745508602	31260.394077676716	4.887364494864866e-10
112.53753753753755	0.2014503345791686	31198.346165350747	4.906983015625187e-10
112.81281281281282	0.20158569555723635	31136.42141080954	4.926669089400744e-10
113.08808808808809	0.20170854299547214	31074.619569597486	4.946423383752801e-10
113.36336336336336	0.20192033900003292	31012.940397744293	4.966255795157664e-10
113.63863863863864	0.20222210885118477	30951.38365176392	4.986175004986587e-10
113.91391391391392	0.20257471006304217	30889.949088653604	5.006184953011471e-10
114.1891891891892	0.2029111778013625	30828.636465892843	5.026282909636996e-10
114.46446446446447	0.20319680897127712	30767.445541442485	5.046463359557784e-10
114.73973973973975	0.2034255951676991	30706.376073743813	5.066721037565523e-10
115.01501501501502	0.20364025983904924	30645.427821717596	5.087055421934766e-10
115.2902902902903	0.20387868725153502	30584.600544763187	5.107469638183047e-10
115.56556556556556	0.20410248083937801	30523.894002757457	5.127962834802832e-10
115.84084084084084	0.20431487249846264	30463.307956053904	5.148534625478467e-10
116.11611611611612	0.20463063301708825	30402.842165481812	5.169195509822387e-10
116.3913913913914	0.20501885386698607	30342.49639234517	5.189951667910503e-10
116.66666666666667	0.20526994813954427	30282.27039842156	5.210788670039972e-10
116.94194194194195	0.20541210417354472	30222.163945961438	5.231696814018152e-10
117.21721721721723	0.20563835218081164	30162.176797687356	5.252686124482726e-10
117.4924924924925	0.2059575122899986	30102.30871679285	5.273766113727808e-10
117.76776776776778	0.20630733333763096	30042.55946694143	5.294939072328954e-10
118.04304304304304	0.20669543404498839	29982.92881226574	5.316207751479608e-10
118.31831831831832	0.20710048210467263	29923.416517366568	5.337572521015267e-10
118.5935935935936	0.2073817826671353	29864.02234731179	5.359020216737636e-10
118.86886886886887	0.20749289216050407	29804.746067635577	5.380535101692154e-10
119.14414414414415	0.20755781551104194	29745.58744433762	5.402115684432406e-10
119.41941941941943	0.2076785026051431	29686.546243882163	5.423770598699277e-10
119.6946946946947	0.20791280578629837	29627.62223319707	5.445512927645019e-10
119.96996996996998	0.20821893434854885	29568.815179672783	5.467349888647872e-10
120.24524524524524	0.20850348567690422	29510.124851161374	5.489278603458356e-10
120.52052052052052	0.20870162177618456	29451.551015975627	5.51129029562229e-10
120.7957957957958	0.20880817139984534	29393.093442888196	5.533376967168306e-10
121.07107107107107	0.20897578743030298	29334.75190113087	5.555546843148989e-10
121.34634634634635	0.20928861480292632	29276.526160393583	5.577815355397827e-10
121.62162162162163	0.20964182238764037	29218.41599082329	5.600185413348427e-10
121.8968968968969	0.20995027534940824	29160.42116302312	5.622651105776907e-10
122.17217217217218	0.21017796323213164	29102.541448051466	5.645203826835888e-10
122.44744744744746	0.21031096119020892	29044.776617421165	5.667834853982301e-10
122.72272272272272	0.2103639690693631	28987.126443098572	5.690538221935445e-10
122.997997997998	0.21045723879972472	28929.59069750281	5.713320941145586e-10
123.27327327327328	0.21069502859006795	28872.16915350483	5.736199584620273e-10
123.54854854854855	0.21092880554989413	28814.861584426268	5.759173397566637e-10
123.82382382382383	0.21105848048941928	28757.667764038604	5.782231630835914e-10
124.0990990990991	0.21125061677692653	28700.587466562494	5.805382067770374e-10
124.37437437437438	0.21154817676648832	28643.62046666684	5.828635823164646e-10
124.64964964964966	0.21177001897862138	28586.76653946759	5.851983939278662e-10
124.92492492492492	0.21192837307878987	28530.025460527097	5.875420050033821e-10
125.2002002002002	0.212199445575348	28473.39700585337	5.898956900241166e-10
125.47547547547548	0.21253164159170296	28416.880951898987	5.922600139506776e-10
125.75075075075075	0.2127726330193274	28360.477075560077	5.946338890047349e-10
126.02602602602603	0.21291379509386585	28304.18515417559	5.970162998847452e-10
126.30130130130131	0.21302598642206916	28248.00496552653	5.994071203382359e-10
126.57657657657658	0.21327589689574178	28191.936287835164	6.018079886947138e-10
126.85185185185186	0.213710996677644	28135.978899764035	6.042208108838479e-10
127.12712712712714	0.21413624150393581	28080.1325804148	6.066451748527238e-10
127.4024024024024	0.21446256846951178	28024.397109327478	6.09079796441908e-10
127.67767767767768	0.21474467358507413	27968.77226647974	6.115241619749831e-10
127.95295295295296	0.21502136062885796	27913.257832286035	6.139782493325566e-10
128.22822822822823	0.2153011971185965	27857.85358759667	6.164421363763178e-10
128.5035035035035	0.2154964403566355	27802.559313696842	6.189149614487151e-10
128.7787787787788	0.21556544592111823	27747.374792305854	6.213955494188246e-10
129.05405405405406	0.2157954935756773	27692.29980557657	6.238859757455398e-10
129.32932932932934	0.21631973139320698	27637.334136094465	6.263894478028917e-10
129.60460460460462	0.21675157168279305	27582.4775668761	6.289045502507976e-10
129.87987987987987	0.21692741222172357	27527.729881368516	6.314283175323138e-10
130.15515515515517	0.21707722473220428	27473.090863448855	6.339607132194844e-10
130.43043043043042	0.21727866897840797	27418.560297423377	6.365025532839859e-10
130.70570570570572	0.21746507371483384	27364.137968026364	6.390538139762081e-10
130.98098098098097	0.21764732844510573	27309.823660419417	6.416145992544554e-10
131.25625625625628	0.21785007040892634	27255.61716019059	6.441852727668023e-10
131.53153153153153	0.2179556035178585	27201.51825335341	6.46764859336268e-10
131.80680680680683	0.2179237515936208	27147.526726346037	6.493520897931437e-10
132.08208208208208	0.2180566926660774	27093.642366030967	6.519492197549836e-10
132.35735735735736	0.21845161828305176	27039.864959693827	6.545592556656332e-10
132.63263263263264	0.2187642694363227	26986.1942950421	6.571809467511171e-10
132.9079079079079	0.21890413228198755	26932.630160204477	6.598122256965493e-10
133.1831831831832	0.21907817175539615	26879.172343730505	6.624536480131282e-10
133.45845845845847	0.2193337850507594	26825.82063458947	6.651062241826188e-10
133.73373373373374	0.2196143768765105	26772.57482216947	6.677701861265556e-10
134.00900900900902	0.21991745168547575	26719.43469627666	6.704457103111654e-10
134.2842842842843	0.2202544730345732	26666.400047134422	6.731330836617069e-10
134.55955955955955	0.2206084100030346	26613.4706653825	6.758323646163472e-10
134.83483483483485	0.22096116858850517	26560.646342076176	6.785434045032463e-10
135.1101101101101	0.22130557720026023	26507.92686868548	6.812660023091607e-10
135.3853853853854	0.22161209302260174	26455.31203709429	6.839996568032944e-10
135.66066066066065	0.22182808257893902	26402.80163959954	6.867433462100447e-10
135.93593593593596	0.2220249616493481	26350.3954689105	6.894970283719554e-10
136.2112112112112	0.2223461541510022	26298.09331814811	6.922623244788506e-10
136.4864864864865	0.22269674151426297	26245.894980843794	6.950395231570507e-10
136.76176176176176	0.22290967349351573	26193.80025093861	6.978269436897615e-10
137.03703703703704	0.2230316193082944	26141.808922782664	7.006237068637232e-10
137.31231231231232	0.22313981401557098	26089.920791134366	7.034299700225885e-10
137.5875875875876	0.22322729161563293	26038.135651159504	7.062457904544801e-10
137.86286286286287	0.22331601684107594	25986.453298430493	7.090714788545951e-10
138.13813813813815	0.22349291373502653	25934.87352892562	7.119083252227639e-10
138.41341341341342	0.22374833197449073	25883.396139028104	7.147573185578611e-10
138.6886886886887	0.2239805204193323	25832.02092552523	7.176181043671457e-10
138.96396396396398	0.22419521362328956	25780.74768560762	7.204904569874949e-10
139.23923923923923	0.2244514046773952	25729.576216868576	7.233748932614327e-10
139.51451451451453	0.2247175443356582	25678.50631730306	7.262714833611934e-10
139.78978978978978	0.22494098810726615	25627.537785306988	7.291796650544618e-10
140.06506506506508	0.22511244052323107	25576.670419676375	7.320988571089882e-10
140.34034034034033	0.22527689255197952	25525.904019606725	7.350291142303202e-10
140.61561561561564	0.22556597091594163	25475.23838469226	7.379720773437889e-10
140.8908908908909	0.2259733593007715	25424.673314924996	7.409290695064219e-10
141.1661661661662	0.22632024272984744	25374.2086106937	7.438990514633449e-10
141.44144144144144	0.2265786664236678	25323.844072783337	7.468808109311464e-10
141.71671671671672	0.22683565602145664	25273.579502374367	7.498743902149991e-10
141.991991991992	0.22711455889278206	25223.41470104199	7.528801180687981e-10
142.26726726726727	0.22739252296069912	25173.34947075517	7.558980001235821e-10
142.54254254254255	0.22758044007164535	25123.383613875845	7.589269529494283e-10
142.81781781781783	0.2276418769381701	25073.516933158196	7.619656170723333e-10
143.0930930930931	0.2277182755672865	25023.749231748123	7.650145964348843e-10
143.36836836836838	0.22788346653922967	24974.080313182374	7.680753237104223e-10
143.64364364364366	0.22806902158889464	24924.509981387546	7.711481670971217e-10
143.9189189189189	0.22827965587127355	24875.038040679447	7.742335046845603e-10
144.1941941941942	0.2285876815358304	24825.664295762403	7.773325700034253e-10
144.46946946946946	0.22893502019594927	24776.38855172832	7.804456861795988e-10
144.74474474474476	0.22920886151734018	24727.210614055773	7.835717145933789e-10
145.02002002002	0.22942352692018264	24678.130288609518	7.867098818194181e-10
145.29529529529532	0.22963278175802626	24629.147381639694	7.898602228439516e-10
145.57057057057057	0.22987372072836493	24580.261699781102	7.930232460879027e-10
145.84584584584587	0.23013219071060773	24531.473050052293	7.961992088403258e-10
146.12112112112112	0.23030758067068707	24482.78123985478	7.99387051073872e-10
146.3963963963964	0.2304474962980347	24434.186076972383	8.025864947490573e-10
146.67167167167167	0.23076300387605808	24385.6873695708	8.058000250606833e-10
146.94694694694695	0.23117623842267337	24337.284926196382	8.09028746013322e-10
147.22222222222223	0.23144076365200544	24288.97855577514	8.122704136056101e-10
147.4974974974975	0.23165204849777155	24240.768067612484	8.155243803058768e-10
147.77277277277278	0.23198911249527432	24192.653271392606	8.187924346125049e-10
148.04804804804806	0.23234941573784537	24144.63397717732	8.220747573330699e-10
148.32332332332334	0.23262956638219742	24096.70999540527	8.253701588561781e-10
148.59859859859858	0.23289684819104753	24048.881136891494	8.286785267603684e-10
148.8738738738739	0.23318175384021309	24001.147212826545	8.320001752702175e-10
149.14914914914914	0.23342585011958122	23953.50803477573	8.353346077824516e-10
149.42442442442444	0.23358352040492997	23905.963414678245	8.386808115394723e-10
149.6996996996997	0.23364069416977665	23858.51316484659	8.420377540942848e-10
149.974974974975	0.23371367832194848	23811.157097965952	8.454061167039672e-10
150.25025025025025	0.23394891794958972	23763.895027093604	8.487884317202202e-10
150.52552552552555	0.23427631426947376	23716.726765657724	8.52185904619355e-10
150.8008008008008	0.23457463268390458	23669.652127456673	8.555979350730558e-10
151.07607607607608	0.2347841779824907	23622.67092665827	8.590232243492899e-10
151.35135135135135	0.23491859297557058	23575.78297779925	8.624608716460017e-10
151.62662662662663	0.23510003426601733	23528.98809578466	8.659117788122508e-10
151.9019019019019	0.23537272752103916	23482.286095887026	8.693773134394687e-10
152.17717717717719	0.23568220303137205	23435.67679374545	8.728578947398307e-10
152.45245245245246	0.23597951250787183	23389.160005364873	8.763532172217382e-10
152.72772772772774	0.2362370227726286	23342.73554711544	8.798626554397124e-10
153.00300300300302	0.23652190849644544	23296.403235731883	8.833866149316278e-10
153.2782782782783	0.23689266314212284	23250.1628883128	8.869262512573005e-10
153.55355355355357	0.23722264192955653	23204.014322319625	8.904807974247895e-10
153.82882882882885	0.23743918092269078	23157.957355575978	8.940486134258654e-10
154.10410410410412	0.23769027725250194	23111.991806267357	8.976303848015131e-10
154.37937937937937	0.23800264469263963	23066.117492940168	9.012270678686252e-10
154.65465465465465	0.23820689470273426	23020.334234500722	9.048371112429646e-10
154.92992992992993	0.2383497662864235	22974.641850214848	9.084598755891173e-10
155.2052052052052	0.2386380911750978	22929.040159707463	9.120977351020577e-10
155.48048048048048	0.23895999859146694	22883.52898296135	9.157511172989034e-10
155.75575575575576	0.2390955057638194	22838.108140316224	9.194172860629761e-10
156.03103103103103	0.2391267542289495	22792.77745246854	9.230951168029562e-10
156.3063063063063	0.23921483920550407	22747.53674047094	9.267859594493084e-10
156.5815815815816	0.23947672534666414	22702.38582573146	9.304926205661267e-10
156.85685685685687	0.23988855693050606	22657.324530012585	9.3421712489241e-10
157.13213213213214	0.24020589718137675	22612.352675430186	9.37957679556462e-10
157.40740740740742	0.24035282445809303	22567.47008445306	9.417117012607976e-10
157.6826826826827	0.240453869171136	22522.676579902607	9.45478828313616e-10
157.95795795795797	0.2406352998639109	22477.97198495214	9.492605909222626e-10
158.23323323323325	0.24098236308144547	22433.356123126112	9.530595174834266e-10
158.50850850850853	0.24135165241366957	22388.828818299015	9.568756523205836e-10
158.7837837837838	0.24158678269113507	22344.38989469464	9.607067629716655e-10
159.05905905905905	0.24181006211557582	22300.03917688593	9.645527795148138e-10
159.33433433433433	0.24211987904179993	22255.776489794178	9.684150966773817e-10
159.6096096096096	0.24242820921602554	22211.601658688043	9.722935975593102e-10
159.88488488488488	0.2426702267312641	22167.514509182918	9.761872388376057e-10
160.16016016016016	0.24284521274089665	22123.514867240312	9.80095147246659e-10
160.43543543543544	0.24299220080039213	22079.60255916725	9.840171806540123e-10
160.7107107107107	0.2431661612978406	22035.777411615632	9.879540470280808e-10
160.985985985986	0.24331706068432207	21992.039251581355	9.919056009313396e-10
161.26126126126127	0.24337565005793158	21948.387906403572	9.958706927382292e-10
161.53653653653654	0.2434260771566719	21904.823203764314	9.998496323826952e-10
161.81181181181182	0.24355960768344906	21861.344971687817	1.003844062587246e-09
162.0870870870871	0.24376544565103164	21817.95303853965	1.007855204599011e-09
162.36236236236238	0.2439949544415118	21774.647233026	1.0118833537244269e-09
162.63763763763765	0.2441682672737158	21731.427384192873	1.015927553039914e-09
162.91291291291293	0.2442610735898504	21688.293321425583	1.0199866416830305e-09
163.1881881881882	0.24431235979493232	21645.244874448163	1.0240602551967851e-09
163.46346346346348	0.24441454420704814	21602.28187332278	1.0281495179072144e-09
163.73873873873873	0.24466326005094632	21559.404148449143	1.0322568554347674e-09
164.014014014014	0.24498622478044094	21516.611530563452	1.0363831904165982e-09
164.2892892892893	0.2452624231051693	21473.903850737624	1.0405274289500394e-09
164.56456456456456	0.2454179440360206	21431.28094037877	1.0446875186709672e-09
164.83983983983984	0.2454632856977236	21388.742631228644	1.0488619194765888e-09
165.11511511511512	0.24555621016807525	21346.288755363294	1.0530518254280283e-09
165.3903903903904	0.2457500366111683	21303.919145192183	1.0572590820232155e-09
165.66566566566567	0.24595249534252192	21261.633633457244	1.0614837871454935e-09
165.94094094094095	0.24615602629690514	21219.432053232405	1.065725914975683e-09
166.21621621621622	0.2464157066648776	21177.314237923027	1.0699863305603083e-09
166.4914914914915	0.24671492249596175	21135.280021265105	1.0742655042613155e-09
166.76676676676678	0.24700520547705146	21093.329237324586	1.0785630674380242e-09
167.04204204204206	0.24724877120488475	21051.46172049667	1.0828781199874204e-09
167.31731731731733	0.2474308038235959	21009.67730550527	1.0872096852147571e-09
167.5925925925926	0.24758724581495362	20967.975827402395	1.091557539127456e-09
167.8678678678679	0.2477472227201561	20926.357121567555	1.0959219764456241e-09
168.14314314314316	0.2479180000260721	20884.821023707013	1.100303371472936e-09
168.4184184184184	0.24812472986572573	20843.367369853197	1.1047024567486373e-09
168.6936936936937	0.24840510082614312	20801.995996364065	1.1091204701540186e-09
168.96896896896897	0.24873350598428992	20760.706739922363	1.1135580372112656e-09
169.24424424424424	0.24905389311554874	20719.499437534887	1.1180147722332786e-09
169.51951951951952	0.24934890547015076	20678.37392653191	1.1224900816591023e-09
169.7947947947948	0.249601661981172	20637.330044566566	1.1269832055878813e-09
170.07007007007007	0.24975327944292722	20596.36762961409	1.131492548597847e-09
170.34534534534535	0.2498205506346158	20555.48651997138	1.1360170725053034e-09
170.62062062062063	0.24997585521038249	20514.68655425664	1.1405587948465091e-09
170.8958958958959	0.25021782806357107	20473.967571408433	1.1451193828622091e-09
171.17117117117118	0.25034094435093657	20433.32941068455	1.149696790216258e-09
171.44644644644646	0.2504226694176227	20392.77191166201	1.1542906281857808e-09
171.72172172172174	0.2507013950701398	20352.294914236783	1.1589046072141844e-09
171.996996996997	0.25102727892541105	20311.89825862231	1.1635392916027367e-09
172.2722722722723	0.2511659092582221	20271.581785348677	1.1681911844635755e-09
172.54754754754757	0.25124943803937816	20231.345335262795	1.1728596408673951e-09
172.82282282282284	0.25143056277831344	20191.188749527813	1.1775467444862828e-09
173.0980980980981	0.25168249150969274	20151.1118696221	1.1822537811399606e-09
173.37337337337337	0.2519409017154166	20111.11453733853	1.1869807275770748e-09
173.64864864864865	0.2521301119408434	20071.196594783847	1.1917262728378657e-09
173.92392392392392	0.25226500792337686	20031.357884378216	1.1964895979865987e-09
174.1991991991992	0.2524317407430508	19991.598248854792	1.20127153004777e-09
174.47447447447448	0.2526102663029183	19951.91753125884	1.2060724194454548e-09
174.74974974974975	0.25274980190065177	19912.315574947053	1.2108916827734088e-09
175.02502502502503	0.25295580848435567	19872.79222358729	1.2157306965301625e-09
175.3003003003003	0.25332228427223225	19833.347321157922	1.2205922709629282e-09
175.57557557557558	0.25375056781405736	19793.980711946795	1.2254770150504394e-09
175.85085085085086	0.25410996133191044	19754.692240550536	1.2303831384098912e-09
176.12612612612614	0.25428575902131156	19715.481751873947	1.2353071369323738e-09
176.40140140140142	0.2543798350478804	19676.34909112994	1.2402479301527548e-09
176.6766766766767	0.2547022111286785	19637.294103839362	1.2452101650490678e-09
176.95195195195197	0.2551624774582287	19598.3166358295	1.2501960904359792e-09
177.22722722722725	0.25543838690654624	19559.416533232892	1.255201802879704e-09
177.50250250250252	0.25556245153203905	19520.593642487576	1.26022466891844e-09
177.77777777777777	0.25569181370033695	19481.84781033676	1.2652653550622755e-09
178.05305305305305	0.2558838721817132	19443.17888382797	1.2703254635913442e-09
178.32832832832833	0.25613744019369034	19404.586710312356	1.2754063130448375e-09
178.6036036036036	0.256374709511129	19366.071137443872	1.2805075925916377e-09
178.87887887887888	0.2565670868728952	19327.632013178776	1.2856285368271415e-09
179.15415415415416	0.2567658503615978	19289.26918577526	1.2907694653743986e-09
179.42942942942943	0.2569737491135516	19250.98250379273	1.295930707064056e-09
179.7047047047047	0.2571482412214775	19212.771816091055	1.3011117636570991e-09
179.97997997998	0.25725771072857795	19174.636971830052	1.3063116513992557e-09
180.25525525525526	0.25729619779393303	19136.577820468898	1.3115294573348063e-09
180.53053053053054	0.2573530564517261	19098.59421176582	1.316766099623252e-09
180.80580580580582	0.2574962426357763	19060.685995777414	1.3220236193927987e-09
181.0810810810811	0.2576479258810909	19022.853022857733	1.3273022618370121e-09
181.35635635635637	0.2577844344699297	18985.095143657796	1.332601799522959e-09
181.63163163163165	0.25801427679811184	18947.41220912533	1.3379241068046002e-09
181.90690690690693	0.2583028389308199	18909.804070503826	1.3432700962763436e-09
182.1821821821822	0.2584705837540166	18872.27057933161	1.348637130163076e-09
182.45745745745745	0.2585789204406347	18834.811587441847	1.35402421199104e-09
182.73273273273273	0.25881228794010264	18797.426946962238	1.359434057528557e-09
183.008008008008	0.25910411736973427	18760.116510313866	1.3648676519706974e-09
183.28328328328328	0.259340112677563	18722.88013021044	1.370323628093311e-09
183.55855855855856	0.25959696694298057	18685.7176596582	1.3758023526882159e-09
183.83383383383384	0.2599064031356491	18648.62895195526	1.3813047594047998e-09
184.1091091091091	0.26011319740499567	18611.61386069051	1.3868286224426355e-09
184.3843843843844	0.26021413016149464	18574.672239743453	1.3923720566196835e-09
184.65965965965967	0.26042106626749423	18537.803943284165	1.3979376577530118e-09
184.93493493493494	0.2606879924668287	18501.00882577207	1.403526682360787e-09
185.21021021021022	0.26079010856408585	18464.286741954893	1.4091357647571785e-09
185.4854854854855	0.2608555485931597	18427.637546868988	1.41476466747238e-09
185.76076076076077	0.2611096446694688	18391.061095839068	1.4204176658618463e-09
186.03603603603605	0.2613995216087303	18354.5572444766	1.4260952711540256e-09
186.31131131131133	0.2615636675384429	18318.125848679218	1.4317947071102968e-09
186.5865865865866	0.2617173499528064	18281.766764630887	1.4375160017385804e-09
186.86186186186188	0.26191486047995305	18245.479848801187	1.443260281229656e-09
187.13713713713713	0.262041771201124	18209.264957944288	1.4490261899672797e-09
187.4124124124124	0.2621290003188708	18173.121949098764	1.4548132481922585e-09
187.68768768768768	0.26234589341537656	18137.050679587417	1.4606245014024478e-09
187.96296296296296	0.2626063245144149	18101.05100701603	1.466460729903405e-09
188.23823823823824	0.2627180588803265	18065.122789272486	1.4723186798173623e-09
188.51351351351352	0.2628266535629906	18029.265884527136	1.4781986584086064e-09
188.7887887887888	0.2631083540068356	17993.480151232354	1.4841045476373016e-09
189.06406406406407	0.26340912398458083	17957.76544812106	1.4900363976431232e-09
189.33933933933935	0.26360668236487556	17922.121634206207	1.4959917462011063e-09
189.61461461461462	0.26378677074911283	17886.54856878086	1.501970357284771e-09
189.8898898898899	0.2639834298288576	17851.046111417443	1.5079727597984665e-09
190.16516516516518	0.2641398471962957	17815.61412196697	1.5139982227093324e-09
190.44044044044045	0.2642725597056366	17780.2524605587	1.5200465057597199e-09
190.71571571571573	0.2644446420781824	17744.960987599665	1.5261187491244745e-09
190.990990990991	0.264607298188718	17709.73956377386	1.5322148819236826e-09
191.26626626626629	0.26469162133528357	17674.58805004161	1.5383334084396157e-09
191.54154154154156	0.26477439832021993	17639.506307639436	1.5444747380166219e-09
191.8168168168168	0.26491792165174766	17604.494198079476	1.5506405460898288e-09
192.0920920920921	0.2650454048501105	17569.551583148525	1.5568305921131644e-09
192.36736736736736	0.2651414069463685	17534.67832490768	1.563044364838455e-09
192.64264264264264	0.26531268094756716	17499.874285692145	1.5692837514223746e-09
192.91791791791792	0.26553143504469434	17465.139328110312	1.5755497253249944e-09
193.1931931931932	0.265647374849922	17430.47331504281	1.5818398596299095e-09
193.46846846846847	0.2656724107348166	17395.876109642482	1.5881524327680663e-09
193.74374374374375	0.265706132819164	17361.347575334097	1.5944882091123056e-09
194.01901901901903	0.2657883522907977	17326.887575813624	1.6008487015789816e-09
194.2942942942943	0.26593937623223285	17292.49597504766	1.6072356174077885e-09
194.56956956956958	0.26618537185565344	17258.1726372729	1.6136509568385242e-09
194.84484484484486	0.2665080855608138	17223.91742699544	1.620095984831377e-09
195.12012012012013	0.2668031401158702	17189.730208990022	1.626569454032077e-09
195.3953953953954	0.26701818938147015	17155.610848299635	1.6330691988895441e-09
195.6706706706707	0.2671722079454553	17121.559210235206	1.6395938827159938e-09
195.94594594594597	0.2672612707489809	17087.575160374985	1.6461423373430834e-09
196.22122122122124	0.2672768347642664	17053.658564563997	1.6527134269163304e-09
196.4964964964965	0.26732086212024225	17019.809288913886	1.6593085257707372e-09
196.77177177177177	0.26751236180983373	16986.027199802407	1.6659314658662002e-09
197.04704704704704	0.26783668311176484	16952.31216387252	1.6725850847587807e-09
197.32232232232232	0.26819564474322694	16918.664048031562	1.6792695052917953e-09
197.5975975975976	0.2683766942789808	16885.082719450398	1.6859800056359866e-09
197.87287287287288	0.2683472106507973	16851.568045563443	1.6927119838161034e-09
198.14814814814815	0.2683553689798815	16818.119894068983	1.6994673706278795e-09
198.42342342342343	0.26850841912013296	16784.73813292829	1.706250234665781e-09
198.6986986986987	0.268762260349676	16751.422630364574	1.7130629167946324e-09
198.97397397397398	0.26903912989110124	16718.173254862362	1.71990555832806e-09
199.24924924924926	0.2692565450252504	16684.98987516696	1.7267763796939365e-09
199.52452452452454	0.2693905082095663	16651.872360284127	1.733673382534675e-09
199.7997997997998	0.2694757843425934	16618.820579479747	1.74059576052137e-09
200.0750750750751	0.2696663345605974	16585.83440227968	1.747546486694461e-09
200.35035035035037	0.26999096082705654	16552.913698468892	1.7545286988303879e-09
200.62562562562564	0.27021514656510376	16520.058338090028	1.761539448014807e-09
200.90090090090092	0.27028125390670826	16487.268191443498	1.7685749719545726e-09
201.17617617617617	0.2703538689797651	16454.54312908769	1.775636121097159e-09
201.45145145145145	0.27050386864223186	16421.88302183816	1.7827253015177075e-09
201.72672672672672	0.2707158599640309	16389.287740766813	1.7898441363421175e-09
202.002002002002	0.27088444879347867	16356.757157201164	1.7969914441822477e-09
202.27727727727728	0.27093714645729566	16324.291142723838	1.8041645295231947e-09
202.55255255255256	0.2710748350973596	16291.889569173047	1.8113660632806136e-09
202.82782782782783	0.2714284901248161	16259.55230864184	1.8186014350906666e-09
203.1031031031031	0.27181759793273835	16227.279233476542	1.8258706874679305e-09
203.3783783783784	0.2721068944067665	16195.07021627641	1.8331705762578077e-09
203.65365365365366	0.2722877159601994	16162.925129893532	1.8404982589871243e-09
203.92892892892894	0.2724151715316215	16130.84384743255	1.8478527860981512e-09
204.20420420420422	0.27257527425150946	16098.826242250294	1.8552355209152201e-09
204.4794794794795	0.27271199049360895	16066.872187954763	1.8626462115590918e-09
204.75475475475477	0.27273048224318513	16034.9815584045	1.8700823166809368e-09
205.03003003003005	0.2727194132104881	16003.154227708741	1.8775439811729095e-09
205.30530530530532	0.2727887723301352	15971.39007022699	1.885034087726733e-09
205.5805805805806	0.2729434418500964	15939.688960568137	1.8925551371025234e-09
205.85585585585588	0.27313798476825957	15908.050773589826	1.9001080551902446e-09
206.13113113113113	0.27327770943677865	15876.475384397756	1.9076912320312586e-09
206.4064064064064	0.2733958158992863	15844.96266834563	1.9153042150914014e-09
206.68168168168168	0.2736440607405564	15813.512501035133	1.9229505167537343e-09
206.95695695695696	0.27390447899450654	15782.124758314427	1.9306300244182943e-09
207.23223223223223	0.27394684887441106	15750.79931627728	1.9383367767736456e-09
207.5075075075075	0.2739844267812696	15719.53605126417	1.9460713991569364e-09
207.7827827827828	0.2742751035755151	15688.334839861956	1.9538410704807958e-09
208.05805805805807	0.2745902555614642	15657.19555890165	1.9616457710593563e-09
208.33333333333334	0.2747200956254463	15626.118085457958	1.969480068308367e-09
208.60860860860862	0.2747390979568347	15595.102296849858	1.97734148609074e-09
208.8838838838839	0.2747747155360616	15564.148070640296	1.985231348496582e-09
209.15915915915917	0.27496306689052036	15533.255284635756	1.993154324413324e-09
209.43443443443445	0.27524102596736044	15502.423816885039	2.00111259230237e-09
209.70970970970973	0.27540415887899833	15471.653545678233	2.009102563010308e-09
209.984984984985	0.2754297537205404	15440.94434954693	2.0171207285889754e-09
210.26026026026028	0.2753913240380987	15410.296107264097	2.025166196324422e-09
210.53553553553556	0.27537847821308276	15379.708697843642	2.033240642103681e-09
210.8108108108108	0.275470394710508	15349.18200053995	2.0413475723963707e-09
211.08608608608608	0.275704296783588	15318.715894847199	2.0494908762184536e-09
211.36136136136136	0.27603517560906327	15288.310260498602	2.0576725461850765e-09
211.63663663663664	0.27630013195488606	15257.964977465475	2.0658898336661857e-09
211.91191191191191	0.27645307111711914	15227.679925957187	2.074139273725688e-09
212.1871871871872	0.2765759834313299	15197.454986421202	2.082420296991193e-09
212.46246246246247	0.27674142348768366	15167.29003954255	2.090734444192373e-09
212.73773773773775	0.2769877097862899	15137.184966243249	2.099084047045876e-09
213.01301301301302	0.2772030420304005	15107.13964768125	2.1074679595072373e-09
213.2882882882883	0.2772994732796556	15077.15396525003	2.115882847095137e-09
213.56356356356358	0.27746550815006155	15047.227800579241	2.1243312327544127e-09
213.83883883883885	0.2777918609198323	15017.361035533846	2.1328177172955788e-09
214.11411411411413	0.2780510905471947	14987.5535522124	2.1413397418841285e-09
214.3893893893894	0.27816562616623436	14957.80523294716	2.1498930821123037e-09
214.66466466466468	0.2782867037231705	14928.11596030454	2.1584785614371374e-09
214.93993993993996	0.27845880311831367	14898.485617084238	2.1670981244056913e-09
215.21521521521524	0.278643383449406	14868.914086318422	2.175752291703574e-09
215.4904904904905	0.27888651049269203	14839.40125127163	2.184442818241108e-09
215.76576576576576	0.2792395546399998	14809.946995440307	2.1931726205121918e-09
216.04104104104104	0.27959562544303007	14780.551202551726	2.2019410563654752e-09
216.31631631631632	0.2798511074463671	14751.213756563511	2.2107446724563592e-09
216.5915915915916	0.28002459897916115	14721.934541663693	2.219581221978875e-09
216.86686686686687	0.28017987388711885	14692.713442270446	2.2284507367981866e-09
217.14214214214215	0.2804131140997954	14663.55034303175	2.2373560412267808e-09
217.41741741741743	0.2806602283448701	14634.445128824293	2.2462976028096472e-09
217.6926926926927	0.2807278838320306	14605.397684752455	2.2552702164821344e-09
217.96796796796798	0.280701834129737	14576.40789614903	2.2642721704407785e-09
218.24324324324326	0.28079759809008914	14547.475648575317	2.273308388151778e-09
218.51851851851853	0.2810133592874382	14518.60082781976	2.282382842712612e-09
218.7937937937938	0.28128751742253966	14489.783319897262	2.2914969814116383e-09
219.0690690690691	0.2816159267457102	14461.023011048948	2.3006518901867264e-09
219.34434434434436	0.28195978773265346	14432.319787741591	2.3098473350908472e-09
219.61961961961964	0.2821940132047107	14403.673536666753	2.319079443154393e-09
219.89489489489492	0.2823035919506553	14375.084144740844	2.328344652428326e-09
220.17017017017017	0.28241232028199803	14346.551499105273	2.3376437958840425e-09
220.44544544544544	0.28259612681848967	14318.075487125781	2.3469798499723644e-09
220.72072072072072	0.2828761026116608	14289.655996391783	2.3563558925516996e-09
220.995995995996	0.28317226937514856	14261.292914715468	2.3657720386892556e-09
221.27127127127127	0.28338413443967553	14232.986130131265	2.3752253712089465e-09
221.54654654654655	0.2835118568252946	14204.735530895836	2.3847135581190395e-09
221.82182182182183	0.28359045749411127	14176.541005487787	2.3942358003949387e-09
222.0970970970971	0.2836747392280027	14148.402442607336	2.4037931482123368e-09
222.37237237237238	0.28377100445374126	14120.319731175643	2.413386670459838e-09
222.64764764764766	0.2838161156892444	14092.292760334067	2.423015315863722e-09
222.92292292292294	0.2838678709825141	14064.321419444266	2.432680040728533e-09
223.1981981981982	0.2840739142416681	14036.405598088179	2.442386223503464e-09
223.4734734734735	0.2843387759735809	14008.545186066485	2.452135290676153e-09
223.74874874874877	0.2844681069179613	13980.740073397725	2.4619223682458648e-09
224.02402402402404	0.28447646750582023	13952.990150318772	2.471743989589903e-09
224.29929929929932	0.2844537709072309	13925.29530728479	2.4816001919483094e-09
224.5745745745746	0.28450551770494054	13897.655434968872	2.491494354634371e-09
224.84984984984985	0.28466386982749325	13870.070424261274	2.5014302641051212e-09
225.12512512512512	0.2848236486937127	13842.540166268314	2.511407682807894e-09
225.4004004004004	0.28494880412666285	13815.064552312308	2.52142530219659e-09
225.67567567567568	0.2850930181236084	13787.643473931523	2.531483810966653e-09
225.95095095095095	0.28525023945141115	13760.276822879487	2.541583605324898e-09
226.22622622622623	0.28538258331584254	13732.964491124416	2.5517238182490274e-09
226.5015015015015	0.28554264062445106	13705.706370849191	2.561905479391612e-09
226.77677677677679	0.285791371162558	13678.502354451011	2.572131433985911e-09
227.05205205205206	0.2860713990492417	13651.352334540377	2.582402154997233e-09
227.32732732732734	0.286339216082387	13624.256203940738	2.592716641276813e-09
227.60260260260262	0.28664867718394704	13597.213855688535	2.6030758830549777e-09
227.8778778778779	0.2869906695098613	13570.225183032491	2.613480418191633e-09
228.15315315315317	0.2872535899747826	13543.290079432663	2.623927039025481e-09
228.42842842842845	0.2874033614321576	13516.408438560413	2.6344120594585845e-09
228.70370370370372	0.2874792620686548	13489.580154298328	2.644933831372247e-09
228.978978978979	0.2875190289633194	13462.805120739824	2.6554923026017637e-09
229.25425425425428	0.28756782022577815	13436.083232188736	2.666088961936546e-09
229.52952952952953	0.2877186148210111	13409.414383159186	2.676728154572058e-09
229.8048048048048	0.2879975460383078	13382.798468374793	2.6874143058534907e-09
230.08008008008008	0.28819460932537716	13356.235382767103	2.6981439472287844e-09
230.35535535535536	0.28822857919111466	13329.725021475777	2.708911560395342e-09
230.63063063063063	0.28830973447984143	13303.267279849684	2.719719853749956e-09
230.9059059059059	0.28849516167080796	13276.86205344571	2.7305729913176754e-09
231.1811811811812	0.28865586547532424	13250.509238027393	2.74146996220958e-09
231.45645645645646	0.288767545223947	13224.208729565045	2.752409150156278e-09
231.73173173173174	0.2888739247113924	13197.960424235678	2.7633907869016514e-09
232.00700700700702	0.2889723290767315	13171.764218422384	2.7744149989939475e-09
232.2822822822823	0.289060744868147	13145.620008713904	2.7854818506253357e-09
232.55755755755757	0.2892096738269933	13119.527691904612	2.7965938794515433e-09
232.83283283283285	0.28944382006260266	13093.487164993861	2.807754034538713e-09
233.10810810810813	0.2896546515585199	13067.498325184884	2.8189609345459474e-09
233.3833833833834	0.28984163851711897	13041.561069884963	2.8302134840012952e-09
233.65865865865868	0.29015865901270166	13015.675296705826	2.841516264290924e-09
233.93393393393396	0.29056819686584673	12989.84090346223	2.8528716861824417e-09
234.2092092092092	0.2908899595940441	12964.057788170818	2.864275337459765e-09
234.48448448448448	0.29113567137350504	12938.325849050701	2.875724119022855e-09
234.75975975975976	0.29138947060100756	12912.644984523471	2.8872185744771576e-09
235.03503503503504	0.2916120521884383	12887.015093212125	2.8987577696923304e-09
235.3103103103103	0.2917755565752334	12861.436073940733	2.9103399859314016e-09
235.5855855855856	0.2919831057325579	12835.907825734743	2.921967588065072e-09
235.86086086086087	0.29226581331169166	12810.430247820204	2.933643640577486e-09
236.13613613613614	0.29250450889717977	12785.003239622549	2.945366327625888e-09
236.41141141141142	0.2926900517894496	12759.626700766767	2.9571338920283634e-09
236.6866866866867	0.29292875266603713	12734.300531077677	2.9689488340354487e-09
236.96196196196198	0.2932113961450798	12709.024630578902	2.980812865799396e-09
237.23723723723725	0.2934588644918916	12683.798899492052	2.992724499095747e-09
237.51251251251253	0.2936267307425707	12658.623238236532	3.0046809383184854e-09
237.7877877877878	0.29371722565242364	12633.49754742942	3.0166800512084538e-09
238.06306306306308	0.2938477810509378	12608.421727885718	3.0287245063421923e-09
238.33833833833836	0.29406265110145213	12583.395680617548	3.040818129933194e-09
238.61361361361364	0.2942074660285856	12558.419306832642	3.0529582774089713e-09
238.88888888888889	0.29424406664978237	12533.492507934598	3.065141428265964e-09
239.16416416416416	0.2943023229949109	12508.615185523457	3.0773696596514185e-09
239.43943943943944	0.2943822984851423	12483.787241394579	3.0896446762827234e-09
239.71471471471472	0.294396468393757	12459.008577537741	3.1019645715051993e-09
239.98998998999	0.29442828584898845	12434.279096137741	3.1143310116043318e-09
240.26526526526527	0.2945998313242311	12409.598699574248	3.1267500253849473e-09
240.54054054054055	0.29483845793549823	12384.967290420282	3.139223729150771e-09
240.81581581581582	0.2950445640687316	12360.384771441657	3.1517500491923946e-09
241.0910910910911	0.29519047453097225	12335.851045597032	3.164326296337399e-09
241.36636636636638	0.29530380349300567	12311.366016037839	3.1769514159674358e-09
241.64164164164166	0.29547701733534343	12286.929586108285	3.189628184820631e-09
241.91691691691693	0.29573010390259885	12262.541659344553	3.2023596547959225e-09
242.1921921921922	0.29600931591016216	12238.20213947399	3.215146225822375e-09
242.4674674674675	0.29627620839254104	12213.910930414799	3.22798675982648e-09
242.74274274274276	0.2965058156969572	12189.667936275744	3.2408794070154634e-09
243.01801801801804	0.29668813626018875	12165.473061355859	3.253822330760812e-09
243.29329329329332	0.2968260401202579	12141.326210144143	3.2668142100996498e-09
243.56856856856857	0.2969474783676702	12117.227287319347	3.2798551311553652e-09
243.84384384384384	0.29708944586161457	12093.176197749648	3.2929466727811828e-09
244.11911911911912	0.29729463479199864	12069.172846492314	3.3060918468528485e-09
244.3943943943944	0.29754527138628145	12045.217138792963	3.319292401436899e-09
244.66966966966967	0.2977584266026675	12021.308980084776	3.332546450008752e-09
244.94494494494495	0.29795875289806717	11997.448275988794	3.3458535180805517e-09
245.22022022022023	0.29822973307202655	11973.634932313911	3.3592166473620016e-09
245.4954954954955	0.29848201330416885	11949.868855055422	3.372634694370713e-09
245.77077077077078	0.298592136753441	11926.149950394432	3.3861017587128273e-09
246.04604604604606	0.2986220348474	11902.47812469864	3.399615679346452e-09
246.32132132132134	0.2986685143970539	11878.853284522205	3.4131787249018534e-09
246.5965965965966	0.29879261736128465	11855.275336605171	3.426795260048203e-09
246.8718718718719	0.29895881662791834	11831.744187872458	3.4404673583623487e-09
247.14714714714717	0.29900747175079884	11808.259745432713	3.454190111015531e-09
247.42242242242244	0.2989874379292481	11784.821916579269	3.4679616515068135e-09
247.69769769769772	0.2991219298639643	11761.430608790912	3.4817898340709157e-09
247.972972972973	0.29938822630305667	11738.085729729937	3.4956800506871175e-09
248.24824824824825	0.2996429712728305	11714.787187241005	3.509630651782687e-09
248.52352352352352	0.29985755916422113	11691.53488935149	3.523639161943308e-09
248.7987987987988	0.30004692394993016	11668.328744271426	3.5377042795553606e-09
249.07407407407408	0.3002398625520414	11645.168660393232	3.551826231771202e-09
249.34934934934935	0.3004252238979884	11622.054546291076	3.56600477189889e-09
249.62462462462463	0.30051695994179156	11598.986310720022	3.580236070052746e-09
249.8998998998999	0.3005314144444895	11575.96386261634	3.5945178007477814e-09
250.17517517517518	0.30060269637274206	11552.98711109796	3.6088539088197326e-09
250.45045045045046	0.30077193263802215	11530.05596546349	3.623249369772801e-09
250.72572572572574	0.30100577462659905	11507.170335191344	3.6377067708372885e-09
251.00100100100101	0.30123661615199115	11484.330129939157	3.652225295788274e-09
251.2762762762763	0.30140067268409015	11461.535259543449	3.666801560227408e-09
251.55155155155157	0.3015042452781861	11438.785634019741	3.681433179863928e-09
251.82682682682685	0.3015682035250557	11416.081163562309	3.6961192068129135e-09
252.10210210210212	0.3016075743643503	11393.42175854377	3.7108595849839575e-09
252.3773773773774	0.3016634870667482	11370.807329514933	3.725656128547619e-09
252.65265265265268	0.3018093664082188	11348.237787204673	3.740513592635602e-09
252.92792792792793	0.30202073967498305	11325.713042518888	3.75543474163789e-09
253.2032032032032	0.3021973355537286	11303.233006539624	3.770417356987937e-09
253.47847847847848	0.30234068897410604	11280.797590525428	3.785459785617073e-09
253.75375375375376	0.30249399575079555	11258.406705911288	3.800562700453962e-09
254.02902902902903	0.30263001129365924	11236.060264307795	3.815725457597714e-09
254.3043043043043	0.30272992916351116	11213.758177500842	3.830946737685525e-09
254.5795795795796	0.3028647432275691	11191.500357451929	3.846228763152374e-09
254.85485485485486	0.303088947442499	11169.286716297695	3.861575848356045e-09
255.13013013013014	0.30339600940239897	11147.117166349148	3.8769911973183345e-09
255.40540540540542	0.30367945516568257	11124.991620090575	3.892472534074543e-09
255.6806806806807	0.30375586556896944	11102.909990178632	3.908009638619694e-09
255.95595595595597	0.30372849709336946	11080.87218944408	3.923599172260557e-09
256.2312312312313	0.3038469481382764	11058.878130892524	3.939250093935719e-09
256.5065065065065	0.3040578724893974	11036.927727701877	3.954967119094625e-09
256.7817817817818	0.30421786318040905	11015.02089322131	3.9707473624225415e-09
257.0570570570571	0.3043048146788213	10993.157540971824	3.986587535638512e-09
257.3323323323324	0.3043631542870805	10971.337584646406	4.002487152263622e-09
257.60760760760763	0.30451753214585464	10949.56093811028	4.018451759898109e-09
257.8828828828829	0.30476377600499505	10927.827515399616	4.03448564302787e-09
258.15815815815813	0.3049254409606353	10906.137230719889	4.05058388462968e-09
258.43343343343344	0.30504259051122523	10884.489998447158	4.0667445287686805e-09
258.70870870870874	0.3053113775017116	10862.885733128931	4.082975464472329e-09
258.983983983984	0.30565651323569776	10841.324349481782	4.0992794249118045e-09
259.25925925925924	0.3058993214225595	10819.805762390171	4.115650036090651e-09
259.53453453453454	0.30603202916932876	10798.329886907452	4.132081899739981e-09
259.80980980980985	0.306097752358011	10776.896638255894	4.148572855373388e-09
260.0850850850851	0.3061391237541307	10755.505931826388	4.165123299949504e-09
260.36036036036035	0.30621684574455355	10734.157683178215	4.181736558472135e-09
260.63563563563565	0.3064147272796029	10712.851808038931	4.198419440099064e-09
260.91091091091096	0.3066529513450661	10691.588222302758	4.2151735021095975e-09
261.1861861861862	0.30671401808541626	10670.366842029134	4.231989304653193e-09
261.46146146146145	0.3067315012486954	10649.187583445142	4.2488659943187035e-09
261.73673673673676	0.3069884080029393	10628.050362946413	4.265817012306379e-09
262.01201201201206	0.30730599006883175	10606.95509709312	4.282844210287287e-09
262.2872872872873	0.30744337250665804	10585.901702609113	4.299937069114277e-09
262.56256256256256	0.307557720393323	10564.890096384797	4.31709516545778e-09
262.8378378378378	0.30776350196397023	10543.920195476452	4.334323984849417e-09
263.1131131131131	0.30791083281156506	10522.991917103782	4.3516203704924315e-09
263.3883883883884	0.30799759792997883	10502.105178650805	4.36898175779056e-09
263.66366366366367	0.30823098971240376	10481.259897667182	4.386416710023426e-09
263.9389389389389	0.3085372575402347	10460.455991865652	4.403928335017144e-09
264.2142142142142	0.3086553370144681	10439.693379120126	4.421505786802522e-09
264.48948948948953	0.3086630873842297	10418.971977468176	4.439144497867732e-09
264.7647647647648	0.30876316888075805	10398.291705111718	4.456851340043147e-09
265.04004004004	0.30898169724092484	10377.652480415247	4.474633185412375e-09
265.31531531531533	0.3092539486909702	10357.054221904778	4.4924921999526145e-09
265.59059059059064	0.30941138169932364	10336.496848266639	4.510421383058062e-09
265.8658658658659	0.3094676824519502	10315.980278348643	4.528415944563249e-09
266.14114114114113	0.3097304441141504	10295.50443116229	4.546488280801504e-09
266.41641641641644	0.3101282849970727	10275.069225879237	4.564644549660491e-09
266.69169169169174	0.31024995779308656	10254.674581828094	4.5828679797859265e-09
266.966966966967	0.31022388155222386	10234.320418498659	4.601152116808832e-09
267.24224224224224	0.3104185616103391	10214.006655543677	4.619511485070374e-09
267.5175175175175	0.31068359871876344	10193.73321277412	4.63794965164157e-09
267.7927927927928	0.31078828604953057	10173.500010158099	4.656457157191796e-09
268.0680680680681	0.31085294812571934	10153.306967823639	4.6750330152438256e-09
268.34334334334335	0.3109938789454598	10133.15400605832	4.693682768025777e-09
268.6186186186186	0.3111774484570394	10113.041045307638	4.712409056018727e-09
268.8938938938939	0.31135650733703496	10092.968006174584	4.731211479701232e-09
269.1691691691692	0.31148943222792375	10072.934809419385	4.750087517910257e-09
269.44444444444446	0.31154733956565883	10052.94137595928	4.769033649802402e-09
269.7197197197197	0.3115246498567517	10032.987626868424	4.788046826806512e-09
269.994994994995	0.31152058564137103	10013.073483378506	4.80713014045399e-09
270.2702702702703	0.31165080805053924	9993.19886687861	4.826292492752709e-09
270.54554554554556	0.31190149123938604	9973.363698913754	4.845540253242195e-09
270.8208208208208	0.31217943908846174	9953.567901183846	4.864873366145014e-09
271.0960960960961	0.3122847761226341	9933.81139554237	4.8842806946033465e-09
271.3713713713714	0.31223735169773903	9914.094103998108	4.903754577589101e-09
271.6466466466467	0.31238850897121273	9894.41594871785	4.923308758407198e-09
271.9219219219219	0.3127217828907156	9874.77685202275	4.942953278544063e-09
272.19719719719717	0.3128999737646048	9855.176736385032	4.962677073068061e-09
272.4724724724725	0.3129934615102637	9835.615524431454	4.982475441375788e-09
272.7477477477478	0.31323242600623125	9816.093138944485	5.0023578534477515e-09
273.02302302302303	0.3134286831788819	9796.609502858119	5.022321112440689e-09
273.2982982982983	0.3133866353248107	9777.16453925747	5.04235151547582e-09
273.5735735735736	0.3133280008099382	9757.758171382366	5.062451030884932e-09
273.8488488488489	0.3134230576142053	9738.390322626627	5.082631117164993e-09
274.12412412412414	0.3135969997057026	9719.060916535444	5.1028965798351395e-09
274.3993993993994	0.3137758223445466	9699.769876805049	5.123246990442854e-09
274.6746746746747	0.3139230593771682	9680.517127282787	5.14367995176238e-09
274.94994994995	0.3140865396650007	9661.30259196761	5.164196443984745e-09
275.22522522522524	0.3143537353453834	9642.12619501018	5.184802469905637e-09
275.5005005005005	0.3146849888500904	9622.987860711331	5.205500520311785e-09
275.7757757757758	0.31500264209955436	9603.887513521415	5.226288045361967e-09
276.0510510510511	0.31529506421383896	9584.825078040607	5.2471624161781145e-09
276.32632632632635	0.3155644779582366	9565.80047901878	5.268121762899671e-09
276.6016016016016	0.31580707115149576	9546.813641355126	5.289164452568544e-09
276.87687687687685	0.3160203155668891	9527.864490097847	5.310289113512538e-09
277.15215215215215	0.31620548727962594	9508.952950443949	5.331494806911253e-09
277.42742742742746	0.31637826021510107	9490.07894773907	5.352781804406544e-09
277.7027027027027	0.31655449023889204	9471.242407477168	5.374151348108307e-09
277.97797797797796	0.31663960111408507	9452.443255299157	5.3955987335478965e-09
278.25325325325326	0.3165469028681326	9433.681416992631	5.417115009029895e-09
278.52852852852857	0.3165306738370465	9414.956818495062	5.438708713308698e-09
278.8038038038038	0.31678199208049457	9396.269385892889	5.460398400960421e-09
279.07907907907907	0.3169903651684998	9377.619045416111	5.4821796717378285e-09
279.35435435435437	0.3170069900655647	9359.005723439628	5.504039916024867e-09
279.6296296296297	0.31711840899441757	9340.429346487397	5.525987034596705e-09
279.9049049049049	0.3173867381382377	9321.889841229886	5.548031218545253e-09
280.1801801801802	0.3175992651983984	9303.387134480909	5.570167298819138e-09
280.4554554554555	0.3177227955590884	9284.921153199197	5.592389190408534e-09
280.7307307307308	0.31784984799839927	9266.491824489427	5.6146979887507075e-09
281.00600600600603	0.31805216824365	9248.099075601713	5.6370991676028704e-09
281.2812812812813	0.3183594310906181	9229.74283393089	5.659599013000833e-09
281.5565565565566	0.3186786664631007	9211.423027014944	5.6821966591326876e-09
281.83183183183183	0.31891902346079126	9193.139582534724	5.704885710853107e-09
282.10710710710714	0.31905896964030783	9174.892428314364	5.7276598253378565e-09
282.3823823823824	0.3191479203252084	9156.681492321797	5.750517245438148e-09
282.6576576576577	0.3193115030062277	9138.506702669256	5.773464750875991e-09
282.93293293293294	0.319571152518521	9120.36798761193	5.796509150147252e-09
283.20820820820825	0.31985810880450827	9102.265275546664	5.8196514338721534e-09
283.4834834834835	0.32010721197630027	9084.198495011735	5.842888227253594e-09
283.75875875875874	0.32026884970754715	9066.167574686704	5.866213712871938e-09
284.03403403403405	0.3203525935951596	9048.172443392772	5.889624008330108e-09
284.3093093093093	0.32040579257140556	9030.213030092966	5.913119233523923e-09
284.5845845845846	0.32053021272469717	9012.289263892413	5.936706263193985e-09
284.85985985985985	0.32074146794713604	8994.40107403716	5.960391624674063e-09
285.13513513513516	0.32090289394700344	8976.548389912157	5.984171465034355e-09
285.4104104104104	0.3210272805302237	8958.731141042677	6.008043683709029e-09
285.6856856856857	0.32126994379739604	8940.949257095604	6.032017098073666e-09
285.96096096096096	0.3215011940977753	8923.202667875988	6.0560900347401815e-09
286.23623623623627	0.32148370760469236	8905.49130332551	6.0802452749091744e-09
286.5115115115115	0.3214523356878672	8887.815093527544	6.104485196776885e-09
286.7867867867868	0.3216786417397738	8870.173968707333	6.128830159844809e-09
287.06206206206207	0.32192802079068555	8852.567859225994	6.153280317281732e-09
287.3373373373374	0.32201052622450405	8834.996695580647	6.177822907377288e-09
287.6126126126126	0.3220600732889299	8817.46040840793	6.202457143568264e-09
287.8878878878879	0.3221950861955082	8799.958928483478	6.227190628502639e-09
288.1631631631632	0.3224553935375591	8782.492186720863	6.252032183586935e-09
288.4384384384384	0.32276030595463945	8765.060114169828	6.276983259924056e-09
288.71371371371373	0.32296224720467354	8747.662642015244	6.3020348405486876e-09
288.988988988989	0.3231033616974894	8730.29970157908	6.327182864173539e-09
289.2642642642643	0.32329122730654664	8712.97122432086	6.3524317487691394e-09
289.53953953953953	0.3235142069216553	8695.677141836037	6.377784237366854e-09
289.81481481481484	0.32373988672410065	8678.417385855448	6.403240293832507e-09
290.0900900900901	0.3239699951478939	8661.191888245474	6.428800103972826e-09
290.3653653653654	0.32422028908326644	8644.000581007906	6.454465023376712e-09
290.64064064064064	0.3245167267261782	8626.843396279837	6.480238057579555e-09
290.91591591591595	0.3248156576328885	8609.72026633252	6.506118548030067e-09
291.1911911911912	0.3250150608313849	8592.631123570414	6.532098769130764e-09
291.4664664664665	0.3251198673168194	8575.575900532178	6.558173097762799e-09
291.74174174174175	0.32518989280880095	8558.554529891104	6.58434150555445e-09
292.01701701701705	0.3252231218671087	8541.566944454082	6.610603894177906e-09
292.2922922922923	0.3252078964904874	8524.61307716122	6.63695940768032e-09
292.5675675675676	0.32517548919772765	8507.692861086112	6.6634097158135614e-09
292.84284284284286	0.32519446469709645	8490.806229436064	6.6899612102232955e-09
293.1181181181181	0.32538380923614674	8473.95311555245	6.716627727639236e-09
293.3933933933934	0.3256888508410932	8457.133452908296	6.7434162185036174e-09
293.66866866866866	0.3258569602493175	8440.34717510551	6.770313584760011e-09
293.94394394394396	0.32589150159772645	8423.594215877794	6.797309894021228e-09
294.2192192192192	0.32597595113538447	8406.874509092717	6.824411087969847e-09
294.4944944944945	0.3261486706940775	8390.187988749589	6.851624783281166e-09
294.76976976976977	0.3263813222806684	8373.534588978398	6.878954934600192e-09
295.0450450450451	0.3266501834730151	8356.914244039572	6.90640296874947e-09
295.3203203203203	0.3269316777130934	8340.326888323734	6.933968335593986e-09
295.5955955955956	0.3271986683854516	8323.772456351366	6.961648657796043e-09
295.8708708708709	0.3273871812022559	8307.2508827721	6.989437316639143e-09
296.1461461461462	0.32738955430627553	8290.76210236383	7.017321012527812e-09
296.4214214214214	0.32730687755842863	8274.306050035231	7.0452971224108845e-09
296.69669669669673	0.32740824905571564	8257.88266082769	7.0733843065840996e-09
296.971971971972	0.3276887555818073	8241.49186991153	7.101596909586602e-09
297.2472472472473	0.32799927361170067	8225.133612583788	7.129934764408259e-09
297.52252252252254	0.32827251908483485	8208.80782426903	7.158392640434795e-09
297.7977977977978	0.3284895343392121	8192.51444051975	7.186965078047233e-09
298.0730730730731	0.32869392439840944	8176.253397016915	7.215651311071923e-09
298.34834834834834	0.3289192867415254	8160.02462956963	7.2444534722870465e-09
298.62362362362364	0.3291576472111364	8143.8280741143	7.273372706849371e-09
298.8988988988989	0.32939317320011263	8127.6636667142775	7.302408766914138e-09
299.1741741741742	0.32960812633780384	8111.531343559569	7.331560159509227e-09
299.44944944944945	0.3298096661351561	8095.431040966949	7.360826386935872e-09
299.72472472472475	0.33002267936022134	8079.362695379922	7.390209142002209e-09
300.0	0.33027242524916944	8063.326243368513	7.419711868614335e-09
