0.002191002760833571	8.107053300752812	6389.851439972976	8.10674773105001	0.008263870010199187
25.0	0.03287707641196014	33212.0	10.0
25.275275275275277	0.033568952427532314	33704.76114879415	9.278251193443316
25.55055055055055	0.03429389360937468	34166.34639523658	8.594679061927375
25.825825825825827	0.034932350164653195	34596.15732247473	7.950133690785326
26.1011011011011	0.03549680336627478	34994.22471525208	7.344667691669932
26.376376376376378	0.03606480783251591	35361.85170081751	6.776717469155649
26.65165165165165	0.03676776093722826	35701.782706725164	6.242884934625921
26.926926926926928	0.037524961611550285	36015.478154879165	5.74139501757234
27.2022022022022	0.03810081781358261	36302.08371075395	5.273408633211037
27.47747747747748	0.03857577749041408	36562.04559504933	4.838437206763372
27.75275275275275	0.03916039321114503	36797.726917800836	4.433556048151165
28.02802802802803	0.03984628357681961	37011.090634272085	4.056341920737022
28.303303303303302	0.04056776763985979	37203.402641588094	3.7052513236168894
28.57857857857858	0.041297721530247404	37375.69032617359	3.379040058442068
28.853853853853856	0.04200898238950241	37528.82340000636	3.076661240197013
29.12912912912913	0.04266428405863416	37663.528108023376	2.797247706207318
29.404404404404403	0.04329188385304233	37780.751031061256	2.5396503277690052
29.67967967967968	0.043981290127286715	37881.822068784095	2.3022303505399617
29.954954954954957	0.04468901240310618	37967.7822081567	2.0837121578753672
30.23023023023023	0.045301502225057605	38039.24596514454	1.8833588331105258
30.505505505505504	0.04584460487935003	38097.00392678379	1.7002080397558461
30.78078078078078	0.04641547661053325	38142.14675894222	1.532913996759918
31.056056056056057	0.047164370263232294	38176.04425282428	1.3797732259234485
31.33133133133133	0.04809968419507972	38199.85859644274	1.2393419907344525
31.606606606606608	0.04889503507759175	38213.92032217855	1.111229573512771
31.88188188188188	0.04944820269661984	38218.4916123416	0.9951311222558252
32.15715715715716	0.05000787399877012	38214.378658605696	0.8900500225237111
32.432432432432435	0.05065436826694343	38202.44279921981	0.7949172837530752
32.70770770770771	0.051314293329402405	38183.35123787442	0.708908017564407
32.98298298298298	0.05197230196521132	38157.70677091244	0.631277219781437
33.25825825825826	0.052630548216418487	38126.077328563806	0.5613224321820829
33.533533533533536	0.053221689200437766	38088.934706117	0.4984616677236938
33.808808808808806	0.053735145585370424	38046.73336823616	0.4421335900148701
34.08408408408408	0.054374656304106955	38000.05691098641	0.3916115249373974
34.35935935935936	0.05519444186138106	37949.440540313706	0.34622857772113685
34.63463463463464	0.05594616098460619	37895.20250660289	0.3055918874990061
34.90990990990991	0.056589633973004844	37837.63744403976	0.26933767167528194
35.18518518518518	0.0573088478961995	37777.11672534642	0.2370038216312291
35.46046046046046	0.058065307911133734	37713.954472677746	0.20819987622750932
35.73573573573574	0.05871380202890241	37648.38795158633	0.18263209135823588
36.01101101101101	0.05936420681020135	37580.681397992936	0.15997177893752912
36.286286286286284	0.06013470691921265	37511.10466615561	0.13988235061240317
36.56156156156156	0.060825328133372214	37439.84811767341	0.12212741140024896
36.83683683683684	0.06134170663413039	37367.07593558146	0.10650326879415145
37.112112112112115	0.06195203018435795	37292.99496776031	0.0927515618181758
37.38738738738739	0.06274770149029234	37217.79722317507	0.08063218025921921
37.66266266266266	0.06354386808642867	37141.62157779071	0.06997194971713758
37.93793793793794	0.06425999213469635	37064.58578016544	0.060624130945949664
38.213213213213216	0.06490900796205319	36986.801703853664	0.05244910691542384
38.488488488488485	0.06547984620328279	36908.37196054582	0.04531870186407018
38.76376376376376	0.06597903171387778	36829.39157933146	0.03911407501607009
39.03903903903904	0.06655069608191096	36749.95576075976	0.03371589302769829
39.314314314314316	0.06726625029379281	36670.15041143201	0.0290163527187792
39.58958958958959	0.06790562292837721	36590.03871738295	0.024936262920286237
39.86486486486486	0.06837540995107876	36509.67505752487	0.021407436896608078
40.14014014014014	0.06885330415989072	36429.11627343625	0.018358402492783032
40.41541541541542	0.06942823774831151	36348.41453697476	0.01572345480081682
40.690690690690694	0.07007289492190567	36267.61367367829	0.01344733983526903
40.965965965965964	0.07069506592121075	36186.749571484965	0.01148475954183961
41.24124124124124	0.07119976069789544	36105.85240362445	0.00979757118937233
41.51651651651652	0.07168624134681258	36024.9510591255	0.00834917603257382
41.791791791791795	0.07227111584892854	35944.07227704322	0.007105622732130799
42.06706706706707	0.0728946669012407	35863.23807322062	0.006038882297513422
42.34234234234234	0.07350450437671723	35782.46696114121	0.005125311001734743
42.61761761761762	0.07413430827415235	35701.775385045155	0.004343840071065085
42.892892892892895	0.07478354630229336	35621.177551575	0.0036761955601996724
43.168168168168165	0.07540155841943169	35540.685446728996	0.0031068833681280775
43.44344344344344	0.07598675811957936	35460.3095384436	0.002622325507030965
43.71871871871872	0.07657763789036424	35380.059063202585	0.00221042535313489
43.993993993993996	0.07722088662888538	35299.94210541599	0.0018605520817801366
44.26926926926927	0.07793394314548176	35219.96555593671	0.001563567568766531
44.54454454454455	0.07859548093327025	35140.134939778945	0.0013120486873130278
44.81981981981982	0.07913260798793208	35060.45490612895	0.0010996688238611712
45.0950950950951	0.07968258039042694	34980.92975321085	0.0009205337118984747
45.37037037037037	0.08028029832073921	34901.5631392449	0.0007695496029878045
45.645645645645644	0.08077023054957576	34822.357926245786	0.0006426235205421225
45.92092092092092	0.08121987414332343	34743.316632632705	0.0005360906541703316
46.1961961961962	0.08188503106396998	34664.441561698215	0.0004465521980413889
46.471471471471475	0.08269552049117833	34585.73447288829	0.00037129350106205385
46.74674674674675	0.08342798469563963	34507.19664019925	0.0003082114399453785
47.02202202202202	0.08406147099679631	34428.829114188615	0.00025548303693821207
47.2972972972973	0.08464591773888512	34350.63277613148	0.00021149738800536815
47.572572572572575	0.08523501029590816	34272.60834025293	0.0001748533700297833
47.847847847847845	0.08584323348118165	34194.75635242996	0.0001443617259091522
48.12312312312312	0.08641353782465933	34117.07719772691	0.0001190360071779357
48.3983983983984	0.08697933062865747	34039.57114974799	9.80303899377296e-05
48.673673673673676	0.0876703812898067	33962.23839520776	8.06087814721383e-05
48.94894894894895	0.08839875390556459	33885.07900809065	6.617797425582338e-05
49.22422422422423	0.08895541634470383	33808.092965235766	5.4254810616305274e-05
49.4994994994995	0.08939455493776192	33731.280197488886	4.443510528867537e-05
49.77477477477478	0.08986999713958627	33654.64059907589	3.635318335746876e-05
50.05005005005005	0.09047522039403406	33578.17401962415	2.970031129152287e-05
50.32532532532532	0.0912263677956479	33501.88026505201	2.4223655715030066e-05
50.6006006006006	0.09199424067803766	33425.75910063383	1.972245666046817e-05
50.87587587587588	0.09265323714644572	33349.81026249364	1.603350570970229e-05
51.151151151151154	0.09312233145383307	33274.03346611604	1.3020356522556141e-05
51.42642642642643	0.09350209403287336	33198.428413775655	1.0563919336915306e-05
51.70170170170171	0.09402228900789356	33122.994796269086	8.560320413844794e-06
51.97697697697698	0.09465778240808878	33047.73228864763	6.92617096152621e-06
52.252252252252255	0.09526847609631535	32972.64055269898	5.595565874841998e-06
52.527527527527525	0.09584430640563331	32897.71924271452	4.51408889502379e-06
52.8028028028028	0.09642173800651475	32822.96800676506	3.636341189427611e-06
53.07807807807808	0.09704956627791951	32748.386487663218	2.924643904816592e-06
53.353353353353356	0.09771652988345987	32673.974323501974	2.3482872743643896e-06
53.62862862862863	0.09830639353649158	32599.73114822737	1.8826460534001325e-06
53.90390390390391	0.09884519320383127	32525.65659336823	1.5071962301681424e-06
54.17917917917918	0.09950315301091964	32451.750288985702	1.2045712636172271e-06
54.454454454454456	0.10017413510095224	32378.01186293271	9.610338884922416e-07
54.729729729729726	0.10061588805368513	32304.440944836162	7.658533339433252e-07
55.005005005005	0.10095024013398311	32231.037168640734	6.098664464417261e-07
55.28028028028028	0.10139824674144324	32157.800160728642	4.851720691510064e-07
55.55555555555556	0.10199085783485863	32084.72954708198	3.8546831080257026e-07
55.830830830830834	0.10266026602004186	32011.824953478797	3.058036803496032e-07
56.10610610610611	0.10322366716093852	31939.086005701884	2.4231037857993524e-07
56.38138138138139	0.10366197010562682	31866.512329830613	1.9182808401489862e-07
56.65665665665666	0.10418596262273931	31794.103552397362	1.5170188834619826e-07
56.931931931931935	0.10480739847676254	31721.859300359007	1.1981978902864806e-07
57.20720720720721	0.10537399031846123	31649.779201155274	9.453714495783456e-08
57.48248248248248	0.10586985771763707	31577.862882824145	7.452683880500987e-08
57.75775775775776	0.10634726723558974	31506.10997405415	5.871042456504797e-08
58.033033033033036	0.10683779033619588	31434.520104211642	4.622164357344932e-08
58.30830830830831	0.1073611379500721	31363.092903368448	3.63691350560066e-08
58.58358358358358	0.10792133075879645	31291.828002325918	2.8603685093637207e-08
58.85885885885886	0.10848436941219759	31220.72503263432	2.249123316353619e-08
59.134134134134136	0.10896177511424314	31149.78362660913	1.7689812452336847e-08
59.40940940940941	0.10937903132119971	31079.003417348922	1.3924436322915856e-08
59.68468468468468	0.10987475264676862	31008.384038744956	1.097264871478599e-08
59.95995995995996	0.11047249666469215	30937.92512548326	8.659543022884158e-09
60.23523523523524	0.11111868257952306	30867.626313049706	6.848889405640309e-09
60.510510510510514	0.11175782557831862	30797.487237735408	5.433909389942274e-09
60.78578578578579	0.11236162313735099	30727.507536640347	4.330241489608924e-09
61.06106106106106	0.11299916839673334	30657.686847675897	3.4705116006466107e-09
61.33633633633634	0.11368179143817271	30588.024809564962	2.801698032686427e-09
61.611611611611615	0.11425767621102664	30518.521061841817	2.2828069141737718e-09
61.88688688688689	0.11470182136091499	30449.175244853184	1.881319832465519e-09
62.16216216216216	0.11516810475514438	30379.986999758134	1.5710724259295895e-09
62.43743743743744	0.11565890242348449	30310.955968526607	1.3316779042235233e-09
62.712712712712715	0.11606717154604528	30242.081793938327	1.1474184091224277e-09
62.98798798798799	0.11644710918939759	30173.36411958216	1.0058965093973249e-09
63.26326326326326	0.11690222558013082	30104.80258985484	8.973695344167473e-10
63.53853853853854	0.11739805040361975	30036.39684995934	8.143460684158212e-10
63.813813813813816	0.11788902990845836	29968.14654590341	7.510496406500042e-10
64.0890890890891	0.11840432691138747	29900.051324498178	7.029828244477739e-10
64.36436436436436	0.11896041183763867	29832.11083335656	6.666604435218666e-10
64.63963963963964	0.11953314223880765	29764.324720891495	6.393952239937959e-10
64.91491491491492	0.12007503779055077	29696.69263631429	6.191151245851902e-10
65.1901901901902	0.12052976884737293	29629.2142296329	6.042188374918739e-10
65.46546546546547	0.1209529360538332	29561.889151650324	5.934570036532154e-10
65.74074074074073	0.1214449055360809	29494.717053962915	5.85860109194741e-10
66.01601601601601	0.12197016568509736	29427.697588958443	5.806883892548408e-10
66.29129129129129	0.12245840803807702	29360.830409814324	5.77376250448598e-10
66.56656656656656	0.12288924208462307	29294.115170495934	5.754882031685307e-10
66.84184184184184	0.12328666875399412	29227.551525754858	5.746888227272097e-10
67.11711711711712	0.12373930071027085	29161.139131127187	5.747209773696695e-10
67.3923923923924	0.12424849739906473	29094.87764293168	5.753891256866473e-10
67.66766766766767	0.1247069997805217	29028.76671826786	5.765436539222997e-10
67.94294294294295	0.125102682828159	28962.806015014387	5.780697696532061e-10
68.21821821821823	0.12548595078764468	28896.995191827307	5.798802869685675e-10
68.4934934934935	0.12580152063051256	28831.33390813822	5.81908106804689e-10
68.76876876876878	0.125993127808224	28765.821824152485	5.84101214258538e-10
69.04404404404404	0.12621109479089057	28700.458600847727	5.864223609708145e-10
69.31931931931932	0.12658399037763024	28635.24389997202	5.888456735645531e-10
69.5945945945946	0.12704757695010993	28570.177384041977	5.913507400643053e-10
69.86986986986987	0.1275276863460639	28505.25871634095	5.939208940047069e-10
70.14514514514515	0.1279840921483781	28440.48756091735	5.965428033414996e-10
70.42042042042041	0.12846379392423568	28375.863582583017	5.992072356434972e-10
70.69569569569569	0.1290685843826431	28311.386446911518	6.019091124486362e-10
70.97097097097097	0.12966328476199304	28247.055820236157	6.046421209248285e-10
71.24624624624624	0.13004727877798422	28182.871369648212	6.073977539011959e-10
71.52152152152152	0.13041438857682808	28118.83276299562	6.101732357627414e-10
71.7967967967968	0.13096849153916365	28054.93966888125	6.129703304838103e-10
72.07207207207207	0.1315176773246264	27991.191756660788	6.1578675656554e-10
72.34734734734735	0.13193918255306053	27927.588696441107	6.186184959723527e-10
72.62262262262263	0.13238327504107844	27864.130159078806	6.214654031999859e-10
72.8978978978979	0.13289323765169897	27800.81581617846	6.243282022062023e-10
73.17317317317318	0.13336344250863108	27737.645340090694	6.272054402108895e-10
73.44844844844846	0.13381037871683765	27674.618403910685	6.300963646128092e-10
73.72372372372374	0.13432638562994373	27611.7346814765	6.330021857463802e-10
73.998998998999	0.13488173120819164	27548.993847367303	6.359232471868975e-10
74.27427427427428	0.1353930512407874	27486.395576901585	6.38858229458306e-10
74.54954954954955	0.135777255955424	27423.939546135516	6.41804593054851e-10
74.82482482482483	0.13605774843657106	27361.625431861383	6.447609301079796e-10
75.1001001001001	0.13650351849741635	27299.45291160616	6.477313502519303e-10
75.37537537537537	0.13714138620636676	27237.421663629597	6.507194084540837e-10
75.65065065065065	0.13761992618890131	27175.531366922147	6.537210180953894e-10
75.92592592592592	0.13792663718785111	27113.781701203636	6.567329557774466e-10
76.2012012012012	0.13833923185921196	27052.172346921965	6.597581881224232e-10
76.47647647647648	0.13880858456479647	26990.702985251097	6.627979680671188e-10
76.75175175175175	0.13915238600118188	26929.37329808923	6.658497356920939e-10
77.02702702702703	0.1394463767164838	26868.18296805747	6.689130885898523e-10
77.30230230230231	0.13977871477103412	26807.131678498157	6.719894451628143e-10
77.57757757757759	0.14002623861144872	26746.21911347306	6.750774895926856e-10
77.85285285285286	0.14020013590376726	26685.444957761807	6.781764915875707e-10
78.12812812812814	0.14060883560928233	26624.808896860683	6.812918977660861e-10
78.40340340340342	0.14125041734768998	26564.31061698061	6.844276714687075e-10
78.67867867867868	0.14177511459364608	26503.94980504509	6.875799309494498e-10
78.95395395395396	0.14214589171725492	26443.726148688966	6.907451439496697e-10
79.22922922922923	0.14252411948738594	26383.639336257063	6.939238968571416e-10
79.50450450450451	0.14290279825810434	26323.689056802352	6.971164986980111e-10
79.77977977977977	0.14322958909309946	26263.875000084292	7.003221727684472e-10
80.05505505505505	0.14354777951149933	26204.196856567338	7.035412192993623e-10
80.33033033033033	0.14390075536305102	26144.65431741935	7.067747235335559e-10
80.6056056056056	0.14428121556700818	26085.247074509924	7.100233483607e-10
80.88088088088088	0.14467694232817854	26025.974820408795	7.132873530822984e-10
81.15615615615616	0.14507941031386332	25966.837248384254	7.16566776477576e-10
81.43143143143143	0.14549824040163842	25907.834052401577	7.198618546510997e-10
81.70670670670671	0.1459508445049051	25848.964927121455	7.231731199828985e-10
81.98198198198199	0.1463919903712421	25790.22956789833	7.265000820496406e-10
82.25725725725727	0.14676826329663586	25731.62767077881	7.29841350754949e-10
82.53253253253254	0.14714391782675632	25673.158932500246	7.331972172710722e-10
82.80780780780782	0.14755180022377604	25614.823050489133	7.365685623263974e-10
83.0830830830831	0.14783735071039583	25556.619722859283	7.399529705875782e-10
83.35835835835836	0.1479794098817681	25498.548648410466	7.433483054185599e-10
83.63363363363364	0.1482290058877154	25440.609526627144	7.467580530664122e-10
83.90890890890891	0.14864837745525353	25382.80205767674	7.501859828075307e-10
84.18418418418419	0.14908369923570436	25325.125942407794	7.536317415826701e-10
84.45945945945945	0.14946421789457873	25267.58088234848	7.570936762859458e-10
84.73473473473473	0.14978963361938538	25210.166579705176	7.60570617198664e-10
85.01001001001	0.1501264572401867	25152.88273736103	7.640630871118247e-10
85.28528528528528	0.15053249319094042	25095.729058874393	7.675726468399852e-10
85.56056056056056	0.15094357219221807	25038.705248477123	7.710991355517523e-10
85.83583583583584	0.15132565945089074	24981.811011073096	7.746417703282718e-10
86.11111111111111	0.15176373887490605	24925.046052236852	7.782017372503744e-10
86.38638638638639	0.1522653543712618	24868.410078211953	7.817800546111174e-10
86.66166166166167	0.15272590372829278	24811.902795909304	7.85375339373978e-10
86.93693693693695	0.15314807728511617	24755.52391290579	7.889866854401534e-10
87.21221221221222	0.15360956118908842	24699.273137442884	7.92615055865623e-10
87.4874874874875	0.15405516898042926	24643.150178424916	7.962600283774552e-10
87.76276276276278	0.1544070101718766	24587.154745417574	7.99919734886488e-10
88.03803803803804	0.15478423760271512	24531.28654864665	8.035953165137443e-10
88.31331331331332	0.15525549537742864	24475.545298996476	8.072890098097219e-10
88.58858858858859	0.15560788848308685	24419.930708008047	8.109980454773487e-10
88.86386386386387	0.15580196523273893	24364.44248787774	8.147196816725384e-10
89.13913913913915	0.15613734492553233	24309.080351456338	8.184581804803553e-10
89.41441441441442	0.1566525102608122	24253.844012247166	8.222173654436694e-10
89.68968968968969	0.15711601906261016	24198.733184404216	8.259951639120131e-10
89.96496496496496	0.15748427395013323	24143.747582730928	8.297892373569492e-10
90.24024024024024	0.15783195304901412	24088.886922678903	8.335995164961487e-10
90.51551551551552	0.1582161803543161	24034.150920346394	8.374271641695521e-10
90.7907907907908	0.1586692614095233	23979.539292476806	8.412736927658165e-10
91.06606606606607	0.15916325857851335	23925.051756457146	8.45139602569796e-10
91.34134134134135	0.15964717178395965	23870.68803031652	8.490242011233763e-10
91.61661661661662	0.1600513135210705	23816.44783272464	8.529255709016114e-10
91.8918918918919	0.16037173405779892	23762.330882990474	8.568423161625896e-10
92.16716716716716	0.1606827096894989	23708.336901060917	8.607750468373751e-10
92.44244244244244	0.16099042604262023	23654.465607519218	8.647243430030584e-10
92.71771771771772	0.1612519761847633	23600.716723583475	8.686897296214472e-10
92.992992992993	0.16146989406636952	23547.089971105273	8.726709528095105e-10
93.26826826826827	0.16167994777230318	23493.585072568276	8.766686157785281e-10
93.54354354354355	0.16196846404830859	23440.20175108686	8.806849952675661e-10
93.81881881881883	0.16237935868337816	23386.939730404654	8.847226383263407e-10
94.0940940940941	0.16281647329580543	23333.798734892862	8.887812926795465e-10
94.36936936936937	0.1632021789229689	23280.778489548884	8.928591494781638e-10
94.64464464464464	0.1635212440570224	23227.878719994962	8.969546534728399e-10
94.91991991991992	0.16379143690513576	23175.099152476836	9.01067133730275e-10
95.1951951951952	0.16405347624028016	23122.439513862355	9.05197026591411e-10
95.47047047047047	0.16431742391701243	23069.89953164001	9.093448767248106e-10
95.74574574574575	0.1645763410707831	23017.47893391753	9.135109371171352e-10
96.02102102102103	0.16482984528974967	22965.177449420422	9.176954006773185e-10
96.2962962962963	0.16508788801462265	22912.994807490657	9.218986435289856e-10
96.57157157157158	0.1653856352419397	22860.930738085248	9.26121719215465e-10
96.84684684684684	0.1657317635508191	22808.984971774855	9.303655735778925e-10
97.12212212212212	0.16607679149950347	22757.157239742275	9.34629804376335e-10
97.3973973973974	0.1664093793579872	22705.447273781097	9.38913913467139e-10
97.67267267267268	0.16676786783767056	22653.854806294446	9.432184295574398e-10
97.94794794794795	0.16716409988499564	22602.379570293495	9.475440063023688e-10
98.22322322322323	0.16758220424539763	22551.02129939608	9.518907709263203e-10
98.4984984984985	0.16795835101156034	22499.779727825233	9.562574258411142e-10
98.77377377377378	0.16824406597433333	22448.654590407812	9.606420339215453e-10
99.04904904904905	0.16853687188951277	22397.64562257339	9.65045463716183e-10
99.32432432432432	0.1688842729704854	22346.75256035279	9.694693976714512e-10
99.5995995995996	0.16913073346900756	22295.975140376417	9.739115422995675e-10
99.87487487487488	0.16928259114085964	22245.313099873092	9.783704962907136e-10
100.15015015015015	0.16960470741438607	22194.76617666921	9.828512752573774e-10
100.42542542542543	0.1700609919714205	22144.33410918685	9.873565298415193e-10
100.70070070070071	0.17036698228153951	22094.01663644194	9.918816817883692e-10
100.97597597597598	0.17058192052757087	22043.813498043586	9.964249753672424e-10
101.25125125125126	0.17090647659440128	21993.72443419289	1.0009897926597018e-09
101.52652652652652	0.17127592264470848	21943.749185681212	1.0055769992923522e-09
101.8018018018018	0.17158208658111904	21893.887493888677	1.010184750697547e-09
102.07707707707708	0.17184651768092116	21844.13910078314	1.0148123139869132e-09
102.35235235235236	0.1721067114501711	21794.503748918836	1.0194600792385294e-09
102.62762762762763	0.17238495751399394	21744.981181435032	1.024128853861559e-09
102.90290290290291	0.17269375476657198	21695.57114205468	1.028819505737104e-09
103.17817817817819	0.17303551725320612	21646.273375083052	1.033532712303836e-09
103.45345345345346	0.1733994504735833	21597.087625406453	1.038268716114376e-09
103.72872872872873	0.17376120256705713	21548.013638490807	1.043027149328888e-09
104.004004004004	0.1740634344675573	21499.051160380313	1.047806461967674e-09
104.27927927927928	0.17427030024479695	21450.199937696176	1.0526048008729507e-09
104.55455455455456	0.17447959030771132	21401.45971763551	1.0574232270530549e-09
104.82982982982983	0.1747666077613588	21352.830247970014	1.06226425362342e-09
105.10510510510511	0.17508547665988186	21304.311277044464	1.067128535066626e-09
105.38038038038039	0.17542264722005727	21255.902553775413	1.0720162285537507e-09
105.65565565565566	0.1758252932841768	21207.603827650055	1.0769285892088624e-09
105.93093093093094	0.17624179709546925	21159.41484872472	1.0818652754328846e-09
106.2062062062062	0.17655176175280263	21111.33536762347	1.0868232343893724e-09
106.48148148148148	0.1767937776024673	21063.36513553706	1.0918013637164145e-09
106.75675675675676	0.17706924229665644	21015.503904221838	1.0968013719517789e-09
107.03203203203203	0.17737902968945368	20967.75142599822	1.101824461650495e-09
107.30730730730731	0.17768715209887542	20920.10745374935	1.1068706126430227e-09
107.58258258258259	0.17794161092099947	20872.5717409198	1.1119385963081055e-09
107.85785785785787	0.17814863302961534	20825.144041514402	1.1170277715617427e-09
108.13313313313314	0.17841516355791145	20777.824110097157	1.1221403256207243e-09
108.4084084084084	0.17878398662756345	20730.611701789865	1.1272787975996921e-09
108.68368368368368	0.17921673552516762	20683.506572270686	1.1324439937769605e-09
108.95895895895896	0.17962839938124497	20636.50847777278	1.1376344203035215e-09
109.23423423423424	0.17992594583728433	20589.61717508303	1.1428468455548795e-09
109.50950950950951	0.18013973496144137	20542.83242154103	1.1480798905943718e-09
109.78478478478479	0.18034326931874584	20496.153975037912	1.1533344705916302e-09
110.06006006006007	0.18059223471676789	20449.581594015064	1.1586125988431817e-09
110.33533533533534	0.1809014755181954	20403.115037462812	1.163916020618535e-09
110.61061061061062	0.1812090729098506	20356.754064918972	1.1692444057565388e-09
110.88588588588588	0.18149644589994626	20310.49843646776	1.1745971115851564e-09
111.16116116116116	0.18181165103441796	20264.3479127386	1.179974943512718e-09
111.43643643643644	0.1821711293305175	20218.30225490492	1.1853788857112775e-09
111.71171171171171	0.18256023523416665	20172.361224682783	1.190809265126421e-09
111.98698698698699	0.1829460024515452	20126.52458432962	1.1962655119523848e-09
112.26226226226227	0.1832823556951077	20080.792096643017	1.2017461305112314e-09
112.53753753753755	0.18350229976492885	20035.163524959382	1.2072484819787395e-09
112.81281281281282	0.18361237179737233	19989.63863315292	1.2127710183253676e-09
113.08808808808809	0.18382938808767244	19944.21718563484	1.2183182347424342e-09
113.36336336336336	0.1842412047781981	19898.898947351852	1.2238953777511773e-09
113.63863863863864	0.18467708875149685	19853.68368378444	1.229501613591786e-09
113.91391391391392	0.18505703472636104	19808.571160945805	1.2351343913011152e-09
114.1891891891892	0.18540916217737027	19763.561145380892	1.2407927887859758e-09
114.46446446446447	0.18570902877780318	19718.65340416506	1.2464756121199031e-09
114.73973973973975	0.18591862767547926	19673.847704902866	1.25218113704266e-09
115.01501501501502	0.18612650104313844	19629.143815727137	1.2579105469752557e-09
115.2902902902903	0.18640461729942934	19584.54150529772	1.2636665189505759e-09
115.56556556556556	0.18661162933415254	19540.040542799823	1.2694471901078247e-09
115.84084084084084	0.18670569319380168	19495.640697943032	1.2752502840831115e-09
116.11611611611612	0.18692965880262688	19451.341740960783	1.2810806752029615e-09
116.3913913913914	0.18734680798877637	19407.14344260874	1.2869432700192625e-09
116.66666666666667	0.18776327900718365	19363.04557416305	1.2928362502440293e-09
116.94194194194195	0.18805368590126287	19319.047907419306	1.2987551687175058e-09
117.21721721721723	0.18818036839524516	19275.15021469154	1.3046961592638828e-09
117.4924924924925	0.1882875566620466	19231.352268811508	1.3106605398848422e-09
117.76776776776778	0.18854320471638722	19187.65384312752	1.3166536697330721e-09
118.04304304304304	0.18885719957858524	19144.054711502715	1.322676704601986e-09
118.31831831831832	0.18913430314674945	19100.55464831386	1.3287279034490764e-09
118.5935935935936	0.18944223696077261	19057.153428450565	1.334807988135429e-09
118.86886886886887	0.1898021718570292	19013.850827314003	1.3409180453855599e-09
119.14414414414415	0.19012957302532474	18970.646620815507	1.3470565534518644e-09
119.41941941941943	0.1904137330151123	18927.540585375576	1.353222276331862e-09
119.6946946946947	0.19071644324338932	18884.532497922894	1.3594161267458506e-09
119.96996996996998	0.1910464135462855	18841.622135893056	1.3656389806804035e-09
120.24524524524524	0.19137484907163088	18798.809277227316	1.371890670164114e-09
120.52052052052052	0.19164451289472048	18756.093700371373	1.3781695693721949e-09
120.7957957957958	0.1918323693766948	18713.475184274306	1.3844740351758888e-09
121.07107107107107	0.19205524109135738	18670.953508387767	1.3908062492297304e-09
121.34634634634635	0.19237834332096182	18628.528452664723	1.3971694691763727e-09
121.62162162162163	0.1927166609037459	18586.199797557943	1.4035635101267228e-09
121.8968968968969	0.19300223047187098	18543.967324018908	1.40998641905099e-09
122.17217217217218	0.19321346102484	18501.83081349678	1.4164363779466841e-09
122.44744744744746	0.19342354431955622	18459.790047937535	1.4229142923503184e-09
122.72272272272272	0.19374513668481616	18417.844809782895	1.429423941926718e-09
122.997997997998	0.19409739995273206	18375.994881968738	1.435965557160584e-09
123.27327327327328	0.19435749551905634	18334.24004792386	1.4425358862187183e-09
123.54854854854855	0.19457863736927133	18292.580091569333	1.4491343762916972e-09
123.82382382382383	0.19482536275027326	18251.014797317363	1.4557625404269243e-09
124.0990990990991	0.1950818589495884	18209.543950069994	1.4624209544989453e-09
124.37437437437438	0.19533109610079769	18168.167335218008	1.4691095548633685e-09
124.64964964964966	0.19557422232838947	18126.884738639834	1.4758283825606516e-09
124.92492492492492	0.19586961338986025	18085.695946700605	1.4825791839121087e-09
125.2002002002002	0.19629977160842513	18044.600746251108	1.489365502764977e-09
125.47547547547548	0.19670575213143301	18003.59892462606	1.4961851003835466e-09
125.75075075075075	0.1968708460366348	17962.69026964285	1.5030303441470272e-09
126.02602602602603	0.1969718635786212	17921.87456960146	1.509901491814007e-09
126.30130130130131	0.19720178735077246	17881.151613283426	1.5168043468683229e-09
126.57657657657658	0.19741540120027715	17840.521189949857	1.523738457589906e-09
126.85185185185186	0.19755099858387018	17799.98308934056	1.5307017825500154e-09
127.12712712712714	0.19780450407754083	17759.537101673624	1.5376988016698266e-09
127.4024024024024	0.19819380466526781	17719.183017643903	1.5447329697480874e-09
127.67767767767768	0.19852246855948724	17678.920628421303	1.5518007679618146e-09
127.95295295295296	0.1987452210250605	17638.749725650145	1.558898663059129e-09
128.22822822822823	0.19892677774954434	17598.670101448355	1.5660263656605348e-09
128.5035035035035	0.19912579624421656	17558.681548406395	1.5731854836827834e-09
128.7787787787788	0.19937017770477983	17518.783859586103	1.5803779283896944e-09
129.05405405405406	0.19958275155408925	17478.976828519324	1.5876026648191289e-09
129.32932932932934	0.19972996549081667	17439.26024920697	1.5948580773918782e-09
129.60460460460462	0.19993165710457753	17399.633916118368	1.6021467969697908e-09
129.87987987987987	0.20023770403777805	17360.09762419003	1.6094720662208681e-09
130.15515515515517	0.20057337313119722	17320.651168824203	1.6168337468159534e-09
130.43043043043042	0.20086068204614105	17281.294345887844	1.624229439183723e-09
130.70570570570572	0.20104294718018298	17242.026951711578	1.6316559443517726e-09
130.98098098098097	0.20120772556714608	17202.848783089095	1.6391139587380018e-09
131.25625625625628	0.2014748368141703	17163.75963727615	1.6466076562126292e-09
131.53153153153153	0.20175559821369307	17124.75931198897	1.6541370168045165e-09
131.80680680680683	0.20194981832792888	17085.84760540309	1.6616989915240633e-09
132.08208208208208	0.20210714635603094	17047.024316152863	1.6692932385538673e-09
132.35735735735736	0.2022700903918598	17008.28924333026	1.676920915330361e-09
132.63263263263264	0.20242445623113015	16969.642186483754	1.6845823672591788e-09
132.9079079079079	0.20256882165291606	16931.082945617323	1.6922778240542846e-09
133.1831831831832	0.20272265884374593	16892.611321189423	1.7000080995649611e-09
133.45845845845847	0.202925396305634	16854.227114112065	1.7077750126415374e-09
133.73373373373374	0.2032139439387655	16815.93012574975	1.7155809484552163e-09
134.00900900900902	0.20353147678348185	16777.720157918167	1.7234256798622853e-09
134.2842842842843	0.2038168862790931	16739.597012883176	1.7313071826810964e-09
134.55955955955955	0.20412588132062676	16701.560493360088	1.7392260216050185e-09
134.83483483483485	0.20446642080597544	16663.610402512542	1.7471828716910193e-09
135.1101101101101	0.2046925558075064	16625.746543950994	1.7551735321394589e-09
135.3853853853854	0.20481441774804432	16587.968721732184	1.7631957386568325e-09
135.66066066066065	0.20505506570394152	16550.276740358793	1.7712553292509022e-09
135.93593593593596	0.20539336120811486	16512.670404777633	1.7793553595845599e-09
136.2112112112112	0.20563106033336845	16475.14952037816	1.787491370426307e-09
136.4864864864865	0.20582249979179948	16437.713892992182	1.7956623921539104e-09
136.76176176176176	0.20609604337509893	16400.363328893134	1.8038720780722637e-09
137.03703703703704	0.20633598344545545	16363.097634794287	1.8121189886165357e-09
137.31231231231232	0.2064506241934702	16325.916617847812	1.8203992601481007e-09
137.5875875875876	0.20660194295252446	16288.820085644607	1.8287158764995953e-09
137.86286286286287	0.20688710042196543	16251.807846213103	1.8370739969482873e-09
138.13813813813815	0.20723067410431098	16214.879708017705	1.8454744210471398e-09
138.41341341341342	0.20755414789769772	16178.035479957774	1.8539151014871955e-09
138.6886886886887	0.2077969138405904	16141.274971366734	1.8623927962150578e-09
138.96396396396398	0.207956865242594	16104.597992011244	1.870905469032205e-09
139.23923923923923	0.2080676735019016	16068.004352090324	1.8794530373398108e-09
139.51451451451453	0.20816483213017606	16031.493862234393	1.888036703922228e-09
139.78978978978978	0.208271199346709	15995.066333504265	1.8966580542275875e-09
140.06506506506508	0.2083652063664444	15958.721577389982	1.905317406631308e-09
140.34034034034033	0.2084692493762454	15922.459405810047	1.9140157894819906e-09
140.61561561561564	0.20870947237206905	15886.27963111073	1.922758247364059e-09
140.8908908908909	0.20907993415267181	15850.18206606472	1.9315478114430046e-09
141.1661661661662	0.20940701790705796	15814.166523869533	1.940380455525372e-09
141.44144144144144	0.20967005767009503	15778.232818147111	1.949253028093143e-09
141.71671671671672	0.20995211168005498	15742.380762943156	1.958166524455929e-09
141.991991991992	0.2101753456683888	15706.610172725656	1.9671189197123557e-09
142.26726726726727	0.21025262784679774	15670.920862383879	1.9761059696740968e-09
142.54254254254255	0.21038803675092008	15635.312647228415	1.985132253546311e-09
142.81781781781783	0.21072624673809848	15599.785342990046	1.9942057871926474e-09
143.0930930930931	0.2110616368148316	15564.338765817547	2.0033243699443364e-09
143.36836836836838	0.211280548045743	15528.972732277049	2.0124826834677405e-09
143.64364364364366	0.21148990004488133	15493.687059351882	2.0216812995985126e-09
143.9189189189189	0.21172239970202789	15458.48156444136	2.0309218095282703e-09
144.1941941941942	0.21193069815825782	15423.356065359529	2.0402035771735167e-09
144.46946946946946	0.212145225472709	15388.310380334566	2.049527372869608e-09
144.74474474474476	0.21242028687061953	15353.344328007837	2.0588957048426522e-09
145.02002002002	0.21268023903859826	15318.457727432573	2.0683074699368315e-09
145.29529529529532	0.21284676572626626	15283.650398072856	2.0777592209007582e-09
145.57057057057057	0.2129787625165466	15248.92215980324	2.0872510361556974e-09
145.84584584584587	0.2131437426653002	15214.272832907785	2.0967854962927965e-09
146.12112112112112	0.2133719013505572	15179.702238079066	2.1063653779584063e-09
146.3963963963964	0.21365571080362203	15145.21019641705	2.1159922023821827e-09
146.67167167167167	0.21394474502240024	15110.796529428046	2.1256651331952814e-09
146.94694694694695	0.21413798988880625	15076.461059023568	2.1353799975413145e-09
147.22222222222223	0.2141345571864444	15042.203607519408	2.1451305449593977e-09
147.4974974974975	0.2140862168297317	15008.023997635682	2.1549186232436662e-09
147.77277277277278	0.21419830478331253	14973.922052496115	2.164753111604777e-09
148.04804804804806	0.21443932054300555	14939.897595626226	2.174638394147658e-09
148.32332332332334	0.21471302269799897	14905.950450952185	2.1845736427485302e-09
148.59859859859858	0.21491585344204278	14872.080442799861	2.1945545191261936e-09
148.8738738738739	0.21503052043645174	14838.287395894211	2.2045777753300785e-09
149.14914914914914	0.2151639916041561	14804.571135358907	2.214645561244686e-09
149.42442442442444	0.21537953371017046	14770.931486715212	2.2247616989061204e-09
149.6996996996997	0.21568293167749072	14737.368275880915	2.234928851002571e-09
149.974974974975	0.21598981015470575	14703.881329169011	2.2451454971942105e-09
150.25025025025025	0.21620072678703317	14670.470473286798	2.255406950010876e-09
150.52552552552555	0.2163926846228944	14637.13553533561	2.2657133977195295e-09
150.8008008008008	0.21666110532894875	14603.87634281008	2.2760687466149106e-09
151.07607607607608	0.21698125413959932	14570.6927235967	2.28647451402445e-09
151.35135135135135	0.21729973407029846	14537.584505972844	2.2969296301174692e-09
151.62662662662663	0.21755478203768797	14504.551518605847	2.307431104277141e-09
151.9019019019019	0.21775049754183462	14471.593590552382	2.3179773516231044e-09
152.17717717717719	0.21795822966372094	14438.710551257831	2.3285702996962986e-09
152.45245245245246	0.21816316113763287	14405.902230555062	2.339210620498771e-09
152.72772772772774	0.21829504234082675	14373.16845866333	2.3498960130887227e-09
153.00300300300302	0.21832532514042388	14340.50906618756	2.3606240061704502e-09
153.2782782782783	0.21827273282625143	14307.92388411766	2.3713939005151826e-09
153.55355355355357	0.21826980237021534	14275.41274382813	2.382210658873548e-09
153.82882882882885	0.21840799906280553	14242.975477077021	2.393081093931832e-09
154.10410410410412	0.2186237069754193	14210.611916004415	2.4040068959594255e-09
154.37937937937937	0.21885362403944422	14178.321893131571	2.4149866276623084e-09
154.65465465465465	0.219064417030999	14146.10524136016	2.426018151125596e-09
154.92992992992993	0.21922602629598026	14113.961793971408	2.4370990238817878e-09
155.2052052052052	0.21931785109572965	14081.891384625304	2.448226994861264e-09
155.48048048048048	0.21939465657476762	14049.893847360028	2.4594030336552417e-09
155.75575575575576	0.21953042318230837	14017.969016591192	2.4706308829356768e-09
156.03103103103103	0.21970015290531317	13986.116727110564	2.481911876853819e-09
156.3063063063063	0.21985984385824126	13954.336814085118	2.493245086632718e-09
156.5815815815816	0.219999158441578	13922.629113056339	2.504629607816762e-09
156.85685685685687	0.22013174635867858	13890.99345993946	2.516065556576342e-09
157.13213213213214	0.22029931087017648	13859.429691022753	2.5275548594997387e-09
157.40740740740742	0.22047503813250627	13827.93764296637	2.5390976481510947e-09
157.6826826826827	0.2205717582242109	13796.517152801229	2.550690385320444e-09
157.95795795795797	0.2206752829246583	13765.168057928939	2.5623346765100807e-09
158.23323323323325	0.2209509468600938	13733.890196121321	2.5740386888627984e-09
158.50850850850853	0.22134125431628776	13702.683405518608	2.585805021024711e-09
158.7837837837838	0.22170197310822934	13671.54752462814	2.5976291328043266e-09
159.05905905905905	0.2218943804693091	13640.482392323587	2.6095023690898773e-09
159.33433433433433	0.22189708927901375	13609.487847844635	2.6214186451885383e-09
159.6096096096096	0.22193422006600644	13578.563730797294	2.633384115049825e-09
159.88488488488488	0.22212900988478548	13547.709881152596	2.645407985148992e-09
160.16016016016016	0.22242837176268315	13516.926139244983	2.6574936096341192e-09
160.43543543543544	0.2227240278758133	13486.2123457712	2.669638359379224e-09
160.7107107107107	0.22289935792133736	13455.568341789422	2.6818355927973457e-09
160.985985985986	0.22305822821039262	13424.993968719476	2.694086004351208e-09
161.26126126126127	0.2233521107334231	13394.489068342238	2.706396859944129e-09
161.53653653653654	0.22364586534080227	13364.05348279747	2.718766614683109e-09
161.81181181181182	0.22380459227237473	13333.687054582988	2.7311883940143133e-09
162.0870870870871	0.22391966485430428	13303.38962655494	2.74366225750751e-09
162.36236236236238	0.22408540057585488	13273.161041926996	2.7561925901835865e-09
162.63763763763765	0.22433718300925495	13243.001144269267	2.768783741661327e-09
162.91291291291293	0.22465465587514744	13212.909777507219	2.7814375209002752e-09
163.1881881881882	0.22496764550510068	13182.886785920633	2.794151931882025e-09
163.46346346346348	0.22521181951734282	13152.932014142812	2.8069229428355908e-09
163.73873873873873	0.22534628858747222	13123.045307159893	2.8197463568187145e-09
164.014014014014	0.22544079608910367	13093.226510310576	2.8326229553681112e-09
164.2892892892893	0.22558502831078647	13063.475469285444	2.8455574446183694e-09
164.56456456456456	0.22579635391598013	13033.792030125813	2.8585535621516357e-09
164.83983983983984	0.2260313946421918	13004.176039222628	2.871611647385916e-09
165.11511511511512	0.2261598261334449	12974.627343315204	2.884725926409185e-09
165.3903903903904	0.22620934379540686	12945.145789491251	2.8978943331330147e-09
165.66566566566567	0.22639968000802949	12915.731225187059	2.9111260712166616e-09
165.94094094094095	0.22670499950153628	12886.383498185465	2.924425559557574e-09
166.21621621621622	0.22692956642254034	12857.102456614179	2.9377862902627513e-09
166.4914914914915	0.22709107054598573	12827.8879489461	2.9512053243400707e-09
166.76676676676678	0.22727693745259925	12798.739823998883	2.9646851848155867e-09
167.04204204204206	0.22743376056387712	12769.657930933447	2.9782249307731086e-09
167.31731731731733	0.2275152818865182	12740.6421192532	2.991821880201398e-09
167.5925925925926	0.227592085573788	12711.692238803906	3.0054779354838157e-09
167.8678678678679	0.22773011079478914	12682.808139772855	3.019197535399878e-09
168.14314314314316	0.22795638966687234	12653.989672687914	3.032984770535572e-09
168.4184184184184	0.22822275335749853	12625.23668841634	3.04683986432978e-09
168.6936936936937	0.22842781646099974	12596.549038163716	3.0607581106984748e-09
168.96896896896897	0.22862341538477593	12567.926573474017	3.0747393707136525e-09
169.24424424424424	0.22893053413580017	12539.369146229192	3.088789651529202e-09
169.51951951951952	0.22934789332846936	12510.876608647768	3.1029125995904682e-09
169.7947947947948	0.229800815420585	12482.448813283665	3.1171068108918346e-09
170.07007007007007	0.2301177765728513	12454.085613024914	3.1313630447781953e-09
170.34534534534535	0.23025436756762066	12425.786861093567	3.1456737188604578e-09
170.62062062062063	0.2304413224868856	12397.552411046458	3.1600459837290993e-09
170.8958958958959	0.23073230134632172	12369.382116773479	3.1744868874897706e-09
171.17117117117118	0.23094986887768879	12341.275832495552	3.1889917938257886e-09
171.44644644644646	0.23110153483222345	12313.233412764886	3.20355845246055e-09
171.72172172172174	0.23131403757861754	12285.254712464895	3.2181920733920588e-09
171.996996996997	0.23153296138422189	12257.339586808443	3.23289309614616e-09
172.2722722722723	0.2316793400406806	12229.487891336936	3.2476578709545993e-09
172.54754754754757	0.23190833652226484	12201.69948192091	3.2624923127901056e-09
172.82282282282284	0.23229083866726613	12173.974214758828	3.277403703176094e-09
173.0980980980981	0.23255282460279003	12146.31194637434	3.2923823476651256e-09
173.37337337337337	0.23259317694812137	12118.712533616505	3.3074174106274934e-09
173.64864864864865	0.23263174240315607	12091.17583366094	3.3225140082612657e-09
173.92392392392392	0.23279439111082126	12063.701704008528	3.337681832177447e-09
174.1991991991992	0.23308540907600253	12036.290002483987	3.3529269702666668e-09
174.47447447447448	0.23337557613008952	12008.940587234352	3.368246377776917e-09
174.74974974974975	0.23350160196478706	11981.653316728018	3.3836297911111645e-09
175.02502502502503	0.23349872267410318	11954.428049755166	3.399073136571085e-09
175.3003003003003	0.23346274934041975	11927.264645427416	3.414579190779421e-09
175.57557557557558	0.23347381586128874	11900.162963177001	3.4301539641185782e-09
175.85085085085086	0.23358851665716124	11873.122862755914	3.445804163308055e-09
176.12612612612614	0.2338237985724539	11846.144204234944	3.4615348133583854e-09
176.40140140140142	0.23412914975862825	11819.226848002552	3.477346315799224e-09
176.6766766766767	0.2343919375184259	11792.370654763738	3.493232963339985e-09
176.95195195195197	0.2346067175656565	11765.575485539983	3.5091912492862928e-09
177.22722722722725	0.23483220534886345	11738.841201668927	3.525222453156963e-09
177.50250250250252	0.23504489070420523	11712.167664803144	3.5413261768044e-09
177.77777777777777	0.23520582513286778	11685.554736909336	3.557500181878487e-09
178.05305305305305	0.23535170939831485	11659.002280268067	3.5737453069949107e-09
178.32832832832833	0.23551043618804127	11632.510157473023	3.5900637183988653e-09
178.6036036036036	0.23564921435280814	11606.078231429907	3.6064550016953257e-09
178.87887887887888	0.23578998834575401	11579.70636535608	3.6229202730119473e-09
179.15415415415416	0.23603356603540618	11553.394422780346	3.6394659710301506e-09
179.42942942942943	0.2363338498159048	11527.142267541341	3.6560934400728783e-09
179.7047047047047	0.23654142974691408	11500.94976378613	3.6727952078175377e-09
179.97997997998	0.2367496120149774	11474.816775971069	3.689572320307944e-09
180.25525525525526	0.23711659319316297	11448.74316886154	3.7064345096438715e-09
180.53053053053054	0.23748070965804102	11422.728807529169	3.723378426688824e-09
180.80580580580582	0.23767581117049608	11396.773557351098	3.740392791815411e-09
181.0810810810811	0.23780898020831137	11370.877284011049	3.757477288296226e-09
181.35635635635637	0.23796603283876833	11345.039853498509	3.774636785517315e-09
181.63163163163165	0.2381142711488643	11319.26113210726	3.791872374001788e-09
181.90690690690693	0.2382702148190192	11293.540986435028	3.8091857873608615e-09
182.1821821821822	0.23850472590564445	11267.879283383127	3.826582302427141e-09
182.45745745745745	0.2387687944743978	11242.275890154995	3.844062300888424e-09
182.73273273273273	0.2389555497344908	11216.730674255092	3.861619916780179e-09
183.008008008008	0.23910084537054319	11191.243503489188	3.87925398842466e-09
183.28328328328328	0.23928273624144822	11165.814245963962	3.896968580804438e-09
183.55855855855856	0.23952574084640554	11140.442770085963	3.914767662725494e-09
183.83383383383384	0.23980864413939063	11115.128944560623	3.9326524492520935e-09
184.1091091091091	0.24004071976234034	11089.87263839108	3.9506184139166554e-09
184.3843843843844	0.2402241442002304	11064.673720878149	3.968663216456217e-09
184.65965965965967	0.2404840013694619	11039.532061620495	3.986793146439877e-09
184.93493493493494	0.2407726093927341	11014.44753051277	4.005009148946798e-09
185.21021021021022	0.24092045029047207	10989.419997744066	4.023301711256045e-09
185.4854854854855	0.24096763589108794	10964.449333798713	4.0416678906580785e-09
185.76076076076077	0.2410467273181897	10939.535409456259	4.060114161908365e-09
186.03603603603605	0.24122712755128523	10914.678095790392	4.078648658493043e-09
186.31131131131133	0.24150813271667415	10889.87726416776	4.097276226899264e-09
186.5865865865866	0.2417507458209732	10865.132786246311	4.1159913179885495e-09
186.86186186186188	0.24188653151160128	10840.44453397512	4.134786674621479e-09
187.13713713713713	0.24199928328966464	10815.812379594823	4.153663437781227e-09
187.4124124124124	0.24216225891069554	10791.236195636888	4.172626968965463e-09
187.68768768768768	0.242417451915741	10766.715854922766	4.1916831553479885e-09
187.96296296296296	0.24273416299619094	10742.251230562662	4.2108336628900386e-09
188.23823823823824	0.24303717503235628	10717.842195954561	4.230074919804745e-09
188.51351351351352	0.24324967870664466	10693.488624783538	4.24940020959185e-09
188.7887887887888	0.24335258449070243	10669.190391021553	4.268804616572143e-09
189.06406406406407	0.24352629180244656	10644.947368928275	4.288296893874973e-09
189.33933933933935	0.24384229335455015	10620.759433049641	4.307886802592484e-09
189.61461461461462	0.24406884647061275	10596.626458214907	4.327565353871131e-09
189.8898898898899	0.2441735989983242	10572.548319537498	4.34732547835621e-09
190.16516516516518	0.24440060251631615	10548.524892416472	4.367178960463404e-09
190.44044044044045	0.2447335996072681	10524.556052533908	4.387131707584336e-09
190.71571571571573	0.24496808662941408	10500.641675852801	4.407174068535103e-09
190.990990990991	0.24509938991392913	10476.781638617935	4.427300377876641e-09
191.26626626626629	0.24520936374213964	10452.975817355935	4.447512876037382e-09
191.54154154154156	0.24533707774348484	10429.224088874293	4.467815561699416e-09
191.8168168168168	0.24549916033455546	10405.526330260569	4.488211992658311e-09
192.0920920920921	0.24568569257237582	10381.882418881527	4.508703740179419e-09
192.36736736736736	0.2459043477944632	10358.292232382662	4.5292924042598694e-09
192.64264264264264	0.24619267506587392	10334.755648687797	4.5499815924994746e-09
192.91791791791792	0.2465091514394303	10311.272545997825	4.570770806570994e-09
193.1931931931932	0.24674697991421082	10287.84280278953	4.591652822435819e-09
193.46846846846847	0.2469284907580427	10264.466297816005	4.612625193246779e-09
193.74374374374375	0.24713100721737213	10241.142910106477	4.633691898561222e-09
194.01901901901903	0.2473048194699199	10217.872518964645	4.654852033865404e-09
194.2942942942943	0.24740401066264076	10194.655003968082	4.676102147418374e-09
194.56956956956958	0.24754036328854928	10171.49024496892	4.697448042173806e-09
194.84484484484486	0.2477510567812512	10148.378122092592	4.718895755736796e-09
195.12012012012013	0.2478733079792104	10125.318515735595	4.740437775252607e-09
195.3953953953954	0.24790951355423047	10102.311306566187	4.762070159500119e-09
195.6706706706707	0.2480668417133924	10079.356375525527	4.783805142248388e-09
195.94594594594597	0.24831677718187797	10056.453603825075	4.805647929843218e-09
196.22122122122124	0.24848106617615082	10033.60287294472	4.827589301660663e-09
196.4964964964965	0.2486092390901566	10010.804064634069	4.8496276643485305e-09
196.77177177177177	0.24882094480195407	9988.05706091243	4.871770692739542e-09
197.04704704704704	0.24910007621172559	9965.361744067097	4.894021832668525e-09
197.32232232232232	0.24938758058848143	9942.717996652318	4.9163790945002e-09
197.5975975975976	0.2496072496322616	9920.125701488554	4.938836163097588e-09
197.87287287287288	0.249741405101399	9897.584741662375	4.961388392547105e-09
198.14814814814815	0.24986045712815333	9875.095000526608	4.984038348201248e-09
198.42342342342343	0.25001028309661255	9852.656361699534	5.006790955357128e-09
198.6986986986987	0.2502022294968162	9830.268709064001	5.029650026298709e-09
198.97397397397398	0.25039048507391526	9807.931926766294	5.052614631838208e-09
199.24924924924926	0.25052248045275677	9785.645899215493	5.075680647903657e-09
199.52452452452454	0.2506753476890402	9763.410511084005	5.098851543297082e-09
199.7997997997998	0.2508995982955498	9741.225647306761	5.1221331788512935e-09
200.0750750750751	0.251033485934382	9719.091193078692	5.145517249413611e-09
200.35035035035037	0.2510267324229494	9697.007033855129	5.168995550086892e-09
200.62562562562564	0.25110027815437747	9674.973055353676	5.192579909866344e-09
200.90090090090092	0.25131025506577276	9652.989143552151	5.216281397771864e-09
201.17617617617617	0.25150643356011937	9631.05518468609	5.240095346807384e-09
201.45145145145145	0.2516744052920453	9609.171065249406	5.264018275157515e-09
201.72672672672672	0.2518885811223002	9587.336671994606	5.288054015425986e-09
202.002002002002	0.2521346699534323	9565.551891931415	5.31220388853934e-09
202.27727727727728	0.25236707610176423	9543.816612325858	5.3364654316918776e-09
202.55255255255256	0.25256655622968177	9522.13072069996	5.360836023609165e-09
202.82782782782783	0.25273791802186935	9500.494104831356	5.385314767936287e-09
203.1031031031031	0.2529250585570971	9478.9066527531	5.409904721281612e-09
203.3783783783784	0.2531241380055335	9457.368252752633	5.4346075329071904e-09
203.65365365365366	0.2532631989973705	9435.878793370539	5.459418825812906e-09
203.92892892892894	0.2533712027961902	9414.438163400946	5.484338579378167e-09
204.20420420420422	0.25355485685043067	9393.046251891707	5.509375256110809e-09
204.4794794794795	0.25380177389869424	9371.702948142665	5.534532895609803e-09
204.75475475475477	0.2540313460738774	9350.408141704444	5.559807733896128e-09
205.03003003003005	0.25414272770031965	9329.161722377627	5.5851899983785715e-09
205.30530530530532	0.2541104268805261	9307.96358021295	5.610672390345839e-09
205.5805805805806	0.2541427111202616	9286.813605513013	5.6362674044239696e-09
205.85585585585588	0.2543169150364973	9265.711688830466	5.661988412850075e-09
206.13113113113113	0.25442023429868094	9244.657720964547	5.687826267250681e-09
206.4064064064064	0.25445555344788934	9223.651592962644	5.713776291397249e-09
206.68168168168168	0.25466005604207204	9202.693196122094	5.739855106945715e-09
206.95695695695696	0.2549646526578985	9181.782421986565	5.766066763463498e-09
207.23223223223223	0.25513774778963216	9160.919162343836	5.792395101789337e-09
207.5075075075075	0.25524625260271583	9140.103309228225	5.81883672429938e-09
207.7827827827828	0.2554142095159094	9119.334754920641	5.845400042761632e-09
208.05805805805807	0.2555358913600532	9098.613391945684	5.872081372957737e-09
208.33333333333334	0.2555559563568109	9077.93911307159	5.898874337509784e-09
208.60860860860862	0.25563961018686043	9057.311811311945	5.925789176081617e-09
208.8838838838839	0.255842416511298	9036.731379924046	5.95283646901595e-09
209.15915915915917	0.25604105774935976	9016.197712406449	5.98001218685075e-09
209.43443443443445	0.25616784228356354	8995.710702499015	6.007308701478136e-09
209.70970970970973	0.2562228514832943	8975.270244183024	6.034721989022215e-09
209.984984984985	0.25631019067976535	8954.876231681765	6.062258762935002e-09
210.26026026026028	0.25653693433707564	8934.528559460032	6.089932059732872e-09
210.53553553553556	0.2567841005052651	8914.22712222117	6.117739389187159e-09
210.8108108108108	0.2569330419577352	8893.971814906508	6.145669562599414e-09
211.08608608608608	0.25704750390286457	8873.762532696772	6.173722013530751e-09
211.36136136136136	0.25718507297759263	8853.599171011483	6.201901593027743e-09
211.63663663663664	0.2573428926389653	8833.481625507782	6.2302110177663205e-09
211.91191191191191	0.25751977424532946	8813.409792079874	6.258651967055514e-09
212.1871871871872	0.25772065103801317	8793.383566858607	6.287226076987366e-09
212.46246246246247	0.25793701324615587	8773.40284621074	6.315933797105299e-09
212.73773773773775	0.2581531777696235	8753.467526738348	6.3447742874969234e-09
213.01301301301302	0.2583617895218207	8733.577505278367	6.37374671039985e-09
213.2882882882883	0.258558317088745	8713.732678902103	6.402850471020223e-09
213.56356356356358	0.2587371791115702	8693.932944914673	6.432085012365506e-09
213.83883883883885	0.258910879066387	8674.178200854689	6.461451393783149e-09
214.11411411411413	0.25912739845340155	8654.468344494118	6.490954731328741e-09
214.3893893893894	0.2593654451921349	8634.803273836993	6.520596252961504e-09
214.66466466466468	0.2595207614068812	8615.182887117911	6.550367602737369e-09
214.93993993993996	0.2596248335030361	8595.607082803059	6.5802672254921555e-09
215.21521521521524	0.25979843888243426	8576.075759590727	6.610305388099972e-09
215.4904904904905	0.2600067945531637	8556.588816408992	6.640484925199738e-09
215.76576576576576	0.2601733393617464	8537.146152414707	6.6708007545223e-09
216.04104104104104	0.2603670036806294	8517.74766699468	6.701256618432292e-09
216.31631631631632	0.2606374806077624	8498.393259764922	6.731859424417837e-09
216.5915915915916	0.26088255352674095	8479.08283056835	6.762603928744141e-09
216.86686686686687	0.26109931009898474	8459.816279475426	6.793487258287028e-09
217.14214214214215	0.2614676354347633	8440.593506785828	6.824524727788961e-09
217.41741741741743	0.26198432620468515	8421.414413025768	6.855724818597495e-09
217.6926926926927	0.26246438947276995	8402.27889894528	6.8870753552421925e-09
217.96796796796798	0.2628134308152394	8383.186865518766	6.918561162869613e-09
218.24324324324326	0.2630081958911066	8364.138213945329	6.950172009787882e-09
218.51851851851853	0.2631009759867129	8345.13284564919	6.981907405762008e-09
218.7937937937938	0.26316264466107414	8326.17066227941	7.013773958544132e-09
219.0690690690691	0.26323847976206943	8307.251565709095	7.0457798104833885e-09
219.34434434434436	0.26336441481044515	8288.375458034767	7.077933118525966e-09
219.61961961961964	0.2635670991159181	8269.542241575764	7.110241215990765e-09
219.89489489489492	0.2638305223623613	8250.751818873185	7.142706944512523e-09
220.17017017017017	0.2640926431770232	8232.004092688823	7.1753262630582945e-09
220.44544544544544	0.26433729233016745	8213.298966005203	7.208095725526116e-09
220.72072072072072	0.264583461259634	8194.636342025544	7.24101558791036e-09
220.995995995996	0.26484648215396284	8176.016124173214	7.274087788348173e-09
221.27127127127127	0.2651194376982095	8157.438216090938	7.307313035675226e-09
221.54654654654655	0.2653110841599313	8138.902521639217	7.340683144977036e-09
221.82182182182183	0.26540505230267253	8120.408944896786	7.374192323436653e-09
222.0970970970971	0.26561625436871916	8101.957390163104	7.407858763381923e-09
222.37237237237238	0.2659435987849507	8083.5477619551075	7.441692644572079e-09
222.64764764764766	0.26603922156407467	8065.1799650021485	7.475665506011553e-09
222.92292292292294	0.2659751007465141	8046.853904250961	7.50976918714252e-09
223.1981981981982	0.2661780653974366	8028.569484869896	7.544041975470046e-09
223.4734734734735	0.2665703790198049	8010.3266122418	7.578497407730444e-09
223.74874874874877	0.2668400365633273	7992.125191960394	7.613111974346875e-09
224.02402402402404	0.2669715731261653	7973.965129833671	7.647871631410659e-09
224.29929929929932	0.26704699425607964	7955.846331884732	7.682777286092234e-09
224.5745745745746	0.2671408411999294	7937.768704351224	7.717837268498852e-09
224.84984984984985	0.26729140833783915	7919.732153684372	7.753060332086047e-09
225.12512512512512	0.2674744315904877	7901.736586547646	7.788449116099305e-09
225.4004004004004	0.267698881207494	7883.781909816735	7.824006338256064e-09
225.67567567567568	0.26800802754463987	7865.868030579539	7.85973830353718e-09
225.95095095095095	0.26830766523268984	7847.994856133789	7.895639088048239e-09
226.22622622622623	0.2684400579486979	7830.162293985662	7.931689474003836e-09
226.5015015015015	0.2684786709623659	7812.370251852493	7.967886948417061e-09
226.77677677677679	0.2685679237639248	7794.618637663321	8.00424550020733e-09
227.05205205205206	0.26874491259341343	7776.907359556935	8.04077695358609e-09
227.32732732732734	0.2689873213236229	7759.236325880562	8.077485763674484e-09
227.60260260260262	0.2691987244618252	7741.605445188325	8.114364549125361e-09
227.8778778778779	0.2693515826582287	7724.014626241734	8.151406743775525e-09
228.15315315315317	0.2695242772199622	7706.463778010732	8.188617466121343e-09
228.42842842842845	0.26971267209933386	7688.952809672059	8.225999402175556e-09
228.70370370370372	0.2698442348380642	7671.481630607766	8.263546587311436e-09
228.978978978979	0.2699333826398336	7654.050150406027	8.30125767493141e-09
229.25425425425428	0.2700384299960052	7636.6582788612905	8.339138565286539e-09
229.52952952952953	0.2702005717667128	7619.305925973595	8.377197279524586e-09
229.8048048048048	0.2704071912273064	7601.993001947299	8.415437174556093e-09
230.08008008008008	0.2705070602612519	7584.719417188572	8.453843920327752e-09
230.35535535535536	0.27048477127049797	7567.485082306909	8.492408394923447e-09
230.63063063063063	0.2705949273401658	7550.289908118715	8.531154024460053e-09
230.9059059059059	0.27085783566101923	7533.133805643378	8.570096138584807e-09
231.1811811811812	0.2710317349064623	7516.016686098861	8.60921661146292e-09
231.45645645645646	0.2710799210980528	7498.938460904274	8.648501924894218e-09
231.73173173173174	0.2711089333324895	7481.899041681608	8.687957015728607e-09
232.00700700700702	0.271220622373485	7464.898340255227	8.727596342361674e-09
232.2822822822823	0.27145305107929296	7447.936268650466	8.76743242382439e-09
232.55755755755757	0.271619423702071	7431.012739089701	8.807451292623259e-09
232.83283283283285	0.27164468356772054	7414.127663993577	8.847637249380447e-09
233.10810810810813	0.27180375444880656	7397.280955985998	8.88801355466278e-09
233.3833833833834	0.27214336584804266	7380.472527890177	8.928598545064404e-09
233.65865865865868	0.27236513016171265	7363.702292722767	8.969368238625176e-09
233.93393393393396	0.2724603064832922	7346.970163697894	9.010309095807985e-09
234.2092092092092	0.2726490229035471	7330.276054230354	9.051439682342315e-09
234.48448448448448	0.2729156795098728	7313.619877931462	9.092768586810851e-09
234.75975975975976	0.27315208302900923	7297.0015486071225	9.134288232951024e-09
235.03503503503504	0.2733878762705813	7280.420980259557	9.175998430488134e-09
235.3103103103103	0.2736647488518639	7263.878087087074	9.217904386817844e-09
235.5855855855856	0.2739446843308269	7247.372783482345	9.26000483640949e-09
235.86086086086087	0.2741715506874597	7230.904984031638	9.302292873368805e-09
236.13613613613614	0.27428733849542775	7214.474603514347	9.344758292247042e-09
236.41141141141142	0.2743666174349655	7198.081556904705	9.387404851726975e-09
236.6866866866867	0.2745961466915316	7181.725759373232	9.43025728109992e-09
236.96196196196198	0.27491219960725716	7165.407126282192	9.473321643846209e-09
237.23723723723725	0.27512883936885263	7149.125573183079	9.516579250927196e-09
237.51251251251253	0.27529040030763285	7132.8810158199885	9.560025868700707e-09
237.7877877877878	0.2754918184505293	7116.673370130057	9.603671144352318e-09
238.06306306306308	0.27569940360664225	7100.50255224088	9.64751655678772e-09
238.33833833833836	0.275860679070538	7084.36847846974	9.69155690727909e-09
238.61361361361364	0.2759442461529408	7068.271065323515	9.735785964503835e-09
238.88888888888889	0.2759901918124432	7052.210229499481	9.780205704946861e-09
239.16416416416416	0.2761153598809815	7036.185887886195	9.824832021167616e-09
239.43943943943944	0.27628899550865743	7020.197957560562	9.869670039847336e-09
239.71471471471472	0.27638501743748534	7004.246355785731	9.91470724366417e-09
239.98998998999	0.27646087472616443	6988.33100001383	9.959944551584743e-09
240.26526526526527	0.27661378225031663	6972.451807886265	1.0005395094164899e-08
240.54054054054055	0.2767243906176177	6956.608697229494	1.0051051286526096e-08
240.81581581581582	0.2766913674218167	6940.801586054891	1.0096896661291398e-08
241.0910910910911	0.2766167333844521	6925.0303925619	1.014293574843348e-08
241.36636636636638	0.27661971386527656	6909.295035137969	1.0189186575864818e-08
241.64164164164166	0.276789514618805	6893.59543235762	1.0235670708279792e-08
241.91691691691693	0.2770822921174904	6877.931502979644	1.0282394574259067e-08
242.1921921921922	0.2773407682968454	6862.303165944627	1.0329341810561358e-08
242.4674674674675	0.2775340950364203	6846.7103403767505	1.037650018937339e-08
242.74274274274276	0.2777094993565241	6831.152945584824	1.0423869805143915e-08
243.01801801801804	0.2779157331110143	6815.630901061897	1.0471457533495417e-08
243.29329329329332	0.27817222501924593	6800.144126484322	1.0519270056922961e-08
243.56856856856857	0.27840186053477867	6784.692541709557	1.0567301261354664e-08
243.84384384384384	0.2785702910140314	6769.276066776505	1.0615543825365074e-08
244.11911911911912	0.27876309289206563	6753.894621907354	1.0664005658328853e-08
244.3943943943944	0.27901075470959924	6738.54812750615	1.0712695491996196e-08
244.66966966966967	0.27926219986147244	6723.236504156855	1.0761611635341398e-08
244.94494494494495	0.2794738114007487	6707.959672623054	1.0810747835145146e-08
245.22022022022023	0.2796169048137089	6692.717553847823	1.0860097381827021e-08
245.4954954954955	0.2797064296222399	6677.510068954141	1.090965917161734e-08
245.77077077077078	0.27977809720628594	6662.337139244894	1.095943788427222e-08
246.04604604604606	0.2798730704977663	6647.1986862025715	1.1009442047753793e-08
246.32132132132134	0.28000035434497367	6632.09463148827	1.1059677895621944e-08
246.5965965965966	0.2800886614097546	6617.0248969397035	1.111013944794028e-08
246.8718718718719	0.28015570995760497	6601.989404572533	1.1160826455045922e-08
247.14714714714717	0.2803596000450241	6586.988076582726	1.1211761155702134e-08
247.42242242242244	0.2806833990917726	6572.020835342751	1.1262953548179745e-08
247.69769769769772	0.2809543583648412	6557.087603398071	1.1314385430312225e-08
247.972972972973	0.2811405409539544	6542.188303469486	1.1366043244740606e-08
248.24824824824825	0.281291335056893	6527.322858454359	1.1417927238729481e-08
248.52352352352352	0.28145010701305084	6512.4911914261165	1.147004412259307e-08
248.7987987987988	0.2816287296020856	6497.6932256332275	1.1522399613170097e-08
249.07407407407408	0.2817496831144399	6482.928884496989	1.1574986233761936e-08
249.34934934934935	0.28182705285717113	6468.198091612974	1.1627802525517216e-08
249.62462462462463	0.2820663818379281	6453.500770754575	1.168087761758847e-08
249.8998998998999	0.2824153546123954	6438.836845867368	1.1734219954943634e-08
250.17517517517518	0.28253747051110556	6424.206241062809	1.1787786100077028e-08
250.45045045045046	0.28249598212498317	6409.608880626031	1.1841562766818254e-08
250.72572572572574	0.28259232898360087	6395.044689020461	1.1895587113804409e-08
251.00100100100101	0.282764620812806	6380.5135908799175	1.194987023296399e-08
251.2762762762763	0.2828665969686251	6366.015511006408	1.2004397132420818e-08
251.55155155155157	0.2830362082593749	6351.550374375712	1.205918073179848e-08
251.82682682682685	0.2833647934154592	6337.118106136047	1.2114241896208702e-08
252.10210210210212	0.28367394107820126	6322.718631601953	1.2169565818851206e-08
252.3773773773774	0.2838002795651164	6308.351876254164	1.2225121033343168e-08
252.65265265265268	0.28366930359856485	6294.017765741067	1.2280880340526671e-08
252.92792792792793	0.2834685086551843	6279.716225883972	1.2336857791211518e-08
253.2032032032032	0.2835555471729051	6265.447182680504	1.2393114985636456e-08
253.47847847847848	0.2838225363288076	6251.210562294201	1.2449668723117059e-08
253.75375375375376	0.2839805556111393	6237.006291050085	1.2506484704442124e-08
254.02902902902903	0.2840950079633314	6222.834295441982	1.2563555469420691e-08
254.3043043043043	0.28428496742584153	6208.694502133379	1.262089587325455e-08
254.5795795795796	0.28449758837876743	6194.586837953243	1.2678506203261954e-08
254.85485485485486	0.28467761514765555	6180.511229895579	1.2736378697169764e-08
255.13013013013014	0.28482103806840187	6166.4676051201795	1.2794509235346111e-08
255.40540540540542	0.2849488088302344	6152.455890952807	1.2852899461231385e-08
255.6806806806807	0.2850986407322335	6138.476014885218	1.291155667047098e-08
255.95595595595597	0.2852539375933188	6124.527904573549	1.2970482670009849e-08
256.2312312312313	0.28537719200324674	6110.611487837468	1.3029673099187126e-08
256.5065065065065	0.28553310534538917	6096.726692662141	1.3089136452375615e-08
256.7817817817818	0.285799555590314	6082.873447198164	1.3148890117684483e-08
257.0570570570571	0.28614998349147386	6069.051679758826	1.3208939639319061e-08
257.3323323323324	0.28649172343832147	6055.261318818188	1.3269273819144279e-08
257.60760760760763	0.28664567597835633	6041.502293008628	1.3329858806188455e-08
257.8828828828829	0.28662464865984116	6027.774531124919	1.33906794910123e-08
258.15815815815813	0.2866968222914628	6014.077962129907	1.3451771617464086e-08
258.43343343343344	0.28688328056819606	6000.412515148397	1.3513157836296863e-08
258.70870870870874	0.2870123513313975	5986.778119462195	1.3574822752236e-08
258.983983983984	0.28712676407939874	5973.174704514797	1.3636765913755969e-08
259.25925925925924	0.28734375267888657	5959.602199912826	1.3699006895187342e-08
259.53453453453454	0.28760652721816765	5946.060535421538	1.3761547253322088e-08
259.80980980980985	0.2878322858459339	5932.5496409637835	1.3824374827469562e-08
260.0850850850851	0.2880103887135469	5919.069446621377	1.388748216262668e-08
260.36036036036035	0.2881693717184637	5905.619882635672	1.3950870721735193e-08
260.63563563563565	0.28837905063134767	5892.200879408256	1.4014553514472653e-08
260.91091091091096	0.288636968168668	5878.812367498817	1.4078537552074667e-08
261.1861861861862	0.28887010826646414	5865.454277623042	1.414281489610477e-08
261.46146146146145	0.28908448594325	5852.1265406541925	1.4207383088661795e-08
261.73673673673676	0.28932423916870914	5838.829087623686	1.4272248958076158e-08
262.01201201201206	0.28955013126525037	5825.561849718691	1.4337410047623188e-08
262.2872872872873	0.28971457348605034	5812.32475828153	1.4402857625445504e-08
262.56256256256256	0.2898521982547001	5799.117744811385	1.446859369420855e-08
262.8378378378378	0.29000175285899243	5785.94074096407	1.4534626553151573e-08
263.1131131131131	0.2901726265024607	5772.793678550945	1.4600962767393794e-08
263.3883883883884	0.29035185154231297	5759.676489537985	1.4667604170091108e-08
263.66366366366367	0.2905045557600503	5746.589106044868	1.4734546336153861e-08
263.9389389389389	0.2906219839004382	5733.531460345259	1.4801786104410632e-08
264.2142142142142	0.29071574443908776	5720.503484867014	1.4869324504478715e-08
264.48948948948953	0.29078837111150163	5707.505112191591	1.493716314774916e-08
264.7647647647648	0.29085709655784814	5694.536275054094	1.5005306545681547e-08
265.04004004004	0.29102546728706685	5681.596906345196	1.507377604061964e-08
265.31531531531533	0.29131898271780826	5668.686939108787	1.51425879733676e-08
265.59059059059064	0.29150016302542814	5655.806306534615	1.5211709228753864e-08
265.8658658658659	0.2915039777786184	5642.954941962435	1.528111172482271e-08
266.14114114114113	0.2915932794080755	5630.132778890479	1.5350828761063197e-08
266.41641641641644	0.29185214400549114	5617.339750970415	1.5420893418301313e-08
266.69169169169174	0.29216582388508205	5604.575792001618	1.5491302812579644e-08
266.966966966967	0.29243884552224764	5591.840835931316	1.5562038905704295e-08
267.24224224224224	0.29261642415459865	5579.134816855275	1.5633083144785028e-08
267.5175175175175	0.29278368646531966	5566.4576690213335	1.5704442220676615e-08
267.7927927927928	0.2930280931163414	5553.809326829157	1.577613633420752e-08
268.0680680680681	0.29328032198201415	5541.189724825585	1.5848163857050773e-08
268.34334334334335	0.2934727722119457	5528.598797704288	1.5920512192771964e-08
268.6186186186186	0.2936048706447247	5516.036480307286	1.599317545534891e-08
268.8938938938939	0.29368981940412076	5503.502707624999	1.6066153739932373e-08
269.1691691691692	0.293749397292474	5490.997414796181	1.6139451822215816e-08
269.44444444444446	0.29382502396981164	5478.520537108131	1.6213080614720172e-08
269.7197197197197	0.29395813824644124	5466.0720099963755	1.628705427964078e-08
269.994994994995	0.2940848284827997	5453.6517690413575	1.6361368774079344e-08
270.2702702702703	0.29412670489762244	5441.259749967625	1.643600786338278e-08
270.54554554554556	0.29414509382760884	5428.895888647512	1.6510975602410127e-08
270.8208208208208	0.294232936240153	5416.560121101773	1.6586292613541818e-08
271.0960960960961	0.29446791117820176	5404.252383498845	1.6661985278902412e-08
271.3713713713714	0.2948110057046062	5391.972612151129	1.6738060514480493e-08
271.6466466466467	0.29506179801274807	5379.720743509874	1.681448387962389e-08
271.9219219219219	0.2951859323111619	5367.4967141696525	1.689123181903161e-08
272.19719719719717	0.29530471416408377	5355.300460872666	1.69683166560527e-08
272.4724724724725	0.29545270962551556	5343.1319205058935	1.7045752203799505e-08
272.7477477477478	0.2956066327258434	5330.991030099047	1.7123541726974068e-08
273.02302302302303	0.29571321126049394	5318.877726823312	1.720167714772622e-08
273.2982982982983	0.29575190277655783	5306.791947991989	1.7280150991898687e-08
273.5735735735736	0.29583407697183794	5294.733631064187	1.735898234993386e-08
273.8488488488489	0.29599626118020833	5282.702713642271	1.7438189113608292e-08
274.12412412412414	0.2960936961023492	5270.699133465975	1.7517752207860177e-08
274.3993993993994	0.2961137647866035	5258.722828416078	1.7597660103312156e-08
274.6746746746747	0.29620793183354677	5246.773736519175	1.767793833501081e-08
274.94994994995	0.2964177813869996	5234.851795944018	1.7758609287551762e-08
275.22522522522524	0.2966922803445911	5222.956944998322	1.783967492530261e-08
275.5005005005005	0.29691722272895965	5211.089122126409	1.7921113768528496e-08
275.7757757757758	0.29701263960423074	5199.248265909922	1.8002899234283414e-08
276.0510510510511	0.297138302810565	5187.434315075064	1.808505149142151e-08
276.32632632632635	0.2974005998188226	5175.647208490694	1.816760371304892e-08
276.6016016016016	0.29764580039878324	5163.886885159712	1.8250541758680014e-08
276.87687687687685	0.297815618273308	5152.15328422173	1.8333847131127898e-08
277.15215215215215	0.2980301624934428	5140.446344958497	1.8417536402214913e-08
277.42742742742746	0.29826635551054886	5128.766006789015	1.8501614022921832e-08
277.7027027027027	0.29837749191981655	5117.112209265162	1.8586052152602252e-08
277.97797797797796	0.29833458670527885	5105.484892075146	1.867083121277273e-08
278.25325325325326	0.298195568006069	5093.883995046049	1.8755954159708864e-08
278.52852852852857	0.2981285562487804	5082.309458147213	1.884145907432531e-08
278.8038038038038	0.29826795511697546	5070.761221488901	1.892739513194916e-08
279.07907907907907	0.29854665620292614	5059.239225315326	1.9013774018182646e-08
279.35435435435437	0.2988505856731133	5047.743410002717	1.9100578080169393e-08
279.6296296296297	0.2990525197309153	5036.273716058515	1.9187771696583447e-08
279.9049049049049	0.29914624152250385	5024.830084125071	1.9275336277570444e-08
280.1801801801802	0.29924877443526965	5013.412454983528	1.9363288787273e-08
280.4554554554555	0.29937128494256277	5002.02076954998	1.9451641138125248e-08
280.7307307307308	0.29945979093437775	4990.6549688729465	1.954038834841623e-08
281.00600600600603	0.2995229437657165	4979.314994135181	1.9629530668917423e-08
281.2812812812813	0.2995902710691442	4968.000786654087	1.971907566220528e-08
281.5565565565566	0.29967315216776697	4956.712287880818	1.9809030609450084e-08
281.83183183183183	0.2997853633486905	4945.449439400055	1.9899403234594865e-08
282.10710710710714	0.29995416990849355	4934.212182930183	1.9990204578755237e-08
282.3823823823824	0.3001602701548555	4923.000460321382	2.0081436891105285e-08
282.6576576576577	0.30032451894362694	4911.814213553167	2.0173084340881655e-08
282.93293293293294	0.30044707178606017	4900.653384736875	2.0265139875603145e-08
283.20820820820825	0.3005904707731204	4889.517916117594	2.0357615142092466e-08
283.4834834834835	0.3007602661595445	4878.407750071862	2.045051826510521e-08
283.75875875875874	0.30093001011164866	4867.322829106214	2.0543848238192927e-08
284.03403403403405	0.3010629764339561	4856.263095856489	2.0637597015115524e-08
284.3093093093093	0.30115948265650644	4845.228493088871	2.0731761523869903e-08
284.5845845845846	0.3013296177874628	4834.2189637035935	2.0826366830506188e-08
284.85985985985985	0.30160362305543104	4823.234450731808	2.0921433734357605e-08
285.13513513513516	0.3018507889527187	4812.274897329329	2.101694310958384e-08
285.4104104104104	0.30200973494883826	4801.340246778856	2.1112871829667336e-08
285.6856856856857	0.3021088270128664	4790.430442492964	2.120921584971741e-08
285.96096096096096	0.3022125715008394	4779.545428015188	2.130598935061201e-08
286.23623623623627	0.30238448583913985	4768.685147019746	2.1403215610210128e-08
286.5115115115115	0.3025572048192849	4757.84954330634	2.1500891280234753e-08
286.7867867867868	0.30266536655741455	4747.038560799901	2.1598999971527124e-08
287.06206206206207	0.30282567341236594	4736.252143557179	2.1697562573545764e-08
287.3373373373374	0.30306178461337524	4725.4902357629835	2.179659640894701e-08
287.6126126126126	0.3031271700015558	4714.752781719516	2.189605129277699e-08
287.8878878878879	0.3030004694039061	4704.039725854606	2.199589755186898e-08
288.1631631631632	0.3029739903234236	4693.351012733594	2.209619267475759e-08
288.4384384384384	0.3031188497118267	4682.686587050617	2.2196984220473542e-08
288.71371371371373	0.3033241715747222	4672.046393621261	2.2298269959406276e-08
288.988988988989	0.3035396134659773	4661.430377384548	2.2400037470397766e-08
289.2642642642643	0.303745021720081	4650.8384834038225	2.2502276618206832e-08
289.53953953953953	0.30391492094831135	4640.270656866241	2.260497701268309e-08
289.81481481481484	0.30405053796721665	4629.726843083528	2.2708134773361754e-08
290.0900900900901	0.30422589976161185	4619.206987494628	2.281176765509011e-08
290.3653653653654	0.30445029228011905	4608.7110356628555	2.29158880311109e-08
290.64064064064064	0.3046170012828531	4598.238933270951	2.3020476115237463e-08
290.91591591591595	0.304714449118307	4587.7906261245535	2.3125520060150057e-08
291.1911911911912	0.30483111074891445	4577.36606015603	2.3231037577740212e-08
291.4664664664665	0.30503085652838247	4566.965181423219	2.3337055067494785e-08
291.74174174174175	0.3053263462320276	4556.587936107126	2.3443590240100495e-08
292.01701701701705	0.30553376685417516	4546.234270503492	2.3550605577768688e-08
292.2922922922923	0.3055158540839633	4535.904131024333	2.365804763377768e-08
292.5675675675676	0.3055226986905892	4525.597464213712	2.3765955738428644e-08
292.84284284284286	0.305707670270794	4515.314216743626	2.387439085630946e-08
293.1181181181181	0.3058804072129793	4505.054335399347	2.3983334698926504e-08
293.3933933933934	0.30598198475184657	4494.81776708456	2.4092763718624102e-08
293.66866866866866	0.3061476059541098	4484.604458829301	2.4202703107674808e-08
293.94394394394396	0.30633906938959765	4474.414357782374	2.431315649518195e-08
294.2192192192192	0.3064151801989442	4464.2474112066475	2.442408911476414e-08
294.4944944944945	0.3064950666314677	4454.10356648986	2.453551660138523e-08
294.76976976976977	0.3067392989552276	4443.982771146276	2.4647491207611296e-08
295.0450450450451	0.30697842985202833	4433.884972802152	2.4759994530763255e-08
295.3203203203203	0.3070825018263926	4423.810119197084	2.4872983307865022e-08
295.5955955955956	0.3072333520359965	4413.758158197282	2.4986486578234363e-08
295.8708708708709	0.30749347902411345	4403.729037790225	2.5100537143018584e-08
296.1461461461462	0.3076871923259226	4393.722706073869	2.5215104407451615e-08
296.4214214214214	0.30784711151346583	4383.7391112655105	2.5330183286113483e-08
296.69669669669673	0.30817808478145753	4373.778201709236	2.5445829116506722e-08
296.971971971972	0.3085123707846042	4363.839925859113	2.556202425401948e-08
297.2472472472473	0.30856790342575896	4353.924232273596	2.5678682596701918e-08
297.52252252252254	0.30861202201686083	4344.03106963995	2.579583696525994e-08
297.7977977977978	0.3089118342820373	4334.160386774194	2.5913579791527978e-08
298.0730730730731	0.30915104940713717	4324.3121325943775	2.6031869377240317e-08
298.34834834834834	0.30916152698012156	4314.486256126857	2.615063867135617e-08
298.62362362362364	0.30925407547539957	4304.682706527978	2.6269943562274127e-08
298.8988988988989	0.3094953162335828	4294.901433072783	2.6389832081264996e-08
299.1741741741742	0.30963087627531477	4285.142385139836	2.651025670502429e-08
299.44944944944945	0.30963599396720387	4275.405512221495	2.6631187885859464e-08
299.72472472472475	0.3096611395618893	4265.690763931843	2.6752655399603957e-08
300.0	0.30986046511627907	4255.998090006774	2.687471995269014e-08
