0.0025676529600238336	5.010477696397691	9961.551177767498	4.875703220770429	0.0018657819573413656
25.0	0.03817940199335549	33212.0	10.0
25.275275275275277	0.038833164118049664	34232.25419038982	9.492146596732642
25.55055055055055	0.039583091699046766	35217.819104899485	9.001020407532321
25.825825825825827	0.040335690745763396	36168.57653524282	8.526687987493128
26.1011011011011	0.040971156178788944	37081.85586757411	8.070465554449399
26.376376376376378	0.0415491211864949	37956.90597955201	7.632730239578387
26.65165165165165	0.042369046482557286	38799.22934130664	7.210797681453994
26.926926926926928	0.04337675026225945	39612.28610731536	6.802982034592286
27.2022022022022	0.04422966517919361	40392.813907970136	6.410887854448717
27.47747747747748	0.04492738184068387	41138.33274817148	6.035737476438807
27.75275275275275	0.045622561601680385	41849.45381637997	5.677240455029249
28.02802802802803	0.04628214078533337	42526.369174732456	5.335311392251293
28.303303303303302	0.04685925587366466	43168.803189626764	5.0100938217063655
28.57857857857858	0.047442652341397475	43777.93783616879	4.701017720683493
28.853853853853856	0.04810584300376816	44355.83044296361	4.407084208837041
29.12912912912913	0.04884934782919787	44904.304788726164	4.127408233286053
29.404404404404403	0.04961250390424416	45424.32869150401	3.8615233515390583
29.67967967967968	0.050289254679041405	45915.80028311654	3.6094865837355274
29.954954954954957	0.050930751232404196	46379.350319193356	3.3709962930749806
30.23023023023023	0.05166672210103591	46816.82518446167	3.145155528348895
30.505505505505504	0.05244022630768258	47229.39048308517	2.9314001763888493
30.78078078078078	0.053155908921593435	47617.428770163446	2.72954920272094
31.056056056056057	0.053860669699302095	47981.78648764812	2.5391943640255965
31.33133133133133	0.05458833978216296	48323.55198749329	2.3598087686102818
31.606606606606608	0.0552712506141798	48643.3607918017	2.191086951357278
31.88188188188188	0.05589350637772902	48941.83461683397	2.032730046938246
32.15715715715716	0.0565251260434751	49220.04233341725	1.8842201128654306
32.432432432432435	0.057206162322012644	49479.204874704235	1.7449644904250874
32.70770770770771	0.05793776020720892	49720.45226118992	1.6144147238599218
32.98298298298298	0.05864412577217322	49944.51701212866	1.4922166850836904
33.25825825825826	0.059244573646412016	50151.843887044175	1.3781569455716827
33.533533533533536	0.05982073442084121	50343.26638440619	1.2718316434920744
33.808808808808806	0.06047060131544449	50519.92564860434	1.1726860880217982
34.08408408408408	0.06120067000342538	50682.87062910882	1.0802104389688447
34.35935935935936	0.0619472824647387	50832.87238129793	0.9940306459161903
34.63463463463464	0.06256282203430451	50970.296570886145	0.9139709383506808
34.90990990990991	0.06306062857323085	51095.62631448519	0.8397979517044002
35.18518518518518	0.06361617358495122	51209.77140947223	0.7710693019022814
35.46046046046046	0.06427228405465552	51313.641995551494	0.7073422087875435
35.73573573573574	0.06497732365040494	51407.954948498635	0.6482682829544408
36.01101101101101	0.06564609669080279	51493.2311977619	0.5935948876312996
36.286286286286284	0.06622162149187681	51569.90266985361	0.5431128298156933
36.56156156156156	0.06679021209864092	51638.53994629317	0.49654492414323176
36.83683683683684	0.06741371184308156	51699.76203238331	0.4535901340802894
37.112112112112115	0.06803775490131256	51754.0713393832	0.4140043504254542
37.38738738738739	0.06864683134858796	51801.92699606074	0.377564528204939
37.66266266266266	0.06928953035600498	51843.81332407441	0.3440351728474454
37.93793793793794	0.06995352095264093	51880.16673404657	0.31320412462576747
38.213213213213216	0.07057826295814741	51911.34615971398	0.2848970457881583
38.488488488488485	0.07112845178864607	51937.67472607863	0.2589570398310004
38.76376376376376	0.07161734721061237	51959.48095587565	0.23522448631750528
39.03903903903904	0.0722201844516241	51977.186401487015	0.21349413598709038
39.314314314314316	0.07303522773777854	51991.21511010425	0.19355941209996472
39.58958958958959	0.07383938201287911	52001.82132083778	0.17529676722696555
39.86486486486486	0.07449178993901316	52009.18637096424	0.158618281854491
40.14014014014014	0.07506546340853161	52013.532034444965	0.14341619354309476
40.41541541541542	0.07566204435398985	52015.11150945627	0.12956729914247617
40.690690690690694	0.07637441084879239	52014.18714451737	0.11694385190127578
40.965965965965964	0.0771022805102305	52010.96169147032	0.10544721688991285
41.24124124124124	0.07767169833538168	52005.57772723663	0.0950081691028279
41.51651651651652	0.07815585374379709	51998.19925213643	0.08554695902341897
41.791791791791795	0.0786810824561171	51989.01099614422	0.07697364687726196
42.06706706706707	0.07925178242727318	51978.180824322226	0.06920650327315715
42.34234234234234	0.0798580705861586	51965.85873338353	0.06217250471750928
42.61761761761762	0.08051136525969509	51952.18269696214	0.05580447633416496
42.892892892892895	0.08119690037005609	51937.2755279312	0.05004263106226395
43.168168168168165	0.08186878811080112	51921.24349237977	0.044835252052898296
43.44344344344344	0.08253192228705647	51904.185877269054	0.04013401261870368
43.71871871871872	0.08322275973625053	51886.198147233205	0.035892432455809135
43.993993993993996	0.0839186887333398	51867.36524327888	0.03206915948568806
44.26926926926927	0.08457269239616211	51847.761516830426	0.028628004794743818
44.54454454454455	0.08515013592034033	51827.45408292016	0.025536303615653056
44.81981981981982	0.08565260687384585	51806.50645337303	0.022763138381975433
45.0950950950951	0.08616286535873151	51784.98282335533	0.020277240987596364
45.37037037037037	0.08674261679637138	51762.94443307518	0.018048773884599675
45.645645645645644	0.0873999677395454	51740.44605707839	0.01605104962855706
45.92092092092092	0.08807327802453596	51717.53392334364	0.014261551294633659
46.1961961961962	0.08865401640625807	51694.2462135932	0.012661689683627003
46.471471471471475	0.08916881591058942	51670.61973600272	0.011233538460902859
46.74674674674675	0.08970442493877001	51646.69099011077	0.009959313132745175
47.02202202202202	0.09024877274288476	51622.49247711049	0.008823177566276147
47.2972972972973	0.09077354269834052	51598.052896745794	0.007811148598241415
47.572572572572575	0.09130626579768876	51573.39885604849	0.006910260411292036
47.847847847847845	0.09190293730606866	51548.55523952999	0.006108383817887286
48.12312312312312	0.09264665481723929	51523.54531798168	0.005394173427313092
48.3983983983984	0.0934546106457923	51498.38821081971	0.004758310461405265
48.673673673673676	0.09407358984746511	51473.09803664521	0.004193919687023003
48.94894894894895	0.09455972089822845	51447.689033732335	0.003694063728971907
49.22422422422423	0.09515715090706858	51422.17670644384	0.0032511825808121354
49.4994994994995	0.09583930218575701	51396.574377768586	0.0028587784465793384
49.77477477477478	0.09648103285037506	51370.89288130181	0.002511569973108009
50.05005005005005	0.09703733952731897	51345.141806355154	0.0022048822680950596
50.32532532532532	0.09753874794573968	51319.330125849774	0.0019343398032948393
50.6006006006006	0.098141858381215	51293.46670402709	0.0016956179996057883
50.87587587587588	0.0988373237853338	51267.55922361513	0.0014849685029115222
51.151151151151154	0.09937196654916508	51241.613504245426	0.0012995531780054031
51.42642642642643	0.09982009152500015	51215.635221486824	0.0011366029559368173
51.70170170170171	0.1005078472252365	51189.630421999296	0.0009931656561892287
51.97697697697698	0.10127465330835894	51163.60382963331	0.0008669352100549973
52.252252252252255	0.10179535416026703	51137.558914966605	0.0007562179491614226
52.527527527527525	0.10227624001924142	51111.499365356874	0.0006592131979827067
52.8028028028028	0.10295504269955204	51085.42885213076	0.0005741272013447704
53.07807807807808	0.10365516768643786	51059.35025506172	0.0004995528163841154
53.353353353353356	0.10423683654351293	51033.26595743252	0.0004343252522278442
53.62862862862863	0.10476172265752164	51007.17820080742	0.0003773485023661801
53.90390390390391	0.10531354591656547	50981.089067903835	0.00032760376624875036
54.17917917917918	0.10596455680891828	50955.000442774086	0.00028416898394040556
54.454454454454456	0.10662706922530593	50928.91389638352	0.00024627490583804606
54.729729729729726	0.10714021250348614	50902.83072043125	0.00021328861345782507
55.005005005005	0.10756944951752155	50876.7521263811	0.00018461614643857694
55.28028028028028	0.10803854228286949	50850.679273210364	0.00015968890280024345
55.55555555555556	0.10854077608643468	50824.61312533713	0.00013803329182180573
55.830830830830834	0.10904699692511127	50798.5545306325	0.00011923252125545186
56.10610610610611	0.1095475665810534	50772.50422870613	0.00010292258922623673
56.38138138138139	0.11006086082301486	50746.4628722119	8.878188036646033e-05
56.65665665665666	0.11063588993161601	50720.43104084898	7.652433296093254e-05
56.931931931931935	0.11126060035373062	50694.40923350028	6.590330603171017e-05
57.20720720720721	0.11187268292316724	50668.39787290438	5.67093122322621e-05
57.48248248248248	0.11243196594889303	50642.397324371595	4.8760873754444943e-05
57.75775775775776	0.11293137277017697	50616.407909227375	4.1897954965428806e-05
58.033033033033036	0.11346532205416135	50590.42991963179	3.597471809633164e-05
58.30830830830831	0.11409398327279784	50564.46361285601	3.0862332632274315e-05
58.58358358358358	0.11469696862793208	50538.509199931	2.6454540943385755e-05
58.85885885885886	0.11523077617822748	50512.56686236591	2.265948461639993e-05
59.134134134134136	0.11582789661688575	50486.63676646132	1.939270474554204e-05
59.40940940940941	0.11648699419602189	50460.71905426986	1.658157102926227e-05
59.68468468468468	0.11705924035069705	50434.813841257346	1.4166436161994234e-05
59.95995995995996	0.1174900641033283	50408.92122676959	1.209551670962147e-05
60.23523523523524	0.11780924948923074	50383.04129911159	1.0322409739389304e-05
60.510510510510514	0.1181697422519125	50357.17413878268	8.80451267507887e-06
60.78578578578579	0.11869949523458997	50331.31981634113	7.504070657210679e-06
61.06106106106106	0.11927065657349777	50305.478387799485	6.390431453678182e-06
61.33633633633634	0.11978785546148368	50279.64989891375	5.437949303363044e-06
61.611611611611615	0.12034187880203501	50253.834389879485	4.623689898624588e-06
61.88688688688689	0.12097013081939069	50228.03189464793	3.9277662061200385e-06
62.16216216216216	0.12161250242699559	50202.242440669426	3.333464716673104e-06
62.43743743743744	0.12222167614364221	50176.46605031235	2.8265524323323846e-06
62.712712712712715	0.12277068851835213	50150.702741913665	2.3947639559731296e-06
62.98798798798799	0.1232742093264282	50124.95253061692	2.0273926383144085e-06
63.26326326326326	0.12376941483782619	50099.21542879398	1.7150851814960634e-06
63.53853853853854	0.12430527152244894	50073.49144631972	1.4497080309583311e-06
63.813813813813816	0.12489072291822063	50047.7805906485	1.2243100970643315e-06
64.0890890890891	0.12542071752184103	50022.08286682432	1.0331168879431454e-06
64.36436436436436	0.12581921787272468	49996.39827810356	8.712263936358493e-07
64.63963963963964	0.12609076173210898	49970.726826462305	7.343622157739057e-07
64.91491491491492	0.12634856319603216	49945.06851291183	6.187210688664595e-07
65.1901901901902	0.12678154411013817	49919.42333758711	5.209311528631243e-07
65.46546546546547	0.12732399244669296	49893.79129937788	4.382290572375589e-07
65.74074074074073	0.1277877904043884	49868.172396073045	3.6838698926538174e-07
66.01601601601601	0.12818193176060602	49842.56662484424	3.0947952946088304e-07
66.29129129129129	0.12859106162140888	49816.97398237423	2.598224350058192e-07
66.56656656656656	0.12911054983520368	49791.39446488593	2.179589583796904e-07
66.84184184184184	0.1297220021807928	49765.828068111354	1.8267293506862503e-07
67.11711711711712	0.13018401355123801	49740.27478727447	1.5299209018457484e-07
67.3923923923924	0.1304888446411291	49714.73461733518	1.2807353404156885e-07
67.66766766766767	0.13092140503133762	49689.20755312215	1.0714618537618955e-07
67.94294294294295	0.1314338974217517	49663.69358918718	8.957418824141843e-08
68.21821821821823	0.1317671980730045	49638.19271980461	7.485109193859649e-08
68.4934934934935	0.13205749655667004	49612.704939143034	6.252647369605907e-08
68.76876876876878	0.13253880302140655	49587.230241281475	5.2201694388121834e-08
69.04404404404404	0.13307721664922942	49561.76862013312	4.355613803889691e-08
69.31931931931932	0.13352027752235632	49536.32006948149	3.632822348475622e-08
69.5945945945946	0.13391612028679725	49510.88458304107	3.029226868133939e-08
69.86986986986987	0.13431690164435972	49485.46215446491	2.5255193671961357e-08
70.14514514514515	0.13473228803678391	49460.05277758737	2.0936535890391884e-08
70.42042042042041	0.13512839452853082	49434.65644567797	1.7453826959024238e-08
70.69569569569569	0.13544642170999294	49409.27315301081	1.4549848009298793e-08
70.97097097097097	0.1357505808890706	49383.902893080565	1.2129744512999213e-08
71.24624624624624	0.13615451352150484	49358.54565935767	1.0112438391579166e-08
71.52152152152152	0.1366525447644127	49333.201445288025	8.430805702333801e-09
71.7967967967968	0.13719885533041232	49307.87024429742	7.029524204635556e-09
72.07207207207207	0.13775075735147518	49282.55204979612	5.8627001674964255e-09
72.34734734734735	0.1382850664905196	49257.24685518277	4.891959501449896e-09
72.62262262262263	0.13881358052752715	49231.954653847235	4.084979429406067e-09
72.8978978978979	0.1393345844947248	49206.67543917234	3.4146582070366697e-09
73.17317317317318	0.13982536833490183	49181.40920453534	2.858362665492444e-09
73.44844844844846	0.14025026145435437	49156.15594330938	2.397203437009838e-09
73.72372372372374	0.1405774936355629	49130.915648864815	2.015372214567024e-09
73.998998998999	0.14086271298059175	49105.68831457061	1.6994526690758873e-09
74.27427427427428	0.14118875788846322	49080.47393379504	1.4381071825880578e-09
74.54954954954955	0.14159525122179864	49055.27249990596	1.2219011727269294e-09
74.82482482482483	0.14207543012119225	49030.08400627132	1.0430609110049972e-09
75.1001001001001	0.14253983735015624	49004.90844625959	8.952456142462056e-10
75.37537537537537	0.14293559067919748	48979.74581324039	7.732078394477417e-10
75.65065065065065	0.14328206784991498	48954.59610058511	6.725428769399451e-10
75.92592592592592	0.14365421401226008	48929.45930166717	5.895397733015338e-10
76.2012012012012	0.14414965138721952	48904.33540986222	5.210891013692838e-10
76.47647647647648	0.14466602967978645	48879.22441854812	4.6467666289782317e-10
76.75175175175175	0.14503555483703562	48854.126321105025	4.1826556152163044e-10
77.02702702702703	0.145316347614756	48829.04111091596	3.8012870129593555e-10
77.30230230230231	0.14561519081564495	48803.9687813668	3.488060788780906e-10
77.57757757757759	0.1459651143643261	48778.90932584639	3.230893717186075e-10
77.85285285285286	0.14634375836233118	48753.862737746495	3.0198842174296933e-10
78.12812812812814	0.1466583762860007	48728.82901046186	2.846970688764704e-10
78.40340340340342	0.14691644480031188	48703.80813739034	2.7054521260907595e-10
78.67867867867868	0.14723769635378262	48678.80011193306	2.589695264078166e-10
78.95395395395396	0.14767575167699037	48653.804927494326	2.495056973683572e-10
79.22922922922923	0.14821963402623775	48628.82257748169	2.417753605714329e-10
79.50450450450451	0.14875195003717337	48603.85305530585	2.3547329388584387e-10
79.77977977977977	0.14916357066072064	48578.89635438075	2.3035021951066377e-10
80.05505505505505	0.1495406171071208	48553.952468123614	2.2619613257231515e-10
80.33033033033033	0.1499559935688152	48529.02138995509	2.228362500638336e-10
80.6056056056056	0.15035014978257843	48504.10311329909	2.2012822522013245e-10
80.88088088088088	0.15068589605653002	48479.197631582785	2.1795525180625503e-10
81.15615615615616	0.15098441823241204	48454.30493823676	2.1622070126931968e-10
81.43143143143143	0.15133179037444364	48429.425026694924	2.1484440671087726e-10
81.70670670670671	0.151837279068494	48404.557890394615	2.1376026681994204e-10
81.98198198198199	0.15236908876321498	48379.70352277645	2.1291537347715082e-10
82.25725725725727	0.15273470848832016	48354.86191728427	2.1226702772614283e-10
82.53253253253254	0.15305177759889468	48330.03306736535	2.117793764313809e-10
82.80780780780782	0.15346017854533464	48305.21696647039	2.1142269688723693e-10
83.0830830830831	0.15389651109491878	48280.413608053386	2.111729435527712e-10
83.35835835835836	0.15431055347479375	48255.6229855717	2.1101052108011026e-10
83.63363363363364	0.1547343257428575	48230.845092486015	2.1091935402161214e-10
83.90890890890891	0.15520419054391885	48206.079922260404	2.1088630631897186e-10
84.18418418418419	0.15574600074318493	48181.32746836231	2.1090068361372625e-10
84.45945945945945	0.1563072641435246	48156.5877242625	2.1095377065862976e-10
84.73473473473473	0.1567955884807501	48131.86068343503	2.1103839928054041e-10
85.01001001001	0.15718162788417672	48107.14633935729	2.1114865950530814e-10
85.28528528528528	0.15748911294857276	48082.444685510025	2.1127971477623941e-10
85.56056056056056	0.15784324437757247	48057.75571537741	2.1142771785332925e-10
85.83583583583584	0.15829968270039063	48033.07942244698	2.115896059084415e-10
86.11111111111111	0.15872226356159108	48008.415800209536	2.117627696378589e-10
86.38638638638639	0.15906922335016946	47983.76484215919	2.11945037382064e-10
86.66166166166167	0.1594447225985548	47959.12654179346	2.1213474983838794e-10
86.93693693693695	0.15984724344264387	47934.50089261321	2.1233056148595425e-10
87.21221221221222	0.16019532448204163	47909.8878881226	2.1253128938353667e-10
87.4874874874875	0.16050414357223491	47885.2875218291	2.1273598892801377e-10
87.76276276276278	0.1608222215720663	47860.69978724356	2.1294395049824406e-10
88.03803803803804	0.16113025979021287	47836.12467788016	2.1315457726996451e-10
88.31331331331332	0.16140831083930504	47811.562187256364	2.1336736240464952e-10
88.58858858858859	0.16168600303607752	47787.012308893005	2.135819313224853e-10
88.86386386386387	0.16195994579434367	47762.47503631425	2.1379797737768631e-10
89.13913913913915	0.16216460864820176	47737.95036304753	2.140151735569052e-10
89.41441441441442	0.16231455255206098	47713.438282623625	2.1423327331758665e-10
89.68968968968969	0.16249822648808182	47688.938788576685	2.1445218549043927e-10
89.96496496496496	0.1626906981915786	47664.45187444416	2.1467180641716147e-10
90.24024024024024	0.16283534728784435	47639.97753376677	2.1489198350067276e-10
90.51551551551552	0.1631061033609702	47615.51576008866	2.151128065915609e-10
90.7907907907908	0.16363893013556757	47591.06654695739	2.1533451416832006e-10
91.06606606606607	0.1641577035074156	47566.62988792364	2.1555695923595178e-10
91.34134134134135	0.1644657079814699	47542.205776541334	2.1577978293634748e-10
91.61661661661662	0.1646968308136327	47517.79420636774	2.160028613461047e-10
91.8918918918919	0.16495261633322905	47493.395170963486	2.162262192419587e-10
92.16716716716716	0.1652451988158568	47469.00866389254	2.1644989121611022e-10
92.44244244244244	0.1655569821915948	47444.63467872217	2.166738834101359e-10
92.71771771771772	0.16585640867387078	47420.27320902288	2.168981622392641e-10
92.992992992993	0.16614544747860216	47395.92424836854	2.1712270326142235e-10
93.26826826826827	0.16643779019886834	47371.58779033626	2.1734750361399054e-10
93.54354354354355	0.16673033197690545	47347.26382850652	2.1757255725124244e-10
93.81881881881883	0.1670001849649566	47322.95235646301	2.1779783161723776e-10
94.0940940940941	0.16718803070066598	47298.65336779273	2.1802322896654578e-10
94.36936936936937	0.16733258515385793	47274.36685608596	2.182487184481466e-10
94.64464464464464	0.1676198976292223	47250.09281493641	2.1847450079788842e-10
94.91991991991992	0.1680408441256278	47225.83123794106	2.1870072482162388e-10
95.1951951951952	0.16841174348035887	47201.58211870007	2.1892728681588578e-10
95.47047047047047	0.16874512825728816	47177.34545081689	2.19154119303903e-10
95.74574574574575	0.16913860074174691	47153.12122789832	2.1938128620600117e-10
96.02102102102103	0.16951315622882165	47128.90944355437	2.196087431026518e-10
96.2962962962963	0.16978894132769928	47104.71009139831	2.1983635877577234e-10
96.57157157157158	0.1700773921283317	47080.52316504674	2.200641629919339e-10
96.84684684684684	0.17042960369807345	47056.34865811958	2.2029224070474304e-10
97.12212212212212	0.1707153661668861	47032.18656423994	2.205205034036622e-10
97.3973973973974	0.17093255822409187	47008.0368770342	2.2074887852277934e-10
97.67267267267268	0.17123889625436353	46983.89959013211	2.2097749714576328e-10
97.94794794794795	0.17163314007001787	46959.77469716669	2.2120646166964853e-10
98.22322322322323	0.17199956619758228	46935.66219177417	2.2143571512750426e-10
98.4984984984985	0.17226471118425024	46911.56206759398	2.2166512498549264e-10
98.77377377377378	0.172419587718381	46887.47431826882	2.2189457586403097e-10
99.04904904904905	0.17263770266665499	46863.39893744476	2.2212418284086854e-10
99.32432432432432	0.17302183595412604	46839.33591877119	2.2235415910578111e-10
99.5995995995996	0.17339972423555963	46815.285255900664	2.2258446884090658e-10
99.87487487487488	0.17370615214535526	46791.24694248894	2.2281500641206448e-10
100.15015015015015	0.174078297156331	46767.22097219514	2.2304585067708258e-10
100.42542542542543	0.17449414509653333	46743.2073386816	2.2327703778923594e-10
100.70070070070071	0.174803811404914	46719.20603561384	2.235084193599995e-10
100.97597597597598	0.17511415935549232	46695.217056660695	2.237400043850112e-10
101.25125125125126	0.1756132247442189	46671.24039549435	2.2397202120481313e-10
101.52652652652652	0.17616917023148798	46647.276045790175	2.242044943699796e-10
101.8018018018018	0.17661548070383726	46623.32400122666	2.2443724759698596e-10
102.07707707707708	0.1769940108151267	46599.3842554856	2.2467019128153493e-10
102.35235235235236	0.17735547108411026	46575.45680225206	2.2490331440086908e-10
102.62762762762763	0.17769730159757163	46551.5416352143	2.2513660548733887e-10
102.90290290290291	0.17803095985912223	46527.63874806388	2.253700690596892e-10
103.17817817817819	0.17838577299024996	46503.748134495596	2.2560374291706935e-10
103.45345345345346	0.17874592134810394	46479.86978820746	2.258376384646235e-10
103.72872872872873	0.1790761365357327	46456.00370290071	2.2607172387060893e-10
104.004004004004	0.17942076473690832	46432.14987227985	2.2630602562576176e-10
104.27927927927928	0.17981891808182932	46408.30829005264	2.2654060977000078e-10
104.55455455455456	0.18016389956620418	46384.47894993	2.2677540492243465e-10
104.82982982982983	0.18037972125784207	46360.66184562601	2.2701026773853707e-10
105.10510510510511	0.1805367854670455	46336.856970858054	2.2724516724735577e-10
105.38038038038039	0.18068442629448894	46313.064319346755	2.2748013618872552e-10
105.65565565565566	0.1808192108186779	46289.28388481595	2.2771519647709649e-10
105.93093093093094	0.18099002900765843	46265.51566099275	2.2795042166417175e-10
106.2062062062062	0.1812802388088873	46241.75964160751	2.2818596532813022e-10
106.48148148148148	0.18166100149002218	46218.015820393826	2.2842191467452255e-10
106.75675675675676	0.18205328559695452	46194.28419108843	2.286582471402356e-10
107.03203203203203	0.1824191386355275	46170.56474743126	2.2889490141294314e-10
107.30730730730731	0.1827366983795081	46146.857483165426	2.2913180446894724e-10
107.58258258258259	0.1829939328954266	46123.16239203728	2.2936888553526426e-10
107.85785785785787	0.18319843543473138	46099.479467796365	2.2960609811704006e-10
108.13313313313314	0.1833893111374778	46075.80870419548	2.298434506805393e-10
108.4084084084084	0.18363611551467274	46052.15009499065	2.3008102933385973e-10
108.68368368368368	0.18402162073616044	46028.50363394116	2.3031899574927776e-10
108.95895895895896	0.18445029149609823	46004.86931480947	2.3055736719308488e-10
109.23423423423424	0.1847472448748366	45981.24713136109	2.3079595810424965e-10
109.50950950950951	0.18496452484992948	45957.63707736478	2.3103468300018167e-10
109.78478478478479	0.1852233855029898	45934.03914659258	2.312736130210751e-10
110.06006006006007	0.18557444320016225	45910.45333281976	2.3151286111476436e-10
110.33533533533534	0.18601431488957032	45886.87962982477	2.317525113583066e-10
110.61061061061062	0.18645954984992574	45863.31803138923	2.3199253456347132e-10
110.88588588588588	0.18684333888058466	45839.76853129788	2.3223283240695548e-10
111.16116116116116	0.18714004907208198	45816.231123338635	2.3247329958267915e-10
111.43643643643644	0.1874268958650734	45792.705801302676	2.327139413959666e-10
111.71171171171171	0.18783038286750925	45769.19255898443	2.3295490442162176e-10
111.98698698698699	0.18822498115532607	45745.691390181426	2.331961613846469e-10
112.26226226226227	0.18843986113863329	45722.20228869427	2.334374994785827e-10
112.53753753753755	0.18866695232319447	45698.7252483269	2.336789689082986e-10
112.81281281281282	0.1890744997201851	45675.26026288649	2.3392079722788404e-10
113.08808808808809	0.18948925900284325	45651.80732618334	2.3416296706708746e-10
113.36336336336336	0.18981037583809007	45628.36643203084	2.3440535224066094e-10
113.63863863863864	0.1901406159290885	45604.9375742456	2.346479697009728e-10
113.91391391391392	0.1905138685067679	45581.52074664745	2.3489087040443574e-10
114.1891891891892	0.19087785518442232	45558.11594305937	2.3513403563875893e-10
114.46446446446447	0.19118316072438238	45534.72315730744	2.353773960605827e-10
114.73973973973975	0.1914111800174873	45511.34238322094	2.356208775129896e-10
115.01501501501502	0.1917018278692755	45487.97361463236	2.358645779822734e-10
115.2902902902903	0.19214904508231098	45464.61684537747	2.3610867739221767e-10
115.56556556556556	0.19249484177737253	45441.272069295	2.36353029250866e-10
115.84084084084084	0.19260165068709934	45417.93928022678	2.3659736843121827e-10
116.11611611611612	0.19271898820748265	45394.61847201794	2.368417658112289e-10
116.3913913913914	0.19297129366736235	45371.30963851686	2.3708641381823804e-10
116.66666666666667	0.19327441346001886	45348.01277357502	2.373313684531093e-10
116.94194194194195	0.19356510027823293	45324.727871047035	2.3757660325754905e-10
117.21721721721723	0.19381486844246	45301.45492479062	2.378220664352913e-10
117.4924924924925	0.1940655406602783	45278.1939286667	2.38067764106792e-10
117.76776776776778	0.1943786779478658	45254.94487653937	2.3831376879687657e-10
118.04304304304304	0.19476183539716663	45231.7077622759	2.3856014475188643e-10
118.31831831831832	0.19516395404248835	45208.48257974668	2.388068853201437e-10
118.5935935935936	0.19542581835567097	45185.269322825116	2.390538106967776e-10
118.86886886886887	0.19552995371198612	45162.06798538777	2.393007633142907e-10
119.14414414414415	0.1956921764878123	45138.87856131445	2.395478583106465e-10
119.41941941941943	0.1959675208615913	45115.7010444882	2.3979524488052684e-10
119.6946946946947	0.1962512455143664	45092.53542879513	2.400429234319723e-10
119.96996996996998	0.19653767337904787	45069.38170812442	2.4029088808678867e-10
120.24524524524524	0.19686350128157362	45046.23987636848	2.40539174426808e-10
120.52052052052052	0.1971618954899595	45023.10992742278	2.40787736858397e-10
120.7957957957958	0.19739168387391168	44999.9918551859	2.4103649543441884e-10
121.07107107107107	0.19770801019035847	44976.88565355964	2.412855578687984e-10
121.34634634634635	0.1981653331273177	44953.791316448995	2.4153506622838794e-10
121.62162162162163	0.19855749214647592	44930.708837761944	2.4178490519790224e-10
121.8968968968969	0.1988192439568752	44907.638211409554	2.4203491537236747e-10
122.17217217217218	0.19907631624114172	44884.579431306076	2.4228511098630016e-10
122.44744744744746	0.1993612181708642	44861.532491368955	2.425355383553172e-10
122.72272272272272	0.19962869351696677	44838.49738551866	2.4278618409546617e-10
122.997997997998	0.19981309753952484	44815.47410767879	2.4303696699423945e-10
123.27327327327328	0.19989285714844565	44792.46265177603	2.432878015267275e-10
123.54854854854855	0.20005958723983955	44769.463011740336	2.4353882950440914e-10
123.82382382382383	0.20043796729638672	44746.47518150483	2.4379029474823694e-10
124.0990990990991	0.20086467219380685	44723.49915500565	2.440422076014258e-10
124.37437437437438	0.20122397953739926	44700.53492618198	2.442944508791412e-10
124.64964964964966	0.20152940709582373	44677.582488976106	2.4454694938423937e-10
124.92492492492492	0.20179453360690733	44654.641837333445	2.447996602467236e-10
125.2002002002002	0.20202359835246358	44631.712965202525	2.4505255533358173e-10
125.47547547547548	0.20221709200983287	44608.79586653497	2.4530561377638316e-10
125.75075075075075	0.2023857045444913	44585.89053528554	2.455588312334493e-10
126.02602602602603	0.20260327797317945	44562.99696541211	2.4581228387645055e-10
126.30130130130131	0.2029108839449189	44540.11515087573	2.4606607420997903e-10
126.57657657657658	0.20318943627253663	44517.24508564045	2.463201528129583e-10
126.85185185185186	0.20338012165301794	44494.38676367336	2.465744188385295e-10
127.12712712712714	0.2035838845664396	44471.54017894474	2.468289035190596e-10
127.4024024024024	0.2038327772250995	44448.70532542799	2.470836651915971e-10
127.67767767767768	0.20406833792468382	44425.88219709953	2.4733868587671015e-10
127.95295295295296	0.20428238980514227	44403.07078793889	2.4759394314265787e-10
128.22822822822823	0.20449524875766303	44380.27109192871	2.478494416756344e-10
128.5035035035035	0.20466608613912868	44357.48310305471	2.4810514144917545e-10
128.7787787787788	0.2047762082884443	44334.706815305624	2.483609919683128e-10
129.05405405405406	0.20498986031487487	44311.94222267344	2.48617130469837e-10
129.32932932932934	0.20539036369525213	44289.189319153265	2.4887375091706464e-10
129.60460460460462	0.2057819173568802	44266.44809874315	2.4913079191565755e-10
129.87987987987987	0.20605536945740655	44243.71855544418	2.4938809004020173e-10
130.15515515515517	0.20627258006201932	44221.00068326051	2.4964558676066313e-10
130.43043043043042	0.20649912307499205	44198.29447619948	2.499033074775921e-10
130.70570570570572	0.20678451387761063	44175.59992827149	2.501613243970258e-10
130.98098098098097	0.2071015502294757	44152.91703349003	2.504196635971209e-10
131.25625625625628	0.2073974857349145	44130.24578587161	2.5067828883212193e-10
131.53153153153153	0.20768881524280455	44107.58617943582	2.5093719008190966e-10
131.80680680680683	0.20799754872753837	44084.93820820535	2.511963831420731e-10
132.08208208208208	0.2083007337301054	44062.30186620594	2.514558557088227e-10
132.35735735735736	0.2085852690720649	44039.677147466355	2.517155845908681e-10
132.63263263263264	0.20886813348029418	44017.064046018495	2.5197557021954e-10
132.9079079079079	0.20916136970905855	43994.462555897284	2.5223582574309363e-10
133.1831831831832	0.20946952976030195	43971.87267114074	2.524963660226915e-10
133.45845845845847	0.20980602044517943	43949.29438578994	2.5275721654360806e-10
133.73373373373374	0.210178588588873	43926.72769388901	2.5301840481858337e-10
134.00900900900902	0.21052139549698404	43904.172589485126	2.532798822821893e-10
134.2842842842843	0.21076697314609494	43881.62906662844	2.535415411156833e-10
134.55955955955955	0.2109459635146944	43859.0971193722	2.53803331957404e-10
134.83483483483485	0.21108857327841368	43836.57674177269	2.5406524930535204e-10
135.1101101101101	0.21117818739376903	43814.06792788928	2.5432727164516585e-10
135.3853853853854	0.21125370672881982	43791.57067178441	2.545894236741606e-10
135.66066066066065	0.21142763794384375	43769.084967523624	2.5485184263897337e-10
135.93593593593596	0.2117126795539614	43746.610809175516	2.5511464617809366e-10
136.2112112112112	0.2120405532480164	43724.14819081173	2.553778517129081e-10
136.4864864864865	0.21236967417290542	43701.69710650685	2.5564142867943264e-10
136.76176176176176	0.21267426361567182	43679.257550338545	2.559053268133489e-10
137.03703703703704	0.21293573991969653	43656.82951638749	2.5616948857551315e-10
137.31231231231232	0.21314807023701873	43634.412998737396	2.564338641525526e-10
137.5875875875876	0.2133336621670883	43612.00799147502	2.5669843941912827e-10
137.86286286286287	0.2135346902424092	43589.614488690175	2.5696324797683473e-10
138.13813813813815	0.21381378389128491	43567.232484475775	2.5722838094151705e-10
138.41341341341342	0.21414731541701099	43544.86197292775	2.5749388254307857e-10
138.6886886886887	0.21443234100770972	43522.50294814495	2.5775967855840733e-10
138.96396396396398	0.21465701953277638	43500.155404229314	2.5802570055325935e-10
139.23923923923923	0.21486763257557323	43477.819335285785	2.5829194523429723e-10
139.51451451451453	0.21511072109374674	43455.494735422384	2.585584588051536e-10
139.78978978978978	0.2153991004073194	43433.18159875016	2.5882528962408553e-10
140.06506506506508	0.21563176722249391	43410.87991938311	2.590923689421561e-10
140.34034034034033	0.21577660189313086	43388.589691438254	2.59359611437138e-10
140.61561561561564	0.215986086911762	43366.31090903571	2.596271116731536e-10
140.8908908908909	0.21631202789341872	43344.04356629867	2.5989499511761664e-10
141.1661661661662	0.2166570593972683	43321.78765735328	2.601632550763363e-10
141.44144144144144	0.21695569052668237	43299.54317632865	2.604318183525983e-10
141.71671671671672	0.2171811583908334	43277.31011735685	2.6070060198990174e-10
141.991991991992	0.21736354255476736	43255.08847457304	2.609695747867238e-10
142.26726726726727	0.2175454764955779	43232.878242115374	2.612387576052122e-10
142.54254254254255	0.2177110024219599	43210.67941412504	2.6150814972682737e-10
142.81781781781783	0.21786812073703432	43188.491984746215	2.6177775901816267e-10
143.0930930930931	0.2181241442481749	43166.31594812617	2.620477028845278e-10
143.36836836836838	0.21847448112562334	43144.15129841517	2.6231806507516093e-10
143.64364364364366	0.21872912267346262	43121.99802976636	2.62588711681015e-10
143.9189189189189	0.2188911346434629	43099.856136335875	2.628595450932037e-10
144.1941941941942	0.21913729818539326	43077.72561228298	2.631306749960467e-10
144.46946946946946	0.2194061793673719	43055.60645176992	2.634021204474155e-10
144.74474474474476	0.2195429005579828	43033.49864896177	2.6367373559006776e-10
145.02002002002	0.2196678475677823	43011.40219802674	2.639455352610079e-10
145.29529529529532	0.2199266911501099	42989.31709313612	2.6421768146240176e-10
145.57057057057057	0.22023706579878813	42967.24332846411	2.6449021096589574e-10
145.84584584584587	0.22051339891228633	42945.180898187864	2.647630629727611e-10
146.12112112112112	0.22075230666841733	42923.12979648755	2.650361883115212e-10
146.3963963963964	0.22098164372431905	42901.09001754629	2.6530957884793446e-10
146.67167167167167	0.22125233975799347	42879.06155555024	2.655832810971978e-10
146.94694694694695	0.22157934596344933	42857.04440468858	2.658573454536461e-10
147.22222222222223	0.22194311245139062	42835.03855915344	2.6613178957572836e-10
147.4974974974975	0.22226992230397047	42813.04401313988	2.664065507985558e-10
147.77277277277278	0.22249605705013267	42791.0607608459	2.6668151664790284e-10
148.04804804804806	0.22269537210659798	42769.08879647252	2.6695667878890793e-10
148.32332332332334	0.22294242868713912	42747.12811422379	2.6723210770353807e-10
148.59859859859858	0.22322848015259456	42725.178708306754	2.67507847364545e-10
148.8738738738739	0.22352536366675446	42703.240572931376	2.6778390188932563e-10
149.14914914914914	0.223796704756764	42681.3137023106	2.6806023711522606e-10
149.42442442442444	0.2240482160104462	42659.398090660325	2.683368333733655e-10
149.6996996996997	0.22432226076616535	42637.49373219945	2.686137193959672e-10
149.974974974975	0.22464534752387838	42615.600621149846	2.6889094388452503e-10
150.25025025025025	0.22500820486822976	42593.71875173638	2.691685338123301e-10
150.52552552552555	0.22526317228662743	42571.848118186754	2.6944635855662686e-10
150.8008008008008	0.22533354275964979	42549.98871473158	2.6972424218018856e-10
151.07607607607608	0.22549331420751645	42528.140535604616	2.700023327968988e-10
151.35135135135135	0.22586920097878907	42506.303575042715	2.7028087075171085e-10
151.62662662662663	0.2262074769623468	42484.47782728546	2.7055977702110165e-10
151.9019019019019	0.22639015575572755	42462.663286575334	2.708388723321395e-10
152.17717717717719	0.22649417904123745	42440.85994715783	2.711181010899432e-10
152.45245245245246	0.22659564350004385	42419.06780328142	2.713974993243586e-10
152.72772772772774	0.22675389378370941	42397.28684919759	2.716771545842126e-10
153.00300300300302	0.22696595610291706	42375.5170791608	2.719571294571382e-10
153.2782782782783	0.22721154550140776	42353.758487428415	2.722374501600173e-10
153.55355355355357	0.2275030580683526	42332.01106826077	2.7251814894159504e-10
153.82882882882885	0.22783663117114078	42310.27481592112	2.7279924594830925e-10
154.10410410410412	0.22815443241659877	42288.549724675664	2.730806973893108e-10
154.37937937937937	0.22843029741867926	42266.83578879349	2.7336244401515877e-10
154.65465465465465	0.22869008419696113	42245.13300254666	2.7364446792961594e-10
154.92992992992993	0.2289295960292901	42223.441360210185	2.7392675161024836e-10
155.2052052052052	0.22912619769508571	42201.760856061985	2.742092591320404e-10
155.48048048048048	0.2293489168637064	42180.09148438297	2.7449203378054177e-10
155.75575575575576	0.2296764981013675	42158.43323945704	2.747751877118041e-10
156.03103103103103	0.22999727651967625	42136.78611557094	2.7505869147275696e-10
156.3063063063063	0.23019630407778197	42115.15010701429	2.7534240686832365e-10
156.5815815815816	0.23031824865055278	42093.52520807966	2.7562627617757076e-10
156.85685685685687	0.2304520743857838	42071.91141306262	2.759103464544023e-10
157.13213213213214	0.230707132093423	42050.30871626173	2.7619476350370475e-10
157.40740740740742	0.2310205905865099	42028.717111978454	2.764795725208792e-10
157.6826826826827	0.23117339319074293	42007.13659451701	2.767645858854233e-10
157.95795795795797	0.23126681320366757	41985.56715818461	2.7704976618501753e-10
158.23323323323325	0.23156001937839835	41964.0087972916	2.773353474863741e-10
158.50850850850853	0.2319584297580311	41942.46150615114	2.776214085734438e-10
158.7837837837838	0.23227434586005102	41920.92527907922	2.779078186303798e-10
159.05905905905905	0.2324911897422811	41899.4001103947	2.781944637019701e-10
159.33433433433433	0.23264796552113098	41877.88599441939	2.7848129842476796e-10
159.6096096096096	0.23281821558569865	41856.382925478065	2.7876836324732274e-10
159.88488488488488	0.23304500562252586	41834.89089789847	2.790557317558968e-10
160.16016016016016	0.23332312979508635	41813.40990601123	2.7934345351790666e-10
160.43543543543544	0.23360372661374526	41791.93994414986	2.796315162536288e-10
160.7107107107107	0.23382054524076362	41770.48100665074	2.799198442666508e-10
160.985985985986	0.23403353148656333	41749.0330878532	2.802084416501481e-10
161.26126126126127	0.23432732975927356	41727.59618209952	2.8049739658188603e-10
161.53653653653654	0.23460986003800008	41706.170283734835	2.807866821239167e-10
161.81181181181182	0.2348039925538986	41684.755387107114	2.810762009327759e-10
162.0870870870871	0.2350111482796563	41663.351486567306	2.8136598258024e-10
162.36236236236238	0.23527643684664704	41641.958576469304	2.816560943642981e-10
162.63763763763765	0.23550888534095182	41620.576651169824	2.819464951121525e-10
162.91291291291293	0.23569738856940445	41599.20570502846	2.8223714322374435e-10
163.1881881881882	0.2359135541505169	41577.84573240777	2.8252807966011147e-10
163.46346346346348	0.23612402450841719	41556.49672767319	2.8281930150252167e-10
163.73873873873873	0.2362480989399498	41535.15868519295	2.831107258657131e-10
164.014014014014	0.23632281733627317	41513.83159933824	2.834023283945801e-10
164.2892892892893	0.2364141699123333	41492.51546448317	2.8369415719589893e-10
164.56456456456456	0.23653652543107184	41471.21027500475	2.8398626249525546e-10
164.83983983983984	0.2366671981784225	41449.91602528285	2.842786589408513e-10
165.11511511511512	0.236733958956782	41428.632709700214	2.845712850526663e-10
165.3903903903904	0.23676867183619632	41407.36032264243	2.8486412718185917e-10
165.66566566566567	0.23692771350661063	41386.09885849814	2.8515733226360314e-10
165.94094094094095	0.23719333662256223	41364.848311658825	2.854509916583367e-10
166.21621621621622	0.23742966126307538	41343.60867651877	2.8574503677380727e-10
166.4914914914915	0.23766595282834282	41322.37994747512	2.8603944614284425e-10
166.76676676676678	0.23797260630836764	41301.16211892797	2.863342744780789e-10
167.04204204204206	0.23825547180141385	41279.955185280225	2.8662946793159097e-10
167.31731731731733	0.23842994717569008	41258.75914093759	2.869249019291226e-10
167.5925925925926	0.23855091408431395	41237.57398030868	2.872205392658115e-10
167.8678678678679	0.23867275139333616	41216.399697805035	2.8751640694970546e-10
168.14314314314316	0.23881429210872512	41195.236287841064	2.878125439665213e-10
168.4184184184184	0.23897085272420696	41174.08374483406	2.88108974606467e-10
168.6936936936937	0.23912449371891137	41152.94206320414	2.8840569897441517e-10
168.96896896896897	0.23932045359983617	41131.81123737435	2.887027625709924e-10
169.24424424424424	0.23961292539217208	41110.691261770626	2.890002534440796e-10
169.51951951951952	0.23989685785070522	41089.58213082168	2.892981315351718e-10
169.7947947947948	0.24006371186867234	41068.48383895899	2.8959625861692677e-10
170.07007007007007	0.2401739875964307	41047.39638061698	2.898945930641491e-10
170.34534534534535	0.24029881795579047	41026.31975023295	2.901931753758223e-10
170.62062062062063	0.2404634057788733	41005.25394224709	2.904920608641207e-10
170.8958958958959	0.24066468019700737	40984.19895110244	2.907912874727894e-10
171.17117117117118	0.24087150053036152	40963.15477124485	2.910908521644538e-10
171.44644644644646	0.24103945629590814	40942.12139712304	2.91390708310488e-10
171.72172172172174	0.24113920921721643	40921.0988231885	2.916907921352616e-10
171.996996996997	0.24131251564391623	40900.0870438957	2.9199119848903535e-10
172.2722722722723	0.24169774267020064	40879.08605370208	2.922921360529034e-10
172.54754754754757	0.2421073739201748	40858.09584706775	2.9259357120544343e-10
172.82282282282284	0.24235394111755493	40837.11641845553	2.928952918086809e-10
173.0980980980981	0.24245422664976607	40816.14776233111	2.93197158179789e-10
173.37337337337337	0.24250232494316334	40795.189873163064	2.934991612146547e-10
173.64864864864865	0.242653691696356	40774.242745422955	2.9380144962121027e-10
173.92392392392392	0.24292332820242724	40753.30637358518	2.9410414834680637e-10
174.1991991991992	0.24320307796113788	40732.380752126905	2.9440724162253005e-10
174.47447447447448	0.24345888909503494	40711.4658755281	2.94710683853529e-10
174.74974974974975	0.24369425556919347	40690.56173827156	2.950144449571991e-10
175.02502502502503	0.24388108593859373	40669.668334842885	2.953184748158709e-10
175.3003003003003	0.24400882166145543	40648.78565973052	2.9562272603061813e-10
175.57557557557558	0.24415238543600293	40627.91370742579	2.959272384534929e-10
175.85085085085086	0.24437890354421873	40607.05247242288	2.962321085386772e-10
176.12612612612614	0.2447089907902005	40586.201949218856	2.9653742799765797e-10
176.40140140140142	0.24508083778950931	40565.362132313545	2.9684320275410934e-10
176.6766766766767	0.24535415500031968	40544.53301620948	2.971492975334821e-10
176.95195195195197	0.24548968058077003	40523.71459541198	2.974555737932987e-10
177.22722722722725	0.24552638461473633	40502.90686442921	2.977619683129256e-10
177.50250250250252	0.24554185136507395	40482.109817772245	2.980685117367211e-10
177.77777777777777	0.24561634719109146	40461.32344995503	2.983753066911728e-10
178.05305305305305	0.2457800950843502	40440.54775549434	2.986824591092177e-10
178.32832832832833	0.2460110046479479	40419.78272890975	2.989900251607278e-10
178.6036036036036	0.24619694143834986	40399.028364723556	2.9929793456386333e-10
178.87887887887888	0.24627714543462506	40378.284657460834	2.996060750672318e-10
179.15415415415416	0.24628197409222025	40357.551601649495	2.999143942251728e-10
179.42942942942943	0.24629361221712676	40336.8291918203	3.002229353749605e-10
179.7047047047047	0.24641340634422773	40316.117422506926	3.005318317724486e-10
179.97997997998	0.24656966937957017	40295.416288245775	3.0084111018134296e-10
180.25525525525526	0.24664779316530872	40274.725783575974	3.011506759031435e-10
180.53053053053054	0.2467731962820362	40254.04590303956	3.014605845747133e-10
180.80580580580582	0.24703411487372978	40233.37664118144	3.017709654932395e-10
181.0810810810811	0.24719909363035072	40212.71799254914	3.0208168256426734e-10
181.35635635635637	0.24719721239904963	40192.069951692916	3.0239256472206807e-10
181.63163163163165	0.2473216363245104	40171.43251316605	3.0270377925096023e-10
181.90690690690693	0.24761533424012636	40150.8056715247	3.0301549245943184e-10
182.1821821821822	0.24783837803859485	40130.18942132757	3.0332758676092284e-10
182.45745745745745	0.24798683017683837	40109.58375713618	3.03639971790013e-10
182.73273273273273	0.24819721118851942	40088.98867351495	3.0395271766611387e-10
183.008008008008	0.2484595554648202	40068.404165031076	3.042658660577568e-10
183.28328328328328	0.248716375083698	40047.83022625451	3.045793901853701e-10
183.55855855855856	0.24895154937904704	40027.26685175797	3.0489325432909825e-10
183.83383383383384	0.2491610680201806	40006.71403611699	3.052074283240281e-10
184.1091091091091	0.24934647535495766	39986.1717739098	3.055218916461649e-10
184.3843843843844	0.24950798550274603	39965.64005971751	3.058366295310091e-10
184.65965965965967	0.24964779815475444	39945.11888812396	3.061516334254801e-10
184.93493493493494	0.24984390202789208	39924.608253715865	3.0646697499141314e-10
185.21021021021022	0.25020636084475784	39904.1081510828	3.0678281672976373e-10
185.4854854854855	0.2506010866189712	39883.61857481701	3.070991440664728e-10
185.76076076076077	0.25083596933991964	39863.139519513315	3.0741575500055677e-10
186.03603603603605	0.2510175685276938	39842.67097976946	3.077326075946686e-10
186.31131131131133	0.2512644737920091	39822.21295018602	3.08049789220698e-10
186.5865865865866	0.25149111588331075	39801.7654253663	3.0836727893351606e-10
186.86186186186188	0.2516728427251973	39781.328399916325	3.086850369651807e-10
187.13713713713713	0.2519339258559384	39760.901868445035	3.090031578013083e-10
187.4124124124124	0.25225732319950517	39740.48582556406	3.0932169381004685e-10
187.68768768768768	0.2524863624288362	39720.08026588773	3.096405278481969e-10
187.96296296296296	0.2526418510094991	39699.68518403313	3.0995959485128455e-10
188.23823823823824	0.25283892423887205	39679.300574620196	3.102789615136429e-10
188.51351351351352	0.2530749010128513	39658.926432271626	3.1059867415630523e-10
188.7887887887888	0.25331151735861224	39638.56275161287	3.1091872884435184e-10
189.06406406406407	0.2535411563679122	39618.20952727211	3.1123911522778134e-10
189.33933933933935	0.25376659530591256	39597.866753880284	3.115598285690646e-10
189.61461461461462	0.25399762219261623	39577.534426071106	3.118808751874288e-10
189.8898898898899	0.2542211528822405	39557.212538481035	3.1220224684155663e-10
190.16516516516518	0.2543963417444859	39536.90108574924	3.1252389715562637e-10
190.44044044044045	0.2545083649816888	39516.60006251764	3.1284577759684364e-10
190.71571571571573	0.25457095263206886	39496.309463430895	3.131678662907471e-10
190.990990990991	0.25465366745507095	39476.029283136515	3.1349021621426055e-10
191.26626626626629	0.25481692145186596	39455.75951628476	3.138129261863518e-10
191.54154154154156	0.2549666187588658	39435.500157528586	3.1413597540696565e-10
191.8168168168168	0.25504396879078267	39415.25120152365	3.1445929042140257e-10
192.0920920920921	0.2551883868697689	39395.01264292846	3.1478295580840253e-10
192.36736736736736	0.2554639809758212	39374.78447640429	3.1510709719915225e-10
192.64264264264264	0.2557722415121437	39354.566696615126	3.1543170882396437e-10
192.91791791791792	0.256054733967453	39334.359298227624	3.1575672855978696e-10
193.1931931931932	0.2563088824073596	39314.16227591116	3.160821084998634e-10
193.46846846846847	0.2565767306079574	39293.975624337916	3.164078553197495e-10
193.74374374374375	0.25689920134100397	39273.799338182784	3.167340144230684e-10
194.01901901901903	0.25716992803170047	39253.63341212337	3.170605138772214e-10
194.2942942942943	0.25729408986168234	39233.47784083987	3.173872075896062e-10
194.56956956956958	0.25738262673590967	39213.33261901535	3.1771409851015326e-10
194.84484484484486	0.25753479398085666	39193.19774133567	3.180412870103023e-10
195.12012012012013	0.2577448049923356	39173.07320248942	3.183688408552758e-10
195.3953953953954	0.25793915182846705	39152.95899716785	3.1869673700493193e-10
195.6706706706707	0.2579951951007555	39132.85512006483	3.19024837505648e-10
195.94594594594597	0.2580210673611502	39112.76156587705	3.1935314844832173e-10
196.22122122122124	0.2582424611763337	39092.678329304115	3.1968189769764095e-10
196.4964964964965	0.2584963544004216	39072.60540504823	3.200110905699532e-10
196.77177177177177	0.25853456091593807	39052.54278781405	3.2034048554461297e-10
197.04704704704704	0.25847791403245407	39032.49047230911	3.206700256188351e-10
197.32232232232232	0.25849704236017834	39012.44845324378	3.2099983816222087e-10
197.5975975975976	0.2586496647335678	38992.41672533122	3.2133007374059967e-10
197.87287287287288	0.2589356792790548	38972.39528328729	3.2166084239793835e-10
198.14814814814815	0.2592920212247466	38952.384121830495	3.2199216190660266e-10
198.42342342342343	0.25959975075748803	38932.38323568197	3.223239273807586e-10
198.6986986986987	0.2597150448308169	38912.392619565435	3.226559200659403e-10
198.97397397397398	0.2596967767991577	38892.412268207336	3.229880386140906e-10
199.24924924924926	0.25970141680551423	38872.442176337005	3.233203640208752e-10
199.52452452452454	0.2598012585474456	38852.48233868652	3.236530272899855e-10
199.7997997997998	0.2600128861277422	38832.532749990685	3.239861407041214e-10
200.0750750750751	0.2602688977850722	38812.59340498695	3.2431971941587666e-10
200.35035035035037	0.2605039664184279	38792.6642984154	3.2465370974076935e-10
200.62562562562564	0.2606871841257742	38772.74542501882	3.2498804196481595e-10
200.90090090090092	0.26082755669142466	38752.83677954265	3.253226742639718e-10
201.17617617617617	0.2609700035844982	38732.93835673513	3.256576207604659e-10
201.45145145145145	0.2610992349679748	38713.05015134713	3.2599287669449413e-10
201.72672672672672	0.2611708890991917	38693.17215813222	3.263283946763494e-10
202.002002002002	0.2612365572577859	38673.30437184666	3.2666419139273246e-10
202.27727727727728	0.26136523426047203	38653.44678724948	3.270003476340474e-10
202.55255255255256	0.2615353770938295	38633.59939910242	3.2733690106062315e-10
202.82782782782783	0.2617273246143346	38613.76220216987	3.27673859700072e-10
203.1031031031031	0.26197538978753393	38593.9351912189	3.280112635516775e-10
203.3783783783784	0.2622690636537262	38574.11836101931	3.2834913135480036e-10
203.65365365365366	0.26252765238946363	38554.31170634349	3.286873967305129e-10
203.92892892892894	0.2627139465969677	38534.51522196648	3.2902597454208626e-10
204.20420420420422	0.26283757757686355	38514.72890266601	3.2936481244339745e-10
204.4794794794795	0.26295303479098897	38494.95274322255	3.2970392643848965e-10
204.75475475475477	0.2631155270238561	38475.186738419296	3.300433830663068e-10
205.03003003003005	0.2632694672687352	38455.430883042056	3.303831757565005e-10
205.30530530530532	0.26337616084007354	38435.685171879304	3.307232614217161e-10
205.5805805805806	0.26354490544434483	38415.94959972227	3.310637172523089e-10
205.85585585585588	0.2638121398231259	38396.2241613649	3.3140463571332704e-10
206.13113113113113	0.2640460852936685	38376.50885160371	3.3174595341308144e-10
206.4064064064064	0.26420396205773755	38356.80366523779	3.3208758189022755e-10
206.68168168168168	0.2643552914326108	38337.10859706903	3.3242952581487947e-10
206.95695695695696	0.26456827475868744	38317.42364190203	3.327718563339838e-10
207.23223223223223	0.26488188425135767	38297.74879454408	3.3311466390070886e-10
207.5075075075075	0.26517558072088326	38278.084049805024	3.3345789484513373e-10
207.7827827827828	0.2653385155168652	38258.4294024973	3.338014004954219e-10
208.05805805805807	0.26552756492747726	38238.784847436116	3.3414522820273534e-10
208.33333333333334	0.2658434570750581	38219.15037943945	3.344895121807487e-10
208.60860860860862	0.2661336177596422	38199.52599332781	3.3483419903632643e-10
208.8838838838839	0.2662950259974524	38179.911683924256	3.351791482573582e-10
209.15915915915917	0.2663360588554114	38160.3074460545	3.3552426609753614e-10
209.43443443443445	0.26630742274681884	38140.71327454701	3.35869534519427e-10
209.70970970970973	0.2662862121733915	38121.12916423291	3.362150167339571e-10
209.984984984985	0.2663333049955728	38101.55510994607	3.3656081921041005e-10
210.26026026026028	0.266482959762964	38081.99110652305	3.369070535888035e-10
210.53553553553556	0.26668400736934406	38062.437148802994	3.3725375042079686e-10
210.8108108108108	0.2668879339921742	38042.893231627684	3.3760088386103993e-10
211.08608608608608	0.26712119029376175	38023.359349841536	3.3794846143736256e-10
211.36136136136136	0.267359643783266	38003.83549829162	3.382964647496338e-10
211.63663663663664	0.2674838887955083	37984.32167182751	3.3864476213718866e-10
211.91191191191191	0.26756601594976837	37964.817865301506	3.389933295070397e-10
212.1871871871872	0.2678473886726868	37945.3240735688	3.393423888765217e-10
212.46246246246247	0.2682042811565571	37925.840291487075	3.396919787458207e-10
212.73773773773775	0.2683443367600711	37906.36651391639	3.400418374872542e-10
213.01301301301302	0.26836024274993375	37886.902735719545	3.403918670608895e-10
213.2882882882883	0.26843788486555625	37867.448951762126	3.407421805799996e-10
213.56356356356358	0.26858237944712327	37848.00515691238	3.4109286545234506e-10
213.83883883883885	0.2687633393458422	37828.57134604117	3.4144395513302326e-10
214.11411411411413	0.2689580464123542	37809.14751402194	3.4179545146743707e-10
214.3893893893894	0.2691432330400813	37789.73365573075	3.4214733280401246e-10
214.66466466466468	0.2692966708795522	37770.3297660463	3.4249956147443746e-10
214.93993993993996	0.2694398136029241	37750.93583984992	3.4285213152179244e-10
215.21521521521524	0.26962033594865503	37731.55187202559	3.4320508603176484e-10
215.4904904904905	0.26982677344234673	37712.17785745993	3.4355844499248956e-10
215.76576576576576	0.2700249098302626	37692.81379104216	3.4391218905228277e-10
216.04104104104104	0.27020500602031194	37673.4596676641	3.4426629461281803e-10
216.31631631631632	0.2703711578305767	37654.1154822202	3.4462074872295894e-10
216.5915915915916	0.2705454237035017	37634.781229607564	3.449755639726235e-10
216.86686686686687	0.27074690327633694	37615.45690472591	3.453307685380473e-10
217.14214214214215	0.27098461956263065	37596.142502477596	3.4568639188371025e-10
217.41741741741743	0.27124491122606814	37576.8380177676	3.460424418923605e-10
217.6926926926927	0.2714920946668971	37557.543445503456	3.463988889964417e-10
217.96796796796798	0.2716789727670062	37538.258780595286	3.467556651407015e-10
218.24324324324326	0.27177316747332614	37518.98401795577	3.471126890548805e-10
218.51851851851853	0.27186227237900124	37499.71915250032	3.4746998867785084e-10
218.7937937937938	0.27203360733624726	37480.464179147	3.4782767092535686e-10
219.0690690690691	0.27223530518565525	37461.21909281646	3.4818576200003953e-10
219.34434434434436	0.2724271284787841	37441.98388843192	3.4854424110988177e-10
219.61961961961964	0.2726446964791062	37422.758560919225	3.4890312857793083e-10
219.89489489489492	0.27287215866972536	37403.543105206845	3.492624235104367e-10
220.17017017017017	0.2730261971778791	37384.33751622573	3.4962204285386743e-10
220.44544544544544	0.2730773708548485	37365.14178890942	3.49981897371262e-10
220.72072072072072	0.27305320495917573	37345.95591819409	3.5034194965969836e-10
220.995995995996	0.273087865115943	37326.77989901865	3.507023057442801e-10
221.27127127127127	0.2732984026572151	37307.61372632468	3.5106315888890116e-10
221.54654654654655	0.2735339885333459	37288.45739505627	3.5142449945730913e-10
221.82182182182183	0.27366640911885404	37269.310900159944	3.517861933043115e-10
222.0970970970971	0.2737919020810916	37250.17423658491	3.521482389068449e-10
222.37237237237238	0.2739758152764291	37231.04739928306	3.525107001568744e-10
222.64764764764766	0.2741878121618936	37211.93038320884	3.5287359329165343e-10
222.92292292292294	0.2743777189938803	37192.82318331923	3.5323688034867335e-10
223.1981981981982	0.2744900309806811	37173.725794573744	3.536004788548268e-10
223.4734734734735	0.2745245611074565	37154.63821193448	3.5396432897288745e-10
223.74874874874877	0.2745186072368095	37135.56043036616	3.5432842443991e-10
224.02402402402404	0.27454372512290276	37116.49244483617	3.5469283196024893e-10
224.29929929929932	0.2746500684397747	37097.43425031452	3.5505764995143373e-10
224.5745745745746	0.2747872025229681	37078.38584177379	3.554228996075377e-10
224.84984984984985	0.27491204101793526	37059.34721418903	3.557885534568545e-10
225.12512512512512	0.27503033614402783	37040.31836253793	3.5615459744666434e-10
225.4004004004004	0.2751474549631922	37021.29928180074	3.56521026859973e-10
225.67567567567568	0.2752627952422555	37002.28996696029	3.568878377881269e-10
225.95095095095095	0.27538027973883095	36983.290413002	3.5725503142299405e-10
226.22622622622623	0.27551008049346415	36964.300614913875	3.5762261888994403e-10
226.5015015015015	0.2756821856818531	36945.32056768649	3.579906382906887e-10
226.77677677677679	0.2759034350609055	36926.35026631305	3.583591241143222e-10
227.05205205205206	0.27605723621416084	36907.38970578918	3.5872798501791175e-10
227.32732732732734	0.2760901620109934	36888.43888111303	3.590971016694957e-10
227.60260260260262	0.27616197865294967	36869.497787285465	3.594665473776647e-10
227.8778778778779	0.2763617225823072	36850.56641931002	3.5983646433511976e-10
228.15315315315317	0.2766364103251919	36831.64477219275	3.6020690248689197e-10
228.42842842842845	0.276901871522697	36812.73284094216	3.6057781388105014e-10
228.70370370370372	0.277069757256452	36793.83062056927	3.609490757660775e-10
228.978978978979	0.2771744929277447	36774.93810608767	3.6132063391455766e-10
229.25425425425428	0.27730359447013275	36756.0552925136	3.616925366357147e-10
229.52952952952953	0.2774837718710586	36737.18217486589	3.6206484565749574e-10
229.8048048048048	0.27769444489032513	36718.31874816589	3.624375851338597e-10
230.08008008008008	0.2778348447110562	36699.46500743744	3.6281067196718227e-10
230.35535535535536	0.27790028384077337	36680.6209477069	3.631840415116475e-10
230.63063063063063	0.2780707651373847	36661.78656400338	3.635578270597015e-10
230.9059059059059	0.27834197825955165	36642.961851358516	3.639321207129627e-10
231.1811811811812	0.2785115461680155	36624.14680480632	3.643067868570324e-10
231.45645645645646	0.2785999556438974	36605.34141938336	3.646817481234329e-10
231.73173173173174	0.2787630564174665	36586.545690128914	3.6505710448967806e-10
232.00700700700702	0.27903820491951564	36567.75961208482	3.6543296560305713e-10
232.2822822822823	0.2793877597923695	36548.983180295465	3.6580937297718193e-10
232.55755755755757	0.2796754422783697	36530.216389807625	3.661862205683336e-10
232.83283283283285	0.27984516303271467	36511.45923567055	3.665633761112523e-10
233.10810810810813	0.2800616249386836	36492.7117129362	3.6694090854504725e-10
233.3833833833834	0.28037564484390115	36473.97381665915	3.6731891833167144e-10
233.65865865865868	0.28065512128686537	36455.245541896365	3.676973463692776e-10
233.93393393393396	0.2808687129504941	36436.526883707316	3.680761189893259e-10
234.2092092092092	0.2810716292344474	36417.81783715405	3.6845523815085054e-10
234.48448448448448	0.2812656164569187	36399.118397301194	3.688347071318158e-10
234.75975975975976	0.2814357167737034	36380.428559215856	3.6921451354202847e-10
235.03503503503504	0.2816209859192543	36361.74831796772	3.695946874170036e-10
235.3103103103103	0.28184897827094907	36343.07766862904	3.699752779338652e-10
235.5855855855856	0.28207246525463375	36324.41660627456	3.703562736887369e-10
235.86086086086087	0.28229167727408144	36305.76512598153	3.707376667997556e-10
236.13613613613614	0.2826009565934906	36287.12322282985	3.711195453954609e-10
236.41141141141142	0.2829817621678132	36268.49089190189	3.7150195451266797e-10
236.6866866866867	0.2832995658327901	36249.868128282455	3.718847931986503e-10
236.96196196196198	0.2835024388835704	36231.25492705878	3.722679375168432e-10
237.23723723723725	0.2835972725349862	36212.65128332064	3.7265130517271813e-10
237.51251251251253	0.2836142475641149	36194.05719216037	3.730348667967273e-10
237.7877877877878	0.2836101672015597	36175.47264867288	3.7341865755049695e-10
238.06306306306308	0.2837047899869683	36156.897647955724	3.7380282181725324e-10
238.33833833833836	0.28395024802789864	36138.33218510903	3.741875156703786e-10
238.61361361361364	0.2842327776772036	36119.7762552353	3.7457273866089807e-10
238.88888888888889	0.28448030251774664	36101.22985343951	3.749584190133595e-10
239.16416416416416	0.2846985855470549	36082.69297482914	3.7534451087244797e-10
239.43943943943944	0.2848913928145236	36064.165614514175	3.7573098507073304e-10
239.71471471471472	0.2850568969498037	36045.64776760712	3.761178189120042e-10
239.98998998999	0.28519173906169226	36027.13942922299	3.765049928354262e-10
240.26526526526527	0.28529119919416557	36008.64059447929	3.7689248817357694e-10
240.54054054054055	0.28534749340471177	35990.151258496044	3.7728028383478835e-10
240.81581581581582	0.28538710683841245	35971.67141639579	3.77668390978178e-10
241.0910910910911	0.2855258927223381	35953.20106330369	3.7805693287769803e-10
241.36636636636638	0.28579131211723113	35934.74019434745	3.784460257618209e-10
241.64164164164166	0.286051837500103	35916.28880465714	3.7883562271267325e-10
241.91691691691693	0.28619670235815625	35897.846889365195	3.7922558011558417e-10
242.1921921921922	0.28617014291341775	35879.41444360652	3.796157392220452e-10
242.4674674674675	0.28614212924953075	35860.99146251868	3.8000615450459005e-10
242.74274274274276	0.28635056808875226	35842.57794124198	3.803971021628084e-10
243.01801801801804	0.2866629404896399	35824.17387491908	3.8078864931525856e-10
243.29329329329332	0.2868832292812049	35805.77925869494	3.8118064939813896e-10
243.56856856856857	0.28704036285381374	35787.394087717046	3.81573025854827e-10
243.84384384384384	0.28714863560246207	35769.01835713539	3.819657379042653e-10
244.11911911911912	0.2871080931005761	35750.65206210234	3.823586567845685e-10
244.3943943943944	0.2869482879044082	35732.295197772764	3.827517188894412e-10
244.66966966966967	0.2868579733751935	35713.947759304254	3.8314506655085664e-10
244.94494494494495	0.2868746295431316	35695.60974185692	3.8353884012852743e-10
245.22022022022023	0.2869257344243237	35677.28114059326	3.839330684869326e-10
245.4954954954955	0.28700175986292115	35658.961950678255	3.8432776304931955e-10
245.77077077077078	0.28711163510110416	35640.65216727939	3.847229411429099e-10
246.04604604604606	0.28721824100468246	35622.35178556657	3.851185781819905e-10
246.32132132132134	0.2873073176381678	35604.0608007122	3.8551464228192324e-10
246.5965965965966	0.2874490464465007	35585.7792078912	3.8591118101341536e-10
246.8718718718719	0.28766057296059666	35567.50700228101	3.8630824594526785e-10
247.14714714714717	0.28786489216623584	35549.24417906145	3.867057970247571e-10
247.42242242242244	0.288042420950349	35530.99073341479	3.8710378591051466e-10
247.69769769769772	0.2882330225538264	35512.746660525845	3.875022179249882e-10
247.972972972973	0.2884767266648673	35494.511955581904	3.8790113713457583e-10
248.24824824824825	0.2887900020388016	35476.286613772776	3.8830059176496e-10
248.52352352352352	0.28906872104804937	35458.07063029062	3.8870051222924907e-10
248.7987987987988	0.2892232942902082	35439.86400032997	3.8910075901546844e-10
249.07407407407408	0.28933387795310384	35421.66671908791	3.8950131219355497e-10
249.34934934934935	0.289462024860185	35403.478781764046	3.8990221917818875e-10
249.62462462462463	0.2895753361629135	35385.30018356043	3.903034817397322e-10
249.8998998998999	0.2896602198155864	35367.13091968154	3.9070508763717366e-10
250.17517517517518	0.2897338650909102	35348.97098533436	3.9110704539422314e-10
250.45045045045046	0.2897883134289164	35330.820375728326	3.915093532549936e-10
250.72572572572574	0.28980855739125366	35312.67908607529	3.919119949644956e-10
251.00100100100101	0.2898608347122959	35294.54711158966	3.923150254767874e-10
251.2762762762763	0.29002154881984277	35276.424447488374	3.9271856132458397e-10
251.55155155155157	0.29027052512980495	35258.31108899081	3.9312266613026286e-10
251.82682682682685	0.29054155684932426	35240.20703131872	3.9352731910793683e-10
252.10210210210212	0.29071951750664754	35222.11226969619	3.939323897767781e-10
252.3773773773774	0.29078799495094965	35204.02679934974	3.9433776801364963e-10
252.65265265265268	0.2908733070542961	35185.950615508475	3.947435016980292e-10
252.92792792792793	0.29100734894710106	35167.88371340398	3.951496574682713e-10
253.2032032032032	0.291140994278544	35149.82608827023	3.9555623393697676e-10
253.47847847847848	0.29131724566384254	35131.77773534373	3.9596327349846205e-10
253.75375375375376	0.29159559307309146	35113.73864986345	3.9637086654832305e-10
254.02902902902903	0.2918633258021265	35095.70882707072	3.967789647024103e-10
254.3043043043043	0.29201231775696446	35077.68826220915	3.9718742469942806e-10
254.5795795795796	0.29210685562724303	35059.67695052491	3.975962083816275e-10
254.85485485485486	0.29220842548847487	35041.67488726665	3.980053502620772e-10
255.13013013013014	0.2923200204936131	35023.682067685484	3.984148782748983e-10
255.40540540540542	0.29247171817473716	35005.69848703497	3.9882484288952146e-10
255.6806806806807	0.2927197318039784	34987.72414057116	3.9923533704107153e-10
255.95595595595597	0.29300854132823273	34969.75902355253	3.9964637163465796e-10
256.2312312312313	0.2932226010194594	34951.8031312398	4.0005783843561845e-10
256.5065065065065	0.2933441652958888	34933.85645889616	4.004696420815733e-10
256.7817817817818	0.29341098131466725	34915.91900178724	4.008817521389184e-10
257.0570570570571	0.2935195221496614	34897.990755181214	4.0129424389837477e-10
257.3323323323324	0.29372580701748285	34880.07171434875	4.017072279505413e-10
257.60760760760763	0.2939673002191079	34862.16187456289	4.02120720853253e-10
257.8828828828829	0.29416054458592383	34844.261231098964	4.0253465066008205e-10
258.15815815815813	0.2942239245687851	34826.369779234694	4.0294888377645624e-10
258.43343343343344	0.2942221117445623	34808.48751425026	4.0336338935994e-10
258.70870870870874	0.29431717481704267	34790.614431428454	4.0377830860613206e-10
258.983983983984	0.2944765815136881	34772.75052605447	4.041937103188957e-10
259.25925925925924	0.2945935796734856	34754.89579341578	4.0460953641444086e-10
259.53453453453454	0.29468242929381194	34737.050228802305	4.0502575968022483e-10
259.80980980980985	0.29479370164197083	34719.21382750644	4.0544241171415044e-10
260.0850850850851	0.2949774291238947	34701.38658482305	4.058595658307569e-10
260.36036036036035	0.29522757993719545	34683.56849604941	4.0627726864937314e-10
260.63563563563565	0.2954473355171803	34665.7595564851	4.0669545603613643e-10
260.91091091091096	0.2955790942773563	34647.95976143205	4.071140240455612e-10
261.1861861861862	0.29562339244217994	34630.16910619462	4.0753289872394273e-10
261.46146146146145	0.2956873183349617	34612.387586079676	4.079521351497969e-10
261.73673673673676	0.2959015527870749	34594.61519639663	4.083719050068299e-10
262.01201201201206	0.29614083409640196	34576.85193245718	4.08792205047119e-10
262.2872872872873	0.2962497657491253	34559.09778957528	4.0921287618876273e-10
262.56256256256256	0.29630762152551676	34541.352763067334	4.0963388444870904e-10
262.8378378378378	0.2963990880043735	34523.616848252284	4.100552911192181e-10
263.1131131131131	0.2965145861725897	34505.89004045144	4.1047713064447115e-10
263.3883883883884	0.29667552385505647	34488.17233498856	4.1089944952837173e-10
263.66366366366367	0.29694524957299584	34470.46372718983	4.11322345292977e-10
263.9389389389389	0.297205613770489	34452.764212383765	4.1174576845419033e-10
264.2142142142142	0.29724125138923774	34435.073785900975	4.121694660560255e-10
264.48948948948953	0.2972074807174529	34417.39244307469	4.1259341364357665e-10
264.7647647647648	0.29735752916529157	34399.7201792408	4.1301785015633147e-10
265.04004004004	0.2975847983176445	34382.05698973748	4.1344283921703396e-10
265.31531531531533	0.297750838649805	34364.40286990512	4.138682863832874e-10
265.59059059059064	0.29789725725576244	34346.757815086574	4.1429416620730233e-10
265.8658658658659	0.2980598340268121	34329.12182062712	4.147204967981001e-10
266.14114114114113	0.298221651972431	34311.49488187441	4.151472741359508e-10
266.41641641641644	0.29840336306003407	34293.87699417848	4.155745163776629e-10
266.69169169169174	0.29865234700794585	34276.26815289184	4.160022846110545e-10
266.966966966967	0.2988688477693142	34258.668353369256	4.164305217402895e-10
267.24224224224224	0.29891506214264424	34241.07759096775	4.168590475441267e-10
267.5175175175175	0.29894301304869325	34223.49586104686	4.172878867598749e-10
267.7927927927928	0.29911803347292587	34205.923158968726	4.1771722482901156e-10
268.0680680680681	0.2993069351180957	34188.359480097686	4.18147059832145e-10
268.34334334334335	0.2994035373429748	34170.80481980039	4.1857728290878884e-10
268.6186186186186	0.2994741578294208	34153.25917344587	4.1900788335832604e-10
268.8938938938939	0.29956319791289765	34135.72253640565	4.1943889866948744e-10
269.1691691691692	0.2996660982788747	34118.1949040536	4.198703512288277e-10
269.44444444444446	0.2997954790426705	34100.67627176598	4.203022700389376e-10
269.7197197197197	0.29997008004638936	34083.16663492144	4.2073469505792253e-10
269.994994994995	0.30014350913426197	34065.66598890096	4.2116760791771256e-10
270.2702702702703	0.30027025559717024	34048.17432908783	4.216009493594615e-10
270.54554554554556	0.30043279417561103	34030.69165086782	4.220347608486714e-10
270.8208208208208	0.3006742926889229	34013.217949629114	4.22469116060624e-10
271.0960960960961	0.30086014051095095	33995.753220762104	4.229039311385586e-10
271.3713713713714	0.3009495869425421	33978.297459659494	4.2333910478165637e-10
271.6466466466467	0.3010745911738898	33960.8506617165	4.237746986013612e-10
271.9219219219219	0.30123920565393164	33943.41282233074	4.2421076099713144e-10
272.19719719719717	0.3013353158945193	33925.98393690204	4.246472168641318e-10
272.4724724724725	0.30143217189285615	33908.56400083268	4.250840829278122e-10
272.7477477477478	0.3016659603826671	33891.15300952746	4.2552150984491563e-10
273.02302302302303	0.30197982648018357	33873.750958393466	4.2595954767753855e-10
273.2982982982983	0.3022767019356811	33856.35784284004	4.263981336483388e-10
273.5735735735736	0.30253784974023334	33838.97365827886	4.2683720397219697e-10
273.8488488488489	0.30275758626414945	33821.59840012394	4.2727670741843535e-10
274.12412412412414	0.30292701523892396	33804.23206379165	4.277165984689109e-10
274.3993993993994	0.3030611259605623	33786.874644700714	4.281568598888242e-10
274.6746746746747	0.3031998251474297	33769.52613827227	4.2859751995511363e-10
274.94994994995	0.3033487482778369	33752.1865399298	4.2903860476437066e-10
275.22522522522524	0.3034971486358322	33734.85584509914	4.2948012222516115e-10
275.5005005005005	0.30369480199074383	33717.53404920854	4.2992212865156183e-10
275.7757757757758	0.3039817935781263	33700.2211476886	4.303647050993845e-10
276.0510510510511	0.3042565182441518	33682.9171359722	4.3080780656147213e-10
276.32632632632635	0.30442867930087003	33665.62200949446	4.312513095111352e-10
276.6016016016016	0.30451728507958314	33648.3357636928	4.316951449782418e-10
276.87687687687685	0.3046026266587239	33631.05839400713	4.321393450951666e-10
277.15215215215215	0.3048204259780848	33613.78989587986	4.325840706852795e-10
277.42742742742746	0.3051422824578386	33596.53026475568	4.3302940804221725e-10
277.7027027027027	0.30540722695464495	33579.279496081464	4.334752558150675e-10
277.97797797797796	0.305583265568771	33562.03758530636	4.3392150934629937e-10
278.25325325325326	0.30570556664960963	33544.804527881905	4.343681295394533e-10
278.52852852852857	0.30578755377533895	33527.58031926198	4.3481510212178806e-10
278.8038038038038	0.3058551796711194	33510.36495490283	4.352624432754107e-10
279.07907907907907	0.3059911142593319	33493.158430263145	4.3571024855955726e-10
279.35435435435437	0.30619863870739855	33475.96074080394	4.3615858983202727e-10
279.6296296296297	0.30632924147027213	33458.77188198837	4.366073680031814e-10
279.9049049049049	0.30637776523406013	33441.59184928195	4.370565070449315e-10
280.1801801801802	0.30649972482271737	33424.42063815267	4.375061105208273e-10
280.4554554554555	0.3067227664597714	33407.2582440709	4.3795628076640603e-10
280.7307307307308	0.3069852282756467	33390.104662509264	4.384070284456406e-10
281.00600600600603	0.30723418045284234	33372.959888942656	4.388583075810404e-10
281.2812812812813	0.3074355232887092	33355.82391884823	4.393100508833918e-10
281.5565565565566	0.3076099532496255	33338.69674770548	4.3976223138460506e-10
281.83183183183183	0.30776822169543383	33321.57837099626	4.402148408420512e-10
282.10710710710714	0.3078723860430763	33304.4687842047	4.4066783501965946e-10
282.3823823823824	0.30793617210826646	33287.36798281723	4.411211962913674e-10
282.6576576576577	0.308044600529999	33270.27596232274	4.415749984629028e-10
282.93293293293294	0.3081764352493389	33253.19271821238	4.4202927292875293e-10
283.20820820820825	0.3082357596535669	33236.11824597954	4.4248394483374766e-10
283.4834834834835	0.30827459592359596	33219.05254111993	4.4293901357291536e-10
283.75875875875874	0.30839602503995145	33201.995599131726	4.433945837285806e-10
284.03403403403405	0.30858303880870785	33184.94741551542	4.4385071297243696e-10
284.3093093093093	0.30880532863616617	33167.90798577373	4.4430741181454096e-10
284.5845845845846	0.3090946445717963	33150.87730541177	4.447647201317559e-10
284.85985985985985	0.30940685866651035	33133.85536993687	4.4522262159699447e-10
285.13513513513516	0.30956219194648765	33116.84217485846	4.4568092216304444e-10
285.4104104104104	0.3095725859457524	33099.837715688285	4.461394953707159e-10
285.6856856856857	0.3096426133434439	33082.84198794065	4.4659845874953985e-10
285.96096096096096	0.3097871483120573	33065.854987132196	4.470579116956066e-10
286.23623623623627	0.3099190795345028	33048.87670878174	4.4751783679998786e-10
286.5115115115115	0.31009617042752896	33031.90714841047	4.4797828053983836e-10
286.7867867867868	0.31038127719114145	33014.94630154195	4.4843934018221585e-10
287.06206206206207	0.3106588600577056	32997.99416370193	4.489009677636188e-10
287.3373373373374	0.3108450442371871	32981.05073041832	4.4936304397396905e-10
287.6126126126126	0.31100312323423535	32964.11599722141	4.4982554804966943e-10
287.8878878878879	0.3111909341455842	32947.18995964385	4.5028852405755947e-10
288.1631631631632	0.31143104114948794	32930.272613220666	4.5075202652810714e-10
288.4384384384384	0.311667154923915	32913.363953489024	4.5121603736541476e-10
288.71371371371373	0.3117977033639918	32896.46397598829	4.516804406987257e-10
288.988988988989	0.31183964579890744	32879.57267626018	4.5214517103250956e-10
289.2642642642643	0.3118611134640773	32862.690049848716	4.526102508045718e-10
289.53953953953953	0.31190188545389025	32845.816092300316	4.530757366347111e-10
289.81481481481484	0.3119589002282725	32828.95079916366	4.535416660509145e-10
290.0900900900901	0.3119406702517195	32812.094165989576	4.5400797274881027e-10
290.3653653653654	0.31190427656934516	32795.24618833127	4.5447466754022103e-10
290.64064064064064	0.31214496827493027	32778.40686174462	4.5494205995790515e-10
290.91591591591595	0.3125640057882274	32761.57618178761	4.554102702090147e-10
291.1911911911912	0.31270470831609637	32744.754144019975	4.558789185317293e-10
291.4664664664665	0.3125880008045798	32727.940744003743	4.563477550185491e-10
291.74174174174175	0.31250151681652205	32711.135977303584	4.568168943891118e-10
292.01701701701705	0.3125678210684149	32694.339839486598	4.572865444414127e-10
292.2922922922923	0.3127974831009415	32677.55232612217	4.577568648649876e-10
292.5675675675676	0.313030903597322	32660.77343278177	4.582278064515175e-10
292.84284284284286	0.3131640560033527	32644.003155039005	4.5869922778507456e-10
293.1181181181181	0.31327030300425934	32627.241488469845	4.591711030575835e-10
293.3933933933934	0.31339012887522	32610.48842865257	4.5964345540921696e-10
293.66866866866866	0.31350203988521447	32593.74397116774	4.601162795057999e-10
293.94394394394396	0.31361946728632023	32577.00811159816	4.6058958543693455e-10
294.2192192192192	0.3137790557872046	32560.280845528974	4.6106341811510224e-10
294.4944944944945	0.3139759137267419	32543.56216854757	4.615378047476941e-10
294.76976976976977	0.314189846025644	32526.852076243602	4.6201274419626377e-10
295.0450450450451	0.31441677536351187	32510.150564208954	4.624882315983025e-10
295.3203203203203	0.31465944830341686	32493.457628037806	4.629642664187802e-10
295.5955955955956	0.3149261282022275	32476.773263326588	4.634408568449999e-10
295.8708708708709	0.31518688617884266	32460.097465673953	4.6391797823029266e-10
296.1461461461462	0.31535973244832527	32443.43023068071	4.643955293574702e-10
296.4214214214214	0.31548558798868065	32426.771553950006	4.648734799520991e-10
296.69669669669673	0.3156986562626166	32410.121431087384	4.653519457334836e-10
296.971971971972	0.31589695840434345	32393.47985770054	4.658309052110115e-10
297.2472472472473	0.31590460701745815	32376.84682939917	4.663101633668508e-10
297.52252252252254	0.3158843234104082	32360.22234179545	4.667897472537579e-10
297.7977977977978	0.3160118694515542	32343.606390504036	4.672698564351587e-10
298.0730730730731	0.31614437320811256	32326.998971141642	4.677504872876633e-10
298.34834834834834	0.31620082152300016	32310.40007932714	4.68231554302982e-10
298.62362362362364	0.31632701321021217	32293.809710681824	4.687131460707332e-10
298.8988988988989	0.3165541306695878	32277.227860829298	4.69195358014324e-10
299.1741741741742	0.316758310159842	32260.654525395235	4.696781313209104e-10
299.44944944944945	0.3168690373133197	32244.089700007476	4.701613518651932e-10
299.72472472472475	0.31685962798212225	32227.533380296056	4.706449108189323e-10
300.0	0.31670431893687706	32210.98556189324	4.71128703692377e-10
