0.0034962063416590227	5.365692152617179	9715.317206836498	1.7028834848941476	0.006446570305463094
25.0	0.04033222591362127	33212.0	10.0
25.275275275275277	0.041039338697625376	34239.187831779	9.809462037985767
25.55055055055055	0.041831398561266865	35264.22204025497	9.618982486390097
25.825825825825827	0.04273913192376106	36289.22868997617	9.428189016293326
26.1011011011011	0.043589335494893196	37311.83622936411	9.237497690320726
26.376376376376378	0.044273036505297216	38327.17812328576	9.047763022814165
26.65165165165165	0.04481852254811344	39331.42142625049	8.859659710585051
26.926926926926928	0.04535061990490493	40323.92626635383	8.673303457142175
27.2022022022022	0.046052430249951426	41308.24782470208	8.488074195570412
27.47747747747748	0.046949677185784924	42288.186782674326	8.30330768428707
27.75275275275275	0.047952410980422536	43265.22058389895	8.118746083449292
28.02802802802803	0.04881765420898891	44235.487559656314	7.935067774368229
28.303303303303302	0.04939636677919755	45192.33846274431	7.753441384749676
28.57857857857858	0.04995882674496131	46135.180664667845	7.573975052563508
28.853853853853856	0.05068398241735635	47067.00622939785	7.396148211762975
29.12912912912913	0.05145541932869707	47988.26603165006	7.219885185629858
29.404404404404403	0.05218568657344072	48897.698349972685	7.0454106104671546
29.67967967967968	0.052855726621063547	49793.7919357073	6.872993291574481
29.954954954954957	0.05350024583910327	50675.79062029011	6.702770035169218
30.23023023023023	0.0541793719925243	51544.05442641353	6.534682061216819
30.505505505505504	0.054898381229581406	52398.98932681417	6.368662416672895
30.78078078078078	0.05564546315770419	53240.75418759348	6.2046873741129165
31.056056056056057	0.05642877229363442	54069.61123807152	6.042715023110316
31.33133133133133	0.05723618294115239	54885.59115785036	5.882743994215877
31.606606606606608	0.058001219484470144	55687.689612361675	5.724954488487815
31.88188188188188	0.05868852211606428	56474.47161151626	5.56960257243736
32.15715715715716	0.05931615205117481	57244.914907378596	5.416872348696197
32.432432432432435	0.05993431372361942	57998.819844240265	5.266803924740145
32.70770770770771	0.06060876318198214	58736.917213569606	5.119274235296096
32.98298298298298	0.061336221109711306	59459.820719805706	4.974180529320118
33.25825825825826	0.062087202328712884	60167.69855455681	4.831498024469117
33.533533533533536	0.06287652500150101	60860.88789263484	4.691172240252364
33.808808808808806	0.06369911463542663	61539.62645314357	4.553166039607416
34.08408408408408	0.06445819466164526	62202.98155129242	4.4176475438812846
34.35935935935936	0.06512855976331579	62849.84539052324	4.2848158857127014
34.63463463463464	0.0658256249976258	63480.53547941176	4.154620490992408
34.90990990990991	0.06653924962905358	64095.237724968996	4.027033774723926
35.18518518518518	0.06713271074056297	64692.70522016975	3.9022794629074258
35.46046046046046	0.0676550395407885	65272.36069337172	3.7804641905791834
35.73573573573574	0.068256468425287	65835.19787207237	3.6614191608711453
36.01101101101101	0.06896000413616714	66382.33445328019	3.544953519020983
36.286286286286284	0.06972665879143002	66914.41375665736	3.430959286036898
36.56156156156156	0.07047271195543493	67431.27331237003	3.31946964824965
36.83683683683684	0.07114925151537398	67932.37050208755	3.210584534744813
37.112112112112115	0.07180055715376596	68417.62379746822	3.1043231511534035
37.38738738738739	0.07247090664749985	68887.34525944719	3.000635678098655
37.66266266266266	0.0731864852423394	69342.03771382233	2.8994387324227153
37.93793793793794	0.07392357413515321	69781.9871542565	2.8006868147629707
38.213213213213216	0.07462777936377461	70207.0744850534	2.7044054045604797
38.488488488488485	0.075307111504813	70617.28062341697	2.6106024723702235
38.76376376376376	0.07598295301417542	71012.76389638451	2.5192548704463795
39.03903903903904	0.07659915384274595	71393.32873431873	2.430401488468446
39.314314314314316	0.07712504694024316	71758.65001862728	2.344104004703013
39.58958958958959	0.07765466324819224	72109.05637260196	2.2603095079532767
39.86486486486486	0.07827689667288472	72445.39057398445	2.1788747830087556
40.14014014014014	0.07903577031581961	72768.66290626497	2.099626965764778
40.41541541541542	0.07987151911893606	73079.44986975548	2.0224689795614297
40.690690690690694	0.08063858694540081	73377.515774535	1.9474460568317702
40.965965965965964	0.08131526894359008	73662.58012175547	1.8746113645243674
41.24124124124124	0.08194934953171557	73934.66870018409	1.8039644226245888
41.51651651651652	0.08254620191494262	74193.86700201563	1.7354942689198705
41.791791791791795	0.083097231796265	74440.2502451892	1.6691917171187536
42.06706706706707	0.08359985257389445	74673.91408707056	1.6050439717208573
42.34234234234234	0.08409580251239271	74895.15663132606	1.5430026908612977
42.61761761761762	0.08470734452033228	75104.7608134808	1.4829343823608758
42.892892892892895	0.08540931785895339	75303.33688014957	1.4247356065635661
43.168168168168165	0.08600235764471	75490.71030644432	1.3684404122039833
43.44344344344344	0.08650748580505703	75666.84616862553	1.314058411084614
43.71871871871872	0.08708621087121424	75832.30198197109	1.2614952899601235
43.993993993993996	0.08765687033130046	75987.32601897778	1.210710814895288
44.26926926926927	0.08809430491658132	76131.77965732297	1.1617325505492377
44.54454454454455	0.08856743405792317	76266.09226460691	1.114488458059997
44.81981981981982	0.08920161852705381	76391.02677911815	1.0688478442263285
45.0950950950951	0.08982156421542545	76506.78365198814	1.024778459790121
45.37037037037037	0.09038639291550961	76613.46079720744	0.9822659819997606
45.645645645645644	0.09111343641122098	76711.72478493972	0.9411962940733212
45.92092092092092	0.09197711000167058	76802.10729618237	0.901478736464537
46.1961961961962	0.09273285847980288	76884.51923825992	0.8631313911871494
46.471471471471475	0.09339242748469083	76958.94312112658	0.8261598062093556
46.74674674674675	0.09408402684493318	77025.66937300976	0.7905155155565491
47.02202202202202	0.09474667830802616	77084.85049139065	0.756174159075571
47.2972972972973	0.09531848687861813	77136.52801881453	0.7231307958913867
47.572572572572575	0.09593841918141209	77181.02871047566	0.6913304352080039
47.847847847847845	0.096690289187028	77218.80677397652	0.6606956246354805
48.12312312312312	0.09748073203695878	77250.11324403135	0.6311844146362428
48.3983983983984	0.09820273725132925	77275.01359256085	0.6027873322730001
48.673673673673676	0.0987704875609487	77293.46061293595	0.5755146523110833
48.94894894894895	0.09929116506976961	77305.60576908052	0.5493418099241096
49.22422422422423	0.09996282499125204	77311.88565520113	0.5241941705814994
49.4994994994995	0.10066331052044296	77312.52851429493	0.5000335165718462
49.77477477477478	0.10120158691889161	77307.50862797098	0.4768661135800689
50.05005005005005	0.10166797438922343	77296.9459251339	0.45467268327791016
50.32532532532532	0.1021696223179119	77281.0954244952	0.43341021018481507
50.6006006006006	0.10268681133722035	77260.17614892605	0.4130419145114174
50.87587587587588	0.10318770162113676	77234.36451231649	0.39353842355404356
51.151151151151154	0.10365217356842028	77203.81450870464	0.3748742430168478
51.42642642642643	0.1041171361316764	77168.71667948371	0.3570174189116857
51.70170170170171	0.10465735396019836	77129.32334523858	0.33992509956735373
51.97697697697698	0.10524107485700898	77085.84020440915	0.3235625340980696
52.252252252252255	0.10579940995177808	77038.40404600241	0.30790699694390483
52.527527527527525	0.10637235024366813	76987.1827316236	0.292930268681159
52.8028028028028	0.10698077927717478	76932.35285981742	0.2786025448728545
53.07807807807808	0.10748619994430009	76873.98342106554	0.2649128446705046
53.353353353353356	0.10787399779256893	76812.14417982593	0.25185002998215916
53.62862862862863	0.10839356862202727	76747.075369533	0.23937303429417886
53.90390390390391	0.10909934821558309	76679.02752989907	0.2274389082357245
54.17917917917918	0.10981336494713463	76608.12108956878	0.2160274509034171
54.454454454454456	0.11047271147310428	76534.43819104262	0.20512514076971702
54.729729729729726	0.11109102038526535	76458.07143239792	0.1947165964485683
55.005005005005	0.11162311205021229	76379.09230364375	0.1847901109050517
55.28028028028028	0.11204232501657332	76297.5651323412	0.1753352114315391
55.55555555555556	0.11248467663009816	76213.62161950469	0.16632958544234971
55.830830830830834	0.11303970505040607	76127.42433660779	0.1577454635219585
56.10610610610611	0.11360978043825617	76039.08248880024	0.1495643881584575
56.38138138138139	0.1141458899504787	75948.6818872986	0.14177197205128372
56.65665665665666	0.11469673321496085	75856.32515452294	0.13435085187668228
56.931931931931935	0.11528058093962754	75762.11649757832	0.1272833543678686
57.20720720720721	0.11588146704522377	75666.14925473556	0.12055368064440962
57.48248248248248	0.11645719096187179	75568.49964509241	0.11414900614293884
57.75775775775776	0.11697048269234298	75469.2318665303	0.10805859156840042
58.033033033033036	0.1174703657851692	75368.42444098539	0.10226916466595896
58.30830830830831	0.11799444696737721	75266.16322465136	0.09676614204064228
58.58358358358358	0.1184759207460827	75162.51322367332	0.09153857148237314
58.85885885885886	0.1188933445922111	75057.53381974903	0.08657646730055577
59.134134134134136	0.11932996915656326	74951.30282845485	0.08186659131981153
59.40940940940941	0.11982608856586255	74843.90229690909	0.07739493877753909
59.68468468468468	0.12036855128665479	74735.40599630354	0.0731489312975684
59.95995995995996	0.12095915136410866	74625.8833527176	0.06911672984941211
60.23523523523524	0.12159611170176594	74515.39907902175	0.06528730067871055
60.510510510510514	0.12218624708130708	74403.99853339557	0.061652985455860634
60.78578578578579	0.12264902310852568	74291.71430268655	0.05820835232590903
61.06106106106106	0.12307405753608255	74178.59454148775	0.054945228112233645
61.33633633633634	0.12352797673135865	74064.6955301165	0.05185399908834785
61.611611611611615	0.12395189565791345	73950.06256645947	0.04892696076059488
61.88688688688689	0.12436845148991815	73834.74243029904	0.04615613455923972
62.16216216216216	0.12491187092481254	73718.7955300688	0.04353113636122669
62.43743743743744	0.12551379359713277	73602.2692619372	0.041043846103405585
62.712712712712715	0.1259731017868655	73485.18699016499	0.03869034511303685
62.98798798798799	0.1263603224186736	73367.5807957975	0.0364651781852256
63.26326326326326	0.12684659403488474	73249.49830130453	0.03436015355511964
63.53853853853854	0.127453542431986	73130.98500936477	0.03236743653023495
63.813813813813816	0.12813892668449642	73012.07892337187	0.030480493926757102
64.0890890890891	0.12880536110725097	72892.80772749368	0.028694591136394925
64.36436436436436	0.12937927567923235	72773.19296553622	0.02700606220303382
64.63963963963964	0.12984069065309534	72653.25524436992	0.02541139884702407
64.91491491491492	0.13020170739402176	72533.01650255627	0.02390685275308401
65.1901901901902	0.13050583607817434	72412.50145258616	0.022488182116350217
65.46546546546547	0.13084575825532668	72291.73941804958	0.021150328470065982
65.74074074074073	0.1313151503938236	72170.76276508512	0.019887690429410222
66.01601601601601	0.1318440692840824	72049.59737073784	0.0186957949864459
66.29129129129129	0.13233851334954233	71928.2628507237	0.017571259576861963
66.56656656656656	0.13282314350763597	71806.77928558698	0.016510613982320014
66.84184184184184	0.13331873554875798	71685.166713389	0.015510389187913259
67.11711711711712	0.13379037716945955	71563.44272696691	0.014567538939505763
67.3923923923924	0.13425107440588369	71441.62470073205	0.013679049829499747
67.66766766766767	0.13477270768809918	71319.7316712034	0.012841611433289477
67.94294294294295	0.1353218711931504	71197.78021057606	0.012052339749422731
68.21821821821823	0.1358016861732104	71075.78295756775	0.01130903572975773
68.4934934934935	0.1362545315880589	70953.75354218259	0.01060932247809802
68.76876876876878	0.13675541486793513	70831.70703201936	0.009950566631693622
69.04404404404404	0.13724248269916087	70709.65590149336	0.009330585103791134
69.31931931931932	0.1376755455018521	70587.6111049029	0.00874745763003313
69.5945945945946	0.13815865571415453	70465.58565008269	0.008198908938014575
69.86986986986987	0.13870865784087721	70343.59176654746	0.00768277776146005
70.14514514514515	0.13918394837844625	70221.6381244657	0.0071975332134576984
70.42042042042041	0.13956984722435078	70099.73296812235	0.006741716425950592
70.69569569569569	0.13997436814266614	69977.88623769167	0.00631356844197483
70.97097097097097	0.14042831093579689	69856.10772934706	0.005911352475548986
71.24624624624624	0.1409173164054774	69734.406312055	0.00553349136094186
71.52152152152152	0.1414370692791749	69612.79019199262	0.005178521452149166
71.7967967967968	0.1419661237367506	69491.26675385024	0.0048451206707503
72.07207207207207	0.14241817653858774	69369.84190355249	0.004532224073550831
72.34734734734735	0.1427914695554585	69248.52139010058	0.004238792410912052
72.62262262262263	0.1432605190541451	69127.31265907358	0.003963486999996273
72.8978978978979	0.1438052310766635	69006.22230386533	0.003705116347891503
73.17317317317318	0.14418075326775387	68885.25411365554	0.0034629788787516294
73.44844844844846	0.14443577206489663	68764.41240636734	0.00323627907717516
73.72372372372374	0.1447913462488146	68643.70323157216	0.0030239162864123554
73.998998998999	0.14514189456070592	68523.13128825615	0.0028250249136316384
74.27427427427428	0.14533562526045188	68402.69991714029	0.002638976199193513
74.54954954954955	0.14561207173456694	68282.4140483042	0.002464861508011548
74.82482482482483	0.14611670394195345	68162.27906665529	0.002301690874275842
75.1001001001001	0.14654398505157035	68042.29796446273	0.0021488924240028484
75.37537537537537	0.14677716989433093	67922.47301574817	0.002006019366349078
75.65065065065065	0.1470522386935056	67802.80774257575	0.0018724052444849127
75.92592592592592	0.1474225620138691	67683.30568793052	0.0017473778917855441
76.2012012012012	0.14777233936945564	67563.9694518502	0.0016304311628226268
76.47647647647648	0.1481370150965458	67444.80167181134	0.0015210507682392243
76.75175175175175	0.14859292236701274	67325.80508190024	0.0014187046504352816
77.02702702702703	0.14898632819488947	67206.9816142478	0.0013230005922065578
77.30230230230231	0.14919633990897022	67088.33271666309	0.0012336307418061097
77.57757757757759	0.14942149302695543	66969.86046784757	0.0011501761178144255
77.85285285285286	0.14981583072064963	66851.56722293161	0.001072168598406782
78.12812812812814	0.150347473691483	66733.45497787619	0.000999202340361515
78.40340340340342	0.15094999256020522	66615.52534319925	0.0009309384995733742
78.67867867867868	0.15154154258336106	66497.77958843809	0.000867097550336154
78.95395395395396	0.15205762041092677	66380.21875852716	0.0008074389745884982
79.22922922922923	0.1524548044774618	66262.84376794164	0.0007517448156952492
79.50450450450451	0.1527483640251994	66145.6555377748	0.0006997956713202988
79.77977977977977	0.15299180845069124	66028.65504597759	0.0006513618780205426
80.05505505505505	0.15329304553593165	65911.84337915856	0.0006061944068106711
80.33033033033033	0.15370337530344388	65795.22158768906	0.0005640502485252563
80.6056056056056	0.15412026003835533	65678.79045286328	0.0005247332710902661
80.88088088088088	0.15448395793935418	65562.55060590488	0.00048807342543816023
81.15615615615616	0.15482127731321899	65446.5026649178	0.0004539027674236208
81.43143143143143	0.15516524410096202	65330.647230945746	0.00042205615336069293
81.70670670670671	0.1555490160881254	65214.984877258314	0.00039237312501249407
81.98198198198199	0.156006525717349	65099.51614189017	0.0003646992273439681
82.25725725725727	0.1565424415829215	64984.24149489889	0.00033889176303448864
82.53253253253254	0.1570170649033864	64869.16122201373	0.00031484022110538627
82.80780780780782	0.15731915610015737	64754.27549512295	0.0002924539674193138
83.0830830830831	0.15754101252354794	64639.58455097947	0.0002716309348203068
83.35835835835836	0.15778072426412673	64525.08866674539	0.00025226189459123284
83.63363363363364	0.15808326863399044	64410.78810280783	0.00023424047487248994
83.90890890890891	0.15842153931459585	64296.68305412284	0.00021747169859943614
84.18418418418419	0.15870817961700293	64182.77362790155	0.0002018759138173437
84.45945945945945	0.15896302452265187	64069.059917614984	0.00018737584291026122
84.73473473473473	0.1592643779404059	63955.54202720576	0.00017389234717471084
85.01001001001	0.15961460728846574	63842.22002634118	0.00016135228741172563
85.28528528528528	0.15998982302846926	63729.09394262314	0.00014968988426882073
85.56056056056056	0.16037855914761306	63616.16377250307	0.00013884481373216864
85.83583583583584	0.16076150878997655	63503.42948220053	0.00012876205493710718
86.11111111111111	0.16109913386410893	63390.89100535066	0.000119392310427671
86.38638638638639	0.16143461327100472	63278.54827335233	0.0001106866992814387
86.66166166166167	0.1619077629055818	63166.40123772804	0.00010259284404424175
86.93693693693695	0.16245372199329652	63054.44980509383	9.506625482283974e-05
87.21221221221222	0.16286987965601243	62942.69381386588	8.807441645385177e-05
87.4874874874875	0.16320027993535852	62831.133107762085	8.158393757729226e-05
87.76276276276278	0.16357089765340543	62719.76754803516	7.555841109675462e-05
88.03803803803804	0.1639241867978283	62608.59696947756	6.996610935968617e-05
88.31331331331332	0.16420809683835474	62497.621186727716	6.477888627071899e-05
88.58858858858859	0.1645248047848974	62386.840023098135	5.996714185345767e-05
88.86386386386387	0.16494403417516162	62276.25329974979	5.5501715869582996e-05
89.13913913913915	0.1654411679072755	62165.86081986514	5.135665526141468e-05
89.41441441441442	0.165945216549048	62055.66236552959	4.750976155857047e-05
89.68968968968969	0.16636197470629233	61945.65769957296	4.394227140379758e-05
89.96496496496496	0.16674917359473831	61835.84658693985	4.0635130252668636e-05
90.24024024024024	0.1672224939490478	61726.22879810129	3.756840028299986e-05
90.51551551551552	0.16769121259734632	61616.80408564901	3.472534099797965e-05
90.7907907907908	0.1680493487206627	61507.57218714821	3.2091911890052965e-05
91.06606606606607	0.16839446386657925	61398.53284529762	2.9653264829280815e-05
91.34134134134135	0.16879103758956773	61289.685802381806	2.739471216659808e-05
91.61661661661662	0.16915384229169378	61181.030788563825	2.530376190262206e-05
91.8918918918919	0.169460259775648	61072.567528664746	2.336893970518865e-05
92.16716716716716	0.1697822785874819	60964.29574846047	2.157869841376378e-05
92.44244244244244	0.17014141560844484	60856.21517048113	1.99221482691291e-05
92.71771771771772	0.17051894258840414	60748.32551193425	1.8389416816295173e-05
92.992992992993	0.17091327176598647	60640.62648626995	1.6971378245240966e-05
93.26826826826827	0.1713231807241669	60533.117803549794	1.5659589886758144e-05
93.54354354354355	0.17171300785929675	60425.79916939971	1.444647182081816e-05
93.81881881881883	0.1720562144613361	60318.67028614881	1.3325109551587181e-05
94.0940940940941	0.17237250571633894	60211.73085492857	1.2288893679878936e-05
94.36936936936937	0.17268507083201654	60104.98057563248	1.1331528057653878e-05
94.64464464464464	0.17301009888528038	59998.41914658239	1.0447087764241868e-05
94.91991991991992	0.17333385628565562	59892.04626373109	9.630154703562323e-06
95.1951951951952	0.1736202839506421	59785.86162044372	8.875852782370053e-06
95.47047047047047	0.17388467732779508	59679.86491298342	8.17961133533056e-06
95.74574574574575	0.1741645546887352	59574.05583403258	7.536994659220804e-06
96.02102102102103	0.17445384540838907	59468.434074157754	6.943920934549128e-06
96.2962962962963	0.17475490579465194	59362.999322752774	6.396610765145786e-06
96.57157157157158	0.17514411667587299	59257.75126932792	5.89136057184422e-06
96.84684684684684	0.17560978083767753	59152.68960187795	5.424829941643776e-06
97.12212212212212	0.1759529216495189	59047.81400463548	4.994437766487696e-06
97.3973973973974	0.1761753327040945	58943.124161770145	4.597712147112582e-06
97.67267267267268	0.1765141384043249	58838.61976002711	4.231825822904779e-06
97.94794794794795	0.17692047937324434	58734.30048465483	3.894312364366884e-06
98.22322322322323	0.17717099032248582	58630.166018101554	3.5832962468631717e-06
98.4984984984985	0.17732795892250355	58526.21604351791	3.296877054679259e-06
98.77377377377378	0.1775453455693221	58422.45024524886	3.0330426386899806e-06
99.04904904904905	0.17783722143310673	58318.86830729741	2.7899392338755903e-06
99.32432432432432	0.17817807887011994	58215.46991310696	2.5659099205332588e-06
99.5995995995996	0.17853338289395948	58112.25474566873	2.3594759157736172e-06
99.87487487487488	0.17887860851451923	58009.22248774087	2.169298167020112e-06
100.15015015015015	0.1792056601501194	57906.37282204547	1.994142758120439e-06
100.42542542542543	0.17950989928224448	57803.70543134105	1.8328681676150915e-06
100.70070070070071	0.17979079116727825	57701.21999848319	1.6844146153760325e-06
100.97597597597598	0.18006799612320906	57598.91620653858	1.5477839491303172e-06
101.25125125125126	0.18036480282327552	57496.79373879331	1.4220381463053863e-06
101.52652652652652	0.18066639648950167	57394.85227861457	1.3063235896651028e-06
101.8018018018018	0.1809511572993241	57293.09150948509	1.1998650031267847e-06
102.07707707707708	0.18121421843547714	57191.511115109715	1.101946670558829e-06
102.35235235235236	0.18145246848177485	57090.11077944767	1.0119066802832869e-06
102.62762762762763	0.1816601760689856	56988.890186728975	9.291339816331986e-07
102.90290290290291	0.18182724342175222	56887.84902146796	8.530659230279284e-07
103.17817817817819	0.1819474841226634	56786.98696849666	7.831822897994529e-07
103.45345345345346	0.1821197168545234	56686.30371318585	7.189663008351991e-07
103.72872872872873	0.1824730404338091	56585.79894143196	6.599067470401098e-07
104.004004004004	0.18286182442463345	56485.47233914093	6.055886951937859e-07
104.27927927927928	0.18310476920959176	56385.323592309986	5.556791100573472e-07
104.55455455455456	0.1833175705392934	56285.35238756188	5.09832785940621e-07
104.82982982982983	0.18361269597530055	56185.55841207164	4.677050359344411e-07
105.10510510510511	0.18393609648213838	56085.941353325245	4.2899401364964375e-07
105.38038038038039	0.18423220896177	55986.500899161714	3.934332125604815e-07
105.65565565565566	0.1844780077230751	55887.23673784053	3.6077948838930426e-07
105.93093093093094	0.18471496936755732	55788.14855811458	3.3080009976270427e-07
106.2062062062062	0.18501842371468494	55689.23604924677	3.0326962772256046e-07
106.48148148148148	0.18530153169856836	55590.49890087041	2.779943866542774e-07
106.75675675675676	0.18545313812311195	55491.936803010365	2.5480859788392116e-07
107.03203203203203	0.1856562485248049	55393.54944630396	2.3353539345510575e-07
107.30730730730731	0.1860587852903701	55295.33652193194	2.1399876719400253e-07
107.58258258258259	0.1864556646054611	55197.297721405055	1.9606097647267257e-07
107.85785785785787	0.18671670417721878	55099.432736658324	1.7960584644171855e-07
108.13313313313314	0.18694224592802963	55001.74126018267	1.6451547318177325e-07
108.4084084084084	0.18720047144375038	54904.22298499206	1.5067583981758745e-07
108.68368368368368	0.1874988078382165	54806.87760459171	1.3798224487461452e-07
108.95895895895896	0.1877994888157032	54709.70481296578	1.2634131908196968e-07
109.23423423423424	0.18805242024862487	54612.704304582825	1.1566991542750887e-07
109.50950950950951	0.18830179709842224	54515.87577443163	1.05888653102545e-07
109.78478478478479	0.18859292251656345	54419.218918017315	9.692244928882238e-08
110.06006006006007	0.18884294663240453	54322.733431327724	8.870625740272794e-08
110.33533533533534	0.18899903848657482	54226.419010850994	8.118183872638946e-08
110.61061061061062	0.18913352063673744	54130.275353606165	7.429222108787981e-08
110.88588588588588	0.1893361687018678	54034.30215714009	6.79820738332247e-08
111.16116116116116	0.1896883873714896	53938.4991195201	6.219884108861385e-08
111.43643643643644	0.19010839001063617	53842.86593930535	5.689761178521978e-08
111.71171171171171	0.19041029088842149	53747.402315540385	5.2042097716527515e-08
111.98698698698699	0.190621264953877	53652.107947794764	4.759750990247486e-08
112.26226226226227	0.19084937366220645	53556.98253617035	4.352913490861497e-08
112.53753753753755	0.19108826466790954	53462.02578128313	3.980533700269712e-08
112.81281281281282	0.1913139598252	53367.2373842625	3.639755158678403e-08
113.08808808808809	0.1915435710986682	53272.61704675619	3.3279240745584625e-08
113.36336336336336	0.19177121634440591	53178.16447092783	3.042616103731031e-08
113.63863863863864	0.19194843469255987	53083.879359454164	2.7816700064043646e-08
113.91391391391392	0.192144318329276	52989.76141553459	2.543003936260012e-08
114.1891891891892	0.19251996819439995	52895.8103428945	2.324540576658833e-08
114.46446446446447	0.19293152919281212	52802.02584576363	2.1245707577832833e-08
114.73973973973975	0.1931169613571065	52708.407628874076	1.941771326660013e-08
115.01501501501502	0.19323224147926327	52614.95539748589	1.7747414289946968e-08
115.2902902902903	0.19349291741712626	52521.66885738525	1.622019338192711e-08
115.56556556556556	0.19379430529363453	52428.54771486709	1.4823692063883892e-08
115.84084084084084	0.19406543323448186	52335.59167673824	1.3547102418233539e-08
116.11611611611612	0.19443535352673963	52242.80045032488	1.2379715380492897e-08
116.3913913913914	0.19490758633262628	52150.17374346625	1.1311846776299376e-08
116.66666666666667	0.1953106466438597	52057.71126450952	1.0335573181105733e-08
116.94194194194195	0.19559274860057121	51965.41272231452	9.443746162452345e-09
117.21721721721723	0.1957999489933324	51873.27782625586	8.629475420109325e-09
117.4924924924925	0.19596904676284965	51781.30628622134	7.886233775890203e-09
117.76776776776778	0.1961405171761757	51689.49781261101	7.207877303143314e-09
118.04304304304304	0.1963941536318928	51597.8521163368	6.588548689230062e-09
118.31831831831832	0.19676131238581088	51506.368908820434	6.0228723337644706e-09
118.5935935935936	0.19712579059763616	51415.04790199053	5.50630376346012e-09
118.86886886886887	0.19744909545791636	51323.88880828384	5.034762268244405e-09
119.14414414414415	0.19783666998614427	51232.89134064642	4.604261113276738e-09
119.41941941941943	0.19820638398912152	51142.05521253032	4.211341192910293e-09
119.6946946946947	0.19833377001543376	51051.38013789169	3.85321078410613e-09
119.96996996996998	0.19845152190569862	50960.86583119538	3.526830022638014e-09
120.24524524524524	0.19893595998003796	50870.51200741429	3.228879585280206e-09
120.52052052052052	0.1994712708167378	50780.31838202168	2.9568858486377924e-09
120.7957957957958	0.19971061612543456	50690.284670991554	2.7090099262933837e-09
121.07107107107107	0.1999748040761178	50600.4105908033	2.4831178676372804e-09
121.34634634634635	0.2004414483236084	50510.69585843901	2.2770921429998235e-09
121.62162162162163	0.20077163250039687	50421.140191379316	2.0893560733185353e-09
121.8968968968969	0.2008661189356989	50331.743307604724	1.918511102673629e-09
122.17217217217218	0.20096174911482523	50242.504925596506	1.7630494009536837e-09
122.44744744744746	0.201160378603168	50153.42476433472	1.6215285903815954e-09
122.72272272272272	0.201451814736315	50064.502543296854	1.4926596868400118e-09
122.997997997998	0.20181771520724692	49975.73798245694	1.3752924002373657e-09
123.27327327327328	0.20221495022311592	49887.13080228477	1.2684090992488318e-09
123.54854854854855	0.20250967212620613	49798.680723744765	1.1711451034003095e-09
123.82382382382383	0.20267574432590452	49710.38746829568	1.0827070267685243e-09
124.0990990990991	0.2029933525016953	49622.2507578906	1.0022488499862076e-09
124.37437437437438	0.20348427938966906	49534.270314975125	9.29008026683196e-10
124.64964964964966	0.2037544571176663	49446.44586248555	8.624282666803741e-10
124.92492492492492	0.20381084783200845	49358.77712384934	8.019785505767891e-10
125.2002002002002	0.20400891103906596	49271.26382298483	7.470656375116255e-10
125.47547547547548	0.20434285359807117	49183.90568429949	6.971615875749135e-10
125.75075075075075	0.2046407290293508	49096.70243268883	6.518307763838271e-10
126.02602602602603	0.20493378490001524	49009.65379353595	6.106672935332516e-10
126.30130130130131	0.20524799524318646	48922.75949271073	5.732960164329033e-10
126.57657657657658	0.2053937611732078	48836.01925656859	5.394058004069227e-10
126.85185185185186	0.20536321910176544	48749.43281195002	5.087062823413128e-10
127.12712712712714	0.20553420231036917	48662.99988618021	4.808770685617493e-10
127.4024024024024	0.2059162164202938	48576.72020706764	4.5563366876075334e-10
127.67767767767768	0.20610251371109395	48490.593502902695	4.327674905147959e-10
127.95295295295296	0.20612650882022154	48404.619502457506	4.120788209680053e-10
128.22822822822823	0.20629552689946495	48318.79793498536	3.933546586548009e-10
128.5035035035035	0.2066362638814977	48233.12853021947	3.764031511430856e-10
128.7787787787788	0.20704514336785446	48147.61101837201	3.610610459492575e-10
129.05405405405406	0.2073728873285004	48062.24513013326	3.471904486413224e-10
129.32932932932934	0.20754987073936088	47977.03059667092	3.3466795094142047e-10
129.60460460460462	0.2077091035612425	47891.96714962939	3.233715197331088e-10
129.87987987987987	0.2079364686349352	47807.05452112887	3.131858760166702e-10
130.15515515515517	0.2082153809961883	47722.29244376445	3.040078914932925e-10
130.43043043043042	0.20852828114767233	47637.680650605274	2.957450647982898e-10
130.70570570570572	0.20885966454939942	47553.21887519369	2.8831410564284444e-10
130.98098098098097	0.20916422162246764	47468.90685154445	2.8164073638804075e-10
131.25625625625628	0.20940401856062116	47384.74431414378	2.756580750215521e-10
131.53153153153153	0.2096538225906862	47300.73099794877	2.703028346559766e-10
131.80680680680683	0.20996630919548043	47216.86663838637	2.6551639320327825e-10
132.08208208208208	0.21023395387254343	47133.150971352625	2.612479825552661e-10
132.35735735735736	0.2104382766592729	47049.58373321166	2.5745142155131897e-10
132.63263263263264	0.21075291322638412	46966.164660795264	2.540816786424329e-10
132.9079079079079	0.21116344859849773	46882.89349140175	2.5109863472875673e-10
133.1831831831832	0.21145997831084293	46799.76996279506	2.484687599562835e-10
133.45845845845847	0.21168128372893344	46716.79381320409	2.461605968147027e-10
133.73373373373374	0.2119924934636307	46633.964781321956	2.441437360058098e-10
134.00900900900902	0.21230035937811587	46551.28260630501	2.4239162725489324e-10
134.2842842842843	0.21247004972606995	46468.74702777201	2.4088103855782733e-10
134.55955955955955	0.21258494679648943	46386.35778580341	2.3958995234384804e-10
134.83483483483485	0.21274937943476988	46304.114620940556	2.384977356161925e-10
135.1101101101101	0.2130045531752646	46222.017274184866	2.375856410218556e-10
135.3853853853854	0.21329906706756827	46140.065486996886	2.3683704203515835e-10
135.66066066066065	0.21348187262890178	46058.259001295526	2.362373291376403e-10
135.93593593593596	0.2135621827758359	45976.59755945721	2.357730080546057e-10
136.2112112112112	0.2136690716377419	45895.08090431527	2.354314744986693e-10
136.4864864864865	0.2138134072562228	45813.70877915898	2.3520134510462916e-10
136.76176176176176	0.2139813905887477	45732.48092773279	2.350723690860502e-10
137.03703703703704	0.21432190116567104	45651.39709423553	2.35035261585439e-10
137.31231231231232	0.2148795966171266	45570.457023319665	2.35081809392938e-10
137.5875875875876	0.21529612658281413	45489.66046009013	2.3520457885085837e-10
137.86286286286287	0.21542788674976615	45409.00715010371	2.3539654638860764e-10
138.13813813813815	0.21557666442744058	45328.49683936851	2.356514299123432e-10
138.41341341341342	0.21584543282512814	45248.129274343075	2.359636975318128e-10
138.6886886886887	0.21610624099093936	45167.9042019354	2.3632821821633595e-10
138.96396396396398	0.21630960969134527	45087.821369502155	2.367402449484985e-10
139.23923923923923	0.21647047454290153	45007.88052484797	2.371954722934561e-10
139.51451451451453	0.21666372280784432	44928.08141622468	2.376901422418724e-10
139.78978978978978	0.21694264431560148	44848.42379233057	2.3822099315145597e-10
140.06506506506508	0.21721294519888248	44768.90740230931	2.387848752971851e-10
140.34034034034033	0.21743129404062467	44689.53199574945	2.3937881827913735e-10
140.61561561561564	0.2177173904086095	44610.297322683495	2.400004386756688e-10
140.8908908908909	0.2180896403549489	44531.20313358727	2.4064765252195904e-10
141.1661661661662	0.2184271565450423	44452.24917937882	2.4131824287477463e-10
141.44144144144144	0.2187507127140012	44373.43521141798	2.4201025326133813e-10
141.71671671671672	0.21917061185879286	44294.76098150537	2.427222490476037e-10
141.991991991992	0.21960359072217098	44216.2262418817	2.434526872474212e-10
142.26726726726727	0.21991642576161824	44137.830745226864	2.441997400929377e-10
142.54254254254255	0.22015556338000666	44059.574244659285	2.4496188338805977e-10
142.81781781781783	0.22040381448205712	43981.45649373519	2.4573800407218085e-10
143.0930930930931	0.22071031546397737	43903.47724644779	2.4652726504736575e-10
143.36836836836838	0.22104852275639153	43825.63625722644	2.4732882614951217e-10
143.64364364364366	0.22129255339275938	43747.93328093584	2.4814149132342513e-10
143.9189189189189	0.22148832459694892	43670.36807287534	2.489643311688951e-10
144.1941941941942	0.221822155675011	43592.94038877828	2.497971678581603e-10
144.46946946946946	0.2221779478197035	43515.64998481106	2.506394357242579e-10
144.74474474474476	0.22232410319970147	43438.4966175722	2.5148978206152277e-10
145.02002002002	0.22238576854462777	43361.48004409189	2.5234742783771823e-10
145.29529529529532	0.22255388760572412	43284.60002183122	2.5321237124009073e-10
145.57057057057057	0.2228297675623505	43207.85630868135	2.540846248624984e-10
145.84584584584587	0.22317246653638045	43131.248662962666	2.549640547265028e-10
146.12112112112112	0.22353284741656645	43054.77684342406	2.558503590717474e-10
146.3963963963964	0.223851803207173	42978.44060924205	2.5674304248805385e-10
146.67167167167167	0.22406776334191147	42902.239720020174	2.576414211498692e-10
146.94694694694695	0.22422988479564393	42826.173935788254	2.585450623107498e-10
147.22222222222223	0.22444437569082143	42750.24301700157	2.5945398359912805e-10
147.4974974974975	0.22464975449983574	42674.44672454022	2.603679663438519e-10
147.77277277277278	0.2247539365405697	42598.784819708075	2.612864557925154e-10
148.04804804804806	0.2248445299668462	42523.25706423234	2.622092909004228e-10
148.32332332332334	0.22501597742060006	42447.863220262785	2.6313669773160934e-10
148.59859859859858	0.22526787774127596	42372.603050370875	2.6406888299460736e-10
148.8738738738739	0.22557145883561847	42297.476317548986	2.6500592344626994e-10
149.14914914914914	0.2258788174865031	42222.48278520977	2.6594770103738363e-10
149.42442442442444	0.22617658313589023	42147.62221718529	2.668940572317185e-10
149.6996996996997	0.22647474137738938	42072.89437772637	2.678448897634027e-10
149.974974974975	0.22669851980117942	41998.29903150176	2.6879980783252476e-10
150.25025025025025	0.2267700600108943	41923.835943597434	2.6975814514504283e-10
150.52552552552555	0.2268435881863796	41849.50487951596	2.7071992029746607e-10
150.8008008008008	0.227070403813052	41775.30560517583	2.7168576373791096e-10
151.07607607607608	0.22736210215366376	41701.23788691047	2.726558902394279e-10
151.35135135135135	0.22763421815073184	41627.30149146758	2.7363015232274576e-10
151.62662662662663	0.2278914391491831	41553.4961860084	2.7460843694669027e-10
151.9019019019019	0.2281465945744965	41479.821738107035	2.755906956784501e-10
152.17717717717719	0.22840621326691876	41406.2779157497	2.7657691290580906e-10
152.45245245245246	0.22861435517654005	41332.86448733392	2.775668455149557e-10
152.72772772772774	0.22869935232612215	41259.58122166783	2.7855997857959237e-10
153.00300300300302	0.2287721613963223	41186.42788796956	2.795563063146909e-10
153.2782782782783	0.2289673798279252	41113.404255866495	2.8055638364375305e-10
153.55355355355357	0.22921680737024253	41040.51009539446	2.815604304134746e-10
153.82882882882885	0.2294480217718732	40967.74517699696	2.8256834460661617e-10
154.10410410410412	0.22968990418901186	40895.10927152456	2.835801562508487e-10
154.37937937937937	0.22996145609461993	40822.60215023407	2.845959737628216e-10
154.65465465465465	0.23024991211625806	40750.22358478793	2.8561584294543333e-10
154.92992992992993	0.2305597287769122	40677.9733472534	2.866398255198047e-10
155.2052052052052	0.2309038561379322	40605.85121010187	2.876680336129012e-10
155.48048048048048	0.23122333777902926	40533.856946208165	2.8870031985950495e-10
155.75575575575576	0.23145495790140785	40461.99032884973	2.897362834923429e-10
156.03103103103103	0.23170097909877144	40390.25113170607	2.9077599982442473e-10
156.3063063063063	0.23202231264644066	40318.639128858	2.9181979873605993e-10
156.5815815815816	0.23221752563395295	40247.15409478679	2.9286711621505854e-10
156.85685685685687	0.2322584182387288	40175.795804373505	2.939173227242544e-10
157.13213213213214	0.2324809908410714	40104.56403289864	2.9497129812750165e-10
157.40740740740742	0.23292810688710008	40033.45855604116	2.9603002387584637e-10
157.6826826826827	0.23331542248431092	39962.479149877545	2.97093156739945e-10
157.95795795795797	0.2335844040086858	39891.62559088123	2.9816013424086126e-10
158.23323323323325	0.23382595661589956	39820.89765592206	2.9923084555943037e-10
158.50850850850853	0.23408139745736234	39750.295122265554	3.0030537222412486e-10
158.7837837837838	0.23434614236511295	39679.81776757211	3.013837691383763e-10
159.05905905905905	0.23452344006972817	39609.46536989628	3.0246566319441363e-10
159.33433433433433	0.234588389674762	39539.23770768612	3.0355060951475665e-10
159.6096096096096	0.23471225867638032	39469.13455978269	3.046389619719035e-10
159.88488488488488	0.23497517223509057	39399.15570541914	3.057313949218237e-10
160.16016016016016	0.23530300139433935	39329.30092422008	3.068281901933968e-10
160.43543543543544	0.23558348443548435	39259.569996200735	3.0792910533505626e-10
160.7107107107107	0.2357048292226141	39189.96270176625	3.0903342563964106e-10
160.985985985986	0.23574454424395128	39120.478821711244	3.1014085331463885e-10
161.26126126126127	0.23584842413998724	39051.11813721907	3.1125177277615887e-10
161.53653653653654	0.23604429044325154	38981.88042986112	3.123666567849353e-10
161.81181181181182	0.23628565821449685	38912.76548159598	3.134857242435223e-10
162.0870870870871	0.23642079978178882	38843.77307476876	3.1460848988641126e-10
162.36236236236238	0.23643345189826281	38774.90299211042	3.157344436083696e-10
162.63763763763765	0.2365479080230767	38706.15501673737	3.1686414321970775e-10
162.91291291291293	0.2368196810917159	38637.52893215063	3.179983457716932e-10
163.1881881881882	0.23712270345542147	38569.0245222349	3.191371610718922e-10
163.46346346346348	0.2374314672480352	38500.64157125812	3.2028057325010363e-10
163.73873873873873	0.23776855310770112	38432.379863870745	3.214286732189962e-10
164.014014014014	0.23804365879002118	38364.23918510493	3.225811295920707e-10
164.2892892892893	0.23818761696887944	38296.21932037398	3.2373732657310586e-10
164.56456456456456	0.2383477608345617	38228.32005547174	3.24897391248509e-10
164.83983983983984	0.23860348552753602	38160.54117657195	3.2606180729545333e-10
165.11511511511512	0.23880560939305256	38092.882470227334	3.2723031924767044e-10
165.3903903903904	0.23890365108557593	38025.343723369064	3.2840246331543494e-10
165.66566566566567	0.23900070622988906	37957.924723306125	3.295783042119094e-10
165.94094094094095	0.2391586234825466	37890.625257724714	3.3075819103921007e-10
166.21621621621622	0.23939273709992595	37823.44511468745	3.319425117937795e-10
166.4914914914915	0.2396597530046649	37756.38408263271	3.331314138798952e-10
166.76676676676678	0.23990723215151774	37689.44195037393	3.3432478425774825e-10
167.04204204204206	0.2401604659029468	37622.61850709901	3.355226424956086e-10
167.31731731731733	0.24044165253560845	37555.91354236965	3.367251132360411e-10
167.5925925925926	0.2407102624372633	37489.32684612064	3.379321175849902e-10
167.8678678678679	0.24089755720902534	37422.85820865916	3.3914325831847135e-10
168.14314314314316	0.24091839479811478	37356.50742066409	3.4035777215890345e-10
168.4184184184184	0.24093459274172743	37290.27427318562	3.415757490249718e-10
168.6936936936937	0.24128996697602284	37224.158557644696	3.4279892441687227e-10
168.96896896896897	0.2417802082886331	37158.16006583193	3.440278773365028e-10
169.24424424424424	0.24198382889765427	37092.278589906724	3.4526109317575606e-10
169.51951951951952	0.2420853050745358	37026.51392239714	3.4649810514029446e-10
169.7947947947948	0.24234792875521588	36960.865856199314	3.4773977415570917e-10
170.07007007007007	0.2426015990481519	36895.33418457647	3.48986047525394e-10
170.34534534534535	0.24270862767573848	36829.918701158254	3.5023620693518017e-10
170.62062062062063	0.24276127331031877	36764.619199940294	3.514900595793205e-10
170.8958958958959	0.24285892786506164	36699.435475283564	3.527479213353195e-10
171.17117117117118	0.24307207341850695	36634.367321913705	3.5401042483844866e-10
171.44644644644646	0.24337877187623047	36569.41453492034	3.5527803252765943e-10
171.72172172172174	0.24368968096234006	36504.57690975628	3.565507197733509e-10
171.996996996997	0.24390552690683606	36439.85424223691	3.578279734181507e-10
172.2722722722723	0.2439736313885937	36375.24632853961	3.591090715894836e-10
172.54754754754757	0.24404906403195337	36310.75296520332	3.603941407694116e-10
172.82282282282284	0.24427424025771224	36246.37394912782	3.616840089403445e-10
173.0980980980981	0.24463070845177864	36182.109077573004	3.6297932962532336e-10
173.37337337337337	0.24502892050931552	36117.95814815814	3.642802415209429e-10
173.64864864864865	0.24531736085218328	36053.92095886117	3.6558610672913685e-10
173.92392392392392	0.2454785545837174	35989.99730801824	3.668962657891546e-10
174.1991991991992	0.24562238502877798	35926.18699432315	3.682106853880244e-10
174.47447447447448	0.24587917149327537	35862.48981682676	3.6952999989348805e-10
174.74974974974975	0.2463254667626163	35798.90557493626	3.708551711268171e-10
175.02502502502503	0.24670690721075592	35735.434068414295	3.7218576444308565e-10
175.3003003003003	0.2468271425398851	35672.07509737834	3.7352038573088886e-10
175.57557557557558	0.2469971499736415	35608.82846230057	3.748593830559491e-10
175.85085085085086	0.24738283573720193	35545.69396400707	3.762039247316023e-10
176.12612612612614	0.24771774981385652	35482.67140367687	3.7755368529685354e-10
176.40140140140142	0.24789027892600854	35419.76058284134	3.789077971909066e-10
176.6766766766767	0.2480111121231435	35356.961303383905	3.802660583134406e-10
176.95195195195197	0.2481742688183347	35294.27336753932	3.8162877791020433e-10
177.22722722722725	0.2484314680648321	35231.69657789304	3.829965046612082e-10
177.50250250250252	0.24867945272001413	35169.23073738046	3.8436919259365707e-10
177.77777777777777	0.24880870405856503	35106.87564928629	3.857462282163174e-10
178.05305305305305	0.2489357220380253	35044.631117244084	3.871276753290076e-10
178.32832832832833	0.24913585242255631	34982.49694523568	3.885139897873985e-10
178.6036036036036	0.24926890225243004	34920.47293759031	3.899048412717215e-10
178.87887887887888	0.24933189570341577	34858.558898984156	3.912999193982411e-10
179.15415415415416	0.249536331032086	34796.75463443991	3.927000711266021e-10
179.42942942942943	0.24980720996376307	34735.05994932589	3.9410565824890874e-10
179.7047047047047	0.24986237820898466	34673.47464935525	3.9551549960063705e-10
179.97997997998	0.24987638450208444	34611.99854058577	3.96929472795372e-10
180.25525525525526	0.2501627786670692	34550.63142941941	3.9834915438459234e-10
180.53053053053054	0.25051626631244844	34489.37312260123	3.997748539425862e-10
180.80580580580582	0.25069518988084694	34428.223427218654	4.0120554550470643e-10
181.0810810810811	0.2508183251029589	34367.18215070124	4.026409550375908e-10
181.35635635635637	0.25101143212166244	34306.2491008202	4.040815219983434e-10
181.63163163163165	0.2512974982579183	34245.42408568752	4.0552776743990773e-10
181.90690690690693	0.2515957262153769	34184.706913755355	4.069797190393523e-10
182.1821821821822	0.2517427067565376	34124.09739381535	4.0843650865013156e-10
182.45745745745745	0.25177016005331	34063.59533499812	4.098975346631472e-10
182.73273273273273	0.2518217611045246	34003.20054677292	4.113630508851947e-10
183.008008008008	0.25192375062327566	33942.91283894683	4.1283343105444847e-10
183.28328328328328	0.2520492419934848	33882.73202166413	4.1430886274656686e-10
183.55855855855856	0.25214967878382555	33822.65790540568	4.157892460253051e-10
183.83383383383384	0.2522249795216832	33762.69030098832	4.172744926390016e-10
184.1091091091091	0.25238734049783224	33702.82901956449	4.187651524219949e-10
184.3843843843844	0.25264974365352366	33643.07387262148	4.202617929421092e-10
184.65965965965967	0.25288081469305235	33583.42467198065	4.2176418639922577e-10
184.93493493493494	0.2530262524152923	33523.88122979698	4.2327182485100574e-10
185.21021021021022	0.25310754560637705	33464.44335855847	4.2478437689032587e-10
185.4854854854855	0.2531900010667506	33405.11087108575	4.263019178323938e-10
185.76076076076077	0.25333556544762575	33345.88358053133	4.278248692822783e-10
186.03603603603605	0.2534935457353349	33286.76130037898	4.293533216481394e-10
186.31131131131133	0.2536153055269814	33227.743844443095	4.308870796892731e-10
186.5865865865866	0.25374685915606876	33168.83102686826	4.3242623465982115e-10
186.86186186186188	0.253906173324412	33110.022662128606	4.339709737502323e-10
187.13713713713713	0.25404404490587523	33051.31856502718	4.355211826528629e-10
187.4124124124124	0.2542128931060016	32992.71855069538	4.3707706467916803e-10
187.68768768768768	0.25454871409702284	32934.22243459261	4.3863959395146363e-10
187.96296296296296	0.2549151878852096	32875.83003250527	4.4020885111191926e-10
188.23823823823824	0.2550679067368864	32817.54116054615	4.417834836479198e-10
188.51351351351352	0.2551422372406738	32759.355635154174	4.4336307653015727e-10
188.7887887887888	0.25534393599626204	32701.27327309403	4.449484686912953e-10
189.06406406406407	0.255630732137037	32643.293891455178	4.4654016383784516e-10
189.33933933933935	0.2558991362817837	32585.417307651307	4.4813800378182364e-10
189.61461461461462	0.25603461854341286	32527.64333941971	4.497411712727199e-10
189.8898898898899	0.2560830660918883	32469.97180482085	4.5134921013408235e-10
190.16516516516518	0.25627376388093037	32412.402522238088	4.529630797050524e-10
190.44044044044045	0.2565705490503664	32354.935310376757	4.5458342398171296e-10
190.71571571571573	0.25675789335284216	32297.569988263353	4.5620953042797146e-10
190.990990990991	0.2568851991403809	32240.306375245316	4.578410611508939e-10
191.26626626626629	0.2570940344883106	32183.144290990564	4.594785688403957e-10
191.54154154154156	0.2573734724684435	32126.083555486744	4.6112248378648625e-10
191.8168168168168	0.25765581915345454	32069.12398904058	4.6277278308873126e-10
192.0920920920921	0.25783818691319416	32012.265412277287	4.6442882407243053e-10
192.36736736736736	0.25793347966316454	31955.507646140122	4.660901134978418e-10
192.64264264264264	0.25813110785654686	31898.85051189005	4.677573692914968e-10
192.91791791791792	0.25839374237880336	31842.293831104907	4.694310064228271e-10
193.1931931931932	0.25848635884424276	31785.8374256786	4.711099549453118e-10
193.46846846846847	0.2585123957736956	31729.481117820927	4.727938981672477e-10
193.74374374374375	0.25872299218396394	31673.224730057264	4.74484105723302e-10
194.01901901901903	0.2590528647319435	31617.06808522754	4.761813097131585e-10
194.2942942942943	0.25935006100155694	31561.01100648564	4.778852230905299e-10
194.56956956956958	0.2595453826047363	31505.0533172989	4.795951614758429e-10
194.84484484484486	0.25962930657622896	31449.194841447636	4.813104569564847e-10
195.12012012012013	0.2596753961191336	31393.435403024716	4.830309758772146e-10
195.3953953953954	0.25977782672373084	31337.774826435005	4.847571920029033e-10
195.6706706706707	0.2600334984734587	31282.21293639485	4.864901406106042e-10
195.94594594594597	0.26039487105904846	31226.74955793131	4.882304482915511e-10
196.22122122122124	0.26071698889002615	31171.384516381506	4.899777591899822e-10
196.4964964964965	0.26091545876132116	31116.117637392123	4.91731222835774e-10
196.77177177177177	0.26097627410043445	31060.948746918937	4.934899939471024e-10
197.04704704704704	0.26106159258272693	31005.87767122657	4.952543558334388e-10
197.32232232232232	0.26126670000911245	30950.904236887778	4.970251733155188e-10
197.5975975975976	0.26141715555961875	30896.028270782597	4.988021001084931e-10
197.87287287287288	0.26146334659928955	30841.249600097963	5.00584510157594e-10
198.14814814814815	0.26158775565515313	30786.568052327402	5.023730255564228e-10
198.42342342342343	0.26179674652346757	30731.98345527037	5.041682447375157e-10
198.6986986986987	0.2619402945829464	30677.495637031407	5.059697295079677e-10
198.97397397397398	0.26205795710269225	30623.104426019905	5.077773492463099e-10
199.24924924924926	0.2622686966125363	30568.80965094962	5.095917672241586e-10
199.52452452452454	0.2625353667130763	30514.611140838013	5.114133342664179e-10
199.7997997997998	0.2628067559567327	30460.508725005577	5.132420295852338e-10
200.0750750750751	0.26314748743660893	30406.50223307555	5.150782635395279e-10
200.35035035035037	0.2635642808945501	30352.591494973265	5.169224493181611e-10
200.62562562562564	0.26392099910535305	30298.776340925404	5.187740562019781e-10
200.90090090090092	0.26416650197910524	30245.0566014596	5.206322749778735e-10
201.17617617617617	0.2643555507620681	30191.432107404045	5.224967526569967e-10
201.45145145145145	0.26446155374517	30137.90268988683	5.243669999062592e-10
201.72672672672672	0.26443101799795543	30084.46818033539	5.26242224944536e-10
202.002002002002	0.26443939124371496	30031.128410476304	5.281229020136611e-10
202.27727727727728	0.26467548960351084	29977.88321233476	5.300107265539866e-10
202.55255255255256	0.26500334651979673	29924.732418233594	5.319062932199093e-10
202.82782782782783	0.26527238988402924	29871.67586079272	5.33809115106278e-10
203.1031031031031	0.2654813843610786	29818.713372928814	5.357187534245977e-10
203.3783783783784	0.26567693281964827	29765.844787854887	5.376351377372414e-10
203.65365365365366	0.26593670426550725	29713.069939079764	5.395587383815186e-10
203.92892892892894	0.26622383485763157	29660.388660407414	5.414897244676736e-10
204.20420420420422	0.2664182557414775	29607.800785936317	5.4342742528943e-10
204.4794794794795	0.26655381532445593	29555.306150059136	5.453714799247903e-10
204.75475475475477	0.26672865926494943	29502.904587462308	5.473222471786889e-10
205.03003003003005	0.2669491679612422	29450.595933125398	5.492800929947791e-10
205.30530530530532	0.2671857156735693	29398.380022320507	5.512451401180619e-10
205.5805805805806	0.26738844922784283	29346.256690611735	5.532171537247702e-10
205.85585585585588	0.2675356204142261	29294.225773854705	5.551957760572861e-10
206.13113113113113	0.2676608330189681	29242.287108196124	5.571809267208878e-10
206.4064064064064	0.26781247996192536	29190.440530073272	5.591728763004302e-10
206.68168168168168	0.26803548325099275	29138.685876213516	5.61172184198337e-10
206.95695695695696	0.26821576071964737	29087.02298363355	5.631785456784061e-10
207.23223223223223	0.2681950723353448	29035.451689638776	5.651905726478861e-10
207.5075075075075	0.26820329171822127	28983.97183182343	5.67208664283708e-10
207.7827827827828	0.2685069948733673	28932.583248070096	5.69235075478636e-10
208.05805805805807	0.268939450462694	28881.285776548553	5.71270624338414e-10
208.33333333333334	0.2693089658240784	28830.07925571522	5.733146694130497e-10
208.60860860860862	0.2695871981428417	28778.963524312898	5.753664409050259e-10
208.8838838838839	0.26980596255096173	28727.938421370345	5.774254873456707e-10
209.15915915915917	0.27004584765685985	28677.003786201847	5.794919924393845e-10
209.43443443443445	0.2703492821844101	28626.159458406677	5.815664294253865e-10
209.70970970970973	0.2707126500358539	28575.40527786847	5.836491955147833e-10
209.984984984985	0.2710302527599337	28524.741084754634	5.85739877879098e-10
210.26026026026028	0.27118954375911913	28474.166719515735	5.878372927935185e-10
210.53553553553556	0.2712827154704475	28423.6820228854	5.899410667633841e-10
210.8108108108108	0.27142235747005944	28373.286835879844	5.920516960997312e-10
211.08608608608608	0.27161096622867426	28322.980999797106	5.941696421254457e-10
211.36136136136136	0.27176697149884665	28272.764356216532	5.962947157793116e-10
211.63663663663664	0.27171297557348	28222.63674699806	5.984254405536388e-10
211.91191191191191	0.2715338703538152	28172.598014282135	6.005611365920379e-10
212.1871871871872	0.27155885008203207	28122.648000489633	6.027036489381319e-10
212.46246246246247	0.2717909325371628	28072.786548320826	6.048546409547148e-10
212.73773773773775	0.27205145236735767	28023.013500754598	6.070142565572889e-10
213.01301301301302	0.27233361993485844	27973.32870104823	6.091825764126061e-10
213.2882882882883	0.27266491769217305	27923.73199273698	6.113598828461654e-10
213.56356356356358	0.27296479253644274	27874.223219633364	6.135458222795846e-10
213.83883883883885	0.2731604442673179	27824.802225826716	6.157395337656247e-10
214.11411411411413	0.2732448292824377	27775.468855682782	6.179402034686947e-10
214.3893893893894	0.27328198984001967	27726.222953843382	6.201475996179386e-10
214.66466466466468	0.27340528524688046	27677.064365225982	6.223625370571835e-10
214.93993993993996	0.2736057972563901	27627.99293502302	6.245856732524485e-10
215.21521521521524	0.27378097980251215	27579.008508701234	6.268168073232864e-10
215.4904904904905	0.2739842766436294	27530.110932001466	6.290561760968162e-10
215.76576576576576	0.27428828494971325	27481.300050938156	6.313045538826658e-10
216.04104104104104	0.2745187380925058	27432.5757117985	6.335612812737542e-10
216.31631631631632	0.2745618226123065	27383.937761142042	6.35824893184736e-10
216.5915915915916	0.2746342807620744	27335.386045800715	6.380957818853343e-10
216.86686686686687	0.27487348271947204	27286.920412878295	6.403753711530271e-10
217.14214214214215	0.27521048069243226	27238.540709749504	6.426643865697975e-10
217.41741741741743	0.27553753332029834	27190.246784059513	6.449626286896276e-10
217.6926926926927	0.27574024717006307	27142.03848372342	6.472690234880228e-10
217.96796796796798	0.2758433881392715	27093.915656926012	6.495828187300124e-10
218.24324324324326	0.27594043498326704	27045.878152121422	6.519040916270469e-10
218.51851851851853	0.2760471016052531	26997.925818032487	6.5423303820726e-10
218.7937937937938	0.2761577838816449	26950.058503650263	6.565697903640806e-10
219.0690690690691	0.27628805592502903	26902.276058233594	6.589145924546729e-10
219.34434434434436	0.2764468848916139	26854.578331308585	6.612677360740649e-10
219.61961961961964	0.2766231061244915	26806.96517266813	6.636293932291219e-10
219.89489489489492	0.2768381316252834	26759.436432371484	6.659998925723386e-10
220.17017017017017	0.2771431439427971	26711.991960743853	6.683799429859642e-10
220.44544544544544	0.2774277821708812	26664.63160837561	6.707692813137162e-10
220.72072072072072	0.27749774220727647	26617.35522612171	6.731660983359211e-10
220.995995995996	0.277423142196654	26570.162665101627	6.755693671701681e-10
221.27127127127127	0.2773682392122006	26523.053776699144	6.77979523957377e-10
221.54654654654655	0.2773932254379048	26476.02841256163	6.803974506616573e-10
221.82182182182183	0.27749364213523203	26429.086424599507	6.828238944889251e-10
222.0970970970971	0.27757597053324007	26382.227664985567	6.852587483590788e-10
222.37237237237238	0.27763243947107963	26335.451986154698	6.877018563871967e-10
222.64764764764766	0.27779421521172387	26288.759240803687	6.901541740207227e-10
222.92292292292294	0.27806250667787263	26242.149281890484	6.926165617687695e-10
223.1981981981982	0.2783216327836979	26195.621962633526	6.950888188951952e-10
223.4734734734735	0.2785663675174795	26149.177136511516	6.97570728359578e-10
223.74874874874877	0.27884841172650326	26102.81465726303	7.000625373632018e-10
224.02402402402404	0.27918045361039395	26056.534378885983	7.025645761557913e-10
224.29929929929932	0.2795525890152783	26010.336155637164	7.05077057652281e-10
224.5745745745746	0.27992608113914164	25964.21984203167	7.075998461176572e-10
224.84984984984985	0.280264132915603	25918.1852928425	7.101325131083799e-10
225.12512512512512	0.28054420137887787	25872.232363100087	7.126744921289399e-10
225.4004004004004	0.28075985690075705	25826.36090809189	7.152252317978794e-10
225.67567567567568	0.28092202751001	25780.570783361985	7.177843424381494e-10
225.95095095095095	0.2810537788199287	25734.861844710595	7.203516814641117e-10
226.22622622622623	0.28118048076502483	25689.233948193672	7.229273447688288e-10
226.5015015015015	0.28128953183889643	25643.686950122355	7.25511311332037e-10
226.77677677677679	0.28136456999676224	25598.22070706252	7.28103423877476e-10
227.05205205205206	0.28143769122207135	25552.83507583443	7.307038254052671e-10
227.32732732732734	0.2815699538523445	25507.529913512317	7.333131776954329e-10
227.60260260260262	0.281857725982574	25462.305077424004	7.359329119302967e-10
227.8778778778779	0.28222318768741333	25417.160425150152	7.385636148198649e-10
228.15315315315317	0.2823573811828766	25372.095814523316	7.41203092545137e-10
228.42842842842845	0.2822849490324795	25327.111103628165	7.438496285099685e-10
228.70370370370372	0.2823092606833535	25282.206150801587	7.465043917902543e-10
228.978978978979	0.28251591147613553	25237.380814631815	7.491691774260709e-10
229.25425425425428	0.28284565758992625	25192.634953957702	7.518450484385318e-10
229.52952952952953	0.28311587855394965	25147.96842786801	7.545313189665591e-10
229.8048048048048	0.28320394968577106	25103.381095701105	7.572262905382559e-10
230.08008008008008	0.2832722335369611	25058.872817045067	7.599299244296477e-10
230.35535535535536	0.2834286860766999	25014.44345173715	7.626431616728972e-10
230.63063063063063	0.2835997789648353	24970.092859862973	7.653661732271648e-10
230.9059059059059	0.28377046305836184	24925.820901756204	7.680989779573699e-10
231.1811811811812	0.28400244734620295	24881.627437998264	7.70842157319814e-10
231.45645645645646	0.2842961838000944	24837.51232941778	7.735962333435873e-10
231.73173173173174	0.28459708249045684	24793.475437090005	7.763611729586618e-10
232.00700700700702	0.28477233226219567	24749.51662233625	7.791357351859478e-10
232.2822822822823	0.28475342070101206	24705.63574672357	7.819181999071727e-10
232.55755755755757	0.28482321094091345	24661.832672065026	7.847096585883339e-10
232.83283283283285	0.2851269946639794	24618.107260419023	7.875124204450464e-10
233.10810810810813	0.2853402663540046	24574.459374087848	7.903255200643962e-10
233.3833833833834	0.2853630618410575	24530.88887561771	7.931471811640027e-10
233.65865865865868	0.28546020080917855	24487.395627799113	7.959783090933907e-10
233.93393393393396	0.28566728077655196	24443.979493665902	7.988200391361034e-10
234.2092092092092	0.2858345785791708	24400.640336494438	8.016719730864801e-10
234.48448448448448	0.2860070904113673	24357.378019803597	8.045341874878451e-10
234.75975975975976	0.2862866574271958	24314.192407354483	8.074077152517299e-10
235.03503503503504	0.2865685205524494	24271.083363149504	8.102924810764456e-10
235.3103103103103	0.28675119196022303	24228.05075143199	8.131874606909226e-10
235.5855855855856	0.2869098634867469	24185.094436686126	8.16092471328801e-10
235.86086086086087	0.28709605711931635	24142.214283636506	8.190078478852273e-10
236.13613613613614	0.28727268670708805	24099.41015724745	8.219335350070827e-10
236.41141141141142	0.28739486104012335	24056.681922722637	8.248690574356761e-10
236.6866866866867	0.2874251362903057	24014.029445504646	8.278136398684201e-10
236.96196196196198	0.28740397919258953	23971.452591274716	8.307669929268903e-10
237.23723723723725	0.28741567182236777	23928.95122595243	8.337296805932731e-10
237.51251251251253	0.28751536478608214	23886.52521569523	8.367027391943956e-10
237.7877877877878	0.2877159289942644	23844.174426897884	8.39687212202515e-10
238.06306306306308	0.28792223957473534	23801.898726191837	8.426830946865452e-10
238.33833833833836	0.288077640813542	23759.697980444867	8.456898319420906e-10
238.61361361361364	0.28825175058747865	23717.572056760968	8.487076248033942e-10
238.88888888888889	0.28847541135680166	23675.520822479844	8.517369595228838e-10
239.16416416416416	0.2887092230123026	23633.544145176296	8.547778799116734e-10
239.43943943943944	0.28888265472291424	23591.641892659773	8.578297298645769e-10
239.71471471471472	0.2889292884775876	23549.813932973942	8.608912751586863e-10
239.98998998999	0.28897869464175163	23508.06013439673	8.639627261510989e-10
240.26526526526527	0.2891980341823664	23466.380365439996	8.670459461112333e-10
240.54054054054055	0.2895072042108167	23424.77449484856	8.701417768198632e-10
240.81581581581582	0.28977127687966703	23383.24239159964	8.732496060987986e-10
241.0910910910911	0.28989420596662757	23341.783924902542	8.763679301787811e-10
241.36636636636638	0.2899026595800792	23300.398964198524	8.794957000382408e-10
241.64164164164166	0.28999661156407097	23259.087379160792	8.826340281276236e-10
241.91691691691693	0.29020007877952203	23217.849039693683	8.857841428802238e-10
242.1921921921922	0.2903692649351488	23176.68381593187	8.889456605611362e-10
242.4674674674675	0.2905276005776912	23135.59157824033	8.921184888237924e-10
242.74274274274276	0.29076772321262606	23094.572197214122	8.953035043965245e-10
243.01801801801804	0.29098708313915994	23053.62554367747	8.985004263582846e-10
243.29329329329332	0.29107805747639864	23012.75148868341	9.017078993161877e-10
243.56856856856857	0.291145032228515	22971.949903513818	9.049258184964312e-10
243.84384384384384	0.2912526241806165	22931.220659678962	9.08154768437117e-10
244.11911911911912	0.29130756364180915	22890.563628916694	9.113942940224605e-10
244.3943943943944	0.2913466292588084	22849.97868319237	9.146443841156226e-10
244.66966966966967	0.2915633897234386	22809.465694698843	9.179070669442371e-10
244.94494494494495	0.2918731678939284	22769.024535855362	9.211832405962321e-10
245.22022022022023	0.29202478061885107	22728.65507930676	9.244710464304977e-10
245.4954954954955	0.2921042750202917	22688.35719792388	9.277697672244118e-10
245.77077077077078	0.2922972296959942	22648.130764803424	9.310807502379231e-10
246.04604604604606	0.2925638089876258	22607.975653267014	9.34404760936521e-10
246.32132132132134	0.2928231201263507	22567.891736860678	9.37741613141065e-10
246.5965965965966	0.29303937498406885	22527.878889354535	9.410907652535872e-10
246.8718718718719	0.2931960670316826	22487.9369847425	9.444515692867227e-10
247.14714714714717	0.2932968944169392	22448.065897241908	9.478235007544758e-10
247.42242242242244	0.2933794719209934	22408.26550129318	9.51206510366472e-10
247.69769769769772	0.2935036932082344	22368.535671559515	9.546012094012565e-10
247.972972972973	0.29365933056211163	22328.876282926336	9.58008028659028e-10
248.24824824824825	0.29379600609768136	22289.287210500752	9.614268018763489e-10
248.52352352352352	0.2938620737066298	22249.76832961118	9.648568223548525e-10
248.7987987987988	0.2938461638787711	22210.319515807038	9.682973485101038e-10
249.07407407407408	0.2938621079394981	22170.940644858725	9.717489868395283e-10
249.34934934934935	0.2939904063719285	22131.63159275708	9.752131648028087e-10
249.62462462462463	0.2942044020325329	22092.392235712763	9.786908471113045e-10
249.8998998998999	0.29443939799029023	22053.222450155754	9.82182168240926e-10
250.17517517517518	0.2946057668848803	22014.12211273488	9.85686252549302e-10
250.45045045045046	0.29467929075213106	21975.091100317622	9.892020654091805e-10
250.72572572572574	0.29468919139004646	21936.129289989833	9.927290307924067e-10
251.00100100100101	0.29471117979055533	21897.236559055502	9.962674995843404e-10
251.2762762762763	0.2948099898671863	21858.41278503635	9.998185161123245e-10
251.55155155155157	0.294930890182638	21819.657845671092	1.0033823829665858e-09
251.82682682682685	0.29504298142610474	21780.971618915144	1.0069590203677823e-09
252.10210210210212	0.29523600445752485	21742.35398294055	1.0105493879606083e-09
252.3773773773774	0.2954802310965692	21703.80481613528	1.0141539951191227e-09
252.65265265265268	0.29556884625026186	21665.32399710237	1.0177709217271813e-09
252.92792792792793	0.295549623401665	21626.91140466021	1.0213990368567049e-09
253.2032032032032	0.29567168567170643	21588.566917842738	1.0250402294185313e-09
253.47847847847848	0.295902982137155	21550.29041589828	1.0286957928357944e-09
253.75375375375376	0.296100570512368	21512.081778288866	1.032365208183363e-09
254.02902902902903	0.29633644575535195	21473.940884690455	1.0360488659752298e-09
254.3043043043043	0.29666523825600105	21435.867614992487	1.0397477548044686e-09
254.5795795795796	0.2968927671584142	21397.861849296805	1.043460471931544e-09
254.85485485485486	0.296925287239104	21359.92346791761	1.0471846902639669e-09
255.13013013013014	0.2969218129495592	21322.05235138171	1.0509202487417164e-09
255.40540540540542	0.2970114441889913	21284.248380428115	1.0546685379352612e-09
255.6806806806807	0.29725043843878407	21246.511436007462	1.058431451379929e-09
255.95595595595597	0.29753294366954425	21208.84139928117	1.062209397019963e-09
256.2312312312313	0.2976819324826652	21171.23815162086	1.0660006256196162e-09
256.5065065065065	0.29774228862320445	21133.701574608585	1.0698041465235283e-09
256.7817817817818	0.2978256719078865	21096.23155003672	1.0736204374250212e-09
257.0570570570571	0.2979589427252052	21058.827959907245	1.077450246331691e-09
257.3323323323324	0.29813846140747974	21021.490686431363	1.081294191344238e-09
257.60760760760763	0.2983371482308572	20984.219612029097	1.0851524927514489e-09
257.8828828828829	0.29852370393696553	20947.014619328787	1.0890249697755708e-09
258.15815815815813	0.29866812050023045	20909.87559116682	1.092911104383544e-09
258.43343343343344	0.29878651727814104	20872.802410587326	1.0968106457344267e-09
258.70870870870874	0.2989279321920129	20835.794960841995	1.1007239816243842e-09
258.983983983984	0.2990990801641479	20798.853125389505	1.1046515408410584e-09
259.25925925925924	0.2992822129263842	20761.97678789513	1.1085934866304488e-09
259.53453453453454	0.29944713188093286	20725.165832230305	1.1125495947190121e-09
259.80980980980985	0.2995879287894432	20688.420142472347	1.1165196016059898e-09
260.0850850850851	0.2997745741580593	20651.73960290433	1.120504154421643e-09
260.36036036036035	0.2999998607099705	20615.124098014458	1.1245037368935634e-09
260.63563563563565	0.30011554361719783	20578.57351249529	1.1285169217876513e-09
260.91091091091096	0.30016019073118017	20542.08773124397	1.1325429494563244e-09
261.1861861861862	0.3003509521948161	20505.66663936238	1.136583897815097e-09
261.46146146146145	0.3006211975827891	20469.31012215589	1.1406407514371299e-09
261.73673673673676	0.30076856652292133	20433.018065132626	1.1447118133370535e-09
262.01201201201206	0.30088421888370076	20396.790354003977	1.1487967635856624e-09
262.2872872872873	0.3010872499266615	20360.626874684363	1.1528968479381988e-09
262.56256256256256	0.3012028615921837	20324.527513289922	1.1570109268891291e-09
262.8378378378378	0.3011558273501181	20288.492156138476	1.1611370427206661e-09
263.1131131131131	0.30120356762823897	20252.5206897502	1.1652768001491365e-09
263.3883883883884	0.30138664781531066	20216.613000846606	1.1694321342430427e-09
263.66366366366367	0.3014413341725347	20180.76897634925	1.1736013291122759e-09
263.9389389389389	0.30142789071715476	20144.98850338032	1.1777836710940101e-09
264.2142142142142	0.30162842167871956	20109.271469263054	1.1819822196115004e-09
264.48948948948953	0.30195537676826595	20073.617761520207	1.186198516765012e-09
264.7647647647648	0.3021820710325236	20038.027267873244	1.1904309470026237e-09
265.04004004004	0.30226185313641507	20002.49987624253	1.1946774898057528e-09
265.31531531531533	0.3022538750105071	19967.035474747347	1.1989371634785118e-09
265.59059059059064	0.3023580151560061	19931.63395170597	1.2032117608243845e-09
265.8658658658659	0.3026305198096933	19896.295195634913	1.2075036052669407e-09
266.14114114114113	0.30287011731775704	19861.019095247655	1.211812056791773e-09
266.41641641641644	0.30293487790053397	19825.80553945455	1.2161346661976653e-09
266.69169169169174	0.3027828524768402	19790.654417362806	1.2204687334161907e-09
266.966966966967	0.30258965448558134	19755.565618276753	1.2248142594740355e-09
267.24224224224224	0.30260543870981077	19720.53903169784	1.2291746234839976e-09
267.5175175175175	0.30277650923012345	19685.574547323267	1.2335520636868522e-09
267.7927927927928	0.3029622155650571	19650.67205504532	1.2379466376591053e-09
268.0680680680681	0.3030951774687952	19615.83144495131	1.2423574859101637e-09
268.34334334334335	0.30318176012895315	19581.05260732346	1.2467839508463153e-09
268.6186186186186	0.3033391597100344	19546.335432638884	1.2512270719678075e-09
268.8938938938939	0.3035672012979451	19511.679811568876	1.2556877648235145e-09
269.1691691691692	0.3037206251834104	19477.085634978124	1.260164833835498e-09
269.44444444444446	0.30380677866583583	19442.552793924824	1.2646573424461929e-09
269.7197197197197	0.303927639321465	19408.081179660654	1.2691658949467754e-09
269.994994994995	0.30400017131404455	19373.670683629836	1.273689869955664e-09
270.2702702702703	0.30393097477253106	19339.321197468747	1.2782274243920246e-09
270.54554554554556	0.3039394864857056	19305.032613006642	1.2827800282659855e-09
270.8208208208208	0.30417834510097347	19270.804822265087	1.2873511223655967e-09
271.0960960960961	0.30443510534643126	19236.63771745636	1.2919407273511612e-09
271.3713713713714	0.30459919430955534	19202.5311909835	1.2965473047139745e-09
271.6466466466467	0.3047879482664776	19168.485135440715	1.301171184100598e-09
271.9219219219219	0.30501706979979887	19134.499443612676	1.305812885929003e-09
272.19719719719717	0.30520744880928224	19100.5740084739	1.310471743178177e-09
272.4724724724725	0.3054314041220121	19066.70872318889	1.3151482178464749e-09
272.7477477477478	0.3057971730756678	19032.903481111985	1.3198442785894413e-09
273.02302302302303	0.3061334890615004	18999.158175785993	1.3245591854561905e-09
273.2982982982983	0.3062641642058826	18965.472700941846	1.3292897536958363e-09
273.5735735735736	0.3062915994585314	18931.846950499243	1.334034694127312e-09
273.8488488488489	0.3063376377229865	18898.28081856641	1.3387946584008408e-09
274.12412412412414	0.3064571106760879	18864.774199439522	1.3435710214091728e-09
274.3993993993994	0.3066218703557655	18831.32698760205	1.3483645793493836e-09
274.6746746746747	0.3067281521766551	18797.939077724186	1.3531745124583425e-09
274.94994994995	0.30680851298973094	18764.61036466299	1.358000591261196e-09
275.22522522522524	0.30697603240058335	18731.34074346237	1.3628442923799619e-09
275.5005005005005	0.3072164081047713	18698.130109352245	1.367706701957013e-09
275.7757757757758	0.3074693949126319	18664.978357748107	1.372587882563824e-09
276.0510510510511	0.307711068994206	18631.88538425076	1.3774875415751376e-09
276.32632632632635	0.30792955269410793	18598.851084646096	1.3824052550508185e-09
276.6016016016016	0.3081196002699617	18565.87535490474	1.3873405830188542e-09
276.87687687687685	0.3082644646435722	18532.958091181717	1.3922928980064714e-09
277.15215215215215	0.30833419224484565	18500.099189816036	1.3972612084155846e-09
277.42742742742746	0.308377118778153	18467.298547330698	1.4022453864669486e-09
277.7027027027027	0.3084999529658113	18434.556060432555	1.4072469457261873e-09
277.97797797797796	0.3087114785708331	18401.871626011653	1.4122673485877048e-09
278.25325325325326	0.30896344890896116	18369.24514114065	1.417307144010424e-09
278.52852852852857	0.30918957238987166	18336.676503074475	1.4223658057670547e-09
278.8038038038038	0.30933704941577655	18304.165609250016	1.4274420733444849e-09
279.07907907907907	0.30940950807288614	18271.71235728601	1.4325349111800674e-09
279.35435435435437	0.3094539698416393	18239.31664498289	1.4376441491547348e-09
279.6296296296297	0.30957288737995575	18206.978370322697	1.442771232838211e-09
279.9049049049049	0.30980257136937556	18174.697431468503	1.4479179956538252e-09
280.1801801801802	0.3100976798533919	18142.473726763747	1.4530853397180256e-09
280.4554554554555	0.3103611035264663	18110.30715473175	1.4582725438430386e-09
280.7307307307308	0.31049790183995446	18078.19761407536	1.4634775004511644e-09
281.00600600600603	0.3106357777477549	18046.14500367756	1.4687003888113687e-09
281.2812812812813	0.3109021329722015	18014.14922260109	1.473943382864622e-09
281.5565565565566	0.3110878306475043	17982.210170086826	1.4792050787606573e-09
281.83183183183183	0.31107316806258256	17950.327745553852	1.4844823626396357e-09
282.10710710710714	0.31110450640690257	17918.501848600496	1.489776447029139e-09
282.3823823823824	0.31130438819854933	17886.732379003643	1.4950903515857474e-09
282.6576576576577	0.3115646071388129	17855.019236717417	1.5004249852018137e-09
282.93293293293294	0.3117707032244087	17823.36232187289	1.5057793120907467e-09
283.20820820820825	0.31183868840156287	17791.761534777845	1.5111510864028502e-09
283.4834834834835	0.31187483045461656	17760.216775917288	1.51654007575421e-09
283.75875875875874	0.3120348049037249	17728.727945953236	1.5219486077357735e-09
284.03403403403405	0.312251207031828	17697.294945723603	1.5273776238483659e-09
284.3093093093093	0.3124217291289209	17665.9176762417	1.5328262861785732e-09
284.5845845845846	0.3125333149675799	17634.596038696283	1.5382936606599256e-09
284.85985985985985	0.31261353082086674	17603.32993445144	1.5437793943445513e-09
285.13513513513516	0.3127278994235624	17572.11926504634	1.5492842661014155e-09
285.4104104104104	0.31284627356350236	17540.96393219469	1.5548084653796277e-09
285.6856856856857	0.31285612326543866	17509.863837783905	1.5603503024333348e-09
285.96096096096096	0.3128623616933718	17478.818883875865	1.565910055139208e-09
286.23623623623627	0.3130475527366186	17447.82897270682	1.5714910155879904e-09
286.5115115115115	0.31321118781112334	17416.894006685532	1.5770927099322016e-09
286.7867867867868	0.3131564686912833	17386.01388839297	1.5827114346111766e-09
287.06206206206207	0.31321426801420504	17355.188520584226	1.5883495372443727e-09
287.3373373373374	0.31355047448888435	17324.41780618748	1.5940118722636414e-09
287.6126126126126	0.31375571697119947	17293.701648301347	1.5996957486072682e-09
287.8878878878879	0.3137303497938421	17263.039950195758	1.6053971410347524e-09
288.1631631631632	0.31383532852550317	17232.432615313744	1.6111187022691892e-09
288.4384384384384	0.31408107180419537	17201.87954726955	1.6168629296992636e-09
288.71371371371373	0.31421922929405455	17171.380649847255	1.6226277507144375e-09
288.988988988989	0.3143191960261397	17140.935827001835	1.6284125645829704e-09
289.2642642642643	0.3145382240245802	17110.544982859217	1.634219571039118e-09
289.53953953953953	0.314727512014803	17080.20802171471	1.6400481204128746e-09
289.81481481481484	0.31474880631941343	17049.924848032653	1.6458952576127084e-09
290.0900900900901	0.31471764952727344	17019.695366447304	1.6517604306325472e-09
290.3653653653654	0.314759760279262	16989.519481762545	1.6576453620259913e-09
290.64064064064064	0.3149461779828608	16959.397098951373	1.6635528049828597e-09
290.91591591591595	0.3152134796634612	16929.32812315499	1.669484052148996e-09
291.1911911911912	0.31539094349465396	16899.312459682038	1.6754372296288358e-09
291.4664664664665	0.3155049472911812	16869.350014009127	1.6814111846239659e-09
291.74174174174175	0.31567239425609384	16839.44069178102	1.6874069987589724e-09
292.01701701701705	0.3158348698500378	16809.584398809493	1.6934245836199041e-09
292.2922922922923	0.3159278624322487	16779.781041073045	1.6994627208029365e-09
292.5675675675676	0.31607665739455754	16750.030524717396	1.7055226041777581e-09
292.84284284284286	0.3163334758165366	16720.33275605499	1.7116062208538296e-09
293.1181181181181	0.3165324557750215	16690.687641563563	1.717712321679274e-09
293.3933933933934	0.316596686646948	16661.095087886315	1.7238384413912576e-09
293.66866866866866	0.3165902583335757	16631.555001832294	1.7299836073485044e-09
293.94394394394396	0.3166259101819071	16602.06729037627	1.7361490317194091e-09
294.2192192192192	0.31681717906547824	16572.631860658486	1.7423378489782724e-09
294.4944944944945	0.3170591661835999	16543.248619983344	1.7485508762469746e-09
294.76976976976977	0.31718969958585125	16513.917475818846	1.7547858586405149e-09
295.0450450450451	0.3172243157907481	16484.63833579711	1.761041132614708e-09
295.3203203203203	0.3172215684203989	16455.41110771432	1.7673163423428417e-09
295.5955955955956	0.3172291148351195	16426.235699530327	1.773612069555468e-09
295.8708708708709	0.317277155308369	16397.112019368345	1.7799293899972346e-09
296.1461461461462	0.31737248578659294	16368.039975514492	1.786269375496325e-09
296.4214214214214	0.3175251980734172	16339.019476417585	1.792633157880906e-09
296.69669669669673	0.3177404851113187	16310.050430688763	1.799021830875279e-09
296.971971971972	0.31792827751651015	16281.132747100793	1.805434661471769e-09
297.2472472472473	0.31799143195981416	16252.266334587688	1.811869189000284e-09
297.52252252252254	0.31808809089488616	16223.451102245708	1.818326282889921e-09
297.7977977977978	0.318347718063348	16194.686959332912	1.8248091715622322e-09
298.0730730730731	0.31854039826531	16165.973815267118	1.831316287642465e-09
298.34834834834834	0.31856137273120444	16137.311579626263	1.8378442769238286e-09
298.62362362362364	0.318661727167257	16108.700162149797	1.8443950542588215e-09
298.8988988988989	0.3188779054196285	16080.139472737408	1.850970995505187e-09
299.1741741741742	0.3189743038953982	16051.629421447351	1.8575696261562204e-09
299.44944944944945	0.31894344441440087	16023.169918497335	1.864188662331091e-09
299.72472472472475	0.31895013179426424	15994.760874265035	1.8708293315209386e-09
300.0	0.3191627906976744	15966.402199287912	1.8774959940550907e-09
