0.0014695479683923378	9.359206022472573	5953.791869150576	4.134252338160735	0.001878623418111153
25.0	0.027282392026578083	33212.0	10.0
25.275275275275277	0.02779222530843411	33643.07142455686	9.68865848250794
25.55055055055055	0.0283850006508408	34069.07847056094	9.380679862308746
25.825825825825827	0.02906919587140053	34490.94858268252	9.07542176548064
26.1011011011011	0.029651557220876392	34906.674414564186	8.77427994386612
26.376376376376378	0.030096912398043435	35313.987625306436	8.478832151991034
26.65165165165165	0.030623979189235904	35713.84111701842	8.188419535797479
26.926926926926928	0.03126073249230644	36107.41444703477	7.902225468712293
27.2022022022022	0.03186756279379433	36493.96297992818	7.620769413537927
27.47747747747748	0.03245490320148103	36872.949235688924	7.344427213713005
27.75275275275275	0.03309219837642787	37244.70097757593	7.072973922244157
28.02802802802803	0.03372212711408734	37608.84371629753	6.80667224752194
28.303303303303302	0.0342960565937543	37964.52084962158	6.546119899991693
28.57857857857858	0.03491040403946603	38311.98973704588	6.291141158749902
28.853853853853856	0.03560599758888129	38651.86828506417	6.041309780915418
29.12912912912913	0.0362811880330137	38983.70297208228	5.796943497677642
29.404404404404403	0.0368959799508922	39306.73661008352	5.558571124655226
29.67967967967968	0.03749405840642367	39620.7125374956	5.326374092319152
29.954954954954957	0.03813300325026934	39925.90291110883	5.10016661529652
30.23023023023023	0.03885788752737693	40222.90220752002	4.879538932901885
30.505505505505504	0.039588576058402214	40511.593996927455	4.664574854508848
30.78078078078078	0.040230456638624776	40791.19028487107	4.455824688635856
31.056056056056057	0.04082507603893353	41061.337660601224	4.253537172513351
31.33133133133133	0.041423801335377694	41322.105620313596	4.057667426568553
31.606606606606608	0.04202903259757392	41573.59040393127	3.8681519707014127
31.88188188188188	0.042648105620894175	41815.940694566096	3.6848908642760914
32.15715715715716	0.04330067758142702	42049.41750666229	3.5077060900196244
32.432432432432435	0.04395438365975477	42274.08262122727	3.336557921147747
32.70770770770771	0.04454268774023513	42489.667234315864	3.1716362273738667
32.98298298298298	0.0450830758683512	42696.07261025012	3.0130128486032737
33.25825825825826	0.04563431375144104	42893.53405229506	2.8605276425874897
33.533533533533536	0.0462452258328686	43082.5004049118	2.71387206091612
33.808808808808806	0.04693101168827378	43263.43602113573	2.572726622005944
34.08408408408408	0.047621916664331174	43436.4692551733	2.4370050565422336
34.35935935935936	0.04824930985064434	43601.47703673063	2.306795684292363
34.63463463463464	0.04877421884115146	43758.26066107788	2.18223940368697
34.90990990990991	0.049237237652208644	43906.84621116863	2.0633210510045963
35.18518518518518	0.049749844219964055	44047.663197824535	1.9497452392706327
35.46046046046046	0.05033171547341948	44181.16251500976	1.8412015749721011
35.73573573573574	0.05094536532516726	44307.640602209336	1.7374867841195218
36.01101101101101	0.051573457266423935	44427.32885727485	1.6384426630801587
36.286286286286284	0.052205783115442474	44540.42685282369	1.543933030488979
36.56156156156156	0.05282905111736586	44647.1028756605	1.4538433639120756
36.83683683683684	0.05346511103886038	44747.58166401534	1.3680198703459028
37.112112112112115	0.05420628599721628	44842.276988932186	1.286177377186978
37.38738738738739	0.054987798871754874	44931.42183156458	1.2081561367815505
37.66266266266266	0.05555523391037248	45014.76136387949	1.1341351417042191
37.93793793793794	0.05599019258198654	45092.28710155214	1.0641223700311881
38.213213213213216	0.056598271971029485	45164.54464267949	0.9977409468022848
38.488488488488485	0.05727688784373932	45231.842781881875	0.9347782807279587
38.76376376376376	0.057795175025949996	45294.12923540984	0.8752724684836916
39.03903903903904	0.05824619028823718	45351.53536582464	0.8191340682691995
39.314314314314316	0.0587732294951402	45404.38973656186	0.7661366181979873
39.58958958958959	0.05940851304930532	45453.025736464304	0.716050187017035
39.86486486486486	0.06011983578649755	45497.70202775528	0.6686966275632011
40.14014014014014	0.06080552226672211	45538.547959886906	0.6239875182279068
40.41541541541542	0.061448176094388254	45575.681979909445	0.5818419635854402
40.690690690690694	0.06210894498995114	45609.28565538645	0.5421351832400524
40.965965965965964	0.062745492120869	45639.49737840464	0.5047723205455127
41.24124124124124	0.06328359535613938	45666.40049128802	0.4696967057991231
41.51651651651652	0.06383767843364148	45690.177281121694	0.4367829140070198
41.791791791791795	0.06450703814256772	45711.06647984415	0.40586624904769425
42.06706706706707	0.06511322669323213	45729.168705060954	0.37687786094906567
42.34234234234234	0.0655753365367918	45744.545608674314	0.3497759285365105
42.61761761761762	0.0661144829165182	45757.39530592144	0.32442382333781894
42.892892892892895	0.06679222295104224	45767.92683097006	0.3006772615993216
43.168168168168165	0.06744375539294663	45776.2478306717	0.2784623064211668
43.44344344344344	0.06803754223185315	45782.45232250476	0.25771444897618806
43.71871871871872	0.06863968118932742	45786.66318597063	0.23834909958163952
43.993993993993996	0.0692238569217672	45788.987770682535	0.22029241121740675
44.26926926926927	0.06975185467594489	45789.51781193043	0.2034813437554729
44.54454454454455	0.07031897277566312	45788.375163260025	0.18783190446397624
44.81981981981982	0.07097340328940653	45785.68614395297	0.17325695500438115
45.0950950950951	0.071560345333997	45781.52389921293	0.1597062455044256
45.37037037037037	0.07205584743280265	45775.957444865126	0.14713236801606833
45.645645645645644	0.072670053089775	45769.104970823646	0.13545373427026502
45.92092092092092	0.07344238618617512	45761.079166612064	0.12459253401230548
46.1961961961962	0.07423716019428334	45751.95284030662	0.11449861750811687
46.471471471471475	0.07492888671562002	45741.77309303779	0.1051396644990312
46.74674674674675	0.07544214748798195	45730.57840929498	0.09648932278939223
47.02202202202202	0.07592283584123864	45718.4345808183	0.08850225917776404
47.2972972972973	0.07651557415611777	45705.42398162596	0.0811215990354337
47.572572572572575	0.07712450039097807	45691.608105374275	0.07430494130271617
47.847847847847845	0.07766855263661808	45677.0353455227	0.06801896201471067
48.12312312312312	0.07818235792717743	45661.75691459997	0.062228361737416284
48.3983983983984	0.07869408723921771	45645.82436885274	0.05689758389393427
48.673673673673676	0.07920904282474417	45629.28647893551	0.0519929882101787
48.94894894894895	0.07972059355482766	45612.18826673514	0.047483520722522224
49.22422422422423	0.0802277373244247	45594.57181939352	0.04334014971733267
49.4994994994995	0.08082267819577474	45576.482500721715	0.039531552432774675
49.77477477477478	0.08157003602858462	45557.96481152134	0.036026989236800706
50.05005005005005	0.0822626030556592	45539.04663458314	0.032807247120988044
50.32532532532532	0.08276477096680915	45519.74853291489	0.029858187268754676
50.6006006006006	0.08326703485221598	45500.10110480583	0.027158693120652604
50.87587587587588	0.0838682241563326	45480.136776454296	0.024686367482130853
51.151151151151154	0.08447388526832626	45459.88100180197	0.02242364432980714
51.42642642642643	0.08505374120602327	45439.35644725602	0.020354884672841893
51.70170170170171	0.08563925284518259	45418.585437945825	0.01846467842098619
51.97697697697698	0.08619050919236804	45397.5875766283	0.01673949838083479
52.252252252252255	0.0866652602965204	45376.38030814189	0.015167309173476928
52.527527527527525	0.08721361305379394	45354.98375425712	0.013734209791310148
52.8028028028028	0.0879248877285439	45333.417798661554	0.012426457361765017
53.07807807807808	0.08852653890217496	45311.69479297246	0.011235533537269384
53.353353353353356	0.08890188730707423	45289.82493915181	0.010154408655352224
53.62862862862863	0.08932203048282773	45267.822932025214	0.009172928703734304
53.90390390390391	0.08988943931097969	45245.70341936168	0.00828096707180311
54.17917917917918	0.0904845192773794	45223.47775557403	0.00747067940410088
54.454454454454456	0.09104713986475156	45201.15564125441	0.006735365988728405
54.729729729729726	0.09157085180366382	45178.746075502764	0.006068810875823488
55.005005005005	0.09208940959166073	45156.25776734371	0.0054649963636774325
55.28028028028028	0.09263887218302716	45133.699019345564	0.004918183939091212
55.55555555555556	0.09320347491516334	45111.07725432009	0.004423243173878063
55.830830830830834	0.09374298720490008	45088.39898780496	0.003975671156812994
56.10610610610611	0.09419285935372572	45065.669882462294	0.003571556360541168
56.38138138138139	0.09460220717871841	45042.89554309343	0.00320702244078169
56.65665665665666	0.09516547609109313	45020.08207081741	0.002877847910037393
56.931931931931935	0.09586762851362672	44997.23472172136	0.002580396034877914
57.20720720720721	0.09653073496721011	44974.35743700984	0.0023119414915894173
57.48248248248248	0.09715536955827024	44951.45389193326	0.0020699422676622014
57.75775775775776	0.09780442295689344	44928.52769138403	0.001851903899096654
58.033033033033036	0.09838762263609707	44905.58186269411	0.0016557317914265989
58.30830830830831	0.09883100582667617	44882.61905662898	0.0014795918197400809
58.58358358358358	0.09923617204751346	44859.64202465478	0.0013215789609221822
58.85885885885886	0.09968567105287922	44836.65344788229	0.0011798360705827533
59.134134134134136	0.10017795162287382	44813.65572022995	0.0010527045203528212
59.40940940940941	0.1006867777829283	44790.65094405727	0.0009387273343086373
59.68468468468468	0.10117287054834158	44767.64096210553	0.0008366271081760657
59.95995995995996	0.10164455413931898	44744.62746504247	0.0007452314036944229
60.23523523523524	0.10213329396547093	44721.612022861795	0.0006634509937223775
60.510510510510514	0.10262294899446335	44698.596032435344	0.0005903163350559583
60.78578578578579	0.10308892428221544	44675.5807345876	0.000524965771008228
61.06106106106106	0.10354228461601216	44652.567265413476	0.000466609943027575
61.33633633633634	0.10399589599444048	44629.55666147082	0.0004145282216770251
61.611611611611615	0.10445045178630845	44606.549856804835	0.00036807080930658075
61.88688688688689	0.10493400218927383	44583.5477070448	0.00032664203965915376
62.16216216216216	0.10550388727305725	44560.55102030552	0.0002896788964018222
62.43743743743744	0.10609748237555879	44537.56045202082	0.00025672419439173237
62.712712712712715	0.10657452874128669	44514.57655139568	0.00022739426829851986
62.98798798798799	0.10694813732303873	44491.599833581844	0.00020132890833091504
63.26326326326326	0.10730440539271842	44468.630798237136	0.0001781784815939056
63.53853853853854	0.10771858036804734	44445.669913247024	0.00015761524437836856
63.813813813813816	0.10821771185960916	44422.71759721542	0.00013934551509012588
64.0890890890891	0.10871052988184211	44399.77419889705	0.00012312397766604284
64.36436436436436	0.10913209348431795	44376.84001946995	0.00010873823654468495
64.63963963963964	0.10949115849952584	44353.91533433065	9.599369519357235e-05
64.91491491491492	0.10982208343067493	44331.000397398384	8.471057573535091e-05
65.1901901901902	0.11017773574252213	44308.095442384256	7.472304511820063e-05
65.46546546546547	0.1106091508919756	44285.20068121694	6.588031581951159e-05
65.74074074074073	0.11114260276984947	44262.316301568906	5.804837189218781e-05
66.01601601601601	0.11166881491962899	44239.44245754123	5.111644724534513e-05
66.29129129129129	0.11209461036167116	44216.579279732316	4.4990043910970144e-05
66.56656656656656	0.11254527384458918	44193.7268951534	3.9577108239320885e-05
66.84184184184184	0.11309843388036216	44170.88542009235	3.479298884623806e-05
67.11711711711712	0.11364668937121297	44148.05494988748	3.0567542603184254e-05
67.3923923923924	0.11409554891631467	44125.23556487914	2.6841011567048432e-05
67.66766766766767	0.11440363401637134	44102.42733615729	2.3560034426200658e-05
67.94294294294295	0.11468711567536065	44079.63033226596	2.0672993564004543e-05
68.21821821821823	0.11514355758218908	44056.84461938522	1.8129890459020154e-05
68.4934934934935	0.11570780953533227	44034.0702517031	1.5889031723978347e-05
68.76876876876878	0.11622145597238176	44011.30727197294	1.3916645313466744e-05
69.04404404404404	0.11664667018784958	43988.555717289506	1.2182873646372974e-05
69.31931931931932	0.1170196228099933	43965.81562125555	1.0660271577078723e-05
69.5945945945946	0.11747789774406209	43943.08701540724	9.322818680810378e-06
69.86986986986987	0.11804888335785743	43920.36992678398	8.147606869166843e-06
70.14514514514515	0.1185777096216149	43897.66437623509	7.116016012791751e-06
70.42042042042041	0.11905472255167585	43874.97038168955	6.2114466403720145e-06
70.69569569569569	0.11960629185753217	43852.287959686735	5.418259495011589e-06
70.97097097097097	0.12022642973867963	43829.61712384379	4.7228389500377895e-06
71.24624624624624	0.12083379062646919	43806.95788476146	4.113658432486618e-06
71.52152152152152	0.12136661585823749	43784.31025082201	3.5807274578547658e-06
71.7967967967968	0.1217841362737383	43761.67422872482	3.11522060660285e-06
72.07207207207207	0.1220902787469662	43739.04982393707	2.7091657046922702e-06
72.34734734734735	0.12234286404233367	43716.43704097025	2.355253028156117e-06
72.62262262262263	0.12268105910857134	43693.83588359608	2.046687127507189e-06
72.8978978978979	0.12314654782742984	43671.24635437411	1.7775137728460014e-06
73.17317317317318	0.1236598859622183	43648.66845445254	1.5427566491483011e-06
73.44844844844846	0.12416265137783707	43626.10218393416	1.3381638930519877e-06
73.72372372372374	0.12462100936757142	43603.54754213049	1.160032344094934e-06
73.998998998999	0.12503510201384735	43581.004527744255	1.0050816143252578e-06
74.27427427427428	0.12542690399512846	43558.47313896337	8.703895056098744e-07
74.54954954954955	0.12584790576941765	43535.953373534656	7.533416645859204e-07
74.82482482482483	0.12631280509481985	43513.445228737386	6.516493732122186e-07
75.1001001001001	0.12673338311792026	43490.948701335816	5.633803352942707e-07
75.37537537537537	0.12708414411899305	43468.463787745684	4.868444438479038e-07
75.65065065065065	0.12744918092893293	43445.990484164024	4.205064668928665e-07
75.92592592592592	0.1278903507313613	43423.528786543146	3.630038399742864e-07
76.2012012012012	0.12842692202028855	43401.0786905782	3.1315435923199317e-07
76.47647647647648	0.1289345554325973	43378.64019166859	2.699790297529115e-07
76.75175175175175	0.1292582696654691	43356.21328497779	2.3265926024881281e-07
77.02702702702703	0.1294842386218225	43333.797965585145	2.00438424791475e-07
77.30230230230231	0.1297400320997011	43311.39422848609	1.7262340661862155e-07
77.57757757757759	0.13004381550279004	43289.00206854721	1.486125978569229e-07
77.85285285285286	0.13039100893376765	43266.62148051606	1.2788836988361403e-07
78.12812812812814	0.13077312345566233	43244.25245903797	1.1000524687620389e-07
78.40340340340342	0.13119130882993302	43221.89499867353	9.45781044178477e-08
78.67867867867868	0.13165223373715018	43199.54909391158	8.127341396102853e-08
78.95395395395396	0.1320947819902939	43177.214739166746	6.980803647819161e-08
79.22922922922923	0.1324368557453343	43154.89192878986	5.994086942180027e-08
79.50450450450451	0.13276351357182414	43132.580657104874	5.145432306282852e-08
79.77977977977977	0.1331756011077668	43110.28091841068	4.415437067824586e-08
80.05505505505505	0.13357321909814915	43087.9927069545	3.7879445519070324e-08
80.33033033033033	0.13389934527728228	43065.7160170222	3.249106938555259e-08
80.6056056056056	0.13429607559425488	43043.45084326721	2.7861893527124717e-08
80.88088088088088	0.1347831796117644	43021.19717988846	2.3884355349594014e-08
81.15615615615616	0.13518637462496005	42998.95502106	2.0470678178681936e-08
81.43143143143143	0.13547134271871614	42976.724360942324	1.7544701945655263e-08
81.70670670670671	0.13573197341011814	42954.50519368787	1.5038015716835672e-08
81.98198198198199	0.1360545336406218	42932.29751344061	1.289029426672083e-08
82.25725725725727	0.13650010660798823	42910.101314336025	1.1049301485993533e-08
82.53253253253254	0.13703613979171206	42887.916590500936	9.471105866908542e-09
82.80780780780782	0.13757040468268616	42865.74333605478	8.119077745550948e-09
83.0830830830831	0.1379250223942339	42843.58154511105	6.962938972498946e-09
83.35835835835836	0.138088508833493	42821.43121178112	5.975989590683252e-09
83.63363363363364	0.1383463001810521	42799.29233017722	5.1331057730497155e-09
83.90890890890891	0.13877382861519463	42777.16489440966	4.412667102782018e-09
84.18418418418419	0.13920843163852306	42755.04889858591	3.797173820545481e-09
84.45945945945945	0.13959902581900033	42732.94433681276	3.2717672179402287e-09
84.73473473473473	0.13996513967119212	42710.85120319724	2.8235463336121755e-09
85.01001001001	0.14027550200267835	42688.76949184676	2.4414827324242725e-09
85.28528528528528	0.14050621066742755	42666.69919686954	2.116106241012043e-09
85.56056056056056	0.14073179611707784	42644.64031237525	1.8390961730446414e-09
85.83583583583584	0.1410352162071144	42622.592832475115	1.6032112348717441e-09
86.11111111111111	0.1414679396357916	42600.55675128192	1.4022543500960952e-09
86.38638638638639	0.14197659250042544	42578.53206291003	1.231062891190634e-09
86.66166166166167	0.14238812307034948	42556.518761475425	1.0854134153917915e-09
86.93693693693695	0.14268645242245115	42534.51684109632	9.616516562531448e-10
87.21221221221222	0.1429787352562525	42512.52629589343	8.565355993815539e-10
87.4874874874875	0.14330639819102978	42490.5471199899	7.672728403575477e-10
87.76276276276278	0.14366406814238653	42468.579307511296	6.914934837964874e-10
88.03803803803804	0.14398628129789326	42446.62285258565	6.272088875822104e-10
88.31331331331332	0.14424731110581843	42424.67774934362	5.727238160237566e-10
88.58858858858859	0.144571219371089	42402.74399191862	5.265467184381184e-10
88.86386386386387	0.14500394202447162	42380.821574446854	4.874053750713288e-10
89.13913913913915	0.1454312904143735	42358.91049106717	4.542525347646466e-10
89.41441441441442	0.14582608896707022	42337.01073592119	4.2619861534365794e-10
89.68968968968969	0.1462527520933426	42315.12230315347	4.0247252482918254e-10
89.96496496496496	0.14668607879766704	42293.245186911365	3.8242275911365995e-10
90.24024024024024	0.1470635688900524	42271.37938134511	3.655011548170283e-10
90.51551551551552	0.14743793021889715	42249.52488060787	3.5123328957282275e-10
90.7907907907908	0.1478663228235831	42227.68167885576	3.392113558892508e-10
91.06606606606607	0.1482785400724645	42205.849770247805	3.290950909967479e-10
91.34134134134135	0.14862880039586143	42184.029148945934	3.205970068934776e-10
91.61661661661662	0.14897248107659855	42162.21980911508	3.134687906783861e-10
91.8918918918919	0.14932790813449737	42140.42174492313	3.0749899439857977e-10
92.16716716716716	0.1496591988595501	42118.634950540945	3.025096561125156e-10
92.44244244244244	0.1500126657495241	42096.85942014236	2.9834838320512266e-10
92.71771771771772	0.15047317572564836	42075.09514790424	2.94884630912367e-10
92.992992992993	0.15092721259399658	42053.3421280064	2.9201098069019173e-10
93.26826826826827	0.15123482796795634	42031.60035463152	2.896382365816429e-10
93.54354354354355	0.15153821540886858	42009.86982196536	2.87687980781198e-10
93.81881881881883	0.15197502307269936	41988.15052419676	2.8609262426988557e-10
94.0940940940941	0.15247973790877573	41966.44245551749	2.8479632417326493e-10
94.36936936936937	0.1529501392259403	41944.74561012227	2.837527608182233e-10
94.64464464464464	0.1532826677247921	41923.05998220875	2.8292306986797765e-10
94.91991991991992	0.1535112415307155	41901.385565977616	2.822737955735095e-10
95.1951951951952	0.15378177599645768	41879.72235563258	2.8177602159498707e-10
95.47047047047047	0.15407235009548534	41858.07034538034	2.8140556284435104e-10
95.74574574574575	0.1542937986549376	41836.42952943057	2.811422340953938e-10
96.02102102102103	0.15453398500407997	41814.799901995924	2.8096884845050554e-10
96.2962962962963	0.1548872090730547	41793.18145729213	2.8087093716946723e-10
96.57157157157158	0.15527378070144526	41771.57418953785	2.808364780958342e-10
96.84684684684684	0.15564781633018018	41749.97809295472	2.808553726572703e-10
97.12212212212212	0.15608820597266176	41728.39316176738	2.80919139346482e-10
97.3973973973974	0.1565457123648697	41706.81939020343	2.810206522278023e-10
97.67267267267268	0.15682769557383558	41685.25677249339	2.8115376227784314e-10
97.94794794794795	0.15702438118566636	41663.705302870774	2.813133005513552e-10
98.22322322322323	0.15738032106414443	41642.16497557222	2.814951655254723e-10
98.4984984984985	0.15775265056133073	41620.63578483722	2.816958016791163e-10
98.77377377377378	0.15792219991396908	41599.11772490819	2.819119474866572e-10
99.04904904904905	0.15805125317694207	41577.61079003059	2.8214104238712274e-10
99.32432432432432	0.15829898130753783	41556.11497445292	2.823811635707911e-10
99.5995995995996	0.15858834414252893	41534.63027242661	2.826306096925873e-10
99.87487487487488	0.1588962027283494	41513.15667820609	2.8288792702359677e-10
100.15015015015015	0.1593173927071254	41491.69418604875	2.8315204622766094e-10
100.42542542542543	0.15978640682023937	41470.242790214936	2.83421977903514e-10
100.70070070070071	0.1601148191150285	41448.802484967884	2.8369659541280686e-10
100.97597597597598	0.1603725082090221	41427.37326457382	2.839750600405344e-10
101.25125125125126	0.1607273115108273	41405.95512330201	2.842569403543053e-10
101.52652652652652	0.1611105834871175	41384.54805542466	2.845417666948872e-10
101.8018018018018	0.1614221517870768	41363.15205521688	2.848289820437147e-10
102.07707707707708	0.16169874538256818	41341.767116956755	2.851181804871491e-10
102.35235235235236	0.16199605968656372	41320.39323492535	2.854091153278949e-10
102.62762762762763	0.16235509090447914	41299.03040340674	2.8570164928111353e-10
102.90290290290291	0.1627386068930362	41277.67861668788	2.859956059199231e-10
103.17817817817819	0.16303147472343502	41256.33786905867	2.862906455717601e-10
103.45345345345346	0.16319856920618483	41235.00815481191	2.8658642646162544e-10
103.72872872872873	0.16327827887935142	41213.689468243414	2.8688272862585133e-10
104.004004004004	0.16341867274015023	41192.38180365196	2.8717961764042486e-10
104.27927927927928	0.1637355330751948	41171.08515533937	2.8747734240132555e-10
104.55455455455456	0.16405095179295381	41149.799517610314	2.877758105981137e-10
104.82982982982983	0.1642479148736859	41128.52488477234	2.880747489814845e-10
105.10510510510511	0.1645007663809567	41107.261251136035	2.883742239217015e-10
105.38038038038039	0.1648842328431224	41086.00861101494	2.886744157151389e-10
105.65565565565566	0.16528434608527373	41064.7669587255	2.889752818046832e-10
105.93093093093094	0.16560276112690872	41043.53628858706	2.8927662168767633e-10
106.2062062062062	0.16578456221216417	41022.31659492188	2.895781776794209e-10
106.48148148148148	0.16593926306322934	41001.10787205516	2.898799207246937e-10
106.75675675675676	0.16621103655107522	40979.91011431514	2.9018206842663583e-10
107.03203203203203	0.1665008774631163	40958.72331603294	2.904846345579271e-10
107.30730730730731	0.1667047149848191	40937.54747154255	2.9078745634635176e-10
107.58258258258259	0.1669145029506382	40916.38257518095	2.9109055344760545e-10
107.85785785785787	0.16719277847106181	40895.228621288064	2.9139404664857907e-10
108.13313313313314	0.16749495283298355	40874.085604206724	2.9169796097203467e-10
108.4084084084084	0.1678012698533113	40852.95351828267	2.9200228398662064e-10
108.68368368368368	0.1681269908797825	40831.83235786459	2.9230703084671635e-10
108.95895895895896	0.16846740304864427	40810.72211730407	2.926122060777097e-10
109.23423423423424	0.16878700021128434	40789.6227909556	2.9291775420271244e-10
109.50950950950951	0.1689442566330051	40768.53437317654	2.932233942592646e-10
109.78478478478479	0.16886723890769662	40747.45685832712	2.9352877598083664e-10
110.06006006006007	0.16888178497688106	40726.39024077063	2.938341530835028e-10
110.33533533533534	0.16920410485814066	40705.3345148734	2.9414009385659355e-10
110.61061061061062	0.1696293273188479	40684.289675004555	2.944467252341135e-10
110.88588588588588	0.16998013527220723	40663.25571553607	2.947538567387249e-10
111.16116116116116	0.17019398590867335	40642.232630842766	2.950612280228234e-10
111.43643643643644	0.17036354607318704	40621.22041530244	2.953687791125898e-10
111.71171171171171	0.17066699763233517	40600.21906329585	2.956767561976355e-10
111.98698698698699	0.1710159876573515	40579.22856920667	2.959852149304969e-10
112.26226226226227	0.17124202510063077	40558.248927421344	2.9629392204257477e-10
112.53753753753755	0.17141395729441938	40537.28013232929	2.9660280024582934e-10
112.81281281281282	0.17164319659720093	40516.32217832284	2.9691197048685416e-10
113.08808808808809	0.17197064655832994	40495.37505979727	2.9722159954555217e-10
113.36336336336336	0.17236943076281136	40474.43877115075	2.9753177958744225e-10
113.63863863863864	0.17272650707767107	40453.513306784276	2.97842399410697e-10
113.91391391391392	0.17301582136712873	40432.598661101714	2.9815332500702455e-10
114.1891891891892	0.17330073237155325	40411.694828509855	2.9846455112809266e-10
114.46446446446447	0.17359644278391273	40390.801803418435	2.987760985631464e-10
114.73973973973975	0.17388629986535728	40369.91958024001	2.990879570053307e-10
115.01501501501502	0.17415321787547544	40349.048153390046	2.994000900630608e-10
115.2902902902903	0.174387147014322	40328.18751728688	2.997124516429923e-10
115.56556556556556	0.17460180414073115	40307.337666351756	3.000250267371299e-10
115.84084084084084	0.17480035818225892	40286.49859500879	3.0033780844312675e-10
116.11611611611612	0.17495773809087198	40265.67029768496	3.0065075024188144e-10
116.3913913913914	0.17515112705109467	40244.8527688102	3.0096394061688265e-10
116.66666666666667	0.17556683670725612	40224.04600281737	3.012777566493591e-10
116.94194194194195	0.1760931094322562	40203.24999414218	3.015923230621228e-10
117.21721721721723	0.1764298351276605	40182.46473722306	3.019072510898717e-10
117.4924924924925	0.1766069524449793	40161.69022650132	3.022222728488451e-10
117.76776776776778	0.17678592109208005	40140.926456421235	3.025374334758657e-10
118.04304304304304	0.17702622150552752	40120.17342142999	3.028528668178718e-10
118.31831831831832	0.17732249428467928	40099.43111597761	3.031686732963788e-10
118.5935935935936	0.1775778063858243	40078.69953451697	3.034847770891179e-10
118.86886886886887	0.1777812238922791	40057.97867150379	3.038010987914138e-10
119.14414414414415	0.1780663328428527	40037.268521396734	3.0411779087022317e-10
119.41941941941943	0.17840403224931808	40016.56907865729	3.044349301827312e-10
119.6946946946947	0.17862036044119026	39995.880337749746	3.047522970744611e-10
119.96996996996998	0.17873802659299573	39975.20229314125	3.0506974986454957e-10
120.24524524524524	0.17887817055515753	39954.534939301884	3.053873697996804e-10
120.52052052052052	0.17905747004816605	39933.878270704605	3.0570525014802134e-10
120.7957957957958	0.17927210056182696	39913.23228182519	3.0602346070014583e-10
121.07107107107107	0.17956897441567873	39892.596967142315	3.0634213421679277e-10
121.34634634634635	0.17991878485935422	39871.97232113751	3.0666133113610386e-10
121.62162162162163	0.18013352966870616	39851.35833829502	3.069807964576294e-10
121.8968968968969	0.18017916082273838	39830.75501310199	3.0730026812735344e-10
122.17217217217218	0.18021631078939793	39810.162340048424	3.07619792988612e-10
122.44744744744746	0.18033676010587274	39789.58031362727	3.0793955757923477e-10
122.72272272272272	0.18056202986313705	39769.00892833432	3.0825974843032434e-10
122.997997997998	0.18082216844874097	39748.44817866815	3.085804041131563e-10
123.27327327327328	0.18102450175182158	39727.89805913017	3.089014062110933e-10
123.54854854854855	0.18114450888527445	39707.35856422462	3.092226189948601e-10
123.82382382382383	0.18120334872279642	39686.82968845856	3.095439665130706e-10
124.0990990990991	0.18128867471546697	39666.31142634195	3.0986552878022807e-10
124.37437437437438	0.18145448965202648	39645.80377238761	3.101874581549478e-10
124.64964964964966	0.18169157416441337	39625.306721111214	3.105098635541523e-10
124.92492492492492	0.1819773569752658	39604.82026703124	3.1083279691815046e-10
125.2002002002002	0.1822855109644002	39584.344404668984	3.1115625777086093e-10
125.47547547547548	0.18262507034065148	39563.87912854858	3.1148026017844557e-10
125.75075075075075	0.18301030567103937	39543.424433197	3.1180483837702056e-10
126.02602602602603	0.18338097209867982	39522.98031314402	3.121299227079002e-10
126.30130130130131	0.1836775328813429	39502.546762922226	3.124553607608698e-10
126.57657657657658	0.18391583147829793	39482.123777067005	3.127810548358955e-10
126.85185185185186	0.18409908700965635	39461.71135011659	3.131069312687858e-10
127.12712712712714	0.184185848051745	39441.309476612034	3.134328640357901e-10
127.4024024024024	0.1842297983845455	39420.918151097205	3.137588376963469e-10
127.67767767767768	0.18438089842556388	39400.537368118865	3.140850809896538e-10
127.95295295295296	0.18461386481810874	39380.167122226616	3.1441173846951786e-10
128.22822822822823	0.18480267419598712	39359.80740797279	3.147387245697414e-10
128.5035035035035	0.184972510275618	39339.458219912565	3.1506601061877007e-10
128.7787787787788	0.1851843213858286	39319.11955260394	3.1539367143969736e-10
129.05405405405406	0.1853929891375405	39298.79140060772	3.157216950979461e-10
129.32932932932934	0.18557247613021438	39278.47375848751	3.160500301824623e-10
129.60460460460462	0.18579592744149875	39258.16662080975	3.163787526811889e-10
129.87987987987987	0.18608122213234643	39237.86998214371	3.1670795271471646e-10
130.15515515515517	0.18635514074119494	39217.58383706143	3.170375855111832e-10
130.43043043043042	0.18659779932868487	39197.30818013774	3.1736758302579694e-10
130.70570570570572	0.18684026604279944	39177.043005950276	3.1769794021503876e-10
130.98098098098097	0.18711518815804162	39156.78830907952	3.1802870537924733e-10
131.25625625625628	0.18743602222172917	39136.54408410875	3.183599390102826e-10
131.53153153153153	0.18772186091887544	39116.310325624	3.186915602785268e-10
131.80680680680683	0.1879143775722195	39096.08702821407	3.190234107937551e-10
132.08208208208208	0.18810130072116318	39075.874186470624	3.1935550343568876e-10
132.35735735735736	0.18832805764446264	39055.67179498811	3.196879213361063e-10
132.63263263263264	0.18852680758182283	39035.479848363764	3.200206231183777e-10
132.9079079079079	0.18869484375094545	39015.298341197595	3.20353571255892e-10
133.1831831831832	0.18890287646613402	38995.12726809245	3.206868485932451e-10
133.45845845845847	0.1891463519806047	38974.96662365398	3.2102051462754276e-10
133.73373373373374	0.18938333275971983	38954.81640249056	3.213545503419647e-10
134.00900900900902	0.18965825101358147	38934.676599213424	3.2168901137027487e-10
134.2842842842843	0.19000985373305834	38914.547208436554	3.2202400421640084e-10
134.55955955955955	0.19033342487369834	38894.42822477671	3.2235944746155454e-10
134.83483483483485	0.19056916200818078	38874.31964285339	3.2269518043681197e-10
135.1101101101101	0.19082037441744554	38854.221457288906	3.230312386763796e-10
135.3853853853854	0.19112744224529588	38834.13366270842	3.233677150220589e-10
135.66066066066065	0.19142590654727684	38814.05625373978	3.2370458150517585e-10
135.93593593593596	0.19171531238296957	38793.98922501364	3.2404181499105396e-10
136.2112112112112	0.19203724125729157	38773.93257116348	3.243794629789766e-10
136.4864864864865	0.1923093868725949	38753.88628682546	3.247174329837655e-10
136.76176176176176	0.19244283445721813	38733.850366638486	3.250555100497816e-10
137.03703703703704	0.19260306886778622	38713.824805244316	3.2539378439761653e-10
137.31231231231232	0.19291953442991813	38693.80959728757	3.2573253356600806e-10
137.5875875875876	0.19322785477759039	38673.80473741551	3.2607171960911534e-10
137.86286286286287	0.1934141511322586	38653.81022027813	3.2641113193622026e-10
138.13813813813815	0.19352616723670205	38633.82604052822	3.2675067759790065e-10
138.41341341341342	0.19364572672056043	38613.852192821374	3.2709041174002454e-10
138.6886886886887	0.19386191861225424	38593.88867181597	3.2743051957456614e-10
138.96396396396398	0.1941329843071078	38573.935472173165	3.2777108346815934e-10
139.23923923923923	0.19435795330197744	38553.992588556786	3.281120097664126e-10
139.51451451451453	0.19456299339686378	38534.060015633455	3.2845326492570357e-10
139.78978978978978	0.1947819049589846	38514.13774807257	3.2879487558740433e-10
140.06506506506508	0.19491377215894193	38494.22578054621	3.29136703759421e-10
140.34034034034033	0.19490397854128458	38474.32410772918	3.294785528822237e-10
140.61561561561564	0.19484957841736655	38454.43272429911	3.2982041899364665e-10
140.8908908908909	0.19486873962906417	38434.551624936474	3.3016248572232325e-10
141.1661661661662	0.1950727142743664	38414.68080432446	3.3050507623387535e-10
141.44144144144144	0.1954184091746339	38394.82025714907	3.308483811994541e-10
141.71671671671672	0.1957583294274395	38374.96997809892	3.3119231972362874e-10
141.991991991992	0.19604557739379297	38355.12996186538	3.3153675280075494e-10
142.26726726726727	0.19629306093982324	38335.300203142564	3.3188158971069554e-10
142.54254254254255	0.1965649164233219	38315.48069662735	3.322268593444232e-10
142.81781781781783	0.1968834465787898	38295.67143701939	3.325726199795755e-10
143.0930930930931	0.19713133735726326	38275.872419020976	3.3291873292709187e-10
143.36836836836838	0.19727967980010455	38256.083637337164	3.332650420346019e-10
143.64364364364366	0.19746380303082856	38236.3050866758	3.3361163634852897e-10
143.9189189189189	0.19773218162050896	38216.536761747484	3.3395866344577664e-10
144.1941941941942	0.19803967572429937	38196.778657265546	3.3430616986265566e-10
144.46946946946946	0.19835700408725435	38177.03076794602	3.3465414651240797e-10
144.74474474474476	0.19867015687445444	38157.29308850766	3.3500256405492974e-10
145.02002002002	0.19898694685957566	38137.56561367198	3.3535141140408844e-10
145.29529529529532	0.1993133232979864	38117.84833816319	3.357006890818891e-10
145.57057057057057	0.19962510827214291	38098.14125670824	3.3605035951466123e-10
145.84584584584587	0.19990589985471188	38078.44436403677	3.3640036712365937e-10
146.12112112112112	0.20016524342353884	38058.75765488118	3.3675068281171504e-10
146.3963963963964	0.20040036839229133	38039.081123976575	3.371012792449349e-10
146.67167167167167	0.20059447468421804	38019.41476606077	3.37452108530464e-10
146.94694694694695	0.20078233986429422	37999.758575874315	3.378031872654824e-10
147.22222222222223	0.20102971927595617	37980.112548160534	3.3815463176143455e-10
147.4974974974975	0.20135222593372687	37960.47667766547	3.3850655892094055e-10
147.77277277277278	0.20171729064531796	37940.85095913785	3.3885901055902297e-10
148.04804804804806	0.20198660939862434	37921.23538732907	3.392118035787514e-10
148.32332332332334	0.20210763828392594	37901.62995699317	3.395647107422608e-10
148.59859859859858	0.20229548638406183	37882.03466288705	3.399178879569551e-10
148.8738738738739	0.20264280533511794	37862.44949977036	3.4027160371532665e-10
149.14914914914914	0.20301121602898062	37842.87446240538	3.4062585489817855e-10
149.42442442442444	0.20332553335172326	37823.30954555705	3.4098052168242884e-10
149.6996996996997	0.20358538033291937	37803.75474399303	3.4133550859385524e-10
149.974974974975	0.20380797467760195	37784.210052483686	3.4169076696277467e-10
150.25025025025025	0.20401270671977165	37764.67546580213	3.4204628859289463e-10
150.52552552552555	0.20418704337150567	37745.1509787241	3.4240204765112264e-10
150.8008008008008	0.20433607296155457	37725.636586028115	3.427580317562229e-10
151.07607607607608	0.20454936444635927	37706.13228249538	3.4311437057501754e-10
151.35135135135135	0.20485161709447877	37686.63806290985	3.4347120526784914e-10
151.62662662662663	0.20512449349802286	37667.153922058074	3.4382846359927694e-10
151.9019019019019	0.20532785681360624	37647.679854729315	3.441860260978913e-10
152.17717717717719	0.20552504887122278	37628.21585571554	3.4454389676571567e-10
152.45245245245246	0.20577967911647632	37608.76191981146	3.4490217765885745e-10
152.72772772772774	0.20612703233362648	37589.31804181448	3.4526100426992567e-10
153.00300300300302	0.20643430554195108	37569.88421652462	3.45620277559952e-10
153.2782782782783	0.20657154902570687	37550.460438744514	3.459797178395682e-10
153.55355355355357	0.206689157773575	37531.046703279586	3.4633933750315617e-10
153.82882882882885	0.2069089900094204	37511.643004938014	3.4669933539966626e-10
154.10410410410412	0.2071350952960479	37492.24933853058	3.470597199988803e-10
154.37937937937937	0.20728003956023616	37472.86569887071	3.474203625926961e-10
154.65465465465465	0.20732053672172518	37453.4920807745	3.4778112555350786e-10
154.92992992992993	0.20742947439599507	37434.12847906082	3.4814216821071796e-10
155.2052052052052	0.20788721608730676	37414.77488855139	3.4850405106375694e-10
155.48048048048048	0.2084830563817777	37395.431304070466	3.488668895649042e-10
155.75575575575576	0.20884281467293087	37376.097720444784	3.492301949975659e-10
156.03103103103103	0.20906168304190179	37356.7741325038	3.495937296373263e-10
156.3063063063063	0.20930107952095353	37337.46053507974	3.499575559089044e-10
156.5815815815816	0.2094956750865094	37318.156923007475	3.503216222402132e-10
156.85685685685687	0.2096038212157776	37298.863291124486	3.506858239059124e-10
157.13213213213214	0.2096932800019359	37279.579634270995	3.5105018320791014e-10
157.40740740740742	0.20983232994485973	37260.30594728991	3.5141482327605667e-10
157.6826826826827	0.2100672068434012	37241.04222502685	3.517799126230766e-10
157.95795795795797	0.21031156059389458	37221.788462330034	3.5214545073518413e-10
158.23323323323325	0.21042685842496006	37202.54465405027	3.5251122344989293e-10
158.50850850850853	0.21048767154310666	37183.31079504107	3.52877177338332e-10
158.7837837837838	0.2106170953601076	37164.08688015867	3.5324346047919754e-10
159.05905905905905	0.21080861030995574	37144.87290426198	3.536101795388936e-10
159.33433433433433	0.21102072199368946	37125.66886221252	3.539773544971705e-10
159.6096096096096	0.21120248901076638	37106.474748874454	3.543449224657564e-10
159.88488488488488	0.21138517959439165	37087.29055911462	3.547128823148015e-10
160.16016016016016	0.21170037816696566	37068.116287802564	3.550814364106177e-10
160.43543543543544	0.21214312405207075	37048.95192981051	3.5545073606586437e-10
160.7107107107107	0.21259391425615193	37029.797480013236	3.5582071541310485e-10
160.985985985986	0.21294358743231886	37010.65293328813	3.5619115424731715e-10
161.26126126126127	0.21312541232431834	36991.51828451517	3.565617771428599e-10
161.53653653653654	0.21323899406144112	36972.39352857705	3.569325216339558e-10
161.81181181181182	0.21339406851062964	36953.27866035917	3.5730350781656244e-10
162.0870870870871	0.21359676504044003	36934.173674749574	3.576748395139454e-10
162.36236236236238	0.21382642858901402	36915.07856663894	3.580465665126243e-10
162.63763763763765	0.2140475487509415	36895.99333092056	3.5841867332381184e-10
162.91291291291293	0.214235320143316	36876.91796249037	3.587911097446762e-10
163.1881881881882	0.2143815737403971	36857.85245624692	3.5916382396197307e-10
163.46346346346348	0.21452815741314038	36838.79680709142	3.5953683982261026e-10
163.73873873873873	0.2147337666603521	36819.751009927764	3.5991026640269017e-10
164.014014014014	0.21497583179543758	36800.71505966247	3.602841545877996e-10
164.2892892892893	0.2152128415854747	36781.688951204655	3.6065848048359313e-10
164.56456456456456	0.21544206039497518	36762.672679466064	3.61033221218964e-10
164.83983983983984	0.2156685528851564	36743.66623936106	3.6140836673210524e-10
165.11511511511512	0.21589535740505816	36724.66962580668	3.61783913888149e-10
165.3903903903904	0.21609205218079747	36705.68283372252	3.6215981358576664e-10
165.66566566566567	0.21619787025424864	36686.70585803081	3.6253593416559123e-10
165.94094094094095	0.21631188683145874	36667.73869365642	3.6291232487670134e-10
166.21621621621622	0.21661505227362254	36648.781335527	3.6328930236408253e-10
166.4914914914915	0.21696190640438756	36629.83377857269	3.636668909354965e-10
166.76676676676678	0.2171374337251425	36610.89601772617	3.640447794561147e-10
167.04204204204206	0.21729541092304563	36591.96804792278	3.6442296083500954e-10
167.31731731731733	0.21757174815155203	36573.04986410059	3.6480163824026303e-10
167.5925925925926	0.21780068768594435	36554.14146120018	3.651807161557453e-10
167.8678678678679	0.2179275707594354	36535.24283416472	3.6556003619190484e-10
168.14314314314316	0.21813434622283795	36516.35397794008	3.659397538469375e-10
168.4184184184184	0.21846128620025665	36497.47488747481	3.6632005243065425e-10
168.6936936936937	0.21879931174557835	36478.60555771996	3.667009077513638e-10
168.96896896896897	0.2190827396558888	36459.74598362917	3.67082200229413e-10
169.24424424424424	0.21928517971559328	36440.89616015867	3.674637962433337e-10
169.51951951951952	0.21943899123945515	36422.056082267336	3.6784564128206775e-10
169.7947947947948	0.21958850482198877	36403.225744916635	3.6822776086168984e-10
170.07007007007007	0.21975064910292486	36384.40514307068	3.686102009442102e-10
170.34534534534535	0.2199185704685033	36365.59427169618	3.6899298700930675e-10
170.62062062062063	0.22005248255405993	36346.793125762415	3.693760781240453e-10
170.8958958958959	0.22017514129321544	36328.001700241286	3.697594773205924e-10
171.17117117117118	0.22037831757729243	36309.219990107325	3.701433276261219e-10
171.44644644644646	0.22063255266215073	36290.447990337685	3.7052769552072806e-10
171.72172172172174	0.22082891281439074	36271.68569591203	3.709124660437098e-10
171.996996996997	0.22094268668967068	36252.933101812574	3.7129751185304e-10
172.2722722722723	0.22100901933006065	36234.1902030242	3.7168278763792933e-10
172.54754754754757	0.22115290562942413	36215.456994534405	3.720684496895434e-10
172.82282282282284	0.22142782048586765	36196.73347133336	3.724547018548781e-10
173.0980980980981	0.22166143197540686	36178.0196284137	3.728414388919974e-10
173.37337337337337	0.22177708456464662	36159.315460770595	3.732284614571621e-10
173.64864864864865	0.2218842814137005	36140.62096340187	3.736157822229937e-10
173.92392392392392	0.22206055698574842	36121.93613130797	3.740035300070142e-10
174.1991991991992	0.22232841680485865	36103.260959491985	3.7439183968124064e-10
174.47447447447448	0.2225870668625875	36084.595442959486	3.74780661734761e-10
174.74974974974975	0.22271788700300724	36065.93957671856	3.7516977592472195e-10
175.02502502502503	0.22286370533479571	36047.29335577997	3.7555922993434737e-10
175.3003003003003	0.22314894243804306	36028.65677515712	3.7594925163766427e-10
175.57557557557558	0.22338010922122759	36010.02982986588	3.7633972172870595e-10
175.85085085085086	0.2234792726859594	35991.412514924676	3.767304281520694e-10
176.12612612612614	0.22368096205638682	35972.80482535459	3.7712156557977764e-10
176.40140140140142	0.22403351266482105	35954.20675617937	3.7751335939946537e-10
176.6766766766767	0.22434870048918465	35935.61830242519	3.7790569626514126e-10
176.95195195195197	0.22453861133465758	35917.03945912075	3.7829835362356685e-10
177.22722722722725	0.22460697497290363	35898.470221297306	3.7869116459833436e-10
177.50250250250252	0.2246518739643798	35879.91058398877	3.7908414992408134e-10
177.77777777777777	0.22477632060799482	35861.360542231654	3.7947748358020153e-10
178.05305305305305	0.2249520760178358	35842.820091065056	3.798712575366745e-10
178.32832832832833	0.22514995670487645	35824.28922553059	3.8026549858061327e-10
178.6036036036036	0.2254100942855471	35805.767940672464	3.8066028905415744e-10
178.87887887887888	0.22572005450624247	35787.25623153744	3.8105567379073095e-10
179.15415415415416	0.22598609058450575	35768.75409317479	3.814515439554592e-10
179.42942942942943	0.22619450618247428	35750.26152063634	3.818477942773154e-10
179.7047047047047	0.22639942266102256	35731.77850897648	3.822444261355838e-10
179.97997997998	0.22660377460098466	35713.3050532522	3.826414452016552e-10
180.25525525525526	0.22678567971309874	35694.841148523	3.830388224930386e-10
180.53053053053054	0.22693920277768517	35676.386789850934	3.8343652659736853e-10
180.80580580580582	0.22708237795006578	35657.94197230062	3.8383456090514394e-10
181.0810810810811	0.22728709749848452	35639.506690939284	3.842330381904557e-10
181.35635635635637	0.2275806220178586	35621.08094083672	3.8463208757126294e-10
181.63163163163165	0.22789743678021535	35602.66471706521	3.8503170872433543e-10
181.90690690690693	0.22818257261549393	35584.25801469955	3.854318173069972e-10
182.1821821821822	0.2284059123319624	35565.860828817094	3.858323021157922e-10
182.45745745745745	0.2285846308645124	35547.47315449774	3.862331035565733e-10
182.73273273273273	0.2287614151674704	35529.09498682391	3.8663424093759863e-10
183.008008008008	0.22894914600200791	35510.726320880625	3.870357490014068e-10
183.28328328328328	0.22913922645403403	35492.36715175545	3.8743764158636087e-10
183.55855855855856	0.2292883921832202	35474.01747453842	3.8783986339737597e-10
183.83383383383384	0.22939686058442157	35455.67728432214	3.8824237215035113e-10
184.1091091091091	0.22957262231870262	35437.3465762018	3.886453003349884e-10
184.3843843843844	0.22981589265493899	35419.02534527515	3.890487507683311e-10
184.65965965965967	0.22997824518273596	35400.713586642356	3.8945257609338985e-10
184.93493493493494	0.2300883093064832	35382.411295406135	3.8985670634655935e-10
185.21021021021022	0.23030262666533172	35364.118466671855	3.9026132692188603e-10
185.4854854854855	0.23057789571608137	35345.835095547365	3.906665148580781e-10
185.76076076076077	0.23079905811408585	35327.56117714299	3.9107215377645265e-10
186.03603603603605	0.2309886872515174	35309.296706571586	3.91478188454642e-10
186.31131131131133	0.23118180760507512	35291.041678948546	3.9188462992128026e-10
186.5865865865866	0.2313381030055813	35272.79608939178	3.9229142517928673e-10
186.86186186186188	0.23146417926587756	35254.55993302173	3.926985435608127e-10
187.13713713713713	0.23165952110366908	35236.333204961404	3.931061136041887e-10
187.4124124124124	0.2319283814782623	35218.115900336365	3.9351424102505264e-10
187.68768768768768	0.23217663674356268	35199.90801427459	3.939228634898344e-10
187.96296296296296	0.2323750454047415	35181.70954190659	3.9433188834484614e-10
188.23823823823824	0.2325395147669627	35163.52047836538	3.947412686197901e-10
188.51351351351352	0.23269927754463715	35145.34081878655	3.9515101292022444e-10
188.7887887887888	0.2328809991026186	35127.170558308164	3.9556116874451924e-10
189.06406406406407	0.23308615614964234	35109.00969207086	3.9597177504193514e-10
189.33933933933935	0.2333064365511668	35090.85821521774	3.9638284919413393e-10
189.61461461461462	0.23352515376284114	35072.716122894424	3.967943791665769e-10
189.8898898898899	0.23374243656608726	35054.583410249026	3.972063559793007e-10
190.16516516516518	0.23397609985603923	35036.4600724322	3.976188000258031e-10
190.44044044044045	0.23417678288651714	35018.346104597054	3.9803165168216114e-10
190.71571571571573	0.23426486397993693	35000.241501899174	3.984447435805507e-10
190.990990990991	0.23433486262375322	34982.146259496694	3.9885809148544565e-10
191.26626626626629	0.23452578821138093	34964.06037255035	3.992719201010709e-10
191.54154154154156	0.23481010463164498	34945.98383622336	3.996863602815557e-10
191.8168168168168	0.2351153203712282	34927.91664568139	4.0010140184116386e-10
192.0920920920921	0.23537198003070017	34909.85879609255	4.005169308385617e-10
192.36736736736736	0.2355236329814715	34891.81028262744	4.0093277361235296e-10
192.64264264264264	0.23553832188126161	34873.77110045911	4.013487480581021e-10
192.91791791791792	0.23549342452420763	34855.741244763165	4.0176483249476734e-10
193.1931931931932	0.23555402293490968	34837.72071071781	4.021812627382954e-10
193.46846846846847	0.23573561386435093	34819.709493503746	4.025982439883277e-10
193.74374374374375	0.2359645076821421	34801.70758830414	4.0301582131340183e-10
194.01901901901903	0.23617170618669409	34783.71499030457	4.0343392378474645e-10
194.2942942942943	0.23631424770329357	34765.731694693124	4.038524312249652e-10
194.56956956956958	0.23642719965799988	34747.757696660345	4.0427130512254775e-10
194.84484484484486	0.23655676808950504	34729.79299139933	4.0469058677792257e-10
195.12012012012013	0.2367387077358968	34711.837574105666	4.0511036280079505e-10
195.3953953953954	0.23696462787790662	34693.891439977415	4.0553068692260685e-10
195.6706706706707	0.23717823068598368	34675.95458421509	4.059515141793114e-10
195.94594594594597	0.23736177834267605	34658.02700202168	4.063727829707286e-10
196.22122122122124	0.2375263342239618	34640.10868860266	4.0679446309839153e-10
196.4964964964965	0.23767269072772199	34622.19963916599	4.07216532724707e-10
196.77177177177177	0.23781287140037918	34604.2998489221	4.076389936459395e-10
197.04704704704704	0.23802551833898333	34586.409313083954	4.080619679260347e-10
197.32232232232232	0.23832977893704066	34568.52802686698	4.0848557856033936e-10
197.5975975975976	0.23856070157027387	34550.65598548903	4.089096669520671e-10
197.87287287287288	0.23863268820852784	34532.79318417031	4.0933398050702275e-10
198.14814814814815	0.23861900824142107	34514.93961813357	4.097584380937066e-10
198.42342342342343	0.23864698421178943	34497.09528260411	4.101831728874257e-10
198.6986986986987	0.23886090967305793	34479.26017280981	4.106085086154823e-10
198.97397397397398	0.23920857690749575	34461.43428398097	4.1103461328409763e-10
199.24924924924926	0.23954900125690742	34443.61761135026	4.114613990411847e-10
199.52452452452454	0.23985306488082983	34425.81015015279	4.118887539128312e-10
199.7997997997998	0.24011520560770808	34408.011895626136	4.123165837506964e-10
200.0750750750751	0.24028787943509325	34390.222843010306	4.127447437820301e-10
200.35035035035037	0.24037480745985995	34372.44298754777	4.131731291653233e-10
200.62562562562564	0.24048387292970497	34354.67232448354	4.136018252859789e-10
200.90090090090092	0.24061286102365834	34336.91084906507	4.1403089419212555e-10
201.17617617617617	0.2406409589973738	34319.15855654217	4.1446019808719125e-10
201.45145145145145	0.24066733980092025	34301.41544216721	4.148897838329956e-10
201.72672672672672	0.24090314955142436	34283.68150119514	4.1532001172825323e-10
202.002002002002	0.24125156542592918	34265.95672888329	4.1575100867847634e-10
202.27727727727728	0.24152169885991406	34248.24112049134	4.161825784468134e-10
202.55255255255256	0.24166490882245856	34230.53467128134	4.1661449648770055e-10
202.82782782782783	0.24172779628010724	34212.83737651788	4.170466629348571e-10
203.1031031031031	0.24189047335468888	34195.14923146807	4.1747927828340464e-10
203.3783783783784	0.24213718297010461	34177.470231401494	4.1791247162215567e-10
203.65365365365366	0.2421761265078771	34159.80037158995	4.18345893270645e-10
203.92892892892894	0.24209861930647691	34142.13964730775	4.187794164546035e-10
204.20420420420422	0.24228966674779306	34124.48805383194	4.1921353664001096e-10
204.4794794794795	0.2426592428628483	34106.84558644191	4.196484939653342e-10
204.75475475475477	0.2429193256596488	34089.2122404193	4.200840285456295e-10
205.03003003003005	0.24307045993963944	34071.588011048225	4.205199429711821e-10
205.30530530530532	0.2431914612885446	34053.972893615224	4.209562079877357e-10
205.5805805805806	0.24332475601160852	34036.36688340937	4.2139286668246135e-10
205.85585585585588	0.2434998999850146	34018.769975722134	4.2182999754678324e-10
206.13113113113113	0.24373255207579467	34001.182165847495	4.2226768466844916e-10
206.4064064064064	0.24396139296732744	33983.60344908176	4.2270589785454513e-10
206.68168168168168	0.24405874868012925	33966.033820723635	4.231444176478371e-10
206.95695695695696	0.2440641073405221	33948.47327607423	4.235831376016378e-10
207.23223223223223	0.24411755469247057	33930.92181043723	4.2402219241313864e-10
207.5075075075075	0.2442854856769551	33913.37941911874	4.244617873193666e-10
207.7827827827828	0.24456774064870584	33895.84609742735	4.249020786990365e-10
208.05805805805807	0.24482957790498058	33878.32184067393	4.2534297799761343e-10
208.33333333333334	0.2449695774348163	33860.806644171746	4.2578426144723396e-10
208.60860860860862	0.24502530138916273	33843.30050323649	4.262258166077303e-10
208.8838838838839	0.24503828948583334	33825.8034131863	4.2666762195551973e-10
209.15915915915917	0.24503120684517074	33808.31536934178	4.271096961127394e-10
209.43443443443445	0.24502332093377555	33790.836367025906	4.2755208308081077e-10
209.70970970970973	0.24503492838214191	33773.36640156415	4.279948478628367e-10
209.984984984985	0.24510933573651525	33755.90546828439	4.2843810717758404e-10
210.26026026026028	0.24527147088411694	33738.45356251697	4.288819888043664e-10
210.53553553553556	0.24540571709831016	33721.01067959453	4.293264111442261e-10
210.8108108108108	0.245450045463133	33703.576814852124	4.2977121593959357e-10
211.08608608608608	0.24559913698934996	33686.1519636273	4.3021658465988967e-10
211.36136136136136	0.2459024733197918	33668.73612126007	4.3066273246661816e-10
211.63663663663664	0.2461100019168534	33651.329283092724	4.311094351861894e-10
211.91191191191191	0.24618046757827514	33633.931444469876	4.315564582472614e-10
212.1871871871872	0.2462992074414903	33616.54260073869	4.320039109316274e-10
212.46246246246247	0.2465164440227603	33599.16274724878	4.3245195454536914e-10
212.73773773773775	0.24678456604942303	33581.79187935214	4.3290063794509335e-10
213.01301301301302	0.2470115449481657	33564.429992403064	4.3334985540436195e-10
213.2882882882883	0.24713709916105062	33547.07708175825	4.337994330229468e-10
213.56356356356358	0.2472666805209348	33529.73314277684	4.342494025135266e-10
213.83883883883885	0.2474846592378042	33512.398170820445	4.346999191932902e-10
214.11411411411413	0.24775799310032579	33495.07216125306	4.3515104984676434e-10
214.3893893893894	0.24802211418514658	33477.755109441016	4.3560274494478533e-10
214.66466466466468	0.2481968089533493	33460.44701075299	4.36054842379126e-10
214.93993993993996	0.2482891004806403	33443.14786056004	4.3650723009750406e-10
215.21521521521524	0.24837614155985632	33425.857654235704	4.3695994298855444e-10
215.4904904904905	0.24854943148324196	33408.57638715596	4.374131498897469e-10
215.76576576576576	0.24885164410287278	33391.30405469919	4.3786704544346706e-10
216.04104104104104	0.24908288753305233	33374.040652246054	4.383214667470558e-10
216.31631631631632	0.24912676236606104	33356.78617517949	4.387761093995793e-10
216.5915915915916	0.24925155251961648	33339.54061888505	4.3923115956268516e-10
216.86686686686687	0.24953886330121589	33322.303978750686	4.3968688555035737e-10
217.14214214214215	0.24969818486769418	33305.07625016655	4.4014303924853303e-10
217.41741741741743	0.24969660853173747	33287.85742852516	4.40599381363595e-10
217.6926926926927	0.2497653097793016	33270.64750922155	4.4105609010209366e-10
217.96796796796798	0.24999576536616902	33253.44648765324	4.41513443263976e-10
218.24324324324326	0.25036471550484973	33236.25435922007	4.419716153787921e-10
218.51851851851853	0.25070156543204547	33219.07111932418	4.424304730812769e-10
218.7937937937938	0.2508606839263545	33201.89676336995	4.4288968881353573e-10
219.0690690690691	0.25094647442649615	33184.73128676424	4.433491770556734e-10
219.34434434434436	0.2510602192859934	33167.57468491632	4.438090307743857e-10
219.61961961961964	0.2511980845204787	33150.42695323787	4.442693145788385e-10
219.89489489489492	0.2513456995862677	33133.28808714289	4.447300551732672e-10
220.17017017017017	0.25148990076435074	33116.15808204778	4.4519125240925693e-10
220.44544544544544	0.25160948864533167	33099.03693337126	4.456528732666027e-10
220.72072072072072	0.2516843788443933	33081.92463653443	4.461148615406714e-10
220.995995995996	0.2517464278752068	33064.82118696078	4.465772244231882e-10
221.27127127127127	0.2518492604598158	33047.72658007617	4.47040051140309e-10
221.54654654654655	0.2520403315614126	33030.64081130889	4.4750348349773844e-10
221.82182182182183	0.2523008945250559	33013.56387608959	4.479675997139534e-10
222.0970970970971	0.2524575781157499	32996.49576985113	4.484321883848324e-10
222.37237237237238	0.2524538696732365	32979.43648802869	4.488970013380798e-10
222.64764764764766	0.2524358568734725	32962.38602605993	4.4936207897250085e-10
222.92292292292294	0.252488680662516	32945.34437938494	4.49827585111519e-10
223.1981981981982	0.2526252919552898	32928.31154344616	4.502936642575682e-10
223.4734734734735	0.2528395955716456	32911.28751368837	4.507604164271847e-10
223.74874874874877	0.2531046361822103	32894.272285558705	4.512278751788563e-10
224.02402402402404	0.2533310625241707	32877.265854506586	4.5169592601542727e-10
224.29929929929932	0.253455838415257	32860.268215983735	4.5216438373698946e-10
224.5745745745746	0.2535605094390119	32843.279365444294	4.526332361680161e-10
224.84984984984985	0.25369734414458367	32826.299298344784	4.5310255613622586e-10
225.12512512512512	0.25381617754128155	32809.32801014404	4.5357232019787506e-10
225.4004004004004	0.2539258299672621	32792.36549630323	4.540425245795476e-10
225.67567567567568	0.2541016108024029	32775.41175228595	4.545132846968839e-10
225.95095095095095	0.2542606910473544	32758.466773558102	4.5498455794037555e-10
226.22622622622623	0.25424851325669745	32741.53055558777	4.55456069591585e-10
226.5015015015015	0.2541927143674351	32724.6030938455	4.5592781241289387e-10
226.77677677677679	0.2542770686180789	32707.684383804306	4.56400069926999e-10
227.05205205205206	0.2544349739474351	32690.774420939502	4.5687295195515233e-10
227.32732732732734	0.2545734681604553	32673.873200728664	4.573463953431092e-10
227.60260260260262	0.2546813600020193	32656.98071865171	4.5782033485316724e-10
227.8778778778779	0.2547785853098635	32640.09697019089	4.5829475270571144e-10
228.15315315315317	0.2549097219307594	32623.221950830844	4.58769705855288e-10
228.42842842842845	0.2550695113943964	32606.355656058528	4.5924522917569554e-10
228.70370370370372	0.25521297643203206	32589.4980813632	4.597212781865713e-10
228.978978978979	0.25533924341031217	32572.649222236443	4.6019781803652994e-10
229.25425425425428	0.2554716511405868	32555.809074172204	4.6067485937177283e-10
229.52952952952953	0.2556342208360506	32538.977632666774	4.6115244828939635e-10
229.8048048048048	0.25583657105871205	32522.15489321876	4.6163063489835374e-10
230.08008008008008	0.2560462276400811	32505.3408513291	4.6210940581395767e-10
230.35535535535536	0.2562428694864535	32488.53550250102	4.625887189375032e-10
230.63063063063063	0.2564397431017582	32471.73884224009	4.6306856355961644e-10
230.9059059059059	0.25663164051236187	32454.950866054198	4.6354892349310805e-10
231.1811811811812	0.2567917650009315	32438.171569453538	4.640297443158184e-10
231.45645645645646	0.25691387380035624	32421.40094795061	4.6451097526860176e-10
231.73173173173174	0.2570114745734825	32404.63899706025	4.6499259956859994e-10
232.00700700700702	0.2571334899872113	32387.88571229966	4.654746820640959e-10
232.2822822822823	0.25732064157161666	32371.141089188364	4.659573362006715e-10
232.55755755755757	0.25753138203467735	32354.4051232482	4.664405818483127e-10
232.83283283283285	0.25770140211036424	32337.677810003257	4.669243323158625e-10
233.10810810810813	0.2577614456976458	32320.95914497989	4.674084127919889e-10
233.3833833833834	0.25776741619586235	32304.249123706795	4.678927801598438e-10
233.65865865865868	0.2579259536025766	32287.54774171516	4.683777294909842e-10
233.93393393393396	0.2581853512005827	32270.854994538426	4.688634012870145e-10
234.2092092092092	0.25830432591596253	32254.170877712168	4.693495189329195e-10
234.48448448448448	0.25829988341004867	32237.495386774273	4.698359011644613e-10
234.75975975975976	0.2583000193928585	32220.828517265043	4.703226145849022e-10
235.03503503503504	0.2583311458774976	32204.170264727098	4.708097514132646e-10
235.3103103103103	0.25840565213265115	32187.52062470538	4.712974009694332e-10
235.5855855855856	0.2585795524864669	32170.879592747162	4.71785719818379e-10
235.86086086086087	0.25883103920611344	32154.247164402022	4.722747913149164e-10
236.13613613613614	0.2590046617632996	32137.623335221702	4.727644309142694e-10
236.41141141141142	0.25909707171340196	32121.00810076025	4.732544945082688e-10
236.6866866866867	0.25925567219700757	32104.401456574116	4.737451084830493e-10
236.96196196196198	0.259447661754659	32087.803398222037	4.742363158284116e-10
237.23723723723725	0.2595486885426091	32071.213921264938	4.74727950891334e-10
237.51251251251253	0.259589889461441	32054.633021266072	4.7521993877531e-10
237.7877877877878	0.2596551070671868	32038.06069379104	4.757123569296923e-10
238.06306306306308	0.2598054235467681	32021.496934407798	4.762053612470327e-10
238.33833833833836	0.2600366332991869	32004.941738686575	4.766990624269439e-10
238.61361361361364	0.2602236796003575	31988.395102199796	4.771933441530413e-10
238.88888888888889	0.2603487208344006	31971.85702052216	4.77688090613901e-10
239.16416416416416	0.2605388891888149	31955.32748923076	4.781834179474385e-10
239.43943943943944	0.2607954120777037	31938.806503904965	4.786794154977707e-10
239.71471471471472	0.2610301095775078	31922.29406012638	4.791760095923618e-10
239.98998998999	0.26127852551038755	31905.790153478913	4.796732017769597e-10
240.26526526526527	0.26159253990780934	31889.294779548774	4.801710761242205e-10
240.54054054054055	0.2618300416345858	31872.807933924367	4.806694688854918e-10
240.81581581581582	0.2619031546091821	31856.32961219631	4.81168117107268e-10
241.0910910910911	0.2620022765290873	31839.85980995764	4.816671276399978e-10
241.36636636636638	0.2621924632094202	31823.398522803724	4.8216668473713e-10
241.64164164164166	0.26228345811892373	31806.945746332043	4.826666228444474e-10
241.91691691691693	0.26228370158163655	31790.50147614239	4.831668312934553e-10
242.1921921921922	0.26239033548718255	31774.065707836973	4.836675423845909e-10
242.4674674674675	0.26255161213570344	31757.63843702023	4.841688478584331e-10
242.74274274274276	0.2626045253836089	31741.219659298742	4.846705557648956e-10
243.01801801801804	0.2626209644835868	31724.809370281426	4.851726372448084e-10
243.29329329329332	0.2627029368747145	31708.407565579535	4.856752342435247e-10
243.56856856856857	0.2627757552760732	31692.014240806548	4.861783336724392e-10
243.84384384384384	0.2628132064652659	31675.62939157818	4.866818837481888e-10
244.11911911911912	0.2629502734324808	31659.253013512527	4.871860625371966e-10
244.3943943943944	0.2632073178330013	31642.88510222997	4.876910365424265e-10
244.66966966966967	0.26345357530177677	31626.525653353034	4.88196720567484e-10
244.94494494494495	0.26366444761527397	31610.17466250649	4.887030113003583e-10
245.22022022022023	0.2638875982272825	31593.83212531744	4.89209908028225e-10
245.4954954954955	0.2640773988673214	31577.498037415164	4.897173370030118e-10
245.77077077077078	0.2641847076627926	31561.172394431193	4.902251641342824e-10
246.04604604604606	0.2643245791723659	31544.8551919994	4.907334740942292e-10
246.32132132132134	0.2645719260300091	31528.54642575597	4.912424509150288e-10
246.5965965965966	0.2647997553351063	31512.246091339246	4.917520282624324e-10
246.8718718718719	0.2649628650439746	31495.954184389797	4.922620839164312e-10
247.14714714714717	0.26517673437310496	31479.670700550523	4.92772712264754e-10
247.42242242242244	0.2654601653299189	31463.395635466604	4.932840142736317e-10
247.69769769769772	0.2657305560546799	31447.128984785402	4.937959327021124e-10
247.972972972973	0.26589379489329024	31430.870744156455	4.943082735829703e-10
248.24824824824825	0.26589116182850003	31414.620909231493	4.948207975970597e-10
248.52352352352352	0.2658778159030201	31398.379475664624	4.953335753370642e-10
248.7987987987988	0.2659988831186149	31382.146439112323	4.958468933962582e-10
249.07407407407408	0.26614717629771056	31365.921795233226	4.96360793770571e-10
249.34934934934935	0.26625351247422835	31349.705539688148	4.968751965401934e-10
249.62462462462463	0.26640548688456334	31333.497668140226	4.973901832597889e-10
249.8998998998999	0.26660688342467465	31317.298176254844	4.979058211742989e-10
250.17517517517518	0.26675440000828987	31301.10705969953	4.984219940776787e-10
250.45045045045046	0.266833091131453	31284.924314144057	4.989385910994166e-10
250.72572572572574	0.2668941543219136	31268.74993526046	4.994556120882705e-10
251.00100100100101	0.2669905115349141	31252.58391872307	4.999731425343244e-10
251.2762762762763	0.2671485811345253	31236.42626020847	5.004912892115558e-10
251.55155155155157	0.2672895703089004	31220.27695539541	5.010100047171747e-10
251.82682682682685	0.26737626860034003	31204.135999964852	5.015291935729701e-10
252.10210210210212	0.2675250860819421	31188.003389600075	5.020489728953219e-10
252.3773773773774	0.2677419067367233	31171.879119986603	5.025694398747838e-10
252.65265265265268	0.2678577250075766	31155.763186812044	5.030903936553818e-10
252.92792792792793	0.26788924267990805	31139.65558576626	5.036117113431819e-10
253.2032032032032	0.26800763310968956	31123.556312541466	5.041335786041026e-10
253.47847847847848	0.2682209074083349	31107.465362832132	5.046561472982731e-10
253.75375375375376	0.26844961103270776	31091.38273233487	5.051794021135071e-10
254.02902902902903	0.2686254603073789	31075.308416748474	5.057032210072158e-10
254.3043043043043	0.268733110215079	31059.24241177394	5.062274881401873e-10
254.5795795795796	0.2688995833714933	31043.184713114588	5.067523232769328e-10
254.85485485485486	0.26915904742319907	31027.135316475993	5.072778713639821e-10
255.13013013013014	0.2693443600947026	31011.094217565824	5.078039693975756e-10
255.40540540540542	0.2694362845344766	30995.06141209393	5.083304647306265e-10
255.6806806806807	0.26958390902237406	30979.03689577251	5.088574856891182e-10
255.95595595595597	0.2697891520985088	30963.020664315984	5.093851312474037e-10
256.2312312312313	0.26996754091316116	30947.01271344092	5.099133381402083e-10
256.5065065065065	0.2701442208920492	30931.013038866116	5.104421001903652e-10
256.7817817817818	0.27037115204932083	30915.02163631263	5.109714973412681e-10
257.0570570570571	0.27063396425765174	30899.03850150372	5.115015659160725e-10
257.3323323323324	0.2708834007513222	30883.0636301648	5.120322530506536e-10
257.60760760760763	0.2710303411354242	30867.09701802345	5.125633747768701e-10
257.8828828828829	0.2710878219160219	30851.138660809444	5.130948154236758e-10
258.15815815815813	0.2712033568099348	30835.188554254888	5.136267286964678e-10
258.43343343343344	0.2713865503078198	30819.246694094116	5.141592448656374e-10
258.70870870870874	0.271534002005959	30803.313076063558	5.146922929493796e-10
258.983983983984	0.27161213666232376	30787.387695901853	5.152257656101177e-10
259.25925925925924	0.2716360471060955	30771.470549349826	5.157596075633937e-10
259.53453453453454	0.2716767783922922	30755.561632150584	5.162938934141084e-10
259.80980980980985	0.27179296890451393	30739.660940049456	5.168287744598343e-10
260.0850850850851	0.2719634013926944	30723.76846879399	5.173643289794199e-10
260.36036036036035	0.27216054388635574	30707.884214133897	5.179005705014657e-10
260.63563563563565	0.272369029137874	30692.008171821046	5.184374841524352e-10
260.91091091091096	0.27257446011593917	30676.14033760953	5.189750354971895e-10
261.1861861861862	0.27276675733777617	30660.280707255588	5.195131826023208e-10
261.46146146146145	0.2729862637546609	30644.429276517716	5.200519602492629e-10
261.73673673673676	0.2732765853309109	30628.586041156635	5.205914655552918e-10
262.01201201201206	0.2735078666283738	30612.750996935134	5.211315589107343e-10
262.2872872872873	0.273572958872315	30596.92413961813	5.216719619200925e-10
262.56256256256256	0.27367415209560025	30581.105464972872	5.222127979551236e-10
262.8378378378378	0.27393701253455843	30565.294968768907	5.227543638865738e-10
263.1131131131131	0.2741913297881719	30549.49264677783	5.232966024842469e-10
263.3883883883884	0.2743638911651947	30533.69849477338	5.238393518540267e-10
263.66366366366367	0.2745426773786958	30517.912508531525	5.243826355633865e-10
263.9389389389389	0.27470316855767213	30502.134683830405	5.249264312350202e-10
264.2142142142142	0.2747457837369563	30486.36501645026	5.25470559752947e-10
264.48948948948953	0.27473692771489094	30470.603502173573	5.260149966320913e-10
264.7647647647648	0.27479559739295445	30454.850136785095	5.26559918367586e-10
265.04004004004	0.27491704538136336	30439.104916071774	5.271054485227525e-10
265.31531531531533	0.27505443858344336	30423.367835822675	5.27651602394102e-10
265.59059059059064	0.27514342232121486	30407.638891828996	5.281982860759582e-10
265.8658658658659	0.27520378834293785	30391.91807988412	5.287454623742341e-10
266.14114114114113	0.2753827114183154	30376.205395783738	5.292933451780178e-10
266.41641641641644	0.27563764625154363	30360.500835325678	5.298420236688641e-10
266.69169169169174	0.275759156515254	30344.80439430976	5.303912205566964e-10
266.966966966967	0.2758245040750661	30329.116068538035	5.309408569655574e-10
267.24224224224224	0.27603448629054395	30313.43585381491	5.3149120420417e-10
267.5175175175175	0.27629308869237457	30297.763745946864	5.320423060256829e-10
267.7927927927928	0.276456396499779	30282.099740742422	5.325939586510384e-10
268.0680680680681	0.2765747257633136	30266.443834012327	5.331460937606046e-10
268.34334334334335	0.27671426587448383	30250.796021569542	5.33698769595748e-10
268.6186186186186	0.27689175881548983	30235.156299229213	5.34252057021979e-10
268.8938938938939	0.27705620816623805	30219.52466280859	5.348059248960729e-10
269.1691691691692	0.27709383622159256	30203.901108127007	5.353601631615496e-10
269.44444444444446	0.2770525934808339	30188.28563100599	5.35914694972459e-10
269.7197197197197	0.2770859204759133	30172.678227269353	5.364697160759453e-10
269.994994994995	0.2772194425151715	30157.078892743095	5.370254141309069e-10
270.2702702702703	0.2774168220666027	30141.487623255347	5.375818685883746e-10
270.54554554554556	0.27762848590408457	30125.904414636367	5.381390567202326e-10
270.8208208208208	0.2778168932529761	30110.3292627185	5.386968998825785e-10
271.0960960960961	0.27798241244776084	30094.762163336272	5.392553405617218e-10
271.3713713713714	0.27812427392312766	30079.20311232635	5.398143350339175e-10
271.6466466466467	0.27823448997081657	30063.652105527563	5.403738378738154e-10
271.9219219219219	0.27836387584914896	30048.109138780917	5.409338995115194e-10
272.19719719719717	0.27860206552854183	30032.57420792965	5.414947055443873e-10
272.4724724724725	0.27888531132467104	30017.047308819103	5.420562881420627e-10
272.7477477477478	0.27909804265340515	30001.52843729665	5.426184802843975e-10
273.02302302302303	0.27931779983030275	29986.017589211897	5.431812866514735e-10
273.2982982982983	0.2796191190622345	29970.514760416645	5.437448339379876e-10
273.5735735735736	0.2798647136794185	29955.019946764725	5.443089891848968e-10
273.8488488488489	0.27999685961912785	29939.53314411206	5.448735589779306e-10
274.12412412412414	0.28017538213547677	29924.054348316862	5.454386644558461e-10
274.3993993993994	0.28039293463926296	29908.583555239467	5.460043832011102e-10
274.6746746746747	0.28044585965740265	29893.120760742182	5.465704363166325e-10
274.94994994995	0.2803979976686185	29877.665960689494	5.471367231252231e-10
275.22522522522524	0.2804724323879296	29862.21915094824	5.477035381924705e-10
275.5005005005005	0.28063817290314075	29846.780327387358	5.482710483424124e-10
275.7757757757758	0.28078830923171927	29831.34948587784	5.488392001065478e-10
276.0510510510511	0.2809506453806346	29815.92662229282	5.49408000160638e-10
276.32632632632635	0.28113736949513984	29800.511732507588	5.499774737879015e-10
276.6016016016016	0.2812486190622337	29785.10481239947	5.505474743413648e-10
276.87687687687685	0.28128321998980854	29769.705857847923	5.511178916131473e-10
277.15215215215215	0.28139331613482044	29754.31486473468	5.516888966573176e-10
277.42742742742746	0.281586084130402	29738.93182894359	5.522606280009903e-10
277.7027027027027	0.28174723002870894	29723.55674636056	5.528329984096061e-10
277.97797797797796	0.28189897309280854	29708.189612873604	5.534059804955474e-10
278.25325325325326	0.28210811021887044	29692.830424372954	5.539796651401591e-10
278.52852852852857	0.2822852585911907	29677.47917675087	5.545539711040527e-10
278.8038038038038	0.28235939328327	29662.135865901673	5.551287205387954e-10
279.07907907907907	0.2824585031887567	29646.800487721932	5.557039950342244e-10
279.35435435435437	0.2826301031317496	29631.473038110358	5.562799340370578e-10
279.6296296296297	0.28272334878447897	29616.15351296767	5.56856389681202e-10
279.9049049049049	0.2827548017990509	29600.841908196722	5.574332804817042e-10
280.1801801801802	0.2829236276391751	29585.538219702634	5.580108781733163e-10
280.4554554554555	0.2831906019674716	29570.242443392646	5.585893181443027e-10
280.7307307307308	0.28337812365105514	29554.95457517592	5.59168404460502e-10
281.00600600600603	0.2834836399387618	29539.674610963764	5.597479885020252e-10
281.2812812812813	0.28356105477247207	29524.40254666963	5.60328050641067e-10
281.5565565565566	0.2836077500818201	29509.138378209063	5.609085721519135e-10
281.83183183183183	0.2836414703907081	29493.882101499774	5.61489568944656e-10
282.10710710710714	0.283751625822824	29478.63371246163	5.620712022742171e-10
282.3823823823824	0.2839400560378507	29463.393207016645	5.626535943980701e-10
282.6576576576577	0.2840879643119325	29448.1605810888	5.632366370458276e-10
282.93293293293294	0.28422772329085866	29432.935830604223	5.638203046752012e-10
283.20820820820825	0.28449435717528015	29417.71895149128	5.644048044919681e-10
283.4834834834835	0.2847723383051294	29402.509939680338	5.649900960061652e-10
283.75875875875874	0.28489193459602163	29387.308791103696	5.655758656122613e-10
284.03403403403405	0.2850394919482022	29372.115501695935	5.661621942380306e-10
284.3093093093093	0.28534914934436306	29356.930067393874	5.667493661189661e-10
284.5845845845846	0.28551769306002744	29341.75248413613	5.673370832753932e-10
284.85985985985985	0.28544713180583303	29326.582747863347	5.67924962406474e-10
285.13513513513516	0.2854929184968073	29311.42085451858	5.685133164762839e-10
285.4104104104104	0.28572356286189204	29296.266800047062	5.691024911501108e-10
285.6856856856857	0.28589127422924043	29281.120580395876	5.69692325752349e-10
285.96096096096096	0.28598942986581916	29265.982191514217	5.702826910230437e-10
286.23623623623627	0.28614700099197404	29250.85162935347	5.708737083082285e-10
286.5115115115115	0.28633269462372246	29235.728889867096	5.714654146050382e-10
286.7867867867868	0.2864838844020502	29220.613969010585	5.720577321874354e-10
287.06206206206207	0.2866452970663891	29205.506862741568	5.726506791138701e-10
287.3373373373374	0.2868423271605912	29190.407567019778	5.732443114858714e-10
287.6126126126126	0.28701220315664117	29175.316077806994	5.738385653016049e-10
287.8878878878879	0.28713212339512845	29160.23239106704	5.74433355339412e-10
288.1631631631632	0.28724426803016495	29145.156502765876	5.750286899587213e-10
288.4384384384384	0.2873970571109675	29130.08840887161	5.75624656890139e-10
288.71371371371373	0.28762569489882717	29115.028105354424	5.762213800322968e-10
288.988988988989	0.2878470896760422	29099.975588186564	5.768188108599839e-10
289.2642642642643	0.28796050605120505	29084.93085334221	5.774167444252158e-10
289.53953953953953	0.28804073275497655	29069.893896797723	5.780151560619156e-10
289.81481481481484	0.28817186741714124	29054.864714531614	5.786141693724968e-10
290.0900900900901	0.2883330266157076	29039.84330252446	5.792138402331073e-10
290.3653653653654	0.28851590122957016	29024.8296567589	5.798141958854376e-10
290.64064064064064	0.2887535013229575	29009.823773219694	5.804153121183904e-10
290.91591591591595	0.2889661123999798	28994.82564789358	5.810171104259556e-10
291.1911911911912	0.28898513457510994	28979.835276769238	5.816192491800837e-10
291.4664664664665	0.2888968219079155	28964.852655837472	5.822216227691254e-10
291.74174174174175	0.28890569474057276	28949.87778109139	5.828244987822621e-10
292.01701701701705	0.2890037354741224	28934.91064852613	5.834280606431235e-10
292.2922922922923	0.2891209624068793	28919.951254138854	5.840323250859607e-10
292.5675675675676	0.2892373179216439	28904.99959392877	5.846372706686715e-10
292.84284284284286	0.2893558836173296	28890.055663897143	5.852428870328772e-10
293.1181181181181	0.2895041704972532	28875.119460047365	5.858492133390394e-10
293.3933933933934	0.28968974044351387	28860.190978384864	5.864562913427934e-10
293.66866866866866	0.2898894464321755	28845.27021491715	5.870641126489756e-10
293.94394394394396	0.2900333446997762	28830.35716565367	5.87672552723258e-10
294.2192192192192	0.29004121573317837	28815.45182660593	5.88281384272078e-10
294.4944944944945	0.2900065867495903	28800.554193787542	5.888905990767053e-10
294.76976976976977	0.29006414013071513	28785.664263214316	5.895004199324644e-10
295.0450450450451	0.2901881185597531	28770.782030904098	5.901109669463103e-10
295.3203203203203	0.2903299265852922	28755.90749287675	5.907222458903627e-10
295.5955955955956	0.29048992428760173	28741.04064515419	5.913342618031198e-10
295.8708708708709	0.29066656762329546	28726.181483760392	5.919470159339164e-10
296.1461461461462	0.29084255620675237	28711.330004721367	5.925604799212691e-10
296.4214214214214	0.2909640771842985	28696.48620406514	5.931745415006522e-10
296.69669669669673	0.29096345502109133	28681.650077821698	5.937890031403996e-10
296.971971971972	0.2909559836510679	28666.821622023213	5.944039164688421e-10
297.2472472472473	0.2911060806231142	28652.000832704056	5.95019600117793e-10
297.52252252252254	0.29127837427063824	28637.187705900535	5.956360570213946e-10
297.7977977977978	0.2913353761288448	28622.382237650847	5.96253054692727e-10
298.0730730730731	0.2914507104246814	28607.584423995435	5.968707194219188e-10
298.34834834834834	0.29171241542538967	28592.79426097685	5.974892945449909e-10
298.62362362362364	0.29194009491623696	28578.01174463953	5.981086501414307e-10
298.8988988988989	0.29206011513643937	28563.236871029883	5.987285652681739e-10
299.1741741741742	0.2921514322338814	28548.469636196423	5.993490132082654e-10
299.44944944944945	0.2922571431178843	28533.710036189765	5.999700482926157e-10
299.72472472472475	0.29238901070074663	28518.95806706257	6.005917306634968e-10
300.0	0.29255813953488374	28504.21372486957	6.012141236020493e-10
