0.007095828614299293	4.053266584168436	6780.030366980773	6.469071460559628	0.0049796260296029295
25.0	0.04859800664451828	33212.0	10.0
25.275275275275277	0.049569813277764024	34051.37378235455	9.155112071565954
25.55055055055055	0.050449556627071	34828.57793061499	8.368487148656255
25.825825825825827	0.05107115154861258	35542.79407421422	7.640987910257569
26.1011011011011	0.05179976671505085	36199.26992644481	6.967686060850802
26.376376376376378	0.05273809613331473	36803.81949676084	6.3431057371247155
26.65165165165165	0.053529870558416834	37357.42568117071	5.766376357145039
26.926926926926928	0.054175427873879814	37861.662428682874	5.23606170872852
27.2022022022022	0.054976449241549236	38321.22715127814	4.747741159780115
27.47747747747748	0.05585395461711381	38739.50591751207	4.298240043297757
27.75275275275275	0.05658666718894377	39117.954636360664	3.8862222357568257
28.02802802802803	0.05730136070856853	39459.20160148682	3.509230287418413
28.303303303303302	0.058121950738756756	39766.52564532896	3.164182159447577
28.57857857857858	0.058835779908071144	40041.6919778962	2.849436773680091
28.853853853853856	0.059344187267451096	40286.12365698629	2.563677440946736
29.12912912912913	0.05985451243191937	40502.40098672532	2.304480640201033
29.404404404404403	0.060478637047744144	40693.346147222604	2.0691885241121883
29.67967967967968	0.06119003604766616	40861.33258975052	1.855568011357764
29.954954954954957	0.061947820742129074	41008.3414975027	1.6617574635011303
30.23023023023023	0.0627083664747113	41136.05742246096	1.4861758815713775
30.505505505505504	0.06344285860076923	41245.98804452063	1.3274089447878679
30.78078078078078	0.06414265840778217	41339.55094049085	1.1841263923714038
31.056056056056057	0.06485237490402827	41418.18494062531	1.054975814755023
31.33133133133133	0.06561477826093891	41483.29397081227	0.938636246697529
31.606606606606608	0.06643946654224273	41536.16070122324	0.8339006642070477
31.88188188188188	0.06727321785646474	41577.866450381545	0.7397526198939376
32.15715715715716	0.0679924404410174	41609.26237571932	0.6553940163259806
32.432432432432435	0.0686078841251486	41631.20625436919	0.5800193211762612
32.70770770770771	0.06922964519856278	41644.63618362785	0.5127451868393185
32.98298298298298	0.06982671774486324	41650.3800977137	0.4527922246162079
33.25825825825826	0.070343443274905	41649.159558395164	0.3994815295591294
33.533533533533536	0.0709589233130397	41641.77134688673	0.3520614298652834
33.808808808808806	0.07178888161562201	41628.97783949479	0.309812061155895
34.08408408408408	0.07257723200861	41611.29233887281	0.2722503843639287
34.35935935935936	0.07317939191597728	41589.130118160785	0.23898629011566253
34.63463463463464	0.07374239116886872	41562.9618260133	0.20957625081582257
34.90990990990991	0.07437526535997117	41533.25567314794	0.18357845027840924
35.18518518518518	0.07510995835647903	41500.43278811019	0.1605954147058821
35.46046046046046	0.07587042116150575	41464.84047374276	0.1402996100146188
35.73573573573574	0.0765406737639671	41426.76371130828	0.12242255403467954
36.01101101101101	0.07716854582796628	41386.47843148558	0.10670403313515911
36.286286286286284	0.07783519730820564	41344.25020939446	0.09289336008870439
36.56156156156156	0.07851678765668037	41300.310473594334	0.0807721041212828
36.83683683683684	0.07917569857880953	41254.860689376874	0.07015014129194479
37.112112112112115	0.07979443227359302	41208.080485018945	0.06085793450795545
37.38738738738739	0.08036500002844398	41160.1314082259	0.052742975342212284
37.66266266266266	0.08089318336969217	41111.15974531571	0.04566711585696608
37.93793793793794	0.08146036729261673	41061.30277083803	0.03950062122301781
38.213213213213216	0.08217666000759269	41010.687632812296	0.03412324593305793
38.488488488488485	0.08290956753873834	40959.41541090844	0.02943946892711201
38.76376376376376	0.08347843268336627	40907.567035004344	0.025372876504700895
39.03903903903904	0.08401614653139704	40855.22328503511	0.02184709209598093
39.314314314314316	0.08465086023736855	40802.460368400796	0.01878999930875023
39.58958958958959	0.08526549932578383	40749.34021594176	0.016143013713897553
39.86486486486486	0.08581479836615952	40695.916497572696	0.013855357594504947
40.14014014014014	0.08642588801028221	40642.239976468714	0.011878958368764002
40.41541541541542	0.08713490540518597	40588.35517610888	0.01017163484213173
40.690690690690694	0.08787462069630038	40534.29919550924	0.008698236661904293
40.965965965965964	0.0885820695602145	40480.10354255841	0.007428903512585157
41.24124124124124	0.08921905982446462	40425.79566149385	0.006337613951354193
41.51651651651652	0.08986141484300351	40371.40075123465	0.005400454499544661
41.791791791791795	0.09058218395955099	40316.94139565088	0.004595975618990331
42.06706706706707	0.09130814242670818	40262.43642113012	0.003906286017643823
42.34234234234234	0.09197409761609385	40207.90183406246	0.0033161624349830475
42.61761761761762	0.09259161565073608	40153.35182123771	0.0028120981180950644
42.892892892892895	0.093194226348559	40098.79896262488	0.00238210752623005
43.168168168168165	0.0938269475373526	40044.25435218149	0.0020155937336422507
43.44344344344344	0.09447503549668855	39989.72745918199	0.0017035044804640416
43.71871871871872	0.09509640741304771	39935.22631846724	0.0014381447481459347
43.993993993993996	0.09578377186465664	39880.758101131025	0.0012126337243309913
44.26926926926927	0.09662610777994503	39826.32906885793	0.0010209495364994865
44.54454454454455	0.09743295754640084	39771.944156955244	0.000858328583072251
44.81981981981982	0.0980427547692248	39717.60743818385	0.0007208243855688255
45.0950950950951	0.09855096006999454	39663.322658016	0.0006047976337160796
45.37037037037037	0.0990626376324252	39609.09316641804	0.0005069817532699905
45.645645645645644	0.09963773482471719	39554.921850207225	0.00042454801453579413
45.92092092092092	0.10032257672266978	39500.81115856648	0.00035508177837288463
46.1961961961962	0.10113894814500372	39446.76313968286	0.0002965480867112318
46.471471471471475	0.10195699552947249	39392.779431571675	0.00024730095363452974
46.74674674674675	0.10261783377877001	39338.8613621697	0.0002059883412621001
47.02202202202202	0.10327437996751286	39285.010134179494	0.0001713760690227447
47.2972972972973	0.10407388571677034	39231.226794791386	0.00014237688802824715
47.572572572572575	0.10481184483053356	39177.51215246084	0.00011813015405063085
47.847847847847845	0.10535634688448078	39123.866863862066	9.791913022678875e-05
48.12312312312312	0.10583865061995491	39070.29150994892	8.109856517482327e-05
48.3983983983984	0.10634488671421498	39016.78658909493	6.70991970505953e-05
48.673673673673676	0.10687715645510515	38963.352486247124	5.546261707288523e-05
48.94894894894895	0.107449046943455	38909.989515344874	4.5796456509249964e-05
49.22422422422423	0.10807217117294546	38856.69792301806	3.777220091786743e-05
49.4994994994995	0.10866348092913976	38803.47789362371	3.112046211739239e-05
49.77477477477478	0.10914256538896182	38750.32956327647	2.561765874481415e-05
50.05005005005005	0.10960347557031129	38697.25303664938	2.1070038509782043e-05
50.32532532532532	0.11012789189233091	38644.24838772014	1.731299962287276e-05
50.6006006006006	0.11066662683758414	38591.31565916704	1.4211691951418274e-05
50.87587587587588	0.11121794461175928	38538.45486987326	1.165388275521996e-05
51.151151151151154	0.11186678388000368	38485.66602042842	9.544730356309745e-06
51.42642642642643	0.11256064792312452	38432.949092991556	7.806908797207118e-06
51.70170170170171	0.11314391787743859	38380.30405401564	6.3781220244229585e-06
51.97697697697698	0.11367923786888574	38327.73086059996	5.2052073472704214e-06
52.252252252252255	0.1143045378031469	38275.229461878494	4.242686928906211e-06
52.527527527527525	0.11492800664222186	38222.799797884865	3.453812802300216e-06
52.8028028028028	0.11544420123180688	38170.44180161287	2.8086041142756715e-06
53.07807807807808	0.11592706702987515	38118.15540143059	2.2815920918276474e-06
53.353353353353356	0.1164664073029504	38065.94052156558	1.8513693753851344e-06
53.62862862862863	0.11711628804566543	38013.79708245389	1.5002551203877614e-06
53.90390390390391	0.11779294707846828	37961.72500098277	1.2140281693973903e-06
54.17917917917918	0.11828745164565736	37909.72419105512	9.813476369517423e-07
54.454454454454456	0.11864841525037265	37857.794564888594	7.925917240671322e-07
54.729729729729726	0.11907484002255347	37805.936033428436	6.395216893709352e-07
55.005005005005	0.11958442055450624	37754.14850612829	5.154342371926347e-07
55.28028028028028	0.12011590052554662	37702.431891149674	4.149406058342699e-07
55.55555555555556	0.12059333770709815	37650.78609564533	3.336856885102978e-07
55.830830830830834	0.12099501070684496	37599.21102604197	2.680971801956606e-07
56.10610610610611	0.12142572381513766	37547.7065883022	2.1519573076669462e-07
56.38138138138139	0.12194034530277302	37496.27269122563	1.7257149269332127e-07
56.65665665665666	0.1225033131746269	37444.9092415788	1.3825982503093986e-07
56.931931931931935	0.12307660818793836	37393.61614451204	1.1066682029083872e-07
57.20720720720721	0.12363608864182392	37342.39330499013	8.850320185632062e-08
57.48248248248248	0.12424891131017576	37291.24062786665	7.071248987489555e-08
57.75775775775776	0.12499007959695221	37240.158017921436	5.6435086199826874e-08
58.033033033033036	0.12574730607650944	37189.14537987796	4.499206670035229e-08
58.30830830830831	0.12640727667979856	37138.20261844946	3.584047605114852e-08
58.58358358358358	0.12701236036537966	37087.32963837978	2.853357715546907e-08
58.85885885885886	0.12759188087476508	37036.5263444575	2.270734416206737e-08
59.134134134134136	0.1281083051227263	36985.79264152782	1.8068973507176653e-08
59.40940940940941	0.12853335041611177	36935.12843450751	1.4382329718770545e-08
59.68468468468468	0.12886675670634518	36884.53362839679	1.145642617755991e-08
59.95995995995996	0.12924394189372426	36834.008128290014	9.135064670642759e-09
60.23523523523524	0.1298311718428212	36783.55183938056	7.2919665058564885e-09
60.510510510510514	0.13045255676268988	36733.16466696162	5.8299238327736565e-09
60.78578578578579	0.13089710022823756	36682.84651643397	4.672995526198969e-09
61.06106106106106	0.1312984020224898	36632.59729331422	3.758596352459876e-09
61.33633633633634	0.13178743955071057	36582.41690323607	3.0360391004517576e-09
61.611611611611615	0.1323275647410737	36532.305251951344	2.4654493835210297e-09
61.88688688688689	0.13284235763119867	36482.26224533207	2.0154520961158766e-09
62.16216216216216	0.13324170045903572	36432.28778937242	1.6612332655324953e-09
62.43743743743744	0.13359407152962302	36382.38179019036	1.3827540505272956e-09
62.712712712712715	0.1340640737480487	36332.544154028634	1.1638382328549328e-09
62.98798798798799	0.13457147123491967	36282.77478725458	9.919039860030894e-10
63.26326326326326	0.1349734126611503	36233.073596360824	8.571430975355213e-10
63.53853853853854	0.1353881703250473	36183.44048796625	7.516388969236361e-10
63.813813813813816	0.135919155372969	36133.875368815985	6.690901972240266e-10
64.0890890890891	0.13643400245902515	36084.37814578135	6.046248306689957e-10
64.36436436436436	0.13683027616338825	36034.9487258601	5.544211409713792e-10
64.63963963963964	0.13711872261650526	35985.58701617654	5.154327340272655e-10
64.91491491491492	0.1374082382957785	35936.29292398166	4.852225478118307e-10
65.1901901901902	0.13787463479504491	35887.066356653064	4.618525393146289e-10
65.46546546546547	0.1384858450849203	35837.90722169481	4.4382657799234494e-10
65.74074074074073	0.13910386555930052	35788.81542673716	4.299930807485219e-10
66.01601601601601	0.13971723888270504	35739.79087953662	4.194459564871081e-10
66.29129129129129	0.140326765671283	35690.833487975884	4.1147178112550743e-10
66.56656656656656	0.14081900105829348	35641.94316006355	4.055139806673673e-10
66.84184184184184	0.14116506557062414	35593.11980393411	4.01132808932558e-10
67.11711711711712	0.14154787723268997	35544.36332784789	3.979771126096667e-10
67.3923923923924	0.1420353046093397	35495.67364019088	3.9577302939747117e-10
67.66766766766767	0.14253023746395102	35447.05064947437	3.943095771860582e-10
67.94294294294295	0.14300890632936852	35398.49426433498	3.9342235913385204e-10
68.21821821821823	0.14350514792885197	35350.0043935344	3.9298297822138804e-10
68.4934934934935	0.14401456200365487	35301.580945959286	3.92891584385477e-10
68.76876876876878	0.1445155304541597	35253.22383062104	3.9307052419622517e-10
69.04404404404404	0.14499052741724322	35204.93295665568	3.934593413129919e-10
69.31931931931932	0.1454261364181229	35156.70823332365	3.940109584293942e-10
69.5945945945946	0.1458173996302988	35108.54957000969	3.9468875673141785e-10
69.86986986986987	0.14621591482011378	35060.45687622265	3.954645554012915e-10
70.14514514514515	0.14674707398997872	35012.43006159548	3.9631723856193724e-10
70.42042042042041	0.1473450109627943	34964.46903588478	3.972302636192994e-10
70.69569569569569	0.1477888306947164	34916.57370897063	3.981895943482481e-10
70.97097097097097	0.14814419633647907	34868.74399085661	3.9918468138994345e-10
71.24624624624624	0.1485984843397047	34820.97979166969	4.002085161521086e-10
71.52152152152152	0.14908557870174322	34773.281021659895	4.012553263428427e-10
71.7967967967968	0.14952135231287567	34725.647591200126	4.023201406235692e-10
72.07207207207207	0.15004004300285834	34678.07941078615	4.033999933826675e-10
72.34734734734735	0.15067880359171554	34630.57639103635	4.0449285772490175e-10
72.62262262262263	0.15121782969972888	34583.13844269138	4.0559574759166754e-10
72.8978978978979	0.15162588964222207	34535.765476614135	4.0670616292207604e-10
73.17317317317318	0.1521059349652653	34488.45740378978	4.078235225167699e-10
73.44844844844846	0.15264910558755895	34441.21413532535	4.089473249615339e-10
73.72372372372374	0.15311243692010107	34394.035582449564	4.1007624448291856e-10
73.998998998999	0.15353988564511506	34346.92165651276	4.1120956270569804e-10
74.27427427427428	0.15402141834134817	34299.87226898679	4.123473287113242e-10
74.54954954954955	0.1545005629041502	34252.88733146469	4.134892068055009e-10
74.82482482482483	0.15491496426848678	34205.96675566059	4.1463453192415204e-10
75.1001001001001	0.1552769395267192	34159.11045340953	4.157828847812606e-10
75.37537537537537	0.15565501124945538	34112.31833666735	4.169344036525242e-10
75.65065065065065	0.15617022582073511	34065.590317510614	4.1808999375731336e-10
75.92592592592592	0.1567135428747952	34018.92630813623	4.1924961743206425e-10
76.2012012012012	0.1570142950366847	33972.32622086116	4.20411461554888e-10
76.47647647647648	0.15722324681632985	33925.78996812259	4.215751617725863e-10
76.75175175175175	0.15763963561079086	33879.31746247785	4.2274242189796277e-10
77.02702702702703	0.1581302074439118	33832.90861660397	4.239136441832117e-10
77.30230230230231	0.15851180111675728	33786.563343297465	4.2508792314057883e-10
77.57757757757759	0.15887022837835568	33740.28155547433	4.262651484235356e-10
77.85285285285286	0.15927068290056753	33694.06316616991	4.274456700100765e-10
78.12812812812814	0.15965556193159086	33647.90808853863	4.286293721344917e-10
78.40340340340342	0.16004230149990178	33601.816235853876	4.2981628553553603e-10
78.67867867867868	0.16053070567177521	33555.7875215079	4.310070937234776e-10
78.95395395395396	0.1610521602126278	33509.821859011565	4.3220185570169805e-10
79.22922922922923	0.16144997473060896	33463.91916199404	4.333995835223528e-10
79.50450450450451	0.16175910446082703	33418.079344202844	4.345997742236806e-10
79.77977977977977	0.1620847284371174	33372.30231950374	4.358027498164147e-10
80.05505505505505	0.16249766658604503	33326.588001880504	4.370092198688598e-10
80.33033033033033	0.16298808750220864	33280.936305434734	4.3821964966847775e-10
80.6056056056056	0.16338803337019156	33235.34714438555	4.394332794568734e-10
80.88088088088088	0.16366331133349074	33189.82043306958	4.406493220951552e-10
81.15615615615616	0.16398047422901238	33144.35608594088	4.418682943991031e-10
81.43143143143143	0.16434406941581567	33098.95401757071	4.4309061285104207e-10
81.70670670670671	0.16463304074049714	33053.61414264723	4.443157904762201e-10
81.98198198198199	0.16492055440945666	33008.33637597552	4.455439517263752e-10
82.25725725725727	0.1653348027816151	32963.120632477505	4.46776037940658e-10
82.53253253253254	0.16577554202037376	32917.96682719151	4.480120863626594e-10
82.80780780780782	0.16613040196011578	32872.87487527216	4.492513839552612e-10
83.0830830830831	0.1664490584595194	32827.84469199035	4.5049373415904104e-10
83.35835835835836	0.1667926688195451	32782.87619273308	4.517393986953842e-10
83.63363363363364	0.16719106574538514	32737.96929300328	4.529887707139331e-10
83.90890890890891	0.16760177536195986	32693.123908419562	4.542418616873233e-10
84.18418418418419	0.16792343982100594	32648.339954716062	4.554980118061574e-10
84.45945945945945	0.16820540369954742	32603.617347742373	4.567570640968786e-10
84.73473473473473	0.1685622346964888	32558.956003463452	4.5801966428415417e-10
85.01001001001	0.16890033421042955	32514.355837959283	4.5928567055829973e-10
85.28528528528528	0.16912759879416683	32469.816767424727	4.6055437085095136e-10
85.56056056056056	0.16944649633696998	32425.338708169606	4.618265866461765e-10
85.83583583583584	0.1699477881398869	32380.921576618457	4.6310352684619063e-10
86.11111111111111	0.1703534389678403	32336.565289310056	4.6438423569781985e-10
86.38638638638639	0.17059669813013761	32292.269762897457	4.656675707936058e-10
86.66166166166167	0.17092987495698111	32248.034914148073	4.669543729751648e-10
86.93693693693695	0.17140541582365557	32203.860659943395	4.682456099071134e-10
87.21221221221222	0.17190307589131038	32159.746917278655	4.695411927282083e-10
87.4874874874875	0.17232912272759884	32115.6936032627	4.708404347790419e-10
87.76276276276278	0.1726304390133786	32071.70063511789	4.721424837442063e-10
88.03803803803804	0.1728702260339464	32027.767930179987	4.734471406582426e-10
88.31331331331332	0.17313075340703693	31983.895405898085	4.747548107363265e-10
88.58858858858859	0.17345544726863832	31940.082979834384	4.76066082011066e-10
88.86386386386387	0.17381581540676969	31896.33056966398	4.773811967556727e-10
89.13913913913915	0.17408431620420314	31852.638093174628	4.786994843011856e-10
89.41441441441442	0.1742577812487682	31809.005468266696	4.800204372598924e-10
89.68968968968969	0.17445860464606608	31765.4326129531	4.813445055480962e-10
89.96496496496496	0.17474678924959783	31721.919445359126	4.826724211239938e-10
90.24024024024024	0.1751249637649261	31678.46588372222	4.840047379256872e-10
90.51551551551552	0.175500654339231	31635.071846391726	4.853412425606581e-10
90.7907907907908	0.17577398711341935	31591.73725182875	4.866811129177527e-10
91.06606606606607	0.1759368056129278	31548.462018606067	4.880236992634915e-10
91.34134134134135	0.17605157556695328	31505.24606540807	4.893689511145979e-10
91.61661661661662	0.17627829589022614	31462.089311030668	4.907179097749884e-10
91.8918918918919	0.17662103786244374	31418.991674381003	4.92071362896262e-10
92.16716716716716	0.1768925356182332	31375.95307447713	4.934286238481742e-10
92.44244244244244	0.17709498240105034	31332.973430448023	4.9478921141275e-10
92.71771771771772	0.17735620340341107	31290.052661533573	4.96153642235769e-10
92.992992992993	0.17760333485799842	31247.1906870842	4.97521801519091e-10
93.26826826826827	0.17772489698609242	31204.3874265607	4.988928541603398e-10
93.54354354354355	0.17784788157693096	31161.642799534326	5.002670576522623e-10
93.81881881881883	0.17811457190234015	31118.95672568661	5.016455674235889e-10
94.0940940940941	0.1785422018793847	31076.329124809134	5.030293415526895e-10
94.36936936936937	0.1790476395410633	31033.759916803265	5.044185102904131e-10
94.64464464464464	0.17943374291841924	30991.249021679905	5.058118269456863e-10
94.91991991991992	0.1796801659873149	30948.796359559503	5.072082551181822e-10
95.1951951951952	0.17993497689968765	30906.401850672068	5.086080591661344e-10
95.47047047047047	0.18028664357096036	30864.065415356952	5.100120364063514e-10
95.74574574574575	0.18074781087868427	30821.786974062645	5.114208508505797e-10
96.02102102102103	0.18112254869841513	30779.56644734641	5.128336449616571e-10
96.2962962962963	0.18126711923688246	30737.403755874206	5.142488224269373e-10
96.57157157157158	0.18143051562100512	30695.29882042089	5.156669404241225e-10
96.84684684684684	0.18178852249246424	30653.251561870013	5.170896064592477e-10
97.12212212212212	0.18223212249338497	30611.261901213387	5.185172328994245e-10
97.3973973973974	0.18266639744556115	30569.329759550972	5.199494673472076e-10
97.67267267267268	0.18304976151719551	30527.45505809076	5.21385773842697e-10
97.94794794794795	0.18334552444374633	30485.637718148624	5.228255192372703e-10
98.22322322322323	0.1835280358653625	30443.87766114819	5.242680770447862e-10
98.4984984984985	0.1836406392208381	30402.17480862078	5.257132992997452e-10
98.77377377377378	0.1837633158152766	30360.529082205263	5.271616329354842e-10
99.04904904904905	0.18400289767488395	30318.940403647954	5.286141376107853e-10
99.32432432432432	0.18437157684839042	30277.40869480237	5.300716606494957e-10
99.5995995995996	0.18464514164489043	30235.933877628853	5.315332629853827e-10
99.87487487487488	0.1847845496613147	30194.515874194614	5.329980051642778e-10
100.15015015015015	0.1850502636958669	30153.15460667386	5.344670217028657e-10
100.42542542542543	0.1854131059702622	30111.849997347377	5.359409253596124e-10
100.70070070070071	0.18560511112951572	30070.601968602154	5.374182970873887e-10
100.97597597597598	0.18572400435853478	30029.410442931574	5.388988049104635e-10
101.25125125125126	0.18600385393606114	29988.27534293544	5.403838437166109e-10
101.52652652652652	0.1863253753704183	29947.196591319444	5.418735821069081e-10
101.8018018018018	0.18654816930334228	29906.174110895012	5.433671639603584e-10
102.07707707707708	0.1868129395261327	29865.20782457946	5.448649645317635e-10
102.35235235235236	0.1871720879105935	29824.29765539572	5.463676211997594e-10
102.62762762762763	0.18743393163104505	29783.443526471998	5.478742493624236e-10
102.90290290290291	0.18761368959725847	29742.64536104181	5.49384328921621e-10
103.17817817817819	0.18796188090272434	29701.90308244407	5.508992506219862e-10
103.45345345345346	0.188479677321793	29661.21661412271	5.524200152200824e-10
103.72872872872873	0.1889981332187757	29620.585879626356	5.539461481308393e-10
104.004004004004	0.18939990713794533	29580.010802608238	5.55476489678992e-10
104.27927927927928	0.18963922647539452	29539.491306826116	5.570098998038309e-10
104.55455455455456	0.18985752374355913	29499.027316142325	5.585465699524347e-10
104.82982982982983	0.19015478840828906	29458.618754523603	5.600873433947465e-10
105.10510510510511	0.19043977447297447	29418.26554604074	5.616321777273306e-10
105.38038038038039	0.19069689122618844	29377.96761486853	5.631809364175024e-10
105.65565565565566	0.19103948801682424	29337.724885285734	5.647343267603844e-10
105.93093093093094	0.1914175220063879	29297.53728167479	5.662924985850255e-10
106.2062062062062	0.19166317168500105	29257.404728521553	5.678543739589656e-10
106.48148148148148	0.19185149410914934	29217.327150415378	5.694197265003392e-10
106.75675675675676	0.1921483552947188	29177.304472049098	5.709895754953966e-10
107.03203203203203	0.1925398692145919	29137.33661821869	5.725645454659852e-10
107.30730730730731	0.19293741679978324	29097.42351382305	5.741444506671696e-10
107.58258258258259	0.19319909691868078	29057.565083863796	5.757281549585044e-10
107.85785785785787	0.19332100598871202	29017.761253445275	5.77314834070665e-10
108.13313313313314	0.19353926998243925	28978.011947774685	5.789055924273637e-10
108.4084084084084	0.1938572935446933	28938.317092161673	5.805012356869381e-10
108.68368368368368	0.19403723348660706	28898.67661201793	5.821006364188368e-10
108.95895895895896	0.19414107824807353	28859.09043285741	5.837034476260412e-10
109.23423423423424	0.19438925040274346	28819.55848029632	5.853110066331522e-10
109.50950950950951	0.19473625168711972	28780.0806800527	5.869239319733394e-10
109.78478478478479	0.19505766856023832	28740.65695794623	5.88541768850208e-10
110.06006006006007	0.19532130590678953	28701.287239898153	5.901639699110922e-10
110.33533533533534	0.19556544736131176	28661.971451931237	5.917904300357825e-10
110.61061061061062	0.1959298845839943	28622.709520169723	5.934220861578938e-10
110.88588588588588	0.19641749784092766	28583.501370839076	5.950596192326848e-10
111.16116116116116	0.1968443411594068	28544.34693026559	5.967021814960582e-10
111.43643643643644	0.19713357108639684	28505.24612487641	5.983486287149739e-10
111.71171171171171	0.19731457390689078	28466.198881199474	5.999983775507391e-10
111.98698698698699	0.1975031985743133	28427.2051258635	6.016518617522818e-10
112.26226226226227	0.197807016031986	28388.26478559784	6.033101669233573e-10
112.53753753753755	0.19810716758129673	28349.377787232075	6.049731939000536e-10
112.81281281281282	0.19829528825789472	28310.54405769589	6.066400908759505e-10
113.08808808808809	0.1984650506752637	28271.763524019167	6.083109473548369e-10
113.36336336336336	0.19869942831002327	28233.03611333184	6.099864331148487e-10
113.63863863863864	0.19900649353523803	28194.36175286368	6.116670783204095e-10
113.91391391391392	0.1993002040755038	28155.740369944022	6.133526289739647e-10
114.1891891891892	0.19943136773284809	28117.17189200159	6.15041822129935e-10
114.46446446446447	0.19950325231459637	28078.656246564624	6.167345362186119e-10
114.73973973973975	0.19972990329905335	28040.193361260892	6.18432258019881e-10
115.01501501501502	0.20005782390122434	28001.783163817225	6.201356353278354e-10
115.2902902902903	0.20037007764400488	27963.425582059346	6.218442639787606e-10
115.56556556556556	0.20066967564407648	27925.12054391182	6.235578887962707e-10
115.84084084084084	0.2009716605307697	27886.867977397975	6.252764470999891e-10
116.11611611611612	0.2012633032611846	27848.6678106397	6.269998054288735e-10
116.3913913913914	0.2015033536584497	27810.519971857324	6.287275705893328e-10
116.66666666666667	0.2016323428928157	27772.424389369407	6.304590340150109e-10
116.94194194194195	0.20177642644612204	27734.38099159286	6.32194641167361e-10
117.21721721721723	0.20215651150375702	27696.38970704291	6.339363428117213e-10
117.4924924924925	0.2026330781457582	27658.45046433252	6.356844602899066e-10
117.76776776776778	0.20296277265816962	27620.563192172176	6.37437411590298e-10
118.04304304304304	0.2031805951871988	27582.72781937007	6.391943663673836e-10
118.31831831831832	0.20335496886605972	27544.94427483194	6.40955263639007e-10
118.5935935935936	0.20344948986316344	27507.212487560933	6.427197935029803e-10
118.86886886886887	0.20353276497713332	27469.53238665748	6.444882567402069e-10
119.14414414414415	0.2038439291465617	27431.903901319452	6.462626535294671e-10
119.41941941941943	0.20433495492329654	27394.32696084163	6.480440121997115e-10
119.6946946946947	0.2047053011742969	27356.801494615294	6.498307933471566e-10
119.96996996996998	0.2049664087680089	27319.327432128455	6.516220246934459e-10
120.24524524524524	0.20527495590771314	27281.90470296591	6.534182169119436e-10
120.52052052052052	0.20555844209887422	27244.533236808813	6.552191810733372e-10
120.7957957957958	0.205736550055562	27207.21296343455	6.570241868272076e-10
121.07107107107107	0.20595883593030515	27169.94381271688	6.588338622729473e-10
121.34634634634635	0.2062865577654811	27132.725714625703	6.606491063039918e-10
121.62162162162163	0.20653054953937838	27095.558599226606	6.62469112694892e-10
121.8968968968969	0.20662526672705264	27058.4423966809	6.642928351992576e-10
122.17217217217218	0.20668232897145733	27021.377037245697	6.661204030616317e-10
122.44744744744746	0.2068237081578359	26984.362451273788	6.679528341977565e-10
122.72272272272272	0.20713867010852258	26947.398569213492	6.697915124070126e-10
122.997997997998	0.20747976546373384	26910.48532160822	6.716362711309896e-10
123.27327327327328	0.20768344267292055	26873.622639096306	6.734857530069126e-10
123.54854854854855	0.207942151474166	26836.81045241136	6.753405002086467e-10
123.82382382382383	0.20837602450663847	26800.048692382003	6.772018078760494e-10
124.0990990990991	0.20871979844706753	26763.3372899313	6.790685374233892e-10
124.37437437437438	0.20888075543029172	26726.6761760768	6.809392030718204e-10
124.64964964964966	0.2090875440578592	26690.065281930838	6.828145459042284e-10
124.92492492492492	0.20940756872893324	26653.50453870021	6.846955953575321e-10
125.2002002002002	0.209745337844921	26616.993877685818	6.865823258796756e-10
125.47547547547548	0.21003743635313807	26580.53323028259	6.884742361936815e-10
125.75075075075075	0.21024937988534756	26544.122527979376	6.903707225196972e-10
126.02602602602603	0.21038952893800136	26507.76170235891	6.922714412697186e-10
126.30130130130131	0.21049703732532135	26471.45068509767	6.941764641962811e-10
126.57657657657658	0.21066146597664573	26435.18940796586	6.960865376040452e-10
126.85185185185186	0.21092350217419062	26398.977802827183	6.980024915170199e-10
127.12712712712714	0.2112186639747627	26362.815801638608	6.999243967258524e-10
127.4024024024024	0.2114705556480133	26326.70333645021	7.018517119833898e-10
127.67767767767768	0.2116111647096496	26290.64033940504	7.037835428974031e-10
127.95295295295296	0.2116907146257641	26254.626742739183	7.057196755351725e-10
128.22822822822823	0.21183009351737625	26218.662478781705	7.076609127827366e-10
128.5035035035035	0.21208379149425352	26182.747479954443	7.096082335634348e-10
128.7787787787788	0.21246704568970615	26146.88167877181	7.115624298870265e-10
129.05405405405406	0.21295177933417855	26111.065007840643	7.135238250009765e-10
129.32932932932934	0.2134712711965935	26075.29739986001	7.154921174891094e-10
129.60460460460462	0.21389752661064257	26039.578787620987	7.174660994912889e-10
129.87987987987987	0.21420160832347804	26003.9091040067	7.194447293709739e-10
130.15515515515517	0.2144953662905687	25968.288281992314	7.214281875006076e-10
130.43043043043042	0.21478325581600974	25932.71625464487	7.234166361422366e-10
130.70570570570572	0.21498859530870976	25897.192955122937	7.254095851223133e-10
130.98098098098097	0.21519706641334954	25861.71831667682	7.274073840455257e-10
131.25625625625628	0.2155349170976458	25826.292272648374	7.294112727633607e-10
131.53153153153153	0.21590614140935385	25790.914756470684	7.314213347802604e-10
131.80680680680683	0.21621626225650564	25755.58570166785	7.334368825271959e-10
132.08208208208208	0.21656884275366553	25720.305041855216	7.354582781485028e-10
132.35735735735736	0.21698564101669207	25685.072710739056	7.374859436515898e-10
132.63263263263264	0.21729628449112867	25649.88864211624	7.395188144208274e-10
132.9079079079079	0.21749476108950047	25614.7527698743	7.415561303305921e-10
133.1831831831832	0.21775029505255206	25579.66502799158	7.435987317243666e-10
133.45845845845847	0.21803692810757705	25544.62535053683	7.456469826885836e-10
133.73373373373374	0.2182311716427009	25509.633671668937	7.477001475609397e-10
134.00900900900902	0.21842689396990467	25474.6899256371	7.497584862415361e-10
134.2842842842843	0.21874871757716172	25439.794046780775	7.518231763946426e-10
134.55955955955955	0.219122598189159	25404.945969529246	7.538944219970971e-10
134.83483483483485	0.2194579798831521	25370.145628401504	7.559716384766536e-10
135.1101101101101	0.2197271102183058	25335.392958006196	7.580542154302328e-10
135.3853853853854	0.21998265880596823	25300.68789304161	7.601421718830947e-10
135.66066066066065	0.2203575155244074	25266.030368295687	7.622365957466431e-10
135.93593593593596	0.22076572716979606	25231.42031864557	7.643375287354008e-10
136.2112112112112	0.22097816409836527	25196.857679057288	7.664431555419934e-10
136.4864864864865	0.22107092975448814	25162.342384586045	7.685528802150766e-10
136.76176176176176	0.2212290052081163	25127.874370376307	7.706678039454522e-10
137.03703703703704	0.22143687882619473	25093.453571661314	7.727885434625932e-10
137.31231231231232	0.2216577898155077	25059.07992376302	7.74915218795388e-10
137.5875875875876	0.22195344484336718	25024.753362092037	7.770484174169115e-10
137.86286286286287	0.2223141438216322	24990.473822147458	7.791884590541903e-10
138.13813813813815	0.22259427796728778	24956.2412395165	7.81334376169933e-10
138.41341341341342	0.22277521207075546	24922.05554987461	7.834853757141925e-10
138.6886886886887	0.2229688179278798	24887.916688985504	7.856418472495882e-10
138.96396396396398	0.2231983423019493	24853.82459270092	7.878042463001185e-10
139.23923923923923	0.22344336482146834	24819.779196960437	7.899727150112713e-10
139.51451451451453	0.22376817118544334	24785.78043779149	7.92147881528383e-10
139.78978978978978	0.2241978559691124	24751.82825130919	7.943303764740952e-10
140.06506506506508	0.22451735307666115	24717.922573715823	7.965188557883151e-10
140.34034034034033	0.22464122412618184	24684.063341300964	7.98711726899706e-10
140.61561561561564	0.22484217923963115	24650.25049044184	8.009101840203016e-10
140.8908908908909	0.2251890250552353	24616.483957602966	8.031155954237183e-10
141.1661661661662	0.22546154578458819	24582.76367933552	8.053270555619665e-10
141.44144144144144	0.22566291228687685	24549.08959227764	8.075439944260438e-10
141.71671671671672	0.22595269725273573	24515.46163315447	8.097673620353911e-10
141.991991991992	0.2262773135064901	24481.879738777767	8.119973500525458e-10
142.26726726726727	0.2265264481719702	24448.343846045667	8.142331742947147e-10
142.54254254254255	0.22678300390499806	24414.853891942894	8.164750103940846e-10
142.81781781781783	0.22711035892474704	24381.40981354057	8.187235087762051e-10
143.0930930930931	0.22739005797122028	24348.011547995837	8.209781176419799e-10
143.36836836836838	0.22758836699081586	24314.65903255188	8.232381954057433e-10
143.64364364364366	0.22783886499881523	24281.352204538052	8.255044405600432e-10
143.9189189189189	0.2281596664368164	24248.09100136959	8.277774729643462e-10
144.1941941941942	0.22845341569943936	24214.87536054729	8.300568917359772e-10
144.46946946946946	0.22869353711222523	24181.705219657557	8.323422145083651e-10
144.74474474474476	0.22889195761061953	24148.580516372273	8.346332285813908e-10
145.02002002002	0.2290307275668153	24115.501188448696	8.369296475915429e-10
145.29529529529532	0.2291124373374065	24082.467173729343	8.392313090255475e-10
145.57057057057057	0.2292392743881861	24049.47841014204	8.415389741463501e-10
145.84584584584587	0.22946970881958845	24016.53483569972	8.438536470785912e-10
146.12112112112112	0.22974183405546075	23983.63638850017	8.461754723078631e-10
146.3963963963964	0.23002536693428524	23950.78300672588	8.485042943105022e-10
146.67167167167167	0.23033933865683207	23917.97462864408	8.508401788485537e-10
146.94694694694695	0.23065528142203354	23885.211192606515	8.53182932838914e-10
147.22222222222223	0.23091962494453572	23852.492637049287	8.555319781114078e-10
147.4974974974975	0.23116051088967893	23819.818900492868	8.578871806772742e-10
147.77277277277278	0.2314244003716129	23787.189921542045	8.602488559387378e-10
148.04804804804806	0.23168423688839512	23754.60563888565	8.626169855654652e-10
148.32332332332334	0.23189200367484814	23722.065991296422	8.649911515716155e-10
148.59859859859858	0.23199660055678584	23689.5709176309	8.673706457731334e-10
148.8738738738739	0.2320368258923451	23657.120356829415	8.697553413172224e-10
149.14914914914914	0.23217453418015846	23624.714247916243	8.721465555734376e-10
149.42442442442444	0.23242183829382274	23592.35252999917	8.745452657100628e-10
149.6996996996997	0.23265725936373627	23560.035142269233	8.769510689467248e-10
149.974974974975	0.23284801684224332	23527.762024000676	8.793634230466674e-10
150.25025025025025	0.23300958462011492	23495.533114551	8.817821127203742e-10
150.52552552552555	0.23314017927354536	23463.348353360725	8.842069870384789e-10
150.8008008008008	0.23324779782491675	23431.207679953386	8.866380223348006e-10
151.07607607607608	0.23338761527083188	23399.111033935413	8.890756909753754e-10
151.35135135135135	0.2336033807488536	23367.05835499605	8.915206924375953e-10
151.62662662662663	0.23389855545634997	23335.049582907195	8.939735229528589e-10
151.9019019019019	0.23417625257862681	23303.084657523057	8.964336635333002e-10
152.17717717717719	0.23425881757932812	23271.16351877995	8.988992175418127e-10
152.45245245245246	0.23429610091373892	23239.2861066967	9.013702690737012e-10
152.72772772772774	0.23459851232319318	23207.452361374842	9.038496207509219e-10
153.00300300300302	0.23502066036284214	23175.662222997715	9.063378280700571e-10
153.2782782782783	0.23529916721410776	23143.91563183014	9.088329275270207e-10
153.55355355355357	0.23545274104660796	23112.21252821881	9.113338091369515e-10
153.82882882882885	0.23555950291346123	23080.55285259227	9.138404477983871e-10
154.10410410410412	0.23567644795724738	23048.936545460747	9.163533396574074e-10
154.37937937937937	0.2358247881206455	23017.36354741602	9.188730037312606e-10
154.65465465465465	0.2359831894306549	22985.833799131182	9.213995947597098e-10
154.92992992992993	0.23617646423213304	22954.34724136067	9.23933442690888e-10
155.2052052052052	0.23646362312110844	22922.903814940164	9.264752994340462e-10
155.48048048048048	0.2368354023302894	22891.503460786378	9.290255796374324e-10
155.75575575575576	0.23723754620366042	22860.146119896865	9.315840723955315e-10
156.03103103103103	0.23757249766411398	22828.83173334984	9.341497687039965e-10
156.3063063063063	0.23779978857925452	22797.560242304167	9.36721654557247e-10
156.5815815815816	0.2380784787843681	22766.331587999568	9.393005131050233e-10
156.85685685685687	0.23844404916593812	22735.145711756344	9.418871805643566e-10
157.13213213213214	0.23866779306228725	22704.002554974773	9.444801376128786e-10
157.40740740740742	0.23871446090564422	22672.90205913534	9.470780849222906e-10
157.6826826826827	0.2387735385789848	22641.84416579901	9.496819029987125e-10
157.95795795795797	0.23895989665404965	22610.828816607023	9.522932138019265e-10
158.23323323323325	0.23930639348965255	22579.85595328062	9.549133777742035e-10
158.50850850850853	0.2396776460927369	22548.925517620628	9.575420501282097e-10
158.7837837837838	0.23990962338904612	22518.037451507313	9.601775158368438e-10
159.05905905905905	0.23997316105640146	22487.1916969005	9.628184034491786e-10
159.33433433433433	0.23993067684246347	22456.388195839638	9.654644006440404e-10
159.6096096096096	0.2399723980177787	22425.626890443917	9.681170560493297e-10
159.88488488488488	0.24020144345790104	22394.90772291197	9.707783304995495e-10
160.16016016016016	0.2405808412199875	22364.23063552158	9.73449163194516e-10
160.43543543543544	0.24099353610812516	22333.595570629393	9.761290887525485e-10
160.7107107107107	0.24128732683607243	22303.002470670715	9.788164052909417e-10
160.985985985986	0.24149148327618417	22272.451278159784	9.815102914925394e-10
161.26126126126127	0.24170294338601955	22241.941935689745	9.842111228989108e-10
161.53653653653654	0.24191355627745748	22211.474385932364	9.869190731360985e-10
161.81181181181182	0.24208629270579565	22181.048571637886	9.896339165866375e-10
162.0870870870871	0.2421904246619196	22150.66443563492	9.923552276006221e-10
162.36236236236238	0.24227533392184145	22120.321920830484	9.950831984484685e-10
162.63763763763765	0.24250732253895316	22090.020970210087	9.978195164176813e-10
162.91291291291293	0.2427970090512531	22059.761526837217	1.000564440836831e-09
163.1881881881882	0.24283235369220393	22029.543533852746	1.00331521581871e-09
163.46346346346348	0.24277944056929002	21999.36693447575	1.0060716312746076e-09
163.73873873873873	0.24300958384872398	21969.23167200379	1.0088370596033672e-09
164.014014014014	0.2433202056003474	21939.137689811698	1.0116117710764186e-09
164.2892892892893	0.243434086855702	21909.084931351394	1.0143933233492605e-09
164.56456456456456	0.24355145987075633	21879.0733401526	1.0171820489929939e-09
164.83983983983984	0.24381731418833802	21849.102859822702	1.0199795478491018e-09
165.11511511511512	0.24406108203430746	21819.17343404598	1.0227852344490137e-09
165.3903903903904	0.2442354325627961	21789.285006583792	1.0255982884599443e-09
165.66566566566567	0.24448578294687653	21759.437521274802	1.028419579077097e-09
165.94094094094095	0.24485374246350977	21729.630922034692	1.0312500714726692e-09
166.21621621621622	0.24528887271159727	21699.86515285588	1.0340899103332772e-09
166.4914914914915	0.24571545772616968	21670.140157807346	1.0369384697109539e-09
166.76676676676678	0.24607378127491938	21640.455881034595	1.0397947828317955e-09
167.04204204204206	0.24642135691301714	21610.812266759738	1.0426587910718368e-09
167.31731731731733	0.2468168140500972	21581.209259281408	1.0455310284745926e-09
167.5925925925926	0.24723958151648948	21551.64680297452	1.0484116461856986e-09
167.8678678678679	0.24766002734403994	21522.1248422901	1.051300463011114e-09
168.14314314314316	0.24805326780736872	21492.643321755244	1.0541971312804464e-09
168.4184184184184	0.24838501261082457	21463.202185972976	1.057101106567714e-09
168.6936936936937	0.24861960948946274	21433.801379622106	1.0600117056561852e-09
168.96896896896897	0.24880245861669512	21404.440847457325	1.0629289393166936e-09
169.24424424424424	0.24902365779312918	21375.120534309193	1.0658536936753927e-09
169.51951951951952	0.24935775813479036	21345.840385083982	1.068787264166479e-09
169.7947947947948	0.24981400739883602	21316.600344763472	1.07173057410127e-09
170.07007007007007	0.2502095053574593	21287.400358404422	1.0746824417720709e-09
170.34534534534535	0.25043910580325746	21258.240371138654	1.0776411014548866e-09
170.62062062062063	0.2506183759032761	21229.120328173387	1.0806065639142654e-09
170.8958958958959	0.2507863181863441	21200.040174790967	1.0835792233641416e-09
171.17117117117118	0.2508723490309911	21170.99985634856	1.0865586476302092e-09
171.44644644644646	0.250938897271242	21141.999318278304	1.089545178987286e-09
171.72172172172174	0.25112578292560594	21113.03850608738	1.0925404135340018e-09
171.996996996997	0.2513989502398103	21084.117365357546	1.0955450405965135e-09
172.2722722722723	0.25167371373047154	21055.235841744932	1.0985586739058764e-09
172.54754754754757	0.2519769806165609	21026.39388098016	1.1015813424747069e-09
172.82282282282284	0.252305876083114	20997.591428868207	1.1046130451464877e-09
173.0980980980981	0.2525190803007381	20968.82843128798	1.1076523926045365e-09
173.37337337337337	0.25261300690408	20940.104834192534	1.1106984764885324e-09
173.64864864864865	0.2528023924230633	20911.42058360938	1.1137528580450024e-09
173.92392392392392	0.2530723152364399	20882.775625639948	1.1168163868726904e-09
174.1991991991992	0.2532164786031838	20854.169906459087	1.119887556441059e-09
174.47447447447448	0.2533248539728882	20825.603372315534	1.1229663173931281e-09
174.74974974974975	0.25359575929250927	20797.07596953209	1.1260546279696562e-09
175.02502502502503	0.2539118480599007	20768.58764450484	1.129152562859721e-09
175.3003003003003	0.2541284260906868	20740.13834370302	1.1322587281921927e-09
175.57557557557558	0.2543356287947231	20711.72801366934	1.1353731562168462e-09
175.85085085085086	0.25458757323700165	20683.356601019877	1.1384964200120383e-09
176.12612612612614	0.25479573693914953	20655.024052443656	1.1416279988042626e-09
176.40140140140142	0.2549732302080627	20626.730314702745	1.1447677044180555e-09
176.6766766766767	0.25524948208158504	20598.475334632425	1.147916734554852e-09
176.95195195195197	0.2555779667517726	20570.2590591407	1.1510753834014476e-09
177.22722722722725	0.25580292453162773	20542.081435207972	1.1542422669942146e-09
177.50250250250252	0.25588045054939385	20513.94240988718	1.1574160755244e-09
177.77777777777777	0.2558637161452612	20485.841930303905	1.1605965298752022e-09
178.05305305305305	0.25599737168562453	20457.779943656675	1.1637859536826111e-09
178.32832832832833	0.25637260184905136	20429.756397216574	1.1669867539566608e-09
178.6036036036036	0.2566316181015222	20401.771238326117	1.1701967973162516e-09
178.87887887887888	0.2566658075082349	20373.824414399725	1.173413636180213e-09
179.15415415415416	0.25678076773779507	20345.915872924525	1.1766388741689557e-09
179.42942942942943	0.2570037398099659	20318.04556145963	1.1798738099805553e-09
179.7047047047047	0.25712419135146886	20290.21342763553	1.1831171001692369e-09
179.97997997998	0.25716548086606567	20262.419419154507	1.186368148462021e-09
180.25525525525526	0.25725073107505436	20234.663483790762	1.1896278615962985e-09
180.53053053053054	0.2573685025912837	20206.945569390005	1.192896700296349e-09
180.80580580580582	0.25748872209080026	20179.26562386932	1.1961746511834418e-09
181.0810810810811	0.2576486644767298	20151.623595217232	1.1994621040369307e-09
181.35635635635637	0.2578718283631294	20124.019431493558	1.2027595597554525e-09
181.63163163163165	0.25813642248992225	20096.453080829233	1.2060671158175907e-09
181.90690690690693	0.25839653699033116	20068.92449142613	1.2093843625996144e-09
182.1821821821822	0.25858820195238086	20041.433611556924	1.212710381138254e-09
182.45745745745745	0.25867979646802436	20013.980389565102	1.216044270877884e-09
182.73273273273273	0.2586757635399488	19986.564773864902	1.2193855202923293e-09
183.008008008008	0.2586722248233829	19959.18671294146	1.2227348291223165e-09
183.28328328328328	0.2587651193076828	19931.846155350682	1.2260936602049967e-09
183.55855855855856	0.2589180720018495	19904.543049718883	1.229462556508407e-09
183.83383383383384	0.2590961201140141	19877.27734474266	1.2328414980800306e-09
184.1091091091091	0.2593306824851082	19850.04898918896	1.236230818342071e-09
184.3843843843844	0.25958039072551753	19822.857931894832	1.2396302955868705e-09
184.65965965965967	0.25971031943156425	19795.704121767103	1.243038357680198e-09
184.93493493493494	0.2597981960598017	19768.587507782737	1.246454861280341e-09
185.21021021021022	0.2600582160460164	19741.508038989126	1.2498820260351626e-09
185.4854854854855	0.26036070365480374	19714.46566450314	1.2533198577310287e-09
185.76076076076077	0.26047189002268734	19687.460333510808	1.2567658511413987e-09
186.03603603603605	0.26048005931580753	19660.491995267985	1.260219399802937e-09
186.31131131131133	0.2605365310592334	19633.56059910037	1.2636817679601269e-09
186.5865865865866	0.2607058903873233	19606.66609440325	1.267154456434989e-09
186.86186186186188	0.2609767054962042	19579.8084306412	1.2706382916408917e-09
187.13713713713713	0.2612420083460123	19552.987557347788	1.2741326373266137e-09
187.4124124124124	0.26149785674958514	19526.20342412568	1.2776370638438244e-09
187.68768768768768	0.2618322524562681	19499.4559806468	1.2811522747583683e-09
187.96296296296296	0.262108591432712	19472.745176651686	1.284677225397136e-09
188.23823823823824	0.26211995889791073	19446.070961949245	1.2882090070123808e-09
188.51351351351352	0.2620897427327864	19419.43328641765	1.291748262632988e-09
188.7887887887888	0.2622655550046245	19392.832100004336	1.2952981245985571e-09
189.06406406406407	0.26242466946808335	19366.267352724764	1.2988581030366795e-09
189.33933933933935	0.2624470313353134	19339.73899466259	1.3024265756435816e-09
189.61461461461462	0.2626206344582031	19313.24697597054	1.3060057286300565e-09
189.8898898898899	0.26298440348368557	19286.791246869718	1.3095973697026974e-09
190.16516516516518	0.26322545471682535	19260.371757648663	1.3131991596661139e-09
190.44044044044045	0.2633244774413387	19233.988458663964	1.3168094372897313e-09
190.71571571571573	0.2634763329502204	19207.641300340678	1.320429350708579e-09
190.990990990991	0.2636500298100008	19181.3302331717	1.324059278115373e-09
191.26626626626629	0.26376276870235327	19155.055207717553	1.3276985377486307e-09
191.54154154154156	0.2639827548259031	19128.8161746069	1.331348602836459e-09
191.8168168168168	0.26439729613721547	19102.613084536253	1.3350113830182181e-09
192.0920920920921	0.2647121887043719	19076.44588826891	1.3386847648857093e-09
192.36736736736736	0.26481476949342575	19050.31453663537	1.3423661770582036e-09
192.64264264264264	0.264956662300482	19024.218980534097	1.3460568730071348e-09
192.91791791791792	0.26520297313661917	18998.159170930976	1.3497583770759233e-09
193.1931931931932	0.2654217542724763	18972.135058858737	1.3534701511027516e-09
193.46846846846847	0.2655899056342154	18946.146595417144	1.3571916096512525e-09
193.74374374374375	0.26574680158087854	18920.19373177302	1.3609228474472474e-09
194.01901901901903	0.26589705094588784	18894.276419160113	1.3646639857539983e-09
194.2942942942943	0.26605028533802766	18868.39460887899	1.3684152199188279e-09
194.56956956956958	0.26627252957060854	18842.548252297096	1.372177437102501e-09
194.84484484484486	0.2665620275657338	18816.737300848512	1.3759511786964337e-09
195.12012012012013	0.26676877596765197	18790.96170603345	1.3797350699640458e-09
195.3953953953954	0.26687599063367085	18765.221419418518	1.3835280774475012e-09
195.6706706706707	0.2670350140192748	18739.51639263706	1.3873313143756527e-09
195.94594594594597	0.2672725141745191	18713.846577388744	1.3911457883289107e-09
196.22122122122124	0.2675188954960628	18688.21192543922	1.394971329734258e-09
196.4964964964965	0.2677188910136708	18662.61238862008	1.3988072052155892e-09
196.77177177177177	0.26784499303138054	18637.047918828823	1.402652653018506e-09
197.04704704704704	0.26795447205304757	18611.518468028975	1.4065078778078014e-09
197.32232232232232	0.2681082681141296	18586.023988250054	1.4103737259509576e-09
197.5975975975976	0.26832220350955577	18560.564431587318	1.414250916474541e-09
197.87287287287288	0.2685713363852697	18535.13975020158	1.4181396140236577e-09
198.14814814814815	0.2687837653135403	18509.749896319	1.4220390900726631e-09
198.42342342342343	0.26894335097764344	18484.39482223116	1.4259487170717423e-09
198.6986986986987	0.2690871525264892	18459.074480295058	1.429868554167081e-09
198.97397397397398	0.26924576005042644	18433.78882293306	1.433799008763456e-09
199.24924924924926	0.26943567369621135	18408.537802632734	1.4377405380718781e-09
199.52452452452454	0.2696233122923892	18383.32137194667	1.4416930385928153e-09
199.7997997997998	0.26978113844869916	18358.139483492356	1.4456561318537294e-09
200.0750750750751	0.26995091028402013	18332.99208995232	1.4496300915839188e-09
200.35035035035037	0.2701791401991087	18307.879144074017	1.453615651273137e-09
200.62562562562564	0.27049319308071584	18282.80059866972	1.4576136010708705e-09
200.90090090090092	0.2708156819441707	18257.75640661614	1.4616235164552835e-09
201.17617617617617	0.27097495444676467	18232.746520854053	1.4656430976243576e-09
201.45145145145145	0.27106607714237746	18207.770894388967	1.4696720792605817e-09
201.72672672672672	0.2713232774719615	18182.829480291406	1.4737131172870686e-09
202.002002002002	0.27164315809639134	18157.922231695902	1.4777666140156971e-09
202.27727727727728	0.27186121102787064	18133.04910180073	1.4818308499457735e-09
202.55255255255256	0.27213293585481174	18108.21004386871	1.485906655657286e-09
202.82782782782783	0.27254274570486264	18083.405011226925	1.4899955714939146e-09
203.1031031031031	0.27283783957546254	18058.63395726569	1.49409549940956e-09
203.3783783783784	0.27295733118493	18033.896835438987	1.4982044298247896e-09
203.65365365365366	0.2731599379258185	18009.19359926529	1.5023242774890346e-09
203.92892892892894	0.2734929658023279	17984.52420232688	1.506456800785228e-09
204.20420420420422	0.27381240108713073	17959.88859826922	1.5106013378507373e-09
204.4794794794795	0.27406956934187354	17935.28674080114	1.5147569040341473e-09
204.75475475475477	0.274276705075188	17910.71858369491	1.518923058597401e-09
205.03003003003005	0.2744827109397151	17886.184080786268	1.5231001407790534e-09
205.30530530530532	0.2747175072038866	17861.683185974263	1.5272887355303008e-09
205.5805805805806	0.27492381849674413	17837.21585322096	1.5314885105852032e-09
205.85585585585588	0.2750655514729865	17812.78203655136	1.535698831796081e-09
206.13113113113113	0.2751725622627132	17788.381690053542	1.539919689837349e-09
206.4064064064064	0.27533481477337135	17764.014767878725	1.5441521984676154e-09
206.68168168168168	0.27567274217300924	17739.681224241307	1.5483985375517198e-09
206.95695695695696	0.2759913686828825	17715.381013417813	1.5526576403400315e-09
207.23223223223223	0.2759838208627292	17691.11408974654	1.556925068916063e-09
207.5075075075075	0.2759643367157964	17666.88040762923	1.5612020239238523e-09
207.7827827827828	0.27631029967733	17642.67992153119	1.5654939421828712e-09
208.05805805805807	0.2767212861388018	17618.512585979242	1.5698004103367676e-09
208.33333333333334	0.27694020477398273	17594.378355561726	1.5741179832510144e-09
208.60860860860862	0.2771384240957366	17570.277184929717	1.5784467186145828e-09
208.8838838838839	0.27738122581785163	17546.209028796584	1.5827874807711927e-09
209.15915915915917	0.27753122664233243	17522.173841937343	1.58713908539848e-09
209.43443443443445	0.27762583120773837	17498.17157918905	1.5915012933058442e-09
209.70970970970973	0.2778279572072385	17474.202195451133	1.595876020894749e-09
209.984984984985	0.27806314366685203	17450.26564568458	1.6002635079523606e-09
210.26026026026028	0.2781923370411255	17426.36188491165	1.6046621569649284e-09
210.53553553553556	0.2783392045918872	17402.490868216577	1.6090725746445591e-09
210.8108108108108	0.2786226412083946	17378.652550745508	1.6134966506564863e-09
211.08608608608608	0.27893729533134237	17354.846887705706	1.6179342086335586e-09
211.36136136136136	0.27918722932450396	17331.073834365496	1.622383935254019e-09
211.63663663663664	0.2793574722139341	17307.333346054445	1.626844856596549e-09
211.91191191191191	0.27951619111424303	17283.62537816351	1.6313172644244515e-09
212.1871871871872	0.2797887828675379	17259.94988614515	1.6358029519379158e-09
212.46246246246247	0.2800887099320031	17236.30682551258	1.640301911336062e-09
212.73773773773775	0.28024468741628034	17212.696151839427	1.644811954297548e-09
213.01301301301302	0.28038159180039723	17189.117820760563	1.6493333730046083e-09
213.2882882882883	0.2806487929760378	17165.57178797208	1.6538682802401588e-09
213.56356356356358	0.2808944139496047	17142.05800923032	1.6584160098638402e-09
213.83883883883885	0.2810186953889435	17118.57644035191	1.662974883658093e-09
214.11411411411413	0.28115949800925183	17095.12703721441	1.6675456832318313e-09
214.3893893893894	0.28136724709152344	17071.709755756012	1.6721295481839067e-09
214.66466466466468	0.28155549934983115	17048.32455197498	1.676726058273315e-09
214.93993993993996	0.28176898661382854	17024.971381929994	1.681335555945819e-09
215.21521521521524	0.2821284059785965	17001.650201740325	1.6859598368650764e-09
215.4904904904905	0.28250155158902257	16978.360967584922	1.6905982733706918e-09
215.76576576576576	0.28270253524538597	16955.10363570218	1.695248070893799e-09
216.04104104104104	0.2828414439123557	16931.878162390785	1.6999089994694437e-09
216.31631631631632	0.28302957654260524	16908.684504009652	1.7045823927122913e-09
216.5915915915916	0.2831704136607703	16885.522616977156	1.7092677987032878e-09
216.86686686686687	0.28320673813186137	16862.392457771202	1.7139642033085459e-09
217.14214214214215	0.28319343145492337	16839.29398292948	1.7186717292619964e-09
217.41741741741743	0.2831845662896844	16816.227149049395	1.7233911758043251e-09
217.6926926926927	0.28322317171946815	16793.191912787934	1.7281236079974352e-09
217.96796796796798	0.28334188277019895	16770.188230861593	1.732870117586397e-09
218.24324324324326	0.2835486269944984	16747.216060046158	1.7376314860154782e-09
218.51851851851853	0.2837442804156931	16724.275357176324	1.7424068771428401e-09
218.7937937937938	0.2838524386795349	16701.366079145664	1.7471947797091302e-09
219.0690690690691	0.28399381275370167	16678.488182907204	1.7519959169035596e-09
219.34434434434436	0.2842390526921146	16655.641625473145	1.7568116892688256e-09
219.61961961961964	0.2844852943977907	16632.826363914253	1.7616415705117625e-09
219.89489489489492	0.2846660148044367	16610.042355359896	1.7664843619568354e-09
220.17017017017017	0.28478831080851685	16587.289556998192	1.7713394527056654e-09
220.44544544544544	0.2849562973828849	16564.567926076208	1.7762078990502847e-09
220.72072072072072	0.28529930750817023	16541.877419900047	1.7810921064832873e-09
220.995995995996	0.2856314207926982	16519.217995833675	1.7859910094783494e-09
221.27127127127127	0.2857275606827988	16496.58961129871	1.790900920256502e-09
221.54654654654655	0.28578831643549973	16473.992223775756	1.7958223725505919e-09
221.82182182182183	0.2859935127537651	16451.425790804285	1.8007581564097147e-09
222.0970970970971	0.2862034599167266	16428.890269981443	1.8057080492983227e-09
222.37237237237238	0.28635252366424246	16406.385618962242	1.8106710327702702e-09
222.64764764764766	0.28655034647675753	16383.911795460092	1.8156480177668532e-09
222.92292292292294	0.2868342232689337	16361.468757246439	1.8206400799197986e-09
223.1981981981982	0.2871609465892957	16339.056462150444	1.8256472844194265e-09
223.4734734734735	0.2874689216083948	16316.674868058823	1.8306688358761304e-09
223.74874874874877	0.2876989806365133	16294.323932915777	1.8357034557052626e-09
224.02402402402404	0.2878512287948549	16272.003614723119	1.8407503950236543e-09
224.29929929929932	0.2879563969577766	16249.713871540296	1.8458096453244813e-09
224.5745745745746	0.2880786337722423	16227.454661484431	1.8508821063576738e-09
224.84984984984985	0.28827954201618844	16205.225942730222	1.8559691894252247e-09
225.12512512512512	0.288598914654755	16183.027673509818	1.861072310953089e-09
225.4004004004004	0.2889213642532481	16160.859812112178	1.866190721122578e-09
225.67567567567568	0.28898843225708126	16138.722316882508	1.871320368236818e-09
225.95095095095095	0.2889156265080474	16116.615146223461	1.8764604636580887e-09
226.22622622622623	0.2890232185641641	16094.53825859579	1.8816150509112995e-09
226.5015015015015	0.28921002985044686	16072.491612516817	1.8867851360941993e-09
226.77677677677679	0.2892800279205355	16050.475166559982	1.8919685669623757e-09
227.05205205205206	0.2893707557568548	16028.488879355964	1.8971660207062154e-09
227.32732732732734	0.28957499140520376	16006.532709592457	1.9023792351539422e-09
227.60260260260262	0.289697366013639	15984.60661601303	1.907606486223899e-09
227.8778778778779	0.28969593058052684	15962.710557417638	1.91284616124054e-09
228.15315315315317	0.28979065233652973	15940.84449266344	1.918100453736048e-09
228.42842842842845	0.2900528905346751	15919.008380664225	1.9233717128067356e-09
228.70370370370372	0.2904038084309312	15897.202180389788	1.928660228309643e-09
228.978978978979	0.29071907817171644	15875.425850865679	1.933964404895242e-09
229.25425425425428	0.2908909806397584	15853.679351173188	1.9392817594242413e-09
229.52952952952953	0.29100360599225333	15831.962640449958	1.94461204063134e-09
229.8048048048048	0.29115843888579207	15810.275677889975	1.9499565787804006e-09
230.08008008008008	0.2913322189673002	15788.618422743042	1.955315844589331e-09
230.35535535535536	0.2914808138828745	15766.990834314622	1.96068949431043e-09
230.63063063063063	0.2915653567225637	15745.392871965785	1.9660767738515165e-09
230.9059059059059	0.2916077504038386	15723.824495113344	1.9714775672882526e-09
231.1811811811812	0.29169096705816483	15702.28566323001	1.9768930310392878e-09
231.45645645645646	0.2918584549571179	15680.77633584418	1.9823245060204505e-09
231.73173173173174	0.29210922893427993	15659.296472539685	1.9877727947399024e-09
232.00700700700702	0.29233650686084806	15637.846032955329	1.9932368248011014e-09
232.2822822822823	0.2924389522378226	15616.424976784823	1.9987144847016707e-09
232.55755755755757	0.2924905996017191	15595.03326377737	2.004205625907532e-09
232.83283283283285	0.292587127931341	15573.670853737665	2.0097115884544473e-09
233.10810810810813	0.29278029031148156	15552.337706525663	2.0152339524369277e-09
233.3833833833834	0.29301283389947114	15531.033782056089	2.0207728256866177e-09
233.65865865865868	0.29310519201240015	15509.759040297908	2.0263256193637086e-09
233.93393393393396	0.293112404627916	15488.513441275127	2.0318916311101956e-09
234.2092092092092	0.29325855264040057	15467.296945067363	2.037473806148331e-09
234.48448448448448	0.29351385375605443	15446.109511808798	2.043073466237807e-09
234.75975975975976	0.2937404902304079	15424.951101687715	2.048689348088381e-09
235.03503503503504	0.29390434040994384	15403.8216749468	2.054320208189037e-09
235.3103103103103	0.2940379203651467	15382.721191883324	2.0599658156704497e-09
235.5855855855856	0.29426915192476616	15361.649612849431	2.0656279807699858e-09
235.86086086086087	0.2945627134517479	15340.606898251448	2.0713072609595222e-09
236.13613613613614	0.2946045714730151	15319.59300854873	2.076999249218041e-09
236.41141141141142	0.2944636739992338	15298.60790425505	2.0827023919026845e-09
236.6866866866867	0.2945795036900235	15277.651545939983	2.088422464481028e-09
236.96196196196198	0.29489785065834634	15256.72389422691	2.0941620841985797e-09
237.23723723723725	0.2951004797387854	15235.824909791918	2.0999179603767766e-09
237.51251251251253	0.2952075574459585	15214.954553365034	2.105688472921552e-09
237.7877877877878	0.29533630157836405	15194.11278573055	2.111474477552004e-09
238.06306306306308	0.2954924504861759	15173.299567726483	2.11727658596902e-09
238.33833833833836	0.2956766951391251	15152.514860244515	2.123095189048918e-09
238.61361361361364	0.29592615192391103	15131.758624230037	2.128931110074795e-09
238.88888888888889	0.29616099559249215	15111.030820681635	2.1347836210532606e-09
239.16416416416416	0.29617032446409414	15090.331410650475	2.1406490424417837e-09
239.43943943943944	0.29606738241896036	15069.660355241518	2.1465269683178447e-09
239.71471471471472	0.29616870816346486	15049.017615614286	2.1524220975211285e-09
239.98998998999	0.296354655825676	15028.403152981016	2.1583353619600506e-09
240.26526526526527	0.296386520931418	15007.816928606137	2.164263599499628e-09
240.54054054054055	0.2964295448530556	14987.258903807791	2.1702075481414556e-09
240.81581581581582	0.2966098304846215	14966.729039957625	2.1761696443066315e-09
241.0910910910911	0.29666395421026237	14946.227298479134	2.1821471986857873e-09
241.36636636636638	0.29655755292508634	14925.753640848514	2.1881380944680134e-09
241.64164164164166	0.2966904004285182	14905.308028596362	2.1941474237319647e-09
241.91691691691693	0.29703875435228166	14884.890423305886	2.2001778423394016e-09
242.1921921921922	0.2971803097522135	14864.500786611186	2.2062242278863326e-09
242.4674674674675	0.2971656298231563	14844.139080199127	2.21228438080714e-09
242.74274274274276	0.2972661453898941	14823.80526581017	2.2183613512036832e-09
243.01801801801804	0.2973557422420973	14803.499305236666	2.224454938956385e-09
243.29329329329332	0.29728653158473345	14783.221160322693	2.2305626697050765e-09
243.56856856856857	0.2973056940971301	14762.970792965623	2.236687072746771e-09
243.84384384384384	0.29753285196432416	14742.748165115525	2.2428315915836646e-09
244.11911911911912	0.2976882708479867	14722.553238773424	2.2489937607169517e-09
244.3943943943944	0.2976937119077014	14702.38597599207	2.255170878305317e-09
244.66966966966967	0.2977549824411161	14682.246338877057	2.2613647083832646e-09
244.94494494494495	0.2979256916115792	14662.134289586116	2.2675771834836074e-09
245.22022022022023	0.29813245810070244	14642.049790328521	2.273808268458687e-09
245.4954954954955	0.2982842337304	14621.992803364914	2.280056476121921e-09
245.77077077077078	0.2983283002741324	14601.963291007414	2.286320085610177e-09
246.04604604604606	0.29840047299052946	14581.961215620348	2.292600328913466e-09
246.32132132132134	0.2986010291692056	14561.986539620015	2.2988996011633318e-09
246.5965965965966	0.2988234307881303	14542.039225473764	2.3052175787121112e-09
246.8718718718719	0.29900809721419946	14522.119235700093	2.31155310862967e-09
247.14714714714717	0.29920670743144495	14502.226532869066	2.317906388406815e-09
247.42242242242244	0.2993928449160296	14482.361079601913	2.324277116366676e-09
247.69769769769772	0.2994833117426259	14462.522838570701	2.3306637519942306e-09
247.972972972973	0.29961597665197526	14442.71177249923	2.3370677024397524e-09
248.24824824824825	0.29997742309907377	14422.927844163178	2.343492928409318e-09
248.52352352352352	0.30034103874347623	14403.171016388229	2.3499379930187487e-09
248.7987987987988	0.300475736175065	14383.441252049988	2.3563982084490106e-09
249.07407407407408	0.3005654950615595	14363.738514075703	2.3628739250986e-09
249.34934934934935	0.3007333703527033	14344.062765443954	2.369367432001799e-09
249.62462462462463	0.3008467213750157	14324.413969183452	2.3758778591323457e-09
249.8998998998999	0.3008899980655608	14304.79208837348	2.3824044515033194e-09
250.17517517517518	0.30100061609319223	14285.197086144512	2.3889491066370146e-09
250.45045045045046	0.30117813388388887	14265.628925677524	2.395512951570505e-09
250.72572572572574	0.30133501428627757	14246.087570203536	2.402095183500224e-09
251.00100100100101	0.30148900295185427	14226.572983004025	2.408695655028006e-09
251.2762762762763	0.3016766061643459	14207.08512741093	2.4153149234417323e-09
251.55155155155157	0.301828945567615	14187.6239668061	2.42195216014919e-09
251.82682682682685	0.30190956372588934	14168.189464621399	2.4286062754093886e-09
252.10210210210212	0.30201574044009527	14148.781584339198	2.4352783181154632e-09
252.3773773773774	0.3021837929231711	14129.400289492076	2.441969547767547e-09
252.65265265265268	0.302341468902677	14110.045543662238	2.44867947941152e-09
252.92792792792793	0.30247513516804325	14090.717310481716	2.455407615236537e-09
253.2032032032032	0.30262562355498585	14071.415553632536	2.4621543912007653e-09
253.47847847847848	0.3028025592687346	14052.140236846533	2.468920250934501e-09
253.75375375375376	0.30299721226914383	14032.89132390518	2.475705324611728e-09
254.02902902902903	0.30319699152304314	14013.6687786395	2.482509491603293e-09
254.3043043043043	0.3034054220872297	13994.472564930093	2.489332765070637e-09
254.5795795795796	0.30367542005608295	13975.302646707272	2.4961760995766415e-09
254.85485485485486	0.3039704718710054	13956.158987950601	2.5030394368426517e-09
255.13013013013014	0.30409106740780895	13937.04155268805	2.509919268433135e-09
255.40540540540542	0.3040611609883467	13917.95030499697	2.5168139834034364e-09
255.6806806806807	0.304141332246479	13898.885209005142	2.5237272416397925e-09
255.95595595595597	0.30434029509975596	13879.846228889533	2.5306613560392763e-09
256.2312312312313	0.3045092458507635	13860.833328875487	2.537615070710931e-09
256.5065065065065	0.30461308726641617	13841.84647323719	2.5445870533909766e-09
256.7817817817818	0.3046785622901107	13822.885626297886	2.551577021392738e-09
257.0570570570571	0.3047884101478209	13803.950752430068	2.5585863021613493e-09
257.3323323323324	0.3049849372477022	13785.041816055269	2.565616447910298e-09
257.60760760760763	0.30519501357798884	13766.158781643402	2.572667081945885e-09
257.8828828828829	0.3053933888039908	13747.301613712922	2.5797375567589694e-09
258.15815815815813	0.3056375748458855	13728.470276831169	2.5868285503541472e-09
258.43343343343344	0.30596581177972265	13709.66473561421	2.593941168983443e-09
258.70870870870874	0.3063741713945663	13690.88495472657	2.6010760101986955e-09
258.983983983984	0.3066759779898383	13672.130898880278	2.60823008226794e-09
259.25925925925924	0.30668474005280466	13653.402532834773	2.6153983030014656e-09
259.53453453453454	0.3066507960131784	13634.699821398986	2.6225822557234688e-09
259.80980980980985	0.3068034229342613	13616.022729431184	2.6297870326729693e-09
260.0850850850851	0.3069569189337946	13597.371221836875	2.637012246934851e-09
260.36036036036035	0.30702809120548724	13578.745263569204	2.6442561821229715e-09
260.63563563563565	0.3072135547734406	13560.144819630324	2.6515214498291707e-09
260.91091091091096	0.3075508825795209	13541.569855070506	2.658810281519821e-09
261.1861861861862	0.30789556244896077	13523.020334987194	2.6661213540409505e-09
261.46146146146145	0.3081787958699377	13504.496224525292	2.6734526635191472e-09
261.73673673673676	0.3083913849173242	13485.997488877407	2.680802902456422e-09
262.01201201201206	0.3085655864452278	13467.524093283984	2.6881719277497763e-09
262.2872872872873	0.30872942144197585	13449.076003033228	2.6955601938634686e-09
262.56256256256256	0.3088425345169637	13430.653183460685	2.7029672401978185e-09
262.8378378378378	0.3089069878033478	13412.2555999494	2.7103928577075154e-09
263.1131131131131	0.3090394675259786	13393.88321793041	2.717839109665855e-09
263.3883883883884	0.30921537398194804	13375.536002882003	2.7253067594961387e-09
263.66366366366367	0.3092317139329714	13357.213920328735	2.7327924924124774e-09
263.9389389389389	0.3091564285251052	13338.916935842706	2.7402956714967747e-09
264.2142142142142	0.3092419376148175	13320.645015044467	2.7478206709051933e-09
264.48948948948953	0.3094535554803293	13302.398123601506	2.7553694046758406e-09
264.7647647647648	0.3096419187058485	13284.176227227581	2.7629402027277787e-09
265.04004004004	0.30976845602841696	13265.979291683207	2.770531396928989e-09
265.31531531531533	0.3098387971308547	13247.807282775828	2.778142150290776e-09
265.59059059059064	0.309892349125373	13229.660166359932	2.785772744997826e-09
265.8658658658659	0.30998254071388115	13211.53790833706	2.7934243804295418e-09
266.14114114114113	0.3101721351394725	13193.440474655798	2.8010989705798076e-09
266.41641641641644	0.3104346447662452	13175.367831311229	2.8087971472763395e-09
266.69169169169174	0.3106658784911388	13157.319944344483	2.8165173150467773e-09
266.966966966967	0.31086026092141156	13139.296779843186	2.8242584707012365e-09
267.24224224224224	0.3110651604159728	13121.298303941656	2.8320209665680515e-09
267.5175175175175	0.31128309303608914	13103.324482820623	2.8398050794529697e-09
267.7927927927928	0.3114895267316709	13085.375282707002	2.847610522680645e-09
268.0680680680681	0.311625075738831	13067.450669873682	2.8554360108807695e-09
268.34334334334335	0.3117163709094798	13049.550610639868	2.8632813378584073e-09
268.6186186186186	0.3119658931819063	13031.675071371992	2.871150324893507e-09
268.8938938938939	0.31237422328861186	13013.82401848257	2.8790452172728e-09
269.1691691691692	0.3126946996293792	12995.997418428815	2.8869625519595885e-09
269.44444444444446	0.3129470821803783	12978.195237713988	2.8949007442132788e-09
269.7197197197197	0.3133110030993314	12960.4174428882	2.9028624017958856e-09
269.994994994995	0.3136054144296941	12942.664000546403	2.910845524604509e-09
270.2702702702703	0.3136055801541005	12924.934877328094	2.9188445998729554e-09
270.54554554554556	0.3135965876680691	12907.230039920008	2.926862042298419e-09
270.8208208208208	0.31379713570279366	12889.549455055705	2.934903549580645e-09
271.0960960960961	0.31393521070484454	12871.893089512823	2.942967087804279e-09
271.3713713713714	0.3139094139365983	12854.260910113984	2.951049513047358e-09
271.6466466466467	0.31397044129536145	12836.652883728602	2.9591539818470732e-09
271.9219219219219	0.31414829588833587	12819.068977271663	2.9672829328933634e-09
272.19719719719717	0.3142686581135963	12801.509157702503	2.9754343435553797e-09
272.4724724724725	0.3143973631153347	12783.973392026082	2.983608384765894e-09
272.7477477477478	0.3146881911673932	12766.461647293421	2.9918082457091008e-09
273.02302302302303	0.3150130669917752	12748.973890599982	3.000033236403647e-09
273.2982982982983	0.3152172453706097	12731.510089085408	3.0082798980464615e-09
273.5735735735736	0.31536000638542194	12714.070209934705	3.0165474556170666e-09
273.8488488488489	0.31552408236385304	12696.654220378285	3.0248371466645935e-09
274.12412412412414	0.3157553324921383	12679.262087691712	3.033150629299453e-09
274.3993993993994	0.31600266064416516	12661.893779195094	3.0414878552035713e-09
274.6746746746747	0.316125797982006	12644.549262252496	3.049845995644458e-09
274.94994994995	0.3161998205690804	12627.228504273133	3.0582249670859604e-09
275.22522522522524	0.31641561543002433	12609.931472711942	3.066628610790519e-09
275.5005005005005	0.31669146568972023	12592.658135067984	3.0750575025920585e-09
275.7757757757758	0.3168670996958995	12575.408458883912	3.0835087453132987e-09
276.0510510510511	0.31693660099385346	12558.182411746815	3.091980582879326e-09
276.32632632632635	0.31693533048212214	12540.979961288383	3.1004727504584576e-09
276.6016016016016	0.316905529360698	12523.801075184878	3.1089859791040822e-09
276.87687687687685	0.3169086100659994	12506.645721157203	3.117521969345906e-09
277.15215215215215	0.31702396196804444	12489.513866970936	3.126083357553854e-09
277.42742742742746	0.3171921612065912	12472.405480435476	3.1346704638772675e-09
277.7027027027027	0.31725793451903433	12455.320529403429	3.1432802946614793e-09
277.97797797797796	0.31730609016774936	12438.258981771893	3.1519129158293722e-09
278.25325325325326	0.3174977569963494	12421.220805482913	3.1605717382833e-09
278.52852852852857	0.31771952625042366	12404.2059685218	3.1692563901968683e-09
278.8038038038038	0.3178395928634955	12387.21443891692	3.177963942000851e-09
279.07907907907907	0.3179290141623069	12370.246184740858	3.1866942265497617e-09
279.35435435435437	0.31806576927258406	12353.301174110393	3.1954488068421363e-09
279.6296296296297	0.3182732752850833	12336.379375186129	3.204229098607019e-09
279.9049049049049	0.3185296814831102	12319.480756172172	3.213035484362695e-09
280.1801801801802	0.3187711637793378	12302.605285315776	3.2218668703798584e-09
280.4554554554555	0.31894475303038883	12285.752930907385	3.2307215436046025e-09
280.7307307307308	0.3190174073820426	12268.923661280674	3.239597852538086e-09
281.00600600600603	0.31903003172922395	12252.117444812951	3.2484957412613468e-09
281.2812812812813	0.3190644821136401	12235.33424992532	3.2574169377162086e-09
281.5565565565566	0.31924428197075183	12218.574045082903	3.266365087698237e-09
281.83183183183183	0.31958224476883174	12201.836798794111	3.2753425838153444e-09
282.10710710710714	0.3198312936397158	12185.122479608983	3.2843455487973575e-09
282.3823823823824	0.3199201463448951	12168.43105612021	3.293370273441343e-09
282.6576576576577	0.32004713029522625	12151.762496964704	3.302418917965928e-09
282.93293293293294	0.3202212766783007	12135.116770822402	3.3114929374331138e-09
283.20820820820825	0.3203019994900002	12118.493846415275	3.3205901636531595e-09
283.4834834834835	0.32034117663579564	12101.893692508474	3.3297105039126063e-09
283.75875875875874	0.3204526260528666	12085.316277910615	3.3388563940338377e-09
284.03403403403405	0.3205686390752941	12068.761571472649	3.3480277866041845e-09
284.3093093093093	0.32061545111551054	12052.229542087729	3.3572230806652825e-09
284.5845845845846	0.3206533801386389	12035.720158691984	3.3664427032922204e-09
284.85985985985985	0.32073620447222045	12019.233390264446	3.3756881011661933e-09
285.13513513513516	0.3208670160864179	12002.769205826657	3.384960199372183e-09
285.4104104104104	0.32101130416348833	11986.327574442383	3.3942588015580723e-09
285.6856856856857	0.3211084682857372	11969.908465217379	3.4035824947599687e-09
285.96096096096096	0.3211827850486152	11953.51184729988	3.4129310373734768e-09
286.23623623623627	0.32130230509145646	11937.137689880814	3.422305824480849e-09
286.5115115115115	0.3214694385349176	11920.78596219333	3.431707737095599e-09
286.7867867867868	0.32166036590569536	11904.456633512575	3.441136782366947e-09
287.06206206206207	0.32184803142707813	11888.149673155604	3.4505923959678375e-09
287.3373373373374	0.32203745576294135	11871.865050481545	3.460074400516575e-09
287.6126126126126	0.3222989023651358	11855.602734891954	3.4695842955971956e-09
287.8878878878879	0.32260136859682514	11839.362695830096	3.4791222750501687e-09
288.1631631631632	0.322789959348168	11823.144902780105	3.4886850136865585e-09
288.4384384384384	0.3229369221570547	11806.94932526837	3.498272270736572e-09
288.71371371371373	0.32325290102995535	11790.77593286439	3.5078886731377914e-09
288.988988988989	0.3235795189537878	11774.624695178347	3.517533318949514e-09
289.2642642642643	0.32367056536454214	11758.495581860416	3.5272001780359163e-09
289.53953953953953	0.32368995286823626	11742.388562603417	3.53688955132313e-09
289.81481481481484	0.3238260819009603	11726.303607142927	3.546605899307307e-09
290.0900900900901	0.3240281168458396	11710.240685255661	3.5563506352717947e-09
290.3653653653654	0.3242195747022584	11694.199766759213	3.566122857628274e-09
290.64064064064064	0.32434811663616103	11678.180821512193	3.575920894903866e-09
290.91591591591595	0.32444129185993875	11662.183819414668	3.5857444567616335e-09
291.1911911911912	0.3245936360496122	11646.208730408573	3.5955955711793306e-09
291.4664664664665	0.3248091429281008	11630.25552447705	3.6054755145031823e-09
291.74174174174175	0.32503699924254587	11614.324171644019	3.615383879028964e-09
292.01701701701705	0.325233007876255	11598.414641974157	3.6253194509239064e-09
292.2922922922923	0.3253651281052821	11582.526905572946	3.6352808353840165e-09
292.5675675675676	0.32543311310632017	11566.660932586805	3.645267264814096e-09
292.84284284284286	0.32546324716598063	11550.816693203222	3.6552789391159078e-09
293.1181181181181	0.32551935607207677	11534.994157650963	3.665317480733773e-09
293.3933933933934	0.32561319883248063	11519.193296199644	3.675384115040103e-09
293.66866866866866	0.3256891000136708	11503.41407915925	3.6854782718353983e-09
293.94394394394396	0.32569787466207056	11487.656476880073	3.6955985090712264e-09
294.2192192192192	0.3256127537131993	11471.920459752855	3.7057434074604068e-09
294.4944944944945	0.32551609733158265	11456.205998209447	3.7159141209209866e-09
294.76976976976977	0.3255218848009686	11440.513062723003	3.7261140215250805e-09
295.0450450450451	0.3256690140693419	11424.841623807399	3.73634598291597e-09
295.3203203203203	0.3259381673945891	11409.191652016792	3.74661122176116e-09
295.5955955955956	0.3262162675831572	11393.56311794486	3.756907785035503e-09
295.8708708708709	0.32642014851573775	11377.955992225003	3.767232627197282e-09
296.1461461461462	0.32653575507483534	11362.370245530732	3.777583723046637e-09
296.4214214214214	0.3266141908633797	11346.805848576107	3.7879611760364674e-09
296.69669669669673	0.3267521214018757	11331.262772115957	3.798367388660913e-09
296.971971971972	0.3269544250969494	11315.740986945239	3.808803872824502e-09
297.2472472472473	0.32717156082176596	11300.240463898552	3.8192703305859315e-09
297.52252252252254	0.32734693391533637	11284.761173850055	3.8297652670755264e-09
297.7977977977978	0.3274687859322202	11269.303087713713	3.840287586976504e-09
298.0730730730731	0.327671318336138	11253.866176444286	3.850839948358104e-09
298.34834834834834	0.3279687842939139	11238.45041103644	3.861424235721791e-09
298.62362362362364	0.3281076959937385	11223.055762522752	3.8720354009443156e-09
298.8988988988989	0.3280760136713856	11207.682201975378	3.8826703286255635e-09
299.1741741741742	0.3281526285480015	11192.329700508117	3.893334078939493e-09
299.44944944944945	0.3283784539608918	11176.998229274637	3.904030546654478e-09
299.72472472472475	0.32861440330108244	11161.687759467115	3.914758568321898e-09
300.0	0.3287176079734219	11146.398262316165	3.925514021477191e-09
