0.00791983940783341	2.947043285029464	8241.472548499014	9.550120939778306	0.009234083066969843
25.0	0.0495548172757475	33212.0	10.0
25.275275275275277	0.050150398983703	34192.22004066726	8.764803758808515
25.55055055055055	0.05094266840614655	35052.2361301073	7.666194655943876
25.825825825825827	0.05190866454634122	35806.048241695265	6.688282202547912
26.1011011011011	0.05270085609736479	36460.90008591687	5.822974307305895
26.376376376376378	0.053264642284755435	37024.07743038894	5.062108760103325
26.65165165165165	0.05400461290303522	37507.51263177271	4.392110212446299
26.926926926926928	0.054947271684148036	37921.42345730999	3.801357661754018
27.2022022022022	0.05578791745719998	38272.063153680734	3.282800222637361
27.47747747747748	0.05650137461272408	38565.42623442929	2.8296687989059115
27.75275275275275	0.05720583465933799	38808.02905431191	2.43457109717314
28.02802802802803	0.057952556359741614	39006.012084943744	2.090531761470576
28.303303303303302	0.0587530463538587	39164.84441265135	1.7913363673797313
28.57857857857858	0.05956603742427087	39289.193551355056	1.5316844656842996
28.853853853853856	0.060358689234016764	39383.140401324876	1.3069425180293466
29.12912912912913	0.06113017379434152	39450.37612265965	1.1129171832185398
29.404404404404403	0.06188248471095976	39494.23020379291	0.9458238969285422
29.67967967967968	0.06261852786945335	39517.691031088405	0.8022640707519811
29.954954954954957	0.06335820138211955	39523.452335093534	0.6791722023841633
30.23023023023023	0.06412378077634172	39513.91869523734	0.5738103590073012
30.505505505505504	0.064878378236106	39491.15056414831	0.4838328220106442
30.78078078078078	0.06559061067077618	39456.938259270864	0.40720124556267173
31.056056056056057	0.06633986474210991	39412.93374055139	0.3420325433646842
31.33133133133133	0.06715881229295456	39360.58484000608	0.2866756147661563
31.606606606606608	0.06792265797378054	39301.062805580004	0.23979602352260113
31.88188188188188	0.06863290900898726	39235.40744058466	0.20020839914749333
32.15715715715716	0.06947473308061475	39164.604749470614	0.16678672680397935
32.432432432432435	0.07039598964800665	39089.46311931752	0.13860818173409162
32.70770770770771	0.07116943425667754	39010.61094386334	0.11495641112775995
32.98298298298298	0.07185011362195742	38928.62761166177	0.09517007044465056
33.25825825825826	0.07258089814259948	38844.04766506878	0.07863814198187372
33.533533533533536	0.07322204823804464	38757.3017948824	0.0648685358199276
33.808808808808806	0.07367742530838631	38668.75339365581	0.05344598102113744
34.08408408408408	0.07420772500273572	38578.74920269572	0.04397345465117159
34.35935935935936	0.07492773312975573	38487.58557203259	0.03611138217613378
34.63463463463464	0.07561356170113315	38395.487968638365	0.02960156470804789
34.90990990990991	0.07622462461280563	38302.64635973517	0.024226330365640345
35.18518518518518	0.07692587819759501	38209.23071551492	0.019790650052020704
35.46046046046046	0.07769869312323034	38115.38057443103	0.016134304832569873
35.73573573573574	0.07842026259950033	38021.20799566456	0.013128549932649506
36.01101101101101	0.0790822672955121	37926.807911622906	0.010664183072140633
36.286286286286284	0.07970882135528987	37832.26109598048	0.008648151010318534
36.56156156156156	0.08028190476786895	37737.634940812146	0.0070026896567893385
36.83683683683684	0.08085647533353453	37642.98656948602	0.005661751462155981
37.112112112112115	0.081652020702777	37548.36542816653	0.00456802853877334
37.38738738738739	0.08262286388320862	37453.810508980285	0.003676197698411892
37.66266266266266	0.08338566266260573	37359.350688173705	0.0029525592926839543
37.93793793793794	0.08396433815156885	37265.011019029625	0.0023677647329709787
38.213213213213216	0.08467473678723562	37170.81408404645	0.0018952584727061981
38.488488488488485	0.08545766234134813	37076.77772120902	0.0015139355254050325
38.76376376376376	0.08613172401991108	36982.91581206915	0.001207194035485535
39.03903903903904	0.08679854858992703	36889.24008006203	0.0009609170176023621
39.314314314314316	0.08755812645566453	36795.76017623085	0.000763357595680975
39.58958958958959	0.08829525685565066	36702.48359639192	0.0006052412057078802
39.86486486486486	0.08893360166020964	36609.416286469306	0.0004790695329809667
40.14014014014014	0.0895143532366127	36516.5630787993	0.00037861884019486756
40.41541541541542	0.09009641092096089	36423.927841992125	0.0002987693733402398
40.690690690690694	0.09074083314785523	36331.51361133945	0.00023535690331398754
40.965965965965964	0.09145598770324012	36239.322695597926	0.00018505129065734041
41.24124124124124	0.09220345498721513	36147.35680611519	0.00014520880654625112
41.51651651651652	0.09285769857979652	36055.6171673966	0.00011374560483806641
41.791791791791795	0.09333250035054796	35964.104649052984	8.89861769365274e-05
42.06706706706707	0.09377713411565995	35872.81987864915	6.953375004374894e-05
42.34234234234234	0.0943364649663326	35781.76325638745	5.42538613771353e-05
42.61761761761762	0.09504603899742706	35690.934973276664	4.225399325475105e-05
42.892892892892895	0.09582041330965238	35600.33504623534	3.284361319763242e-05
43.168168168168165	0.09646331566453921	35509.96335211648	2.5479187763420183e-05
43.44344344344344	0.0970634537209767	35419.819686600444	1.973353277471321e-05
43.71871871871872	0.09787545899994973	35329.90377842225	1.5249921345482823e-05
43.993993993993996	0.0987597215834511	35240.215283420985	1.1756843144545092e-05
44.26926926926927	0.09946456432992423	35150.75380322939	9.046422711102264e-06
44.54454454454455	0.1000352535138227	35061.51890657892	6.9498105453042224e-06
44.81981981981982	0.10058392248406979	34972.510134746066	5.330778532945491e-06
45.0950950950951	0.10119056228534833	34883.7270048747	4.081685469085066e-06
45.37037037037037	0.10189054583403685	34795.16901385869	3.118700943916891e-06
45.645645645645644	0.10265860406285242	34706.83564303684	2.377234330004703e-06
45.92092092092092	0.10344672726354069	34618.72636397687	1.8075690642485841e-06
46.1961961961962	0.10419254186448774	34530.84063988928	1.371121060654112e-06
46.471471471471475	0.10485434838520079	34443.17792786942	1.037760740944274e-06
46.74674674674675	0.10542007812057351	34355.73768058869	7.83895584307557e-07
47.02202202202202	0.10597344188062173	34268.51934776245	5.909682212738919e-07
47.2972972972973	0.10657353637710008	34181.52239321013	4.4478813952608706e-07
47.572572572572575	0.1071006058839113	34094.74626716392	3.3431397919739755e-07
47.847847847847845	0.10752894265932134	34008.190416285266	2.510132060102832e-07
48.12312312312312	0.10806834033727727	33921.854287045746	1.8821871758254427e-07
48.3983983983984	0.10875610334667549	33835.73732593063	1.4089600901034569e-07
48.673673673673676	0.10940848861387013	33749.838979722575	1.0531163721916648e-07
48.94894894894895	0.10992740078921485	33664.15869584166	7.863129151309646e-08
49.22422422422423	0.11030412208367076	33578.695922548926	5.867863478786924e-08
49.4994994994995	0.11067032383736702	33493.45010908166	4.377413357083934e-08
49.77477477477478	0.11116891673284363	33408.42070573245	3.2640270110892667e-08
50.05005005005005	0.11174797276161011	33323.60716390832	2.4329507116640548e-08
50.32532532532532	0.11233022788732351	33239.00893620297	1.8136019469048002e-08
50.6006006006006	0.1128944121257693	33154.625476450776	1.3528695043007706e-08
50.87587587587588	0.11344130299046319	33070.45623976102	1.0107316446645366e-08
51.151151151151154	0.1139908185220177	32986.50068254197	7.570592623552771e-09
51.42642642642643	0.11454838084578856	32902.75826251748	5.692705225240806e-09
51.70170170170171	0.1151059812628484	32819.22843873947	4.304864581349295e-09
51.97697697697698	0.11566127314878663	32735.910671596786	3.2809675038948028e-09
52.252252252252255	0.11622087706016668	32652.804422820864	2.5268870578822206e-09
52.527527527527525	0.11682049734886867	32569.909155489295	1.972391567719302e-09
52.8028028028028	0.11746688096412054	32487.224334027334	1.5653695743801104e-09
53.07807807807808	0.11805401818469416	32404.74942420804	1.2674455800756446e-09
53.353353353353356	0.11854340662279321	32322.48389315226	1.0500696211495915e-09
53.62862862862863	0.11905095108760493	32240.427209327703	8.91840079359058e-10
53.90390390390391	0.11964213361060713	32158.57884254674	7.769397518474385e-10
54.17917917917918	0.12030136648332607	32076.938263964083	6.937869620620121e-10
54.454454454454456	0.12090306559026975	31995.504946074216	6.339363071782227e-10
54.729729729729726	0.12130600732314913	31914.278362708686	5.911861082864444e-10
55.005005005005	0.12173791438036516	31833.257989033737	5.608771236247524e-10
55.28028028028028	0.1224403694818791	31752.443301547206	5.395776340979349e-10
55.55555555555556	0.12313862578240685	31671.833778074782	5.248516212509036e-10
55.830830830830834	0.12362488965135897	31591.42889776699	5.149272748189775e-10
56.10610610610611	0.12410829791462	31511.228141096442	5.084830235300196e-10
56.38138138138139	0.12469652917090085	31431.23098985447	5.045554983783251e-10
56.65665665665666	0.1252876647348181	31351.436927147617	5.024512803720145e-10
56.931931931931935	0.12582792129128773	31271.84543739442	5.016671768864571e-10
57.20720720720721	0.1263256099382621	31192.4560063222	5.018373676828296e-10
57.48248248248248	0.12687093309296757	31113.268120963865	5.026973038427438e-10
57.75775775775776	0.12754872213962976	31034.28126965458	5.040574627997624e-10
58.033033033033036	0.1282195202806606	30955.494942028276	5.057805534519513e-10
58.30830830830831	0.12875371634399543	30876.90862901433	5.077657322471833e-10
58.58358358358358	0.12923874612805394	30798.521822834573	5.099411732470585e-10
58.85885885885886	0.12972588529339982	30720.334016999943	5.122560757871482e-10
59.134134134134136	0.13014551264242707	30642.344706307074	5.1467302649498e-10
59.40940940940941	0.13050031570346748	30564.553386835178	5.171652946080916e-10
59.68468468468468	0.1308754429908083	30486.95955594282	5.197152397223963e-10
59.95995995995996	0.13130759933002467	30409.562712264637	5.223109891813482e-10
60.23523523523524	0.13179994302829318	30332.36235570808	5.249442124421621e-10
60.510510510510514	0.1323545680558568	30255.357987450167	5.276090660488022e-10
60.78578578578579	0.1329562127409076	30178.549109934243	5.303011628880224e-10
61.06106106106106	0.13352862153162345	30101.9352268667	5.330160785663101e-10
61.33633633633634	0.13401631960332394	30025.515843213765	5.357497271876412e-10
61.611611611611615	0.13443655025496984	29949.29046519845	5.384995479732859e-10
61.88688688688689	0.13483257191276668	29873.25860029731	5.412645205046782e-10
62.16216216216216	0.13526436088636942	29797.419757237363	5.440450059378371e-10
62.43743743743744	0.13571630221705985	29721.773445992774	5.468410027001999e-10
62.712712712712715	0.1361306403651181	29646.319177781672	5.496515096640215e-10
62.98798798798799	0.13660025414715682	29571.05646506312	5.524774934868472e-10
63.26326326326326	0.13722790442653565	29495.98482153406	5.553214706920399e-10
63.53853853853854	0.13782624289449655	29421.103762125742	5.581818839403202e-10
63.813813813813816	0.13824596199399186	29346.41280300067	5.610550195493919e-10
64.0890890890891	0.13865544929540208	29271.911461549862	5.639413213496421e-10
64.36436436436436	0.13913785077152077	29197.59925638964	5.668426015159229e-10
64.63963963963964	0.1395640660995921	29123.47570735822	5.697578372302464e-10
64.91491491491492	0.13993059540513808	29049.5403355128	5.726862834779056e-10
65.1901901901902	0.140364035367912	28975.792663126627	5.756297131044302e-10
65.46546546546547	0.14086621783645634	28902.23221368575	5.785894063831863e-10
65.74074074074073	0.14137408341515995	28828.858511885846	5.815651379731924e-10
66.01601601601601	0.14190623674624636	28755.67108362927	5.845571092982858e-10
66.29129129129129	0.1424708507688574	28682.669456021966	5.875656279073254e-10
66.56656656656656	0.14294108640654585	28609.853157370235	5.905886468484382e-10
66.84184184184184	0.14327304059272583	28537.221717177807	5.936240009343907e-10
67.11711711711712	0.1436392944269649	28464.774666143083	5.966733473638907e-10
67.3923923923924	0.14407336048278183	28392.511536155907	5.9973845083639e-10
67.66766766766767	0.14442409452557534	28320.43186029431	6.028178083577337e-10
67.94294294294295	0.14476035436578757	28248.535172821794	6.059116677214664e-10
68.21821821821823	0.14528617491430357	28176.821009184478	6.090239300467163e-10
68.4934934934935	0.1459127140488525	28105.288906007743	6.121556605294894e-10
68.76876876876878	0.146454674960974	28033.938401093077	6.153042287229097e-10
69.04404404404404	0.1468955261870157	27962.7690334153	6.18467573793204e-10
69.31931931931932	0.14727819357433786	27891.780343119717	6.216451116460673e-10
69.5945945945946	0.1476796124628316	27820.97187151915	6.248378818618854e-10
69.86986986986987	0.1481296157409846	27750.343161090914	6.280471616608421e-10
70.14514514514515	0.1485801236808277	27679.893755473808	6.312729592839844e-10
70.42042042042041	0.14900111900599647	27609.623199465113	6.345147561469001e-10
70.69569569569569	0.14939310694703345	27539.53103901775	6.377722399342988e-10
70.97097097097097	0.1498329632708589	27469.61682123742	6.410466460773478e-10
71.24624624624624	0.15039181501963628	27399.88009437969	6.443401470633429e-10
71.52152152152152	0.15087190567120737	27330.320407846695	6.476505698301815e-10
71.7967967967968	0.15112465751402704	27260.937312184276	6.509737334953922e-10
72.07207207207207	0.15144710459121796	27191.73035907973	6.543123789077985e-10
72.34734734734735	0.1520064020546499	27122.699101358743	6.576714806936933e-10
72.62262262262263	0.15256513349224413	27053.843092981875	6.610499691165211e-10
72.8978978978979	0.15302010171617542	26985.161889041894	6.644452306768419e-10
73.17317317317318	0.15346871891162805	26916.655045761217	6.678573739299169e-10
73.44844844844846	0.1539340028553775	26848.32212048889	6.712869322008704e-10
73.72372372372374	0.1543851100355566	26780.162671697668	6.747337119771009e-10
73.998998998999	0.15484212917863296	26712.17625898127	6.781979925019827e-10
74.27427427427428	0.1553321633546065	26644.36244305148	6.81680499283466e-10
74.54954954954955	0.15581936276592465	26576.72078573528	6.851810678085658e-10
74.82482482482483	0.15624199483768703	26509.25084997191	6.886984554841513e-10
75.1001001001001	0.1565183613451257	26441.952199810086	6.922303290721164e-10
75.37537537537537	0.1567358657289722	26374.824400405378	6.957768331935733e-10
75.65065065065065	0.15720857311588804	26307.867018017805	6.993440577348649e-10
75.92592592592592	0.1578976890994014	26241.07962000847	7.029353138877637e-10
76.2012012012012	0.15846935715258098	26174.46177483628	7.065464424783391e-10
76.47647647647648	0.15889025624586106	26108.013052055645	7.101741069457181e-10
76.75175175175175	0.1592840060513053	26041.73302231396	7.138185167483074e-10
77.02702702702703	0.15971253724712092	25975.62125734869	7.17481028372095e-10
77.30230230230231	0.16019118222326892	25909.67732998457	7.211628569563499e-10
77.57757757757759	0.16065758191535132	25843.900814130713	7.248636316663358e-10
77.85285285285286	0.16107938779134015	25778.291284777893	7.285825213610735e-10
78.12812812812814	0.16150269142186363	25712.848317995937	7.323199070667071e-10
78.40340340340342	0.1619579922288187	25647.571490930935	7.360766604442446e-10
78.67867867867868	0.1624435065037964	25582.460381802517	7.398533482281103e-10
78.95395395395396	0.16287843882851893	25517.514569900904	7.436488062534921e-10
79.22922922922923	0.16316306240112782	25452.733635584253	7.474603766535975e-10
79.50450450450451	0.16342041446084216	25388.117160276255	7.512887649230197e-10
79.77977977977977	0.16381001527422362	25323.664726463514	7.55137576258533e-10
80.05505505505505	0.16428237452864725	25259.375917692498	7.590082141965984e-10
80.33033033033033	0.1647388588200427	25195.25031856676	7.628996878604486e-10
80.6056056056056	0.16508494858716405	25131.287514744276	7.668095349208465e-10
80.88088088088088	0.1653385707713277	25067.487092934916	7.707365548656258e-10
81.15615615615616	0.1656623019145218	25003.84864089807	7.746832190977868e-10
81.43143143143143	0.16609996454037448	24940.371747439767	7.786520257837951e-10
81.70670670670671	0.16658577033378735	24877.05600240984	7.826433151900961e-10
81.98198198198199	0.16704279839156938	24813.900996699227	7.8665581249109e-10
82.25725725725727	0.16740379867685534	24750.90632223735	7.906873959656879e-10
82.53253253253254	0.16766806123081066	24688.071571989603	7.947367281445037e-10
82.80780780780782	0.16789449386014293	24625.396339954823	7.988041669785678e-10
83.0830830830831	0.16825085042866286	24562.88022116288	8.028933485505608e-10
83.35835835835836	0.16875874501814525	24500.5228116718	8.070070768776668e-10
83.63363363363364	0.16916883315571674	24438.32370856462	8.111421475202314e-10
83.90890890890891	0.16940930448830346	24376.282509947167	8.152950995787552e-10
84.18418418418419	0.16961991775417756	24314.398814945787	8.194665981003156e-10
84.45945945945945	0.16994167511822536	24252.672223704812	8.236599745688328e-10
84.73473473473473	0.17045755433578888	24191.102337383832	8.278790890781559e-10
85.01001001001	0.17092202619080055	24129.68875815454	8.321214130597249e-10
85.28528528528528	0.17110552215382935	24068.431089198166	8.363806690070183e-10
85.56056056056056	0.17128894942916573	24007.328934703874	8.406586864543844e-10
85.83583583583584	0.171666888107959	23946.381899866035	8.449606806671757e-10
86.11111111111111	0.17201456206815396	23885.589590880918	8.492853503654238e-10
86.38638638638639	0.1722404410977434	23824.95161494436	8.536300112954087e-10
86.66166166166167	0.1724870741372006	23764.467580249682	8.579959709048875e-10
86.93693693693695	0.17280891997383796	23704.137095985014	8.623852358860059e-10
87.21221221221222	0.1731788029591225	23643.95977233058	8.667985502409307e-10
87.4874874874875	0.1735762269016057	23583.935220456216	8.712359978628072e-10
87.76276276276278	0.17399344657455373	23524.063052518883	8.756975127510236e-10
88.03803803803804	0.17446110379069035	23464.34288166021	8.801837448545718e-10
88.31331331331332	0.17495759370432526	23404.774322003916	8.846946893504878e-10
88.58858858858859	0.17529560945772615	23345.356988652984	8.892264123174104e-10
88.86386386386387	0.1754271702287534	23286.090497687423	8.937754667492086e-10
89.13913913913915	0.17556552130048006	23226.974466162348	8.983442734329578e-10
89.41441441441442	0.17581991900334298	23168.00851210529	9.029367279209019e-10
89.68968968968969	0.17616921423528012	23109.192254513455	9.075548667042336e-10
89.96496496496496	0.1765409061992446	23050.52531335116	9.1219845269969e-10
90.24024024024024	0.17685306411373033	22992.007309547353	9.168656136442679e-10
90.51551551551552	0.1771322801070366	22933.637864993405	9.215558005797223e-10
90.7907907907908	0.17743085735175326	22875.416602540696	9.262698528976458e-10
91.06606606606607	0.17775380455397943	22817.343145998108	9.310084503124868e-10
91.34134134134135	0.17807904151770182	22759.417120129492	9.357715810490844e-10
91.61661661661662	0.17835283982781472	22701.638150651237	9.405581055104276e-10
91.8918918918919	0.1786034510300301	22644.005864229985	9.453679812907849e-10
92.16716716716716	0.17895276878252306	22586.519888480412	9.502039205979662e-10
92.44244244244244	0.1793633160973308	22529.17985196251	9.550668303140948e-10
92.71771771771772	0.17969195002580526	22471.98538417895	9.599541440791353e-10
92.992992992993	0.17994092605500164	22414.936115573	9.648643676345417e-10
93.26826826826827	0.18016602826124967	22358.03167752623	9.69797866025788e-10
93.54354354354355	0.1803599188672943	22301.27170235604	9.747547453254268e-10
93.81881881881883	0.18055242945882394	22244.6558233133	9.797357869338839e-10
94.0940940940941	0.1809061661584363	22188.183674580356	9.847451954782694e-10
94.36936936936937	0.18139689691404828	22131.854891268205	9.89785080293135e-10
94.64464464464464	0.18170279743492612	22075.669109413466	9.948494884970814e-10
94.91991991991992	0.18183327740379185	22019.625965976786	9.999350095880904e-10
95.1951951951952	0.18209859460019942	21963.725098841158	1.005046673660489e-09
95.47047047047047	0.18248491622094737	21907.966146808874	1.0101873172130987e-09
95.74574574574575	0.1828209606459024	21852.348749598816	1.0153548027600414e-09
96.02102102102103	0.1831350426751896	21796.872547844578	1.0205485215900773e-09
96.2962962962963	0.18348909878585765	21741.53718309224	1.0257695854779032e-09
96.57157157157158	0.18383152092778612	21686.342297797768	1.0310175328868713e-09
96.84684684684684	0.18413389486940412	21631.287535324784	1.0362914724729196e-09
97.12212212212212	0.18445329998652263	21576.37253994242	1.0415922429585783e-09
97.3973973973974	0.18482175281767738	21521.596956822996	1.0469211614065165e-09
97.67267267267268	0.18523152828045372	21466.960432039643	1.0522789076637474e-09
97.94794794794795	0.18567866619838785	21412.462612564	1.0576658600110614e-09
98.22322322322323	0.1861500530819185	21358.103146263904	1.0630819958319273e-09
98.4984984984985	0.1865366064772599	21303.881681900915	1.0685247768593492e-09
98.77377377377378	0.18675012625043863	21249.79786912805	1.0739906218572575e-09
99.04904904904905	0.1869565958317013	21195.851358488195	1.0794813496400597e-09
99.32432432432432	0.18729204770680738	21142.041801411702	1.0850013628034344e-09
99.5995995995996	0.18766875705215869	21088.368850213665	1.0905512949035208e-09
99.87487487487488	0.1880087279141551	21034.832158091667	1.0961297170058457e-09
100.15015015015015	0.18829684565233543	20981.43137912367	1.1017354562169356e-09
100.42542542542543	0.18856184138313156	20928.16616826592	1.1073685515476051e-09
100.70070070070071	0.1888582900643683	20875.03618135075	1.1130304049032832e-09
100.97597597597598	0.1891587154568759	20822.04107508421	1.1187212546335746e-09
101.25125125125126	0.1894183944515928	20769.180507043737	1.1244402124745211e-09
101.52652652652652	0.18973854646786026	20716.45413567636	1.1301892766409865e-09
101.8018018018018	0.19019385507024975	20663.8616202964	1.1359715486202117e-09
102.07707707707708	0.19063746826188782	20611.40262108272	1.1417853472838915e-09
102.35235235235236	0.19094733111104462	20559.076799076567	1.1476267112292062e-09
102.62762762762763	0.19112339590407407	20506.883816179718	1.1534933151646004e-09
102.90290290290291	0.19126796159099543	20454.823335152556	1.1593863512949313e-09
103.17817817817819	0.19156233122601274	20402.89501961208	1.1653111076086405e-09
103.45345345345346	0.19194349318898435	20351.098534029134	1.1712692512210334e-09
103.72872872872873	0.19220833389383743	20299.43354372584	1.17725675378628e-09
104.004004004004	0.1923469620885216	20247.899714873947	1.1832710103816511e-09
104.27927927927928	0.19244410587143904	20196.496714492903	1.189312650862911e-09
104.55455455455456	0.19263775878310108	20145.224210447894	1.1953856060939496e-09
104.82982982982983	0.193014620904476	20094.081871447535	1.2014945075679362e-09
105.10510510510511	0.19351644226795256	20043.06936704138	1.2076407153137529e-09
105.38038038038039	0.19400858823230893	19992.186367617505	1.2138216639881971e-09
105.65565565565566	0.19429682515167443	19941.432544400268	1.2200309034608822e-09
105.93093093093094	0.1944888330740253	19890.80756944897	1.226267427155698e-09
106.2062062062062	0.19489874461716383	19840.311115656365	1.2325388113928688e-09
106.48148148148148	0.19538871011845402	19789.942856745223	1.2388460604504062e-09
106.75675675675676	0.1956744637687069	19739.70246726589	1.2451824544964407e-09
107.03203203203203	0.19591559776717868	19689.589622595366	1.2515482290281464e-09
107.30730730730731	0.19627931214608216	19639.603998935236	1.2579479568753046e-09
107.58258258258259	0.1965703563802257	19589.745273308607	1.2643792969668928e-09
107.85785785785787	0.19669150301058697	19540.013123558223	1.2708383694504168e-09
108.13313313313314	0.19681631814436695	19490.407228345197	1.2773275136706167e-09
108.4084084084084	0.19704458723357154	19440.927267146737	1.283850820133248e-09
108.68368368368368	0.19736760834746586	19391.57292025374	1.290410552425188e-09
108.95895895895896	0.19772877749364595	19342.3438687686	1.2970066160536165e-09
109.23423423423424	0.19805280921801616	19293.239794603087	1.3036370148432601e-09
109.50950950950951	0.1983206394308607	19244.26038047646	1.3103001313263567e-09
109.78478478478479	0.1985431783414924	19195.40530991348	1.3169953747923136e-09
110.06006006006007	0.1987601884962549	19146.67426724248	1.3237235396137748e-09
110.33533533533534	0.19901948586053167	19098.06693759334	1.330486460908429e-09
110.61061061061062	0.1993703543295472	19049.58300689546	1.3372866363748495e-09
110.88588588588588	0.19979140256513267	19001.222161875532	1.3441250290588858e-09
111.16116116116116	0.2001724342379192	18952.984090055215	1.3509992621698809e-09
111.43643643643644	0.2004465358814918	18904.86847974927	1.3579061782103367e-09
111.71171171171171	0.20060430932105583	18856.875020063697	1.3648437371314192e-09
111.98698698698699	0.20078469677812616	18809.003400894202	1.3718146525236977e-09
112.26226226226227	0.20113442536031143	18761.25331292422	1.3788246612868222e-09
112.53753753753755	0.20150517249549277	18713.624447622	1.385873068429429e-09
112.81281281281282	0.20175690736088056	18666.116497238647	1.3929556322996548e-09
113.08808808808809	0.20199811142394913	18618.729154806864	1.4000729942794917e-09
113.36336336336336	0.2022909150677194	18571.46211413888	1.4072273523245168e-09
113.63863863863864	0.20255975245245586	18524.315069824002	1.4144179314939193e-09
113.91391391391392	0.20278670970006674	18477.287717226853	1.421643849436417e-09
114.1891891891892	0.20301657877534113	18430.379752485554	1.4289059418883748e-09
114.46446446446447	0.20322165928623726	18383.590872509576	1.4362039804269112e-09
114.73973973973975	0.20334407694834766	18336.92077497767	1.4435362471847812e-09
115.01501501501502	0.2034193394031149	18290.36915833621	1.4509028322577064e-09
115.2902902902903	0.20350515010854628	18243.935721797305	1.4583055229440975e-09
115.56556556556556	0.20361773343705866	18197.62016533676	1.465745904378836e-09
115.84084084084084	0.203776728269839	18151.42218969211	1.4732255532315547e-09
116.11611611611612	0.20402480243535454	18105.34149636079	1.480746725096686e-09
116.3913913913914	0.2043546702525206	18059.37778759803	1.4883106116732716e-09
116.66666666666667	0.20469912226597786	18013.530766414737	1.4959160167685747e-09
116.94194194194195	0.20505953817067826	17967.8001365758	1.5035623794575705e-09
117.21721721721723	0.20547274315298172	17922.185602598274	1.5112505580920396e-09
117.4924924924925	0.20582677549522443	17876.686869749003	1.5189778035575526e-09
117.76776776776778	0.20599323832440092	17831.303644042637	1.5267387779746698e-09
118.04304304304304	0.20607322445640427	17786.035632240495	1.534533500532521e-09
118.31831831831832	0.20622757965872082	17740.882541848914	1.5423668876417791e-09
118.5935935935936	0.20660708727876725	17695.84408111734	1.5502464181005628e-09
118.86886886886887	0.20716268026574444	17650.919959035706	1.5581750188075158e-09
119.14414414414415	0.2075579038205953	17606.109885331596	1.5661442439655127e-09
119.41941941941943	0.2077478327048763	17561.413570469318	1.5741479638181913e-09
119.6946946946947	0.20796427751291202	17516.83072564907	1.5821898257987213e-09
119.96996996996998	0.20823666620790543	17472.361062804324	1.5902729066439863e-09
120.24524524524524	0.2084881129057588	17428.004294599617	1.5983966917875223e-09
120.52052052052052	0.20873724878689054	17383.760134429005	1.6065615511544215e-09
120.7957957957958	0.20901586651140616	17339.62829641427	1.6147687732004957e-09
121.07107107107107	0.209290914357889	17295.608495402874	1.6230181596654302e-09
121.34634634634635	0.20955694917492013	17251.700446966155	1.631309520009233e-09
121.62162162162163	0.20988098153644705	17207.9038673978	1.6396449394738743e-09
121.8968968968969	0.21019331928415533	17164.218473711477	1.6480235137426624e-09
122.17217217217218	0.21028347358654936	17120.6439836385	1.6564381754087295e-09
122.44744744744746	0.2103160309901326	17077.180115627394	1.6648901778647335e-09
122.72272272272272	0.21064608945786348	17033.826588842814	1.6733916137913576e-09
122.997997997998	0.21101508103096178	16990.583123161403	1.6819412340384068e-09
123.27327327327328	0.21104706999134723	16947.44943916953	1.6905263806832857e-09
123.54854854854855	0.21099164982908963	16904.425258163865	1.6991479440569334e-09
123.82382382382383	0.21111146806574277	16861.510302149625	1.7078149886218722e-09
124.0990990990991	0.2113189304959887	16818.704293837458	1.716529938924499e-09
124.37437437437438	0.21151456710658403	16776.00695664159	1.7252910435598127e-09
124.64964964964966	0.21166135376519554	16733.418014678296	1.7340961976649509e-09
124.92492492492492	0.21183348761368456	16690.937192764508	1.7429467424229498e-09
125.2002002002002	0.21216713025285344	16648.564216416322	1.7518480422625099e-09
125.47547547547548	0.21248857711653732	16606.298811845998	1.7607975024695427e-09
125.75075075075075	0.212550455100144	16564.14070595988	1.7697855278861777e-09
126.02602602602603	0.21261594834752706	16522.089626358644	1.7788155440363286e-09
126.30130130130131	0.21293062719581604	16480.14530133553	1.787897820811139e-09
126.57657657657658	0.213185506434285	16438.30745987233	1.7970278953846408e-09
126.85185185185186	0.21322966617656525	16396.575831638227	1.8061982442603495e-09
127.12712712712714	0.21337479106374008	16354.950146990008	1.8154152698549786e-09
127.4024024024024	0.2137025217536741	16313.43013696932	1.8246854852329296e-09
127.67767767767768	0.21400036624246743	16272.01553329977	1.8340054275385928e-09
127.95295295295296	0.21422293434502754	16230.706068385844	1.8433716956059278e-09
128.22822822822823	0.21444784772838446	16189.501475311718	1.8527851484291413e-09
128.5035035035035	0.2147419754403377	16148.401487839461	1.8622486893929177e-09
128.7787787787788	0.21512243191287134	16107.405840407117	1.871764663182979e-09
129.05405405405406	0.2154362270532904	16066.514268126299	1.881329179776165e-09
129.32932932932934	0.21561057568748349	16025.726506780771	1.890937617540227e-09
129.60460460460462	0.21584130413032235	15985.04229282589	1.9005943421133756e-09
129.87987987987987	0.21615442782280245	15944.461363386223	1.9103028291664934e-09
130.15515515515517	0.216310728031053	15903.983456252647	1.9200566953002706e-09
130.43043043043042	0.21637208914144362	15863.608309881995	1.929854648332907e-09
130.70570570570572	0.21663488859447025	15823.33566339636	1.9397066094830143e-09
130.98098098098097	0.21707148849589278	15783.165256580052	1.9496172834007157e-09
131.25625625625628	0.21750139801414384	15743.096829877191	1.9595829665538847e-09
131.53153153153153	0.2178396999829722	15703.130124390464	1.96959865902672e-09
131.80680680680683	0.21807983411157525	15663.264881879784	1.9796614468149913e-09
132.08208208208208	0.21835226244813252	15623.500844761265	1.9897745323374374e-09
132.35735735735736	0.21871244065384565	15583.83775610519	1.999941829226384e-09
132.63263263263264	0.21904846155791208	15544.275359633624	2.010161562803667e-09
132.9079079079079	0.21928351749954814	15504.813399718898	2.020430056285605e-09
133.1831831831832	0.2194030065119198	15465.451621382228	2.030744835412691e-09
133.45845845845847	0.21948926839677213	15426.189770292529	2.041107650878735e-09
133.73373373373374	0.2196588925493951	15387.027592764927	2.051523890058597e-09
134.00900900900902	0.21985965681843342	15347.964835758363	2.0619947320584133e-09
134.2842842842843	0.22002613520028894	15309.00124687387	2.0725185182923797e-09
134.55955955955955	0.2202843963523616	15270.136574353826	2.083099171322261e-09
134.83483483483485	0.2206867038901803	15231.370567080026	2.0937409698676675e-09
135.1101101101101	0.22103918540645104	15192.702974570877	2.1044391165218995e-09
135.3853853853854	0.22127391460428736	15154.133546980338	2.1151885149936767e-09
135.66066066066065	0.22152057338736958	15115.662035097293	2.1259913865858846e-09
135.93593593593596	0.221799313103561	15077.288190343395	2.1368498483990826e-09
136.2112112112112	0.2220456036454159	15039.011764771074	2.1477627293857493e-09
136.4864864864865	0.2223102105603847	15000.83251106244	2.1587314561184855e-09
136.76176176176176	0.22266779583124657	14962.750182527876	2.169759821436104e-09
137.03703703703704	0.2230354437280037	14924.764533103635	2.180846850330739e-09
137.31231231231232	0.22329786197411017	14886.875317350079	2.191987671654202e-09
137.5875875875876	0.22337778616275716	14849.082290450286	2.2031767191848446e-09
137.86286286286287	0.22334412208993748	14811.385208209178	2.2144137130506295e-09
138.13813813813815	0.22348026090495968	14773.78382705304	2.22570971025539e-09
138.41341341341342	0.22382084173217906	14736.277904026712	2.2370723081415722e-09
138.6886886886887	0.224148407513316	14698.86719679077	2.2484972464059153e-09
138.96396396396398	0.2244071432411707	14661.551463620706	2.259980117404159e-09
139.23923923923923	0.22463711942745168	14624.33046340589	2.271520234242965e-09
139.51451451451453	0.22481827372563024	14587.203955647696	2.283116547731954e-09
139.78978978978978	0.22493416059664154	14550.17170045798	2.2947679463175653e-09
140.06506506506508	0.22505798591906068	14513.233458557977	2.3064768917848995e-09
140.34034034034033	0.22524711913784734	14476.388991276688	2.3182471868358952e-09
140.61561561561564	0.2254889915355764	14439.638060548965	2.3300805499933268e-09
140.8908908908909	0.2257865122262892	14402.980428914077	2.3419781934706863e-09
141.1661661661662	0.2261666476743775	14366.415859514274	2.3539420403956486e-09
141.44144144144144	0.22657729046057892	14329.944116092867	2.36597115633264e-09
141.71671671671672	0.2269184675266813	14293.564962992406	2.3780610630036542e-09
141.991991991992	0.22719503147155135	14257.27816515374	2.3902096652111645e-09
142.26726726726727	0.22746159982936737	14221.083488114755	2.40241822505896e-09
142.54254254254255	0.22777450210397573	14184.980698008882	2.4146899133912435e-09
142.81781781781783	0.22813819113403674	14148.969561563288	2.427026787734163e-09
143.0930930930931	0.22842617339274773	14113.049846096686	2.4394248155377942e-09
143.36836836836838	0.22859421337024227	14077.221319518227	2.4518800899757915e-09
143.64364364364366	0.2287530183606436	14041.483750326894	2.4643952927764394e-09
143.9189189189189	0.22897153153153627	14005.836907609779	2.4769749350522577e-09
144.1941941941942	0.22925956946897963	13970.280561040236	2.489622032599819e-09
144.46946946946946	0.22955308190443788	13934.814480876032	2.5023356454829397e-09
144.74474474474476	0.2297678271949317	13899.438437957679	2.5151118117742305e-09
145.02002002002	0.22993963212738902	13864.152203707681	2.5279500749164702e-09
145.29529529529532	0.23011550135056258	13828.955550129072	2.5408523594652974e-09
145.57057057057057	0.2302442479976405	13793.848249803448	2.5538176308475464e-09
145.84584584584587	0.2303317526906365	13758.83007588975	2.5668457266570628e-09
146.12112112112112	0.23052426808654702	13723.900802123695	2.5799431011297813e-09
146.3963963963964	0.23078393054258453	13689.060202815175	2.5931117467147324e-09
146.67167167167167	0.23086279212127522	13654.308052845614	2.606341972826623e-09
146.94694694694695	0.23083501811917234	13619.644127668364	2.6196319664740718e-09
147.22222222222223	0.23097237049991864	13585.068203308429	2.632992969233254e-09
147.4974974974975	0.23122696819545094	13550.58005635918	2.6464290846431405e-09
147.77277277277278	0.2314505835859232	13516.179463980277	2.6599360612274753e-09
148.04804804804806	0.23166852800344692	13481.866203897236	2.673512923451222e-09
148.32332332332334	0.23191539583052972	13447.640054400086	2.687160880364685e-09
148.59859859859858	0.2321420751428142	13413.500794341428	2.7008785223055797e-09
148.8738738738739	0.23235586842671246	13379.448203135316	2.7146655904641986e-09
149.14914914914914	0.23265714656298458	13345.482060756456	2.7285267064328265e-09
149.42442442442444	0.23302299763081996	13311.602147737967	2.74246347811655e-09
149.6996996996997	0.23332369610019124	13277.808245169377	2.7564709708609036e-09
149.974974974975	0.23352705380749977	13244.100134695715	2.7705452222898377e-09
150.25025025025025	0.23367138432959456	13210.477598516607	2.7846860425655275e-09
150.52552552552555	0.23387183722241428	13176.940419385328	2.798898847139427e-09
150.8008008008008	0.23420067396934244	13143.488380607152	2.8131900871312827e-09
151.07607607607608	0.23452482050118345	13110.121266036636	2.8275571534318897e-09
151.35135135135135	0.23474027813655943	13076.838860076417	2.8419939355485083e-09
151.62662662662663	0.23486728275487292	13043.64094767657	2.856498292268682e-09
151.9019019019019	0.23497528369688445	13010.527314333576	2.8710725284969603e-09
152.17717717717719	0.23516430660176754	12977.497746089128	2.8857228039881615e-09
152.45245245245246	0.23541363172962054	12944.552029527971	2.9004515967699564e-09
152.72772772772774	0.23563291989290336	12911.689951776074	2.9152560769161044e-09
153.00300300300302	0.23582943658466857	12878.911300499869	2.9301352715241574e-09
153.2782782782783	0.23605107749799406	12846.215863905156	2.945091163292472e-09
153.55355355355357	0.23634352096257655	12813.603430735731	2.9601272161843964e-09
153.82882882882885	0.23671222864770472	12781.073790271768	2.975245735952432e-09
154.10410410410412	0.23707346000266455	12748.626732327826	2.9904440457944338e-09
154.37937937937937	0.23736295863615012	12716.262047251643	3.0057177628609656e-09
154.65465465465465	0.2375610014119031	12683.979525923034	3.0210637734644445e-09
154.92992992992993	0.2376630822555704	12651.778959752697	3.0364803698184298e-09
155.2052052052052	0.23768505153858596	12619.660140680964	3.0519675842407417e-09
155.48048048048048	0.2377325411425939	12587.622861177106	3.067530856137698e-09
155.75575575575576	0.23792611624834506	12555.666914238085	3.0831792965280648e-09
156.03103103103103	0.23822976825590175	12523.792093386175	3.0989161368824097e-09
156.3063063063063	0.2385598641780103	12491.998192667248	3.1147390836588916e-09
156.5815815815816	0.23883592544298746	12460.28500664947	3.1306430550155468e-09
156.85685685685687	0.23903165484951347	12428.65233042234	3.146624226384765e-09
157.13213213213214	0.23921225002580457	12397.099959596035	3.1626840971791302e-09
157.40740740740742	0.2394394509078659	12365.627690300053	3.1788268147226296e-09
157.6826826826827	0.23975495144760348	12334.235319181775	3.1950569176416012e-09
157.95795795795797	0.24011877153896694	12302.922643404552	3.21137494497909e-09
158.23323323323325	0.2404470729057726	12271.689460646083	3.227777045637442e-09
158.50850850850853	0.24071147239897817	12240.53556909748	3.244259924757957e-09
158.7837837837838	0.24091631638354946	12209.460767462218	3.2608222737236113e-09
159.05905905905905	0.2411046326060669	12178.464854955131	3.277465849803604e-09
159.33433433433433	0.24130078025399643	12147.547631300951	3.294193049047293e-09
159.6096096096096	0.24147158579030795	12116.708896732618	3.311003572594247e-09
159.88488488488488	0.24163094075228828	12085.94845199032	3.3278982001072815e-09
160.16016016016016	0.2418598740897998	12055.266098320722	3.3448818651768037e-09
160.43543543543544	0.2421762219852526	12024.661637475225	3.361958330441348e-09
160.7107107107107	0.24253670028277052	11994.134871708187	3.3791274738501856e-09
160.985985985986	0.24284506105546066	11963.68560377526	3.3963842743134284e-09
161.26126126126127	0.24301698593701335	11933.313636932193	3.413721763585726e-09
161.53653653653654	0.24314170309136893	11903.018774934879	3.4311413384054865e-09
161.81181181181182	0.24330644066535206	11872.800822038094	3.448648671777019e-09
162.0870870870871	0.24345723415719075	11842.659582993138	3.466243976873175e-09
162.36236236236238	0.2435786381549501	11812.594863046865	3.483926726425248e-09
162.63763763763765	0.2437524280888508	11782.606467941207	3.501701373906856e-09
162.91291291291293	0.2439821477468349	11752.694203911293	3.519570667530316e-09
163.1881881881882	0.2441943874390089	11722.857877683588	3.5375321897676077e-09
163.46346346346348	0.24442693786787117	11693.097296475516	3.555587026859072e-09
163.73873873873873	0.2447499489330221	11663.412267994503	3.5737399169297526e-09
164.014014014014	0.24500412780862793	11633.80260043486	3.59198459401677e-09
164.2892892892893	0.24505221915687408	11604.268102476708	3.6103102639392707e-09
164.56456456456456	0.24512439391665702	11574.80858328774	3.6287245693866234e-09
164.83983983983984	0.24536245162434264	11545.423852521291	3.6472397767428437e-09
165.11511511511512	0.24557352869588944	11516.113720312354	3.665851463099013e-09
165.3903903903904	0.2456903498491344	11486.87799727737	3.684553705978225e-09
165.66566566566567	0.245846135551742	11457.71649451468	3.703351347656694e-09
165.94094094094095	0.24609969019609437	11428.629023602682	3.7222505467216833e-09
166.21621621621622	0.24643142014934824	11399.615396597983	3.741253614049227e-09
166.4914914914915	0.2467304645258744	11370.675426033391	3.760355531733211e-09
166.76676676676678	0.24688893910979082	11341.808924916704	3.779547624683266e-09
167.04204204204206	0.24699525277264425	11313.01570673118	3.798830829505965e-09
167.31731731731733	0.2471782598665624	11284.295585434693	3.818213462226477e-09
167.5925925925926	0.2475302630718942	11255.648375458255	3.837705550013322e-09
167.8678678678679	0.248008416483354	11227.073891703627	3.857309995228792e-09
168.14314314314316	0.2483787192846299	11198.571949540443	3.877014586744337e-09
168.4184184184184	0.2485651405630137	11170.142364806374	3.896808739485627e-09
168.6936936936937	0.24866248542498487	11141.784953807432	3.916692928017773e-09
168.96896896896897	0.24882092155303442	11113.499533317308	3.936676673126417e-09
169.24424424424424	0.24916098215936497	11085.285920575949	3.956772430678934e-09
169.51951951951952	0.24947662087760406	11057.143933285444	3.976974334613883e-09
169.7947947947948	0.24957258205207566	11029.073389608908	3.9972677034143496e-09
170.07007007007007	0.24965688481900994	11001.074108172954	4.0176579862594565e-09
170.34534534534535	0.24987852252082512	10973.145908066008	4.038157393166424e-09
170.62062062062063	0.2501185948650026	10945.288608834708	4.0587651027637086e-09
170.8958958958959	0.2502924113849908	10917.50203048303	4.079475706167787e-09
171.17117117117118	0.25039670631886835	10889.785993471873	4.100286481228315e-09
171.44644644644646	0.25050567708375004	10862.140318718606	4.1212009227073375e-09
171.72172172172174	0.2507246610052476	10834.564827596232	4.142227709267738e-09
171.996996996997	0.25100045698031664	10807.059341930762	4.163368211293004e-09
172.2722722722723	0.2512328405255423	10779.623683999593	4.1846170635948435e-09
172.54754754754757	0.25141838160892727	10752.257676531255	4.20597158133481e-09
172.82282282282284	0.2515935738220894	10724.961142704677	4.2274329889187025e-09
173.0980980980981	0.25182951641260837	10697.733906148364	4.249006744324875e-09
173.37337337337337	0.252142188819615	10670.575790938741	4.270696950089255e-09
173.64864864864865	0.25246017054347586	10643.486621598173	4.292501375115645e-09
173.92392392392392	0.25271761270711873	10616.466223093872	4.314414899029821e-09
174.1991991991992	0.2528694428050739	10589.514420836944	4.3364322497014486e-09
174.47447447447448	0.2529612578173868	10562.631040682163	4.3585539745100055e-09
174.74974974974975	0.25307695683967285	10535.815908927236	4.3807861091635715e-09
175.02502502502503	0.2532393498374429	10509.06885231108	4.403133499688311e-09
175.3003003003003	0.2534504893553155	10482.389698012497	4.4255990417008785e-09
175.57557557557558	0.2537106824613234	10455.778273649046	4.448184535946919e-09
175.85085085085086	0.2539876618418369	10429.234407275604	4.470889053190434e-09
176.12612612612614	0.2541937855173715	10402.757927382661	4.49370654709503e-09
176.40140140140142	0.2543284250223122	10376.34866289612	4.5166341911711945e-09
176.6766766766767	0.25448813017280764	10350.00644317716	4.539677350775604e-09
176.95195195195197	0.25468838851927456	10323.731098020333	4.562840083609095e-09
177.22722722722725	0.25489235532105975	10297.522457651916	4.586122236647388e-09
177.50250250250252	0.25511179630487835	10271.380352729315	4.609524844982856e-09
177.77777777777777	0.25535909210542695	10245.304614339982	4.633049593486021e-09
178.05305305305305	0.2555684503944826	10219.295073999505	4.6566931049337425e-09
178.32832832832833	0.2557050284097903	10193.351563650818	4.680451556062568e-09
178.6036036036036	0.25584647418562173	10167.473915664325	4.704328700531978e-09
178.87887887887888	0.25602113731639736	10141.661962836297	4.728328709104777e-09
179.15415415415416	0.2561722611463136	10115.915538386878	4.752450013813751e-09
179.42942942942943	0.2563222951990537	10090.234475959869	4.776693712573756e-09
179.7047047047047	0.2565554065615806	10064.618609622303	4.801066631374139e-09
179.97997997998	0.256854646270227	10039.067773862304	4.825571346025014e-09
180.25525525525526	0.2571462735323757	10013.581803587385	4.8502042399168075e-09
180.53053053053054	0.25734333086468136	9988.160534123219	4.874957598397025e-09
180.80580580580582	0.257426299210636	9962.803801213304	4.899826435400862e-09
181.0810810810811	0.2575791223139953	9937.511441020168	4.924821797792193e-09
181.35635635635637	0.2578534284689188	9912.283290122874	4.949953302868322e-09
181.63163163163165	0.25801968781837065	9887.119185512787	4.975209426974159e-09
181.90690690690693	0.2580669777348737	9862.01896459497	5.000583896254588e-09
182.1821821821822	0.2582282675242754	9836.98246518989	5.026090950314396e-09
182.45745745745745	0.25853712908570303	9812.00952553016	5.051740558346959e-09
182.73273273273273	0.25889199897379145	9787.09998425792	5.077530584878776e-09
183.008008008008	0.2592107383711948	9762.253680424015	5.103454232408407e-09
183.28328328328328	0.25945773889967333	9737.47045348748	5.129505794809164e-09
183.55855855855856	0.25973600243233014	9712.750143316085	5.155690453713172e-09
183.83383383383384	0.2600939695895531	9688.092590184722	5.182014775795316e-09
184.1091091091091	0.26039657726401255	9663.497634772193	5.208472221047939e-09
184.3843843843844	0.260586791325616	9638.965118161092	5.235055557713055e-09
184.65965965965967	0.26073849760822887	9614.4948818383	5.261767099422971e-09
184.93493493493494	0.2608842365599862	9590.08676769351	5.2886107887121174e-09
185.21021021021022	0.26102365192475924	9565.740618017804	5.315588888311754e-09
185.4854854854855	0.2612219280890129	9541.456275503437	5.342707878147692e-09
185.76076076076077	0.2615221074894957	9517.233583242547	5.369974680007379e-09
186.03603603603605	0.2617088462345295	9493.072384723007	5.39737644006529e-09
186.31131131131133	0.2616347241141512	9468.9725238282	5.424895623548374e-09
186.5865865865866	0.26154097850236957	9444.93384484076	5.452542596292406e-09
186.86186186186188	0.26162489940531075	9420.956192441086	5.480338310400084e-09
187.13713713713713	0.2618988665986356	9397.039411704101	5.508294590909259e-09
187.4124124124124	0.2622123382338863	9373.183348096172	5.536405838946442e-09
187.68768768768768	0.2623014230217483	9349.387847472675	5.564648681529107e-09
187.96296296296296	0.26226822532345595	9325.65275608154	5.593019989736464e-09
188.23823823823824	0.26239598370990946	9301.977920564621	5.621541256596294e-09
188.51351351351352	0.26267303262615216	9278.363187953	5.650222616751848e-09
188.7887887887888	0.26298410793937155	9254.808405664637	5.6790602029881016e-09
189.06406406406407	0.26323982274892405	9231.313421503712	5.708045251554641e-09
189.33933933933935	0.2634247355053315	9207.87808366057	5.737172547934179e-09
189.61461461461462	0.26365947690903907	9184.502240712509	5.766449762427097e-09
189.8898898898899	0.26396500639228865	9161.185741621543	5.7958828034065904e-09
190.16516516516518	0.264226969533669	9137.928435731634	5.825465555832164e-09
190.44044044044045	0.2644687458984384	9114.730172769507	5.8551973299124625e-09
190.71571571571573	0.26480396816200513	9091.5908028449	5.885087629677157e-09
190.990990990991	0.26517178306142825	9068.51017644729	5.915136475968115e-09
191.26626626626629	0.26544989111765716	9045.488144444073	5.945334049003067e-09
191.54154154154156	0.26561166820253274	9022.524558080866	5.975673659714826e-09
191.8168168168168	0.265673488540823	8999.619268981134	6.00615373887203e-09
192.0920920920921	0.26569447044051125	8976.772129145791	6.036778845170744e-09
192.36736736736736	0.2657673565838783	8953.982990952774	6.067559466874684e-09
192.64264264264264	0.26601764476365614	8931.25170715652	6.0985119235139345e-09
192.91791791791792	0.2663868283156128	8908.578130884516	6.129639697810525e-09
193.1931931931932	0.2666586156608647	8885.96211563412	6.160926321842319e-09
193.46846846846847	0.2668259796607298	8863.403515274493	6.192363526188048e-09
193.74374374374375	0.2669976475544163	8840.902184047296	6.22395708561874e-09
194.01901901901903	0.26722016422539424	8818.457976564874	6.255714293660018e-09
194.2942942942943	0.2675062893495443	8796.070747808868	6.287640276790426e-09
194.56956956956958	0.2678315374953084	8773.740353128755	6.319735845159086e-09
194.84484484484486	0.2681434505253462	8751.466648240483	6.351997217551617e-09
195.12012012012013	0.2683530267154581	8729.249489225	6.384415095256771e-09
195.3953953953954	0.26845782437446086	8707.088732528564	6.416985110751972e-09
195.6706706706707	0.2685573264688372	8684.9842349633	6.449714381423613e-09
195.94594594594597	0.268679910435034	8662.93585370527	6.48260932447621e-09
196.22122122122124	0.2688120860071168	8640.94344629293	6.5156722865290585e-09
196.4964964964965	0.2690456080202794	8619.006870627763	6.548913169341168e-09
196.77177177177177	0.2694573657810756	8597.12598497317	6.582344288432419e-09
197.04704704704704	0.2698665265213017	8575.300647949723	6.615955673839944e-09
197.32232232232232	0.2701052998040435	8553.530718534377	6.649727606836404e-09
197.5975975975976	0.2702005852288878	8531.816056062473	6.68365337772932e-09
197.87287287287288	0.27024378730006093	8510.156520227798	6.71773850688551e-09
198.14814814814815	0.2703711187909979	8488.551971082417	6.751998678545889e-09
198.42342342342343	0.27057780473357423	8467.002269033635	6.786441541063677e-09
198.6986986986987	0.27074172548788694	8445.507274841275	6.821059895526095e-09
198.97397397397398	0.2708704169481927	8424.06684961875	6.855851414539935e-09
199.24924924924926	0.27103523953810227	8402.680854833174	6.89082214593032e-09
199.52452452452454	0.2712502941708502	8381.34915230359	6.9259768402051454e-09
199.7997997997998	0.27149525965539245	8360.071604199524	6.9613163707875685e-09
200.0750750750751	0.2717035433782916	8338.848073039377	6.996835304059673e-09
200.35035035035037	0.2718343007449306	8317.678421689909	7.032527562058419e-09
200.62562562562564	0.27191030992586446	8296.562513366358	7.068392825645104e-09
200.90090090090092	0.2719715963273578	8275.500211631863	7.104435234707089e-09
201.17617617617617	0.2720700314285551	8254.491380396757	7.140662282532328e-09
201.45145145145145	0.2722589046417435	8233.535883917757	7.1770832956327e-09
201.72672672672672	0.2725670554588845	8212.633586796675	7.213706160741155e-09
202.002002002002	0.27285197289224317	8191.784353976764	7.2505212380463305e-09
202.27727727727728	0.27295957436926066	8170.988050741589	7.287509169202546e-09
202.55255255255256	0.2729713860853278	8150.244542718017	7.324669103851804e-09
202.82782782782783	0.27300740297997583	8129.553695876024	7.362012983866912e-09
203.1031031031031	0.27314151516376756	8108.915376527101	7.399554449652608e-09
203.3783783783784	0.2733477531800483	8088.32945132173	7.437298029328575e-09
203.65365365365366	0.2734811456185074	8067.795787246493	7.47523182625001e-09
203.92892892892894	0.273586020118283	8047.314251626377	7.51335509660579e-09
204.20420420420422	0.27384725270695626	8026.884712126354	7.551686823986094e-09
204.4794794794795	0.2741840278159481	8006.507036746014	7.590228477400104e-09
204.75475475475477	0.2744288246060381	7986.18109381718	7.628964143979395e-09
205.03003003003005	0.2746936988220631	7965.906752007859	7.66789823743377e-09
205.30530530530532	0.27505116449479067	7945.683880320743	7.707040913494514e-09
205.5805805805806	0.2752091439744778	7925.512348085988	7.74636728440088e-09
205.85585585585588	0.27511081899867074	7905.392024964425	7.785859910269832e-09
206.13113113113113	0.2752023888767499	7885.322780955603	7.825557492501334e-09
206.4064064064064	0.2755139046587036	7865.304486389703	7.86548235818852e-09
206.68168168168168	0.2756217171957886	7845.337011918593	7.90560110631186e-09
206.95695695695696	0.27560205397469545	7825.420228523813	7.945906282511468e-09
207.23223223223223	0.27579502997511646	7805.554007520558	7.986431036634216e-09
207.5075075075075	0.2760302892302008	7785.738220547688	8.0271736503185e-09
207.7827827827828	0.2760628034906632	7765.972739565474	8.068107537700925e-09
208.05805805805807	0.27612505132911536	7746.257436863436	8.109245540588888e-09
208.33333333333334	0.27639435360846043	7726.5921850586055	8.150613610698133e-09
208.60860860860862	0.2766926081047094	7706.976857088166	8.192205428998167e-09
208.8838838838839	0.27690258965516	7687.411326209693	8.234005768009158e-09
209.15915915915917	0.27705031741591507	7667.895466002976	8.276010754642583e-09
209.43443443443445	0.27719390705720703	7648.429150369831	8.318225472831254e-09
209.70970970970973	0.2773984821342536	7629.012253533432	8.360660119093888e-09
209.984984984985	0.2776354667828199	7609.64465003574	8.403316986071653e-09
210.26026026026028	0.2778381945468544	7590.326214735951	8.446190328474603e-09
210.53553553553556	0.27798152729962855	7571.056822810456	8.489275160066517e-09
210.8108108108108	0.2780829083232908	7551.836349752866	8.532571609979097e-09
211.08608608608608	0.2782411505324545	7532.664671374767	8.576091465523884e-09
211.36136136136136	0.2784793663236793	7513.541663803507	8.619843583800439e-09
211.63663663663664	0.27867759191849545	7494.467203478582	8.663819143798252e-09
211.91191191191191	0.2787914187799653	7475.441167152281	8.708009453600742e-09
212.1871871871872	0.27886762858193614	7456.463431890674	8.75241630255515e-09
212.46246246246247	0.2789700638171136	7437.5338750731935	8.797048474440903e-09
212.73773773773775	0.27915524899191463	7418.652374391708	8.841917321618222e-09
213.01301301301302	0.2793863206381569	7399.818807847877	8.887024611752936e-09
213.2882882882883	0.27960569786267436	7381.033053751929	8.932365109195422e-09
213.56356356356358	0.2798053466222361	7362.294990722856	8.97793601808741e-09
213.83883883883885	0.28000175283354534	7343.6044976881285	9.023738575644606e-09
214.11411411411413	0.2802386180347757	7324.96145388349	9.069779173406463e-09
214.3893893893894	0.28052759448452186	7306.365738851512	9.116062883338833e-09
214.66466466466468	0.28083582019005354	7287.817232439918	9.162588856750705e-09
214.93993993993996	0.2811257364378421	7269.315814800683	9.209352854682275e-09
215.21521521521524	0.281363986599783	7250.861366389328	9.2563495014041e-09
215.4904904904905	0.28156161775932337	7232.453767965086	9.303578203948968e-09
215.76576576576576	0.2817403826167429	7214.092900590342	9.35104192602911e-09
216.04104104104104	0.2818767187036931	7195.778645628933	9.398739812730647e-09
216.31631631631632	0.28195511828237796	7177.510884745526	9.44667016517718e-09
216.5915915915916	0.2820132856304965	7159.2894999059945	9.494837400031561e-09
216.86686686686687	0.28209420347763386	7141.114373376795	9.543249522674414e-09
217.14214214214215	0.28223327912577356	7122.985387724057	9.591915371049395e-09
217.41741741741743	0.28240945887510005	7104.9024258115915	9.640837209255254e-09
217.6926926926927	0.2825541370494528	7086.8653707991025	9.690008237282268e-09
217.96796796796798	0.2826599426279298	7068.8741061427345	9.739424991425952e-09
218.24324324324326	0.2827619746565659	7050.928515595266	9.789090915959404e-09
218.51851851851853	0.28292464287540503	7033.028483206028	9.839016472813632e-09
218.7937937937938	0.2831812477418417	7015.173893319491	9.889211565121578e-09
219.0690690690691	0.2834304953728342	6997.364630571493	9.939668675023608e-09
219.34434434434436	0.28360234606962836	6979.600579889149	9.99037599612678e-09
219.61961961961964	0.28374044436667734	6961.881626492685	1.0041334258175402e-08
219.89489489489492	0.283891595964339	6944.207655894768	1.009255052121807e-08
220.17017017017017	0.2840860428114046	6926.578553899422	1.0144032733673553e-08
220.44544544544544	0.2842861395892694	6908.994206599722	1.0195780451891409e-08
220.72072072072072	0.28442152636160756	6891.454500376294	1.024778496759829e-08
220.995995995996	0.2845426744559071	6873.959321899359	1.030004951205777e-08
221.27127127127127	0.2847249922487033	6856.508558128613	1.0352586269968935e-08
221.54654654654655	0.2849211755804622	6839.102096309636	1.0405395434269219e-08
221.82182182182183	0.28508325001547463	6821.739823973131	1.0458471448701706e-08
222.0970970970971	0.28523935163679354	6804.421628935978	1.0511816195745542e-08
222.37237237237238	0.28540315319597387	6787.147399300191	1.0565433122561442e-08
222.64764764764766	0.28555373846778814	6769.917023451352	1.0619321758232971e-08
222.92292292292294	0.28573603141737924	6752.730390059478	1.067348871499477e-08
223.1981981981982	0.28603756787255347	6735.58738807937	1.0727949791365408e-08
223.4734734734735	0.28635507454246584	6718.487906745264	1.0782699095617774e-08
223.74874874874877	0.28652571237579755	6701.431835568601	1.0837712325332074e-08
224.02402402402404	0.2866440262256273	6684.4190643435895	1.0892991839793084e-08
224.29929929929932	0.2868196672794865	6667.449483146919	1.0948554604934286e-08
224.5745745745746	0.28694463678766324	6650.522982331677	1.1004394298617247e-08
224.84984984984985	0.2869970666184255	6633.639452528744	1.1060505642127321e-08
225.12512512512512	0.2871825112102675	6616.798784651797	1.1116915715309005e-08
225.4004004004004	0.2875085632350469	6600.000869891712	1.117363908875764e-08
225.67567567567568	0.2877463590986587	6583.24559970983	1.1230651102598928e-08
225.95095095095095	0.2878447574330795	6566.532865841691	1.1287933791922461e-08
226.22622622622623	0.2878899903130241	6549.862560299843	1.1345491756412444e-08
226.5015015015015	0.288001021403555	6533.234575374033	1.1403344877522527e-08
226.77677677677679	0.2882399706877956	6516.648803629093	1.1461512180403374e-08
227.05205205205206	0.2883961895637924	6500.105137897174	1.1519972988916205e-08
227.32732732732734	0.2883597697815389	6483.603471279564	1.1578702502694313e-08
227.60260260260262	0.2884025648118878	6467.1436971560115	1.1637729457880299e-08
227.8778778778779	0.2886323589810304	6450.7257091798465	1.1697083853376525e-08
228.15315315315317	0.2888605654165079	6434.349401269443	1.175675286769523e-08
228.42842842842845	0.2890236602136953	6418.014667610782	1.1816722048981783e-08
228.70370370370372	0.28917921194226753	6401.721402659988	1.1876994040471108e-08
228.978978978979	0.28933144614658635	6385.469501141241	1.1937571519558174e-08
229.25425425425428	0.2894608454281476	6369.258858045461	1.1998453636593271e-08
229.52952952952953	0.2895813472419206	6353.089368630521	1.2059642913222261e-08
229.8048048048048	0.28971679731379785	6336.960928420847	1.2121144953785644e-08
230.08008008008008	0.2898889554970163	6320.87343320672	1.2182966523817901e-08
230.35535535535536	0.29011045832029475	6304.826779043337	1.2245113586655669e-08
230.63063063063063	0.29037680371870767	6288.820862249686	1.2307589144342997e-08
230.9059059059059	0.2906322330313572	6272.855579406422	1.2370386957041364e-08
231.1811811811812	0.290781881591991	6256.930827354075	1.2433490402901417e-08
231.45645645645646	0.2908966761158304	6241.046503197019	1.2496903570275835e-08
231.73173173173174	0.2911179609156993	6225.20250430486	1.2560651150047569e-08
232.00700700700702	0.29132553751723683	6209.398728304369	1.2624726738312655e-08
232.2822822822823	0.29138722338213213	6193.635073078403	1.2689107550129446e-08
232.55755755755757	0.2915141676161287	6177.911436775099	1.2753817088700292e-08
232.83283283283285	0.2918333449724569	6162.227717804876	1.2818887219451059e-08
233.10810810810813	0.2921200731368747	6146.583814829615	1.2884298036666151e-08
233.3833833833834	0.29230446012674255	6130.979626766381	1.2950030181397606e-08
233.65865865865868	0.2925716592400257	6115.4150527942675	1.3016105228547433e-08
233.93393393393396	0.2929281530457696	6099.889992348562	1.3082535121953073e-08
234.2092092092092	0.29322954871860196	6084.404345115599	1.3149303091057201e-08
234.48448448448448	0.2934152400204829	6068.958011034532	1.3216392551707831e-08
234.75975975975976	0.2935024818846883	6053.550890299002	1.3283799515813146e-08
235.03503503503504	0.29366748818292576	6038.182883361311	1.335155170829262e-08
235.3103103103103	0.2940269021944967	6022.853890930069	1.341968195560218e-08
235.5855855855856	0.29440645559709144	6007.563813960747	1.3488177782100308e-08
235.86086086086087	0.2946907443108184	5992.312553656714	1.3557015470789856e-08
236.13613613613614	0.29494039708949843	5977.100011473973	1.3626195134883894e-08
236.41141141141142	0.2951686814851489	5961.9260891191	1.3695719958441816e-08
236.6866866866867	0.2953284155804048	5946.790688546724	1.3765584455901379e-08
236.96196196196198	0.29541961293376023	5931.693711960344	1.3835787008328435e-08
237.23723723723725	0.29547666175495396	5916.635061812798	1.3906333531204372e-08
237.51251251251253	0.29555290488976355	5901.614640806231	1.3977236656641521e-08
237.7877877877878	0.29568316546863505	5886.632351890922	1.404850907021445e-08
238.06306306306308	0.2958136648399497	5871.688098261843	1.4120148450528984e-08
238.33833833833836	0.2959156512853967	5856.781783358802	1.4192149834211077e-08
238.61361361361364	0.2960495387768605	5841.913310868678	1.426452235744234e-08
238.88888888888889	0.29620681600201715	5827.082584722606	1.4337269773323407e-08
239.16416416416416	0.2962866651414231	5812.289509092327	1.4410377327186425e-08
239.43943943943944	0.29630968137894925	5797.5339883934985	1.4483842823366547e-08
239.71471471471472	0.29638489454045297	5782.815927288001	1.45576853287414e-08
239.98998998999	0.2965380057299733	5768.135230680638	1.4631919156605308e-08
240.26526526526527	0.2967431312265341	5753.491803716813	1.4706547411144686e-08
240.54054054054055	0.2969257932191214	5738.885551780267	1.478155941434088e-08
240.81581581581582	0.29703533012562383	5724.316380493231	1.4856942320015786e-08
241.0910910910911	0.29711756658207245	5709.784195719036	1.4932699476367364e-08
241.36636636636638	0.29722159312644225	5695.288903561648	1.5008842261930395e-08
241.64164164164166	0.29737407220927586	5680.830410364346	1.508538176974087e-08
241.91691691691693	0.2975265952523083	5666.408622706533	1.5162315390542326e-08
242.1921921921922	0.2975802139512829	5652.023447401367	1.523962496322142e-08
242.4674674674675	0.29764243462838924	5637.674791502249	1.5317322922771094e-08
242.74274274274276	0.2978878712928764	5623.36256230464	1.5395448207533336e-08
243.01801801801804	0.29816690331905854	5609.086667334223	1.547399214360586e-08
243.29329329329332	0.2983032639830079	5594.8470143452505	1.5552919244517426e-08
243.56856856856857	0.2984125604376832	5580.6435113301595	1.5632235962949508e-08
243.84384384384384	0.29857689029915435	5566.476066517877	1.5711961670184706e-08
244.11911911911912	0.2986988081190792	5552.344588366862	1.5792087975942655e-08
244.3943943943944	0.2987485316167592	5538.248985566871	1.587260652105264e-08
244.66966966966967	0.29879848050401103	5524.189167042046	1.595352829552958e-08
244.94494494494495	0.298878098006692	5510.16504194882	1.6034865015096967e-08
245.22022022022023	0.29898591998367857	5496.176519674212	1.611662289633967e-08
245.4954954954955	0.29915910683485375	5482.223509836666	1.619881313685903e-08
245.77077077077078	0.29942070741081633	5468.30592228497	1.628144655448289e-08
246.04604604604606	0.29966051081088385	5454.423667092745	1.6364507950643648e-08
246.32132132132134	0.2998223449772183	5440.576654559796	1.644798068931639e-08
246.5965965965966	0.3000647526186804	5426.764795219543	1.6531889413997355e-08
246.8718718718719	0.30040001816768225	5412.987999833048	1.6616248954854075e-08
247.14714714714717	0.30059066362840586	5399.246179379002	1.6701020453764243e-08
247.42242242242244	0.30067262619550816	5385.539245063362	1.67861945530646e-08
247.69769769769772	0.30090859625213495	5371.867108327474	1.6871820359629552e-08
247.972972972973	0.3011581914026003	5358.229680832236	1.695789333253435e-08
248.24824824824825	0.30113397599378705	5344.626874451715	1.7044354981525934e-08
248.52352352352352	0.30100246412438575	5331.058601289976	1.7131213302035777e-08
248.7987987987988	0.3010012416161943	5317.524773683441	1.7218521000428393e-08
249.07407407407408	0.30111450602017886	5304.0253041905535	1.7306300024601022e-08
249.34934934934935	0.30128338982575426	5290.560105589509	1.739454969179632e-08
249.62462462462463	0.3014608818394248	5277.129090878102	1.748326143362194e-08
249.8998998998999	0.30162768860238787	5263.732173274233	1.757242873381601e-08
250.17517517517518	0.30179275456357263	5250.369266216471	1.76620517970716e-08
250.45045045045046	0.3019434110622633	5237.0402833626185	1.7752129358730653e-08
250.72572572572574	0.30206060353587255	5223.745138588905	1.784265812452996e-08
251.00100100100101	0.3021932954957435	5210.483745992167	1.793364814036579e-08
251.2762762762763	0.30239223102756213	5197.256019889404	1.8025115953338343e-08
251.55155155155157	0.3026008220780483	5184.06187481287	1.811705841529512e-08
251.82682682682685	0.30275937223537785	5170.90122550934	1.820946275646163e-08
252.10210210210212	0.30286355077668536	5157.773986941804	1.8302323569737546e-08
252.3773773773774	0.302966187117544	5144.6800742912965	1.839565099518004e-08
252.65265265265268	0.30318007281474596	5131.619402958915	1.8489475233327977e-08
252.92792792792793	0.30345226493049765	5118.5918885583815	1.8583799877189625e-08
253.2032032032032	0.3036046538796487	5105.59744691015	1.8678589269298597e-08
253.47847847847848	0.30366316768591495	5092.6359940493985	1.8773834290354715e-08
253.75375375375376	0.3037520078598937	5079.707446229705	1.8869559273758277e-08
254.02902902902903	0.30393130425363074	5066.811719919871	1.8965789755846785e-08
254.3043043043043	0.304204033597296	5053.948731800954	1.906253936562839e-08
254.5795795795796	0.30446681211145055	5041.118398761118	1.9159792790976665e-08
254.85485485485486	0.3046578404294243	5028.320637896813	1.9257530822651033e-08
255.13013013013014	0.3048210690975548	5015.555366516828	1.9355756026959358e-08
255.40540540540542	0.30498921273480206	5002.822502141308	1.945447825347081e-08
255.6806806806807	0.30517067386098073	4990.121962500165	1.9553705206752374e-08
255.95595595595597	0.30536384976744413	4977.4536655321135	1.965344140653147e-08
256.2312312312313	0.3055655400119107	4964.817529384063	1.9753689598801574e-08
256.5065065065065	0.305800217722437	4952.213472411836	1.985445807396892e-08
256.7817817817818	0.30608488273459	4939.641413179314	1.9955755947743323e-08
257.0570570570571	0.30636744109917513	4927.101270454793	2.0057576823288794e-08
257.3323323323324	0.30661033050392267	4914.592963211075	2.0159910647493436e-08
257.60760760760763	0.306841272396023	4902.116410627914	2.02627608101476e-08
257.8828828828829	0.30702470600451154	4889.671532088589	2.0366121972385106e-08
258.15815815815813	0.3070442453465526	4877.258247175605	2.046996586949583e-08
258.43343343343344	0.3070282805855352	4864.876475681483	2.0574311277406148e-08
258.70870870870874	0.3072638684450402	4852.526137615799	2.0679235814657397e-08
258.983983983984	0.3076354508420897	4840.2071531859665	2.078474848230147e-08
259.25925925925924	0.3078785196107696	4827.919442789558	2.0890792040879304e-08
259.53453453453454	0.30799779324146453	4815.662927026341	2.0997343614787742e-08
259.80980980980985	0.30806663968517317	4803.437526701065	2.1104411971321854e-08
260.0850850850851	0.30812585961475863	4791.243162821458	2.121201222243539e-08
260.36036036036035	0.3082317413332678	4779.0797565985085	2.1320166212919835e-08
260.63563563563565	0.308466701461515	4766.947229447262	2.142890536844322e-08
260.91091091091096	0.3087072453746674	4754.845502976356	2.153821522964012e-08
261.1861861861862	0.30865855654181784	4742.77449897899	2.164801855429679e-08
261.46146146146145	0.3084862505691857	4730.734139454812	2.1758322944922883e-08
261.73673673673676	0.3085696537574204	4718.724346620193	2.1869227157180557e-08
262.01201201201206	0.30879254344820756	4706.745042883417	2.1980748073062676e-08
262.2872872872873	0.3089223537132661	4694.796150838239	2.209283685284051e-08
262.56256256256256	0.3089812326790007	4682.877593275932	2.2205478956892313e-08
262.8378378378378	0.3090296085540823	4670.989293186775	2.231868469721708e-08
263.1131131131131	0.30909102117448745	4659.131173757754	2.243246619836035e-08
263.3883883883884	0.3091724291709843	4647.303158371227	2.2546832262901053e-08
263.66366366366367	0.3092641848812857	4635.505170603585	2.266178601262203e-08
263.9389389389389	0.3093343923626864	4623.737134223596	2.2777322300036596e-08
264.2142142142142	0.3093471745701863	4611.998973191679	2.289343117340011e-08
264.48948948948953	0.3093664076344129	4600.29061166458	2.3010126387521242e-08
264.7647647647648	0.3094733685198629	4588.611973995857	2.3127436976514535e-08
265.04004004004	0.30961365390934253	4576.962984728314	2.3245363389917483e-08
265.31531531531533	0.30972576106002436	4565.343568593108	2.3363891412261753e-08
265.59059059059064	0.30982922685346587	4553.753650513486	2.3483021626404564e-08
265.8658658658659	0.3099703694054213	4542.193155605763	2.3602768341941608e-08
266.14114114114113	0.310211247330006	4530.662009179731	2.372315631581457e-08
266.41641641641644	0.3104883473244803	4519.160136731458	2.384418139167172e-08
266.69169169169174	0.3106319680881225	4507.687463936987	2.396579783683862e-08
266.966966966967	0.31064626296352793	4496.243916661129	2.4087988096156097e-08
267.24224224224224	0.3106333138991657	4484.829420962394	2.421077359858987e-08
267.5175175175175	0.31064685881477727	4473.443903089942	2.4334180109351503e-08
267.7927927927928	0.3107070335604516	4462.087289481328	2.4458226343470602e-08
268.0680680680681	0.31078184576224394	4450.7595067591255	2.4582913634916873e-08
268.34334334334335	0.3108681084975006	4439.460481732017	2.4708243559597088e-08
268.6186186186186	0.31103785877307133	4428.190141398566	2.483423878254958e-08
268.8938938938939	0.3112964322147795	4416.948412943044	2.496091284208591e-08
269.1691691691692	0.3115614905505281	4405.735223729988	2.5088250629765082e-08
269.44444444444446	0.3117876099662075	4394.550501305744	2.521623459368629e-08
269.7197197197197	0.3119695183280839	4383.394173400241	2.5344857320562964e-08
269.994994994995	0.31216841874490203	4372.266167930376	2.5474134735898793e-08
270.2702702702703	0.3124327831408091	4361.166412998883	2.5604089593578522e-08
270.54554554554556	0.3126326070339756	4350.094836883514	2.5734696625143638e-08
270.8208208208208	0.3126804069357218	4339.051368038893	2.5865921295639522e-08
271.0960960960961	0.31270848904724546	4328.035935108931	2.5997788222211342e-08
271.3713713713714	0.3128304537413772	4317.048466925404	2.613034303946982e-08
271.6466466466467	0.3130789414661308	4306.088892502811	2.626361746584644e-08
271.9219219219219	0.3134086484782779	4295.157141033282	2.6397614405307964e-08
272.19719719719717	0.31371125624534063	4284.253141882268	2.6532305435967266e-08
272.4724724724725	0.3139031527558197	4273.376824589466	2.6667655366123106e-08
272.7477477477478	0.3139582914092189	4262.528118871744	2.680364277167964e-08
273.02302302302303	0.3140792214738222	4251.706954636626	2.6940320223651666e-08
273.2982982982983	0.31440755112925634	4240.913261978346	2.7077755229299327e-08
273.5735735735736	0.3146571563492141	4230.146971151196	2.7215893827519236e-08
273.8488488488489	0.31465655312285606	4219.408012575807	2.735466257704922e-08
274.12412412412414	0.3145981587525989	4208.696316861181	2.74940890059084e-08
274.3993993993994	0.31462167714296346	4198.011814801162	2.7634229446857672e-08
274.6746746746747	0.31475512385955645	4187.354437367166	2.7775119346003864e-08
274.94994994995	0.31493528057416115	4176.724115701978	2.791675714569525e-08
275.22522522522524	0.31505539421725176	4166.12078111645	2.805911142959025e-08
275.5005005005005	0.31512303321574126	4155.544365096218	2.8202172774317735e-08
275.7757757757758	0.3151971125378708	4144.99479930459	2.8345957362670064e-08
276.0510510510511	0.3153448775797121	4134.472015582719	2.8490495432918895e-08
276.32632632632635	0.3155503113159036	4123.975945943839	2.8635797472207025e-08
276.6016016016016	0.3156033094193757	4113.506522560139	2.8781803952360263e-08
276.87687687687685	0.3154697490616381	4103.063677773595	2.8928479725959533e-08
277.15215215215215	0.31539412326820304	4092.647344113846	2.907588894689189e-08
277.42742742742746	0.315477987043511	4082.2574542886264	2.9224094476702997e-08
277.7027027027027	0.3156749026058506	4071.893941173606	2.9373111470007323e-08
277.97797797797796	0.31589215605432897	4061.556737808786	2.9522919099048922e-08
278.25325325325326	0.31604034917663715	4051.245777398159	2.9673481530868144e-08
278.52852852852857	0.3161595658882655	4040.9609933179195	2.9824798291173544e-08
278.8038038038038	0.31631949259897363	4030.702319118102	2.997689416247969e-08
279.07907907907907	0.3165552149618344	4020.4696885198837	3.01297938410446e-08
279.35435435435437	0.31684046604052724	4010.2630354109915	3.028350185554825e-08
279.6296296296297	0.31705610413666857	4000.0822938388374	3.043798302359528e-08
279.9049049049049	0.31717549222695324	3989.9273980163357	3.059321526536656e-08
280.1801801801802	0.3172795350076787	3979.7982823289294	3.074921805117086e-08
280.4554554554555	0.3174202896613555	3969.6948813322842	3.090601955000418e-08
280.7307307307308	0.31761712538116765	3959.6171297496217	3.1063640942660595e-08
281.00600600600603	0.3178247425885348	3949.5649624667494	3.122207854659594e-08
281.2812812812813	0.31798287706629075	3939.538314530503	3.138131260781685e-08
281.5565565565566	0.3180720853202487	3929.5371211511706	3.154133009118034e-08
281.83183183183183	0.31810192027601863	3919.561317704126	3.1702130715901715e-08
282.10710710710714	0.3181243954172086	3909.6108397324924	3.186373443414665e-08
282.3823823823824	0.31818620427016353	3899.685622946422	3.202616841849865e-08
282.6576576576577	0.3183143384751357	3889.7856032213035	3.2189456392272106e-08
282.93293293293294	0.3184513063622016	3879.9107165911905	3.235359113736927e-08
283.20820820820825	0.3184840268168654	3870.0608992442003	3.251853217105991e-08
283.4834834834835	0.31841174823014684	3860.2360875302684	3.268426370845733e-08
283.75875875875874	0.31831191148119303	3850.436217966543	3.2850808394377024e-08
284.03403403403405	0.3183595382288697	3840.661227244416	3.301824093007059e-08
284.3093093093093	0.318639542757727	3830.9110522225847	3.31866272579548e-08
284.5845845845846	0.31890866598470113	3821.1856299019546	3.335591148776918e-08
284.85985985985985	0.3190469290936999	3811.4848974342253	3.3526028520468197e-08
285.13513513513516	0.3192276594308997	3801.808792143696	3.369701535618835e-08
285.4104104104104	0.31950558074850266	3792.1572515180546	3.386891062674696e-08
285.6856856856857	0.31979107759297404	3782.5302131969006	3.404170101747911e-08
285.96096096096096	0.3200562032187277	3772.9276149759935	3.421537309644007e-08
286.23623623623627	0.3203102373825854	3763.3493948097043	3.438992701010525e-08
286.5115115115115	0.32052598839066093	3753.7954908077822	3.456535527569676e-08
286.7867867867868	0.32067300516131614	3744.2658412346445	3.474164577625779e-08
287.06206206206207	0.3207593298751879	3734.760384512	3.491879862342994e-08
287.3373373373374	0.32083323310469475	3725.2790592216356	3.509683434361974e-08
287.6126126126126	0.3210058018461391	3715.821804110147	3.527580627638072e-08
287.8878878878879	0.32127727590575683	3706.388558079785	3.5455740502328244e-08
288.1631631631632	0.32150430480736353	3696.979260176487	3.5636596721435326e-08
288.4384384384384	0.32164840686039087	3687.593849597725	3.5818345438461514e-08
288.71371371371373	0.321759807227005	3678.232265699325	3.6000995616830946e-08
288.988988988989	0.32188142456728364	3668.8944479945535	3.618457020124408e-08
289.2642642642643	0.3220330497768906	3659.5803361518792	3.636908945839082e-08
289.53953953953953	0.3221512407265017	3650.2898699877346	3.655454026003785e-08
289.81481481481484	0.3222110635175176	3641.022989469216	3.6740909825473734e-08
290.0900900900901	0.32234802431673293	3631.7796347270905	3.692824837932943e-08
290.3653653653654	0.3226071934047285	3622.55974604801	3.711659835245066e-08
290.64064064064064	0.32285366321344616	3613.363263859015	3.73059278257366e-08
290.91591591591595	0.32301982221050485	3604.1901287326	3.7496199025872715e-08
291.1911911911912	0.32312163161307256	3595.040281393382	3.7687404632597254e-08
291.4664664664665	0.32320426392394663	3585.913662720244	3.7879562155742894e-08
291.74174174174175	0.32332065779492114	3576.8102137467095	3.8072703164595417e-08
292.01701701701705	0.32347933539707374	3567.7298756568007	3.826684763786181e-08
292.2922922922923	0.3236814243983463	3558.6725897840233	3.846200766554007e-08
292.5675675675676	0.32395614442394405	3549.6382976134328	3.865820344648539e-08
292.84284284284286	0.32427285461158295	3540.6269407760615	3.8855434286214596e-08
293.1181181181181	0.32447573348333075	3531.638461037384	3.9053638925030657e-08
293.3933933933934	0.32453315667849336	3522.672800307736	3.9252780606266694e-08
293.66866866866866	0.3245736457547416	3513.7299006561957	3.945289919794015e-08
293.94394394394396	0.3246290031957585	3504.8097043017588	3.96540278210243e-08
294.2192192192192	0.32466352529820747	3495.9121536069288	3.9856168695151016e-08
294.4944944944945	0.3247286527702918	3487.037191085163	4.00593473186711e-08
294.76976976976977	0.32488100484006777	3478.1847594010924	4.026360171061159e-08
295.0450450450451	0.32502830345988754	3469.354801356576	4.0468912369264266e-08
295.3203203203203	0.325089467343493	3460.547259891204	4.067523941527612e-08
295.5955955955956	0.32510886732330596	3451.7620780933926	4.088258748902549e-08
295.8708708708709	0.3251399040506468	3442.9991992009545	4.1090984419903596e-08
296.1461461461462	0.32522072129151236	3434.258566599404	4.1300461747451245e-08
296.4214214214214	0.3253832737509744	3425.5401238210766	4.151105021457841e-08
296.69669669669673	0.32564036217433	3416.8438145429973	4.1722772083033756e-08
296.971971971972	0.3258615469516955	3408.1695825729407	4.193558323597144e-08
297.2472472472473	0.32588957660201046	3399.517371846253	4.214939862333825e-08
297.52252252252254	0.3258617650840011	3390.887126453476	4.2364244953860167e-08
297.7977977977978	0.3259474675677376	3382.2787906433487	4.2580211791784905e-08
298.0730730730731	0.3261031981336609	3373.6923088021367	4.2797321661897534e-08
298.34834834834834	0.32624885169037676	3365.1276254496065	4.301555181012798e-08
298.62362362362364	0.32631676108602947	3356.5846852397176	4.323486525014801e-08
298.8988988988989	0.32633316003745994	3348.0634329693953	4.345526096842463e-08
299.1741741741742	0.3264221387589224	3339.563813587905	4.367679801928182e-08
299.44944944944945	0.3266050471886983	3331.085772186523	4.389951499593756e-08
299.72472472472475	0.3268265996649726	3322.629253990565	4.41234067451167e-08
300.0	0.32702990033222595	3314.194204358752	4.434844838778205e-08
