0.0013566957930381917	1.931927727953719	6021.737847869505	6.645057761212121	0.000806109059909249
25.0	0.029687707641196017	33212.0	10.0
25.275275275275277	0.03044139527729007	33695.38194909956	9.458379910794708
25.55055055055055	0.031195359367034457	34163.24834222183	8.933765408797354
25.825825825825827	0.031933853933811374	34614.96727529146	8.426857682008292
26.1011011011011	0.03258174075654146	35049.05557574828	7.939297581647791
26.376376376376378	0.033140900379120236	35464.416441183515	7.4722999026626695
26.65165165165165	0.03372746635709908	35861.62933605265	7.025229687537242
26.926926926926928	0.03433532723264773	36241.168613096255	6.5975678456456075
27.2022022022022	0.03486265398189535	36602.44750792322	6.189966279361882
27.47747747747748	0.035381382936142805	36945.82017338421	5.802038587162975
27.75275275275275	0.03602654745898903	37272.90035472699	5.432008126257549
28.02802802802803	0.0367686499488487	37584.77625216788	5.078677880707215
28.303303303303302	0.03753807977466774	37881.80992346641	4.7416519800123025
28.57857857857858	0.038302597815076764	38164.118530075066	4.420804746813075
28.853853853853856	0.03903094257950991	38431.665433151626	4.116180218160798
29.12912912912913	0.039683712869197814	38684.27766281613	3.827972903072812
29.404404404404403	0.04028137117994023	38922.07382448992	3.55605555498423
29.67967967967968	0.04090330793787832	39145.71916166542	3.299697599167369
29.954954954954957	0.04154518037679062	39355.825026459745	3.0582277760669196
30.23023023023023	0.04216276922754567	39552.77295244711	2.8312283172181667
30.505505505505504	0.042831972679637995	39737.31581281605	2.6178715305778137
30.78078078078078	0.043618389950509484	39910.40234171695	2.4171133772767193
31.056056056056057	0.04436479746938248	40072.25979326396	2.22870585122496
31.33133133133133	0.044958563527037455	40222.79599609197	2.052753426389449
31.606606606606608	0.0455006486937414	40362.41016992944	1.888818273591279
31.88188188188188	0.04607572839090336	40491.78658384739	1.7361478701603406
32.15715715715716	0.04670583520326632	40611.61876425503	1.5939793091817935
32.432432432432435	0.04737168109738579	40722.489987940586	1.4616711915826586
32.70770770770771	0.048020003555802895	40824.825220268525	1.3387566967314535
32.98298298298298	0.0485694334357904	40918.88843638906	1.2249465776578088
33.25825825825826	0.04898456585222399	41004.93513230846	1.1199608809363681
33.533533533533536	0.04951761226737868	41083.71408194243	1.0229751822847066
33.808808808808806	0.050319709321353615	41156.10690520503	0.9330182579951956
34.08408408408408	0.05102277945041476	41222.307125869134	0.849878089028138
34.35935935935936	0.05146954759176859	41282.35293516859	0.7735140422864837
34.63463463463464	0.05199453029987194	41336.780586043256	0.7033357874152576
34.90990990990991	0.052702185419463796	41386.176709118394	0.6386972631610475
35.18518518518518	0.05342085556724968	41430.8697313942	0.5792372322177032
35.46046046046046	0.05407715293597111	41471.10830919087	0.5246824161464764
35.73573573573574	0.054682595295809516	41507.15899231461	0.47473972739935927
36.01101101101101	0.055337814007042935	41539.36047934199	0.4290363858160382
36.286286286286284	0.056101350654161754	41568.05850586426	0.3871917618291309
36.56156156156156	0.05676427719379229	41593.435984352436	0.34900484170202495
36.83683683683684	0.05722933851301701	41615.637724292596	0.3143166194551221
37.112112112112115	0.05775132197511472	41634.955399144084	0.28280596649588846
37.38738738738739	0.058420890808967084	41651.68869598473	0.25414283849055536
37.66266266266266	0.05907319298058694	41666.03280203636	0.22811244945710712
37.93793793793794	0.05969331331761015	41678.16829963212	0.2045160843490337
38.213213213213216	0.060376763858281696	41688.29706615211	0.1831314814827698
38.488488488488485	0.06105073618819381	41696.580634405065	0.16378085619447336
38.76376376376376	0.06160571785830451	41703.144372562565	0.14632629752696258
39.03903903903904	0.06214018631724883	41708.136928795946	0.13060417070797165
39.314314314314316	0.06274115320480078	41711.7138015755	0.11644324416364832
39.58958958958959	0.06331135570703583	41713.996728384715	0.10370950869932916
39.86486486486486	0.06381858092165618	41715.095037730964	0.0922826205158188
40.14014014014014	0.06437616658234444	41715.12816140061	0.08203105847722325
40.41541541541542	0.06499546349399271	41714.20420279443	0.07283577480499978
40.690690690690694	0.06558323380358524	41712.40947380317	0.06460174554032894
40.965965965965964	0.06612669988596301	41709.82329991319	0.05724163615044293
41.24124124124124	0.06666468789129495	41706.52311427311	0.05067018114540671
41.51651651651652	0.06723890294023725	41702.5827607809	0.044806057348483565
41.791791791791795	0.06786567536588524	41698.06949091929	0.03957519923511117
42.06706706706707	0.06847423616772533	41693.039137399195	0.034916127185562765
42.34234234234234	0.06902271349753925	41687.540902887034	0.030774665178678058
42.61761761761762	0.06956075943545954	41681.622972006175	0.02709774869895493
42.892892892892895	0.07009325290160918	41675.32934622829	0.023836918176441964
43.168168168168165	0.07056646062308289	41668.69801145432	0.0209503423727719
43.44344344344344	0.07104813782733689	41661.76611386974	0.018397107492234627
43.71871871871872	0.07167257268423621	41654.5705215691	0.016136597546531992
43.993993993993996	0.07237055520667471	41647.14121752711	0.01413578631076605
44.26926926926927	0.07301048303805895	41639.50190071044	0.01236857559218815
44.54454454454455	0.07359374887018344	41631.6745516614	0.01081075793654446
44.81981981981982	0.07416208175883492	41623.68005406572	0.009439331052026363
45.0950950950951	0.07476833682663352	41615.537968558034	0.008232747718883748
45.37037037037037	0.0754342265044559	41607.26586059067	0.007171657915846517
45.645645645645644	0.07613229959497049	41598.878893278925	0.006239358668988311
45.92092092092092	0.0768362601843682	41590.39029957089	0.0054212735276788025
46.1961961961962	0.07752335400883578	41581.81175693513	0.0047045395115723546
46.471471471471475	0.07815817884416061	41573.15355002536	0.004077827967352743
46.74674674674675	0.0787134829889558	41564.424867103204	0.003531017760431891
47.02202202202202	0.0792464956608921	41555.63438082058	0.003054554559778896
47.2972972972973	0.07982059037388414	41546.79009452132	0.002639620846590035
47.572572572572575	0.08042774235740673	41537.8989943511	0.002278519192680614
47.847847847847845	0.08103196640871793	41528.96707740261	0.0019646423504150706
48.12312312312312	0.08157415937703918	41519.9994883744	0.0016923223516241565
48.3983983983984	0.08208161211868611	41511.00091528552	0.001456393983387013
48.673673673673676	0.08267124786484616	41501.97576324111	0.0012520031224039284
48.94894894894895	0.08329572080155528	41492.9277390134	0.0010750652843043958
49.22422422422423	0.08381455864715114	41483.85986117179	0.0009222546156511462
49.4994994994995	0.08427819592725844	41474.77492476628	0.0007904912111328102
49.77477477477478	0.08480146527092591	41465.675536645365	0.0006769021895418662
50.05005005005005	0.08542358024303924	41456.563977828795	0.0005789736333123457
50.32532532532532	0.08611885137102095	41447.442176053824	0.0004945809680205688
50.6006006006006	0.08675643873242753	41438.31170022609	0.0004219951733485323
50.87587587587588	0.08731200007454626	41429.17393067854	0.0003596949635230251
51.151151151151154	0.08792449312561791	41420.030166893135	0.00030624794594070185
51.42642642642643	0.08855739572798717	41410.88150993354	0.00026044039511695957
51.70170170170171	0.08903784571037719	41401.728850875166	0.0002212900704694248
51.97697697697698	0.0894612050876681	41392.57302142003	0.00018788004089688811
52.252252252252255	0.09001559105220512	41383.414798463156	0.00015935365969820957
52.527527527527525	0.09060709178127761	41374.25481399333	0.00013501401650511157
52.8028028028028	0.09112181238789968	41365.09358897851	0.00011428657494834137
53.07807807807808	0.09165564319664642	41355.93160691323	9.663803294845564e-05
53.353353353353356	0.09225295259276245	41346.76927013111	8.162453415689854e-05
53.62862862862863	0.09280149848237661	41337.60691633095	6.887346270866994e-05
53.90390390390391	0.09327355655772611	41328.444836743416	5.806340486387389e-05
54.17917917917918	0.09374644751382986	41319.283291609805	4.8907077138378785e-05
54.454454454454456	0.09424252518436366	41310.12250529541	4.115672708049012e-05
54.729729729729726	0.09474933996562777	41300.96266826079	3.460196632203855e-05
55.005005005005	0.09529284818503557	41291.803944356165	2.9061728443132195e-05
55.28028028028028	0.0958954595217845	41282.64647364445	2.43811598237098e-05
55.55555555555556	0.09650586475816052	41273.490372899796	2.043107511217714e-05
55.830830830830834	0.09705031645367168	41264.33573977844	1.7103359701189267e-05
56.10610610610611	0.09744700501542601	41255.18265673019	1.4306657381213985e-05
56.38138138138139	0.09773978981716068	41246.031196601805	1.1960189816346168e-05
56.65665665665666	0.0981343318835959	41236.88142545374	9.990650726873694e-06
56.931931931931935	0.09868167778549111	41227.73339871519	8.336451625725429e-06
57.20720720720721	0.09929614085837257	41218.587161155185	6.9477555030371736e-06
57.48248248248248	0.09990921730704898	41209.4427496875	5.7833837917155876e-06
57.75775775775776	0.10048801216008083	41200.30019538551	4.808594609701175e-06
58.033033033033036	0.10111897592809374	41191.15952529498	3.993083672898925e-06
58.30830830830831	0.10182923036241179	41182.020762233806	3.3112061945694365e-06
58.58358358358358	0.10238144342499507	41172.883924158115	2.742677050286313e-06
58.85885885885886	0.10271837221761332	41163.74902641086	2.270090555404646e-06
59.134134134134136	0.10315196536882414	41154.616083277746	1.8772047174921146e-06
59.40940940940941	0.10375763836827916	41145.48510668078	1.5503829434062792e-06
59.68468468468468	0.10434177424432525	41136.35610589346	1.2789082494807328e-06
59.95995995995996	0.10484761248779745	41127.22908858116	1.0538359758006608e-06
60.23523523523524	0.10531722717954677	41118.1040612543	8.674943273430778e-07
60.510510510510514	0.1058143633682217	41108.98102940034	7.133390096989639e-07
60.78578578578579	0.106376009141337	41099.85999755221	5.858778869454008e-07
61.06106106106106	0.1069165286822876	41090.74096932023	4.806356542260305e-07
61.33633633633634	0.10738706117933822	41081.62394762789	3.9389389203415075e-07
61.611611611611615	0.10787099348830709	41072.50893491424	3.224683163239373e-07
61.88688688688689	0.10837328106659964	41063.3959331325	2.6371016046555305e-07
62.16216216216216	0.1087863516836809	41054.28494378748	2.154645411043756e-07
62.43743743743744	0.10914573531040524	41045.175968083786	1.7590758611245916e-07
62.712712712712715	0.10958910800699306	41036.06900698562	1.4348085125903493e-07
62.98798798798799	0.11011573050821753	41026.964061200255	1.1690915136364813e-07
63.26326326326326	0.11065300839909073	41017.86113121405	9.516047337661272e-08
63.53853853853854	0.11111282212609831	41008.76021734	7.739347821399506e-08
63.813813813813816	0.111461491086288	40999.66131976196	6.290892854802468e-08
64.0890890890891	0.11181950415520407	40990.56443857096	5.111043953332677e-08
64.36436436436436	0.11224869574624394	40981.469573765855	4.150346611681587e-08
64.63963963963964	0.11268018438264794	40972.37672525817	3.3689363274225796e-08
64.91491491491492	0.11310031578330933	40963.28589289425	2.7341118166573507e-08
65.1901901901902	0.11355519621403802	40954.19707646975	2.218785502041318e-08
65.46546546546547	0.11402848184418725	40945.11027587809	1.785071263013503e-08
65.74074074074073	0.11447927929281186	40936.02549065934	1.4337583487864457e-08
66.01601601601601	0.11495315214384573	40926.94272095642	1.1646547786020131e-08
66.29129129129129	0.11548844549182694	40917.86196605731	9.46006851649693e-09
66.56656656656656	0.11599371829375224	40908.78322559737	7.686103046187216e-09
66.84184184184184	0.1164078987354546	40899.70649919644	6.249518402443759e-09
67.11711711711712	0.11678467741988617	40890.63178646319	5.087658007319547e-09
67.3923923923924	0.117195563842547	40881.55908699673	4.1486309996056725e-09
67.66766766766767	0.11771126602453297	40872.488400387876	3.389870751683145e-09
67.94294294294295	0.11831607024886913	40863.41972621995	2.7771198220969844e-09
68.21821821821823	0.11892930436746334	40854.35306406977	2.282964302148538e-09
68.4934934934935	0.11947045908939417	40845.28841350904	1.8852585797748146e-09
68.76876876876878	0.11990348275352325	40836.22577410567	1.565874274928358e-09
69.04404404404404	0.1203795020917918	40827.16514542537	1.3096034570341479e-09
69.31931931931932	0.12099098607215986	40818.10652703171	1.1040260140735727e-09
69.5945945945946	0.12156043326042944	40809.04991851683	9.393908639315513e-10
69.86986986986987	0.12199452880971971	40799.99531944329	8.078269907156959e-10
70.14514514514515	0.12238684648230742	40790.942729371054	7.02817044760541e-10
70.42042042042041	0.12278335491888542	40781.89214785916	6.190677234587718e-10
70.69569569569569	0.12316886817290736	40772.84357446576	5.523364023749028e-10
70.97097097097097	0.1235044903516607	40763.79700740727	5.129503074844957e-10
71.24624624624624	0.12376988934746253	40754.75244758777	4.796264002509459e-10
71.52152152152152	0.12411425454238018	40745.70989456274	4.5144189137529756e-10
71.7967967967968	0.12465032725605153	40736.669347887684	4.2762217444693514e-10
72.07207207207207	0.125192721437	40727.63080711804	4.074923811891334e-10
72.34734734734735	0.1256203674286527	40718.59427180924	3.904733315547045e-10
72.62262262262263	0.12604198659619148	40709.559741516765	3.7608494036217017e-10
72.8978978978979	0.126521559824644	40700.52721579614	3.639249219059686e-10
73.17317317317318	0.1270363293602574	40691.49669420295	3.5365091157230474e-10
73.44844844844846	0.1274842704973259	40682.4681762928	3.449687269069308e-10
73.72372372372374	0.12775342227520717	40673.441661621284	3.3762676089925766e-10
73.998998998999	0.12803840287894855	40664.41714974416	3.314208497011156e-10
74.27427427427428	0.12856911937178725	40655.39464021734	3.2618431299319107e-10
74.54954954954955	0.12918081304134565	40646.374132596786	3.217695807379876e-10
74.82482482482483	0.12967664516369526	40637.3556264384	3.180469880375939e-10
75.1001001001001	0.13002220198496986	40628.33912129818	3.1490727067837065e-10
75.37537537537537	0.1303153261182162	40619.324616732236	3.122607797577903e-10
75.65065065065065	0.13079434637877468	40610.31211229687	3.100354465735169e-10
75.92592592592592	0.13141947599417664	40601.301607548514	3.0816869398213534e-10
76.2012012012012	0.13192362488667844	40592.293102043484	3.0660386294603434e-10
76.47647647647648	0.13230128752335643	40583.28659533823	3.0529350574187615e-10
76.75175175175175	0.132670458104887	40574.28208698936	3.041990362173107e-10
77.02702702702703	0.1330305251344931	40565.27957655354	3.0328777403140103e-10
77.30230230230231	0.1333452813730693	40556.279063587535	3.02531787798024e-10
77.57757757757759	0.13358864134135448	40547.28054764819	3.0190735136984943e-10
77.85285285285286	0.13380965826632646	40538.28402829245	3.0139474371582983e-10
78.12812812812814	0.13417987457870328	40529.28950507746	3.0097806340388696e-10
78.40340340340342	0.1346608651257245	40520.29697756045	3.0064338240975054e-10
78.67867867867868	0.13499604262073825	40511.30644529859	3.003777688396627e-10
78.95395395395396	0.13524333339000913	40502.3179078492	3.0017063848306715e-10
79.22922922922923	0.135635360540892	40493.33136476981	3.0001378608951214e-10
79.50450450450451	0.13610016165575134	40484.346815618	2.998999037096507e-10
79.77977977977977	0.1364892315739494	40475.36425995139	2.998223727256519e-10
80.05505505505505	0.13684258541519442	40466.38369732771	2.9977571993248467e-10
80.33033033033033	0.1372224204579629	40457.40512730479	2.997554394340498e-10
80.6056056056056	0.13763954481173418	40448.42854944063	2.9975770280001666e-10
80.88088088088088	0.13807605513663987	40439.453963293236	2.997792121621633e-10
81.15615615615616	0.13848457084900304	40430.481368420755	2.9981708374112773e-10
81.43143143143143	0.13881775773922095	40421.51076438138	2.9986881496846804e-10
81.70670670670671	0.13904869598493985	40412.54215073338	2.9993226695854105e-10
81.98198198198199	0.1393119733993847	40403.5755270352	3.0000579930842545e-10
82.25725725725727	0.13974985037191118	40394.61089284547	3.000881515108203e-10
82.53253253253254	0.1401389629577426	40385.64824772277	3.001779903532541e-10
82.80780780780782	0.140300314205237	40376.68759122571	3.002740255341131e-10
83.0830830830831	0.1404915033685383	40367.728922913135	3.003754160981201e-10
83.35835835835836	0.14086861887590807	40358.77224234405	3.0048156380059884e-10
83.63363363363364	0.14129006502760122	40349.8175490775	3.005918229277709e-10
83.90890890890891	0.14165982643636302	40340.86484267257	3.007055677430135e-10
84.18418418418419	0.1419643981493662	40331.91412268843	3.0082226036769966e-10
84.45945945945945	0.14225269664250875	40322.96538868437	3.0094147964245177e-10
84.73473473473473	0.14259669257046637	40314.01864021983	3.0106291183316627e-10
85.01001001001	0.14297731405948474	40305.073876854345	3.011862728524611e-10
85.28528528528528	0.1433498184941932	40296.13109814752	3.0131129102219245e-10
85.56056056056056	0.1437042514407323	40287.19030365901	3.0143772893533533e-10
85.83583583583584	0.14404602439750647	40278.25149294861	3.01565387160463e-10
86.11111111111111	0.14439685025497376	40269.31466557625	3.0169410709143643e-10
86.38638638638639	0.1447936478575648	40260.37982110191	3.0182377170008347e-10
86.66166166166167	0.14528157241665798	40251.446959085755	3.019543016510801e-10
86.93693693693695	0.14576953106714421	40242.51607908795	3.02085581173397e-10
87.21221221221222	0.1460868825818515	40233.5871806687	3.0221742978712646e-10
87.4874874874875	0.1463019412926653	40224.66026338833	3.023497290397476e-10
87.76276276276278	0.14656038183978334	40215.73532680736	3.024824463873804e-10
88.03803803803804	0.14682417153634805	40206.81237048634	3.026155356043342e-10
88.31331331331332	0.14704837531133724	40197.89139398595	3.0274893653081097e-10
88.58858858858859	0.1473096547306346	40188.972396866964	3.0288263179386464e-10
88.86386386386387	0.14766246764351057	40180.0553786903	3.0301662959543013e-10
89.13913913913915	0.14809219232107848	40171.140339016965	3.0315092915016585e-10
89.41441441441442	0.14854542162024728	40162.227277408034	3.032855060026593e-10
89.68968968968969	0.14894675665274146	40153.31619342463	3.0342030784173044e-10
89.96496496496496	0.1493295818777045	40144.40708662802	3.035553039580555e-10
90.24024024024024	0.14976987120185467	40135.49995657957	3.0369049825978277e-10
90.51551551551552	0.15020146487921035	40126.594802840766	3.0382586755798057e-10
90.7907907907908	0.1505449269873986	40117.691624973064	3.039613616601075e-10
91.06606606606607	0.15085191004341506	40108.79042253811	3.040969576569826e-10
91.34134134134135	0.15118131340076757	40099.89119509768	3.042326580356152e-10
91.61661661661662	0.15155000947619332	40090.99394221362	3.043684709547143e-10
91.8918918918919	0.15193033677657367	40082.09866344789	3.045043930685575e-10
92.16716716716716	0.15225200694162153	40073.20535836249	3.04640396239603e-10
92.44244244244244	0.15252637734462848	40064.31402651951	3.047764605174187e-10
92.71771771771772	0.15281889664751705	40055.4246674812	3.049125918200964e-10
92.992992992993	0.15312207862568472	40046.5372808099	3.0504879258577366e-10
93.26826826826827	0.15339824719418302	40037.651866068016	3.0518505193115864e-10
93.54354354354355	0.15362718526385064	40028.76842281804	3.0532135360340415e-10
93.81881881881883	0.153827516672974	40019.886950622575	3.0545768988908283e-10
94.0940940940941	0.15410218654117125	40011.00744904439	3.0559408879969114e-10
94.36936936936937	0.15449239534257966	40002.12991764634	3.0573058806718494e-10
94.64464464464464	0.15492603490398918	39993.254355991354	3.0586719590896977e-10
94.91991991991992	0.15532771154256406	39984.38076364244	3.0600389499733225e-10
95.1951951951952	0.15564065235387844	39975.50914016264	3.06140652788468e-10
95.47047047047047	0.1559366211185576	39966.63948511515	3.062774637469749e-10
95.74574574574575	0.15632835991105368	39957.77179806332	3.0641435770771736e-10
96.02102102102103	0.15674765332293522	39948.90607857055	3.065513393213573e-10
96.2962962962963	0.15709729707485603	39940.0423262003	3.0668838380733557e-10
96.57157157157158	0.15738683480395824	39931.18054051613	3.0682547279181516e-10
96.84684684684684	0.1576482063705892	39922.32072108171	3.0696259966406277e-10
97.12212212212212	0.1579137921315704	39913.462867460825	3.0709976796725293e-10
97.3973973973974	0.15816169985631431	39904.60697921732	3.0723697461103505e-10
97.67267267267268	0.1583165619407307	39895.75305591516	3.073741956232203e-10
97.94794794794795	0.1584298859015208	39886.90109711836	3.0751142422989505e-10
98.22322322322323	0.15862937286838413	39878.051102391146	3.076486904882437e-10
98.4984984984985	0.1589218232249082	39869.20307129784	3.0778602280129665e-10
98.77377377377378	0.15925746433696913	39860.357003402816	3.079234320285808e-10
99.04904904904905	0.15957369149012307	39851.51289827051	3.0806091053456484e-10
99.32432432432432	0.15984513993099847	39842.67075546548	3.081984449936443e-10
99.5995995995996	0.1601415606993909	39833.830574552376	3.0833604221715106e-10
99.87487487487488	0.16050086330729063	39824.992355095965	3.0847371781886617e-10
100.15015015015015	0.16089663620705458	39816.15609666112	3.0861147834285036e-10
100.42542542542543	0.16132452061942046	39807.32179881281	3.0874932807901004e-10
100.70070070070071	0.16179630767330674	39798.48946111607	3.088872731523868e-10
100.97597597597598	0.16225030489325873	39789.65908313604	3.090253041246239e-10
101.25125125125126	0.16262142215769318	39780.830664437904	3.091633982914457e-10
101.52652652652652	0.16303724717022666	39772.004204587014	3.093015645281059e-10
101.8018018018018	0.16358655663594027	39763.17970314887	3.094398288911383e-10
102.07707707707708	0.1640553948509516	39754.35715968892	3.0957816869303824e-10
102.35235235235236	0.16434305671927216	39745.53657377271	3.0971654501828706e-10
102.62762762762763	0.16464830680386838	39736.71794496596	3.098549634980582e-10
102.90290290290291	0.16506204990132417	39727.90127283453	3.099934464911197e-10
103.17817817817819	0.16551986361474597	39719.08655694434	3.1013200076478256e-10
103.45345345345346	0.16592490007963337	39710.27379686139	3.102706144713336e-10
103.72872872872873	0.16619678849404934	39701.46299215167	3.1040926358988055e-10
104.004004004004	0.16647699914302194	39692.6541423814	3.1054795175030543e-10
104.27927927927928	0.16690099073746548	39683.84724711694	3.1068670498093296e-10
104.55455455455456	0.16723292239830104	39675.042305924624	3.1082550684704244e-10
104.82982982982983	0.16733861299027813	39666.23931837083	3.109643215200982e-10
105.10510510510511	0.16750684571231944	39657.438284022144	3.111031632763479e-10
105.38038038038039	0.1678716525232554	39648.63920244535	3.112420665908954e-10
105.65565565565566	0.16828245720475193	39639.84207320725	3.1138103766824506e-10
105.93093093093094	0.16866508014741735	39631.0468958747	3.115200706367201e-10
106.2062062062062	0.1690220905344407	39622.253670014645	3.116591608817688e-10
106.48148148148148	0.16931325273881298	39613.462395194096	3.117982989712228e-10
106.75675675675676	0.16950229586190496	39604.67307098018	3.1193747183748734e-10
107.03203203203203	0.16968678062433948	39595.88569694012	3.120766809645866e-10
107.30730730730731	0.1699459965215783	39587.100272641306	3.1221593836478976e-10
107.58258258258259	0.1701922203097567	39578.31679765117	3.123552431746728e-10
107.85785785785787	0.17037284786038123	39569.535271537214	3.124945878952719e-10
108.13313313313314	0.17054521163432176	39560.75569386708	3.126339731175917e-10
108.4084084084084	0.17078649834836773	39551.978064208546	3.1277340916492507e-10
108.68368368368368	0.1711678067330709	39543.202382129486	3.129129136737391e-10
108.95895895895896	0.17157820195297302	39534.42864719785	3.130524882483203e-10
109.23423423423424	0.17183979992408493	39525.65685898157	3.131921146803508e-10
109.50950950950951	0.17209110153048401	39516.88701704876	3.1333179230960594e-10
109.78478478478479	0.1725002246286599	39508.119120967705	3.134715377591779e-10
110.06006006006007	0.17289763530890614	39499.35317030671	3.136113479558536e-10
110.33533533533534	0.1731586731139675	39490.5891646341	3.137512091580158e-10
110.61061061061062	0.1734124476970774	39481.82710351836	3.138911211915656e-10
110.88588588588588	0.17369621508688357	39473.06698652811	3.1403108704945063e-10
111.16116116116116	0.17389817323431606	39464.30881323199	3.141711002170178e-10
111.43643643643644	0.17408752970756938	39455.552583198776	3.143111605662022e-10
111.71171171171171	0.1744513845269138	39446.79829599743	3.14451282302136e-10
111.98698698698699	0.17489163466614677	39438.04595119698	3.14591469387087e-10
112.26226226226227	0.17521156460968088	39429.295548366434	3.1473171222520707e-10
112.53753753753755	0.1754108505476217	39420.54708707489	3.1487200337879544e-10
112.81281281281282	0.17555194893253123	39411.80056689156	3.1501234016974254e-10
113.08808808808809	0.1757122279446897	39403.05598738583	3.1515272468279803e-10
113.36336336336336	0.17590587979743746	39394.31334812717	3.1529315963653484e-10
113.63863863863864	0.17604731083051292	39385.572648685105	3.154336427325156e-10
113.91391391391392	0.17617517776878014	39376.833888629255	3.155741740200594e-10
114.1891891891892	0.17644060707301779	39368.097067529445	3.1571476155693847e-10
114.46446446446447	0.17678383262234088	39359.36218495555	3.15855408767762e-10
114.73973973973975	0.17704006582590318	39350.62924047743	3.159961110264056e-10
115.01501501501502	0.17720341297564735	39341.89823366507	3.1613686462773114e-10
115.2902902902903	0.1773232881999761	39333.16916408859	3.1627766839741137e-10
115.56556556556556	0.17743713944597392	39324.44203131817	3.164185227204001e-10
115.84084084084084	0.1775959994647156	39315.71683492417	3.1655942995900765e-10
116.11611611611612	0.17788027167041617	39306.99357447704	3.167003949151335e-10
116.3913913913914	0.1782690029491387	39298.272249547364	3.168414199307746e-10
116.66666666666667	0.17862189194233266	39289.5528597057	3.169825024263017e-10
116.94194194194195	0.1789333537206153	39280.83540452272	3.171236404930355e-10
117.21721721721723	0.17928454819312087	39272.119883569234	3.1726483366784757e-10
117.4924924924925	0.17959491614104303	39263.40629641611	3.1740608058649427e-10
117.76776776776778	0.1797672375091747	39254.69464263424	3.175473806413123e-10
118.04304304304304	0.17996108672221198	39245.984921794705	3.176887340590309e-10
118.31831831831832	0.18029206543283963	39237.277133468764	3.178301400261607e-10
118.5935935935936	0.1805910481340752	39228.571277227646	3.179715978877868e-10
118.86886886886887	0.1807941282375426	39219.86735264267	3.181131086294009e-10
119.14414414414415	0.18105741508889361	39211.16535928531	3.182546709932582e-10
119.41941941941943	0.1813875135345229	39202.46529672715	3.18396282682572e-10
119.6946946946947	0.18164864171634712	39193.76716453979	3.1853794482662606e-10
119.96996996996998	0.18186180837599059	39185.070962294965	3.186796586576682e-10
120.24524524524524	0.18211583805553544	39176.37668956452	3.188214223688778e-10
120.52052052052052	0.1823536624159643	39167.68434592036	3.189632361657935e-10
120.7957957957958	0.18250260757825323	39158.99393093448	3.191051039286067e-10
121.07107107107107	0.18260290068119686	39150.30544417895	3.1924702806978713e-10
121.34634634634635	0.18273689942601154	39141.61888522603	3.1938900709345504e-10
121.62162162162163	0.1830189857404141	39132.93425364809	3.195310331798231e-10
121.8968968968969	0.18340768956231293	39124.25154901758	3.1967309871623906e-10
122.17217217217218	0.18368950062662395	39115.570770906954	3.198152088634545e-10
122.44744744744746	0.18383323611122457	39106.891918888716	3.1995737272541714e-10
122.72272272272272	0.18394688135015136	39098.21499253554	3.2009959247176027e-10
122.997997997998	0.18414415678594703	39089.539991420264	3.2024186174876423e-10
123.27327327327328	0.1844889838216961	39080.86691511584	3.2038416782402504e-10
123.54854854854855	0.1848372485255383	39072.19576319523	3.205265082370991e-10
123.82382382382383	0.1850900802089581	39063.52653523146	3.206688902722032e-10
124.0990990990991	0.18538108433521713	39054.8592307977	3.2081130875936613e-10
124.37437437437438	0.18575871108731057	39046.19384946726	3.209537520350134e-10
124.64964964964966	0.18610427899920767	39037.530390813474	3.2109622081433607e-10
124.92492492492492	0.18638556267313947	39028.868854409746	3.212387207223125e-10
125.2002002002002	0.18665671972918016	39020.20923982961	3.2138125114130267e-10
125.47547547547548	0.18694908736558763	39011.5515466467	3.215238069144238e-10
125.75075075075075	0.18727158662956203	39002.89577443477	3.2166638079787266e-10
126.02602602602603	0.18759009305669821	38994.24192276765	3.21808970117958e-10
126.30130130130131	0.1878501280804026	38985.58999121922	3.219515816133319e-10
126.57657657657658	0.18797943066293554	38976.939979363415	3.220942363278671e-10
126.85185185185186	0.18803833734337005	38968.29188677431	3.2223694633044914e-10
127.12712712712714	0.18831781801480837	38959.645713026206	3.223796700061523e-10
127.4024024024024	0.18873779079698347	38951.001457693485	3.22522375529441e-10
127.67767767767768	0.18882851825289268	38942.35912035037	3.22665125880591e-10
127.95295295295296	0.188707685069588	38933.71870057122	3.228079649564705e-10
128.22822822822823	0.18882465097653667	38925.08019793075	3.229508435447799e-10
128.5035035035035	0.18906551282703576	38916.44361200369	3.230937334084411e-10
128.7787787787788	0.18916794681940158	38907.808942364725	3.2323666292457825e-10
129.05405405405406	0.1892055015126555	38899.1761885887	3.2337964622499725e-10
129.32932932932934	0.18929993378948196	38890.54535025059	3.2352266976472527e-10
129.60460460460462	0.18949720819073093	38881.9164269255	3.2366570766103814e-10
129.87987987987987	0.1897542655027689	38873.28941818859	3.238087419344299e-10
130.15515515515517	0.1899290984658677	38864.66432361509	3.2395178980113577e-10
130.43043043043042	0.19002955095593987	38856.04114278027	3.2409486865143126e-10
130.70570570570572	0.19018517299540602	38847.41987525958	3.242379617870405e-10
130.98098098098097	0.19042599769049537	38838.800520628596	3.2438104195876953e-10
131.25625625625628	0.19071959847184555	38830.18307846296	3.245240879738038e-10
131.53153153153153	0.19099056871341719	38821.56754833837	3.2466709966947257e-10
131.80680680680683	0.19119962240801916	38812.95392983058	3.248100903008213e-10
132.08208208208208	0.19144650532698285	38804.34222251553	3.2495304125437566e-10
132.35735735735736	0.1917701108435307	38795.73242596924	3.250959174390554e-10
132.63263263263264	0.19206721221148837	38787.124539767785	3.2523871732490627e-10
132.9079079079079	0.19231434041908585	38778.518563487305	3.2538144933213744e-10
133.1831831831832	0.19258012953868772	38769.91449670409	3.255240957299888e-10
133.45845845845847	0.19286268588676161	38761.31233899454	3.2566663739854737e-10
133.73373373373374	0.19311459204349074	38752.71208993506	3.2580907422210084e-10
134.00900900900902	0.19330749151410456	38744.1137491022	3.259514208767173e-10
134.2842842842843	0.1934466619472455	38735.51731607257	3.2609369262945187e-10
134.55955955955955	0.193630924393529	38726.922790422934	3.2623585762553893e-10
134.83483483483485	0.19392300625798184	38718.33017173019	3.2637784563932575e-10
135.1101101101101	0.194264111912417	38709.73945957129	3.26519607466883e-10
135.3853853853854	0.19460854885390425	38701.15065352327	3.2666111356351917e-10
135.66066066066065	0.19494619088298457	38692.563753163246	3.268023371980104e-10
135.93593593593596	0.19524002815833086	38683.97875806839	3.2694327377938796e-10
136.2112112112112	0.19543992205980046	38675.395667815974	3.270839565763282e-10
136.4864864864865	0.19558124636573118	38666.81448198336	3.2722440299407446e-10
136.76176176176176	0.19573845199951412	38658.23520014805	3.2736457868399734e-10
137.03703703703704	0.1959711965447329	38649.65782188766	3.275043966461996e-10
137.31231231231232	0.19627791108425027	38641.08234677991	3.2764375528241977e-10
137.5875875875876	0.19650674353990283	38632.50877440256	3.2778267382683564e-10
137.86286286286287	0.19665504790756136	38623.9371043334	3.279211843149432e-10
138.13813813813815	0.19698634989934133	38615.36733615052	3.280590628023465e-10
138.41341341341342	0.1974316973708971	38606.79946943201	3.281961110396255e-10
138.6886886886887	0.19761124226526058	38598.233503755895	3.2833253205938845e-10
138.96396396396398	0.19762413434011042	38589.66943870031	3.2846846931115657e-10
139.23923923923923	0.19780183383885633	38581.10727384368	3.286036786983916e-10
139.51451451451453	0.19805807903954056	38572.54700876449	3.287379816094711e-10
139.78978978978978	0.19824257008074725	38563.98864304123	3.288713856031461e-10
140.06506506506508	0.1985157927779671	38555.432176252536	3.2900366301186353e-10
140.34034034034033	0.19893943176336334	38546.87760797723	3.291344350456728e-10
140.61561561561564	0.19924852319690006	38538.32493779404	3.2926371390526866e-10
140.8908908908909	0.19937752275906	38529.77416528176	3.293916723518295e-10
141.1661661661662	0.1995435658106161	38521.22529001939	3.295181109736819e-10
141.44144144144144	0.1997970961250396	38512.678311586074	3.2964268413295577e-10
141.71671671671672	0.20005702058702537	38504.133229561005	3.2976516633377265e-10
141.991991991992	0.20031139969176792	38495.59004352341	3.298853325244374e-10
142.26726726726727	0.20057759262957403	38487.0487530527	3.3000288463188754e-10
142.54254254254255	0.20085367932498505	38478.50935772832	3.301174861045874e-10
142.81781781781783	0.20114620649476547	38469.97185712983	3.3022873070273955e-10
143.0930930930931	0.20149523462133945	38461.436250836916	3.3033600540313677e-10
143.36836836836838	0.2018612215014368	38452.902538429305	3.3043872452351063e-10
143.64364364364366	0.2020818289782248	38444.370719486746	3.3053688666163866e-10
143.9189189189189	0.2021369374223888	38435.840793589094	3.306307122977147e-10
144.1941941941942	0.20214775890196235	38427.31276031633	3.307200156857159e-10
144.46946946946946	0.20220664048747924	38418.78661924858	3.308041540006221e-10
144.74474474474476	0.20236114024004692	38410.26236996611	3.308820850279107e-10
145.02002002002	0.20252038317096865	38401.74001204922	3.3095310124063757e-10
145.29529529529532	0.2026269730373052	38393.21954507825	3.310168039132299e-10
145.57057057057057	0.20288404974741125	38384.70096863378	3.310712970326321e-10
145.84584584584587	0.20334194143597567	38376.18428229649	3.3111375322792594e-10
146.12112112112112	0.20366793951249565	38367.66948564699	3.311435781069109e-10
146.3963963963964	0.20377087549897507	38359.15657826591	3.3116128812472575e-10
146.67167167167167	0.2038794881641989	38350.645559734105	3.311654982642944e-10
146.94694694694695	0.2040476401647466	38342.136429632556	3.311539962421407e-10
147.22222222222223	0.20420408154614111	38333.6291875423	3.31125061710943e-10
147.4974974974975	0.20438339415209952	38325.123833044476	3.3107628637362393e-10
147.77277277277278	0.2046414053660995	38316.62036572037	3.310039530012415e-10
148.04804804804806	0.20492485415881415	38308.11878515132	3.3090444647969394e-10
148.32332332332334	0.20516791907794033	38299.6190909187	3.3077480772993755e-10
148.59859859859858	0.20534290721407553	38291.12128260399	3.3061248638090215e-10
148.8738738738739	0.2054729401070004	38282.62535978878	3.3041442522218693e-10
149.14914914914914	0.20564213174685025	38274.131322054775	3.30175200205073e-10
149.42442442442444	0.20584830279521846	38265.63916898378	3.298884163459863e-10
149.6996996996997	0.20601883312470845	38257.14890015765	3.2954891568676607e-10
149.974974974975	0.20618750097098387	38248.66051515837	3.291499044048959e-10
150.25025025025025	0.2064249439320391	38240.17401356805	3.2868071200489587e-10
150.52552552552555	0.20667971438190327	38231.68939496887	3.2813064995109417e-10
150.8008008008008	0.2068698102763359	38223.20665894306	3.2749148850621117e-10
151.07607607607608	0.20694330412704517	38214.725805072885	3.267578783862772e-10
151.35135135135135	0.20692730934971879	38206.246832940735	3.259241631383931e-10
151.62662662662663	0.2069774871801584	38197.769742129196	3.249745863229592e-10
151.9019019019019	0.20714389162850816	38189.29453222097	3.2388589420896327e-10
152.17717717717719	0.20735070745134707	38180.82120279883	3.2263564919278204e-10
152.45245245245246	0.20760195875380683	38172.34975344561	3.211965277045487e-10
152.72772772772774	0.20793534176758394	38163.88018374432	3.195311726866029e-10
153.00300300300302	0.20821463287529804	38155.41249327793	3.1761092286106023e-10
153.2782782782783	0.20830132698913628	38146.94668162946	3.1542517030564634e-10
153.55355355355357	0.20832880361940667	38138.482748382055	3.129491669748715e-10
153.82882882882885	0.20841721307601738	38130.020693119084	3.1013607301474245e-10
154.10410410410412	0.20850888163643155	38121.56051542397	3.06941355883831e-10
154.37937937937937	0.20858806369059876	38113.102214880186	3.033181708642702e-10
154.65465465465465	0.20872567208120982	38104.645791071416	2.9919572214528953e-10
154.92992992992993	0.20891174693100553	38096.19124358143	2.944912878953883e-10
155.2052052052052	0.20907140971876534	38087.73857302711	3.0823821514023924e-10
155.48048048048048	0.20921200222765965	38079.28777692275	3.0459051796955855e-10
155.75575575575576	0.2093779453637128	38070.83885588851	3.0041859962666656e-10
156.03103103103103	0.20957925124379298	38062.39180950854	2.9563656358119285e-10
156.3063063063063	0.20981025664256123	38053.946638396934	3.092436918499667e-10
156.5815815815816	0.2100512078244691	38045.503340074734	3.054870202001218e-10
156.85685685685687	0.21028182172977886	38037.06191515933	3.011528160777578e-10
157.13213213213214	0.21048591578451809	38028.622363235176	2.9615864070049633e-10
157.40740740740742	0.21066563280998524	38020.18468491316	3.0982988111150326e-10
157.6826826826827	0.2108414087558114	38011.74887772163	3.059195112605796e-10
157.95795795795797	0.21102678440344746	38003.31494227494	3.014010735585548e-10
158.23323323323325	0.2112250979363671	37994.88287815796	2.9617568910730145e-10
158.50850850850853	0.21140695381151645	37986.452685978205	3.100681056067698e-10
158.7837837837838	0.21155259889676759	37978.0243632717	3.0597075206801125e-10
159.05905905905905	0.21172369961509901	37969.59791064959	3.012224667690548e-10
159.33433433433433	0.21193394360722068	37961.17332769712	2.9570769247952626e-10
159.6096096096096	0.21205728471651067	37952.75061501825	3.09974055041493e-10
159.88488488488488	0.21206670015273016	37944.32977015692	3.0568451140026515e-10
160.16016016016016	0.212083993261824	37935.91079372088	3.0074580038797803e-10
160.43543543543544	0.21216923793663464	37927.493686314156	3.1354343381779976e-10
160.7107107107107	0.21232298380274667	37919.07844548206	3.0968160000944744e-10
160.985985985986	0.2125329793512422	37910.665071832045	3.051774661075098e-10
161.26126126126127	0.21278273977546067	37902.25356495003	2.999117343105793e-10
161.53653653653654	0.21306164283080736	37893.84392543623	3.1321064887464755e-10
161.81181181181182	0.21336939270625502	37885.43615084438	3.0899935688542026e-10
162.0870870870871	0.2137284408139747	37877.030241778404	3.0401801626659663e-10
162.36236236236238	0.2141296600435709	37868.626197824604	2.981063955142554e-10
162.63763763763765	0.21450694694995903	37860.224019578745	3.1224857996183587e-10
162.91291291291293	0.21480173496697005	37851.82370460404	3.074695962962085e-10
163.1881881881882	0.21497278602209155	37843.42525350022	3.0182655606546244e-10
163.46346346346348	0.2150289786340938	37835.02866686222	3.1493307837815197e-10
163.73873873873873	0.21503203956624553	37826.63394225573	3.1049954528300625e-10
164.014014014014	0.21517746499591398	37818.24108027977	3.0526386864517857e-10
164.2892892892893	0.21560451855271912	37809.85008152878	3.174253485176489e-10
164.56456456456456	0.2160908121018113	37801.46094357121	3.131281629368661e-10
164.83983983983984	0.21646905837851366	37793.07366700494	3.0795511198204114e-10
165.11511511511512	0.21683743879764622	37784.68825141721	3.0172435870245683e-10
165.3903903903904	0.21719067655782695	37776.30469739685	3.1530177932056336e-10
165.66566566566567	0.21737199563180087	37767.92300252333	3.102415884230242e-10
165.94094094094095	0.21746622638852128	37759.54316738976	3.0419174917760514e-10
166.21621621621622	0.21770892557360244	37751.16519258386	3.1713344549204685e-10
166.4914914914915	0.21801219178980838	37742.789075688735	3.1220465819502107e-10
166.76676676676678	0.21820285198540046	37734.41481729613	3.0625906741880764e-10
167.04204204204206	0.21840510104766034	37726.042417992125	3.187010032516628e-10
167.31731731731733	0.21871279882767442	37717.671875363754	3.1384991315417153e-10
167.5925925925926	0.21893636384057122	37709.303190001236	3.0796169275572297e-10
167.8678678678679	0.21900311916778065	37700.936362488894	3.2001789873469346e-10
168.14314314314316	0.2190823101790835	37692.57139041779	3.1527878629606095e-10
168.4184184184184	0.2192182522139239	37684.20827437658	3.095377169390036e-10
168.6936936936937	0.2193302449465796	37675.847014948085	3.212388085676686e-10
168.96896896896897	0.21947136360399452	37667.48760972747	3.165918420008742e-10
169.24424424424424	0.21974134417631405	37659.13005930179	3.1091411306595406e-10
169.51951951951952	0.22004588116042875	37650.77436425215	3.223387234284007e-10
169.7947947947948	0.2202630508193111	37642.42052217805	3.1767663225569316e-10
170.07007007007007	0.22040233561891456	37634.068533664584	3.1198488497875153e-10
170.34534534534535	0.22053703043127423	37625.718399290905	3.2322511064541513e-10
170.62062062062063	0.22080694994903316	37617.370116661295	3.1856114940551784e-10
170.8958958958959	0.22120106747275453	37609.02368635914	3.127820370580538e-10
171.17117117117118	0.22153428411029102	37600.67910896139	3.239447685300934e-10
171.44644644644646	0.22178559195396066	37592.33638207723	3.191534867994907e-10
171.72172172172174	0.22204565853265604	37583.9955062879	3.132137614997225e-10
171.996996996997	0.22229656433947292	37575.656482168095	3.244118355497089e-10
172.2722722722723	0.2224972005695165	37567.31930733229	3.194944399741101e-10
172.54754754754757	0.22271357584833756	37558.98398235958	3.133826660686307e-10
172.82282282282284	0.22299627906083816	37550.65050782228	3.247015059529933e-10
173.0980980980981	0.22329223434636442	37542.318881340485	3.1959741334400776e-10
173.37337337337337	0.2235525147699597	37533.98910349093	3.132094441517849e-10
173.64864864864865	0.2237594294155895	37525.66117484324	3.2476565911633573e-10
173.92392392392392	0.22395134656882404	37517.335093023365	3.194473586302497e-10
174.1991991991992	0.22420005795157008	37509.01085860566	3.1276813562221023e-10
174.47447447447448	0.22443586631598936	37500.68847215707	3.246492839115164e-10
174.74974974974975	0.22455392512124792	37492.36793130953	3.190806189812774e-10
175.02502502502503	0.22468182398294717	37484.049236634855	3.120973280633424e-10
175.3003003003003	0.22494759226522693	37475.73238869725	3.2437564492898645e-10
175.57557557557558	0.2252466678437129	37467.41738513505	3.184895169453677e-10
175.85085085085086	0.2254865734457551	37459.10422651746	3.1104312540823964e-10
176.12612612612614	0.22567716351920133	37450.792913405385	3.238562625922363e-10
176.40140140140142	0.22583558778212914	37442.48344344387	3.176067726842664e-10
176.6766766766767	0.22597478439806498	37434.175818171105	3.2833385103514083e-10
176.95195195195197	0.22610414621829877	37425.87003522929	3.2310056526111547e-10
177.22722722722725	0.226237470171623	37417.566095186135	3.1646644933060735e-10
177.50250250250252	0.226434202298545	37409.263998601695	3.277469699580375e-10
177.77777777777777	0.22672259502067008	37400.96374312491	3.2213301041626827e-10
178.05305305305305	0.22693583723120475	37392.66532932069	3.149687729745484e-10
178.32832832832833	0.22697363695973288	37384.36875774556	3.2692718187379847e-10
178.6036036036036	0.226993612693349	37376.07402605545	3.2094184031586373e-10
178.87887887887888	0.2271026802808114	37367.78113481246	3.1332941585652295e-10
179.15415415415416	0.22728886131725543	37359.49008456997	3.260076316148924e-10
179.42942942942943	0.2275483205124587	37351.200872991154	3.1954917068716253e-10
179.7047047047047	0.2278793464974844	37342.91350159804	3.3025654140170227e-10
179.97997997998	0.2281709167849866	37334.627968051216	3.247312024170217e-10
180.25525525525526	0.22831052157441792	37326.34427291072	3.176336647917891e-10
180.53053053053054	0.2284639865470304	37318.062416728244	3.2916359599418555e-10
180.80580580580582	0.22876803725974088	37309.78239717205	3.231026956635812e-10
181.0810810810811	0.22902817384007032	37301.50421479918	3.1525673542030457e-10
181.35635635635637	0.229142508710628	37293.227870157265	3.2777135519202014e-10
181.63163163163165	0.22926522917210512	37284.95336092257	3.2109983935695865e-10
181.90690690690693	0.22943044772711232	37276.68068860537	3.3175182454275754e-10
182.1821821821822	0.22953070283907898	37268.409850879405	3.2607080220754006e-10
182.45745745745745	0.22960366325094075	37260.14084829944	3.187300926068725e-10
182.73273273273273	0.22976436831179717	37251.87368141139	3.3035441022440355e-10
183.008008008008	0.22998663751470383	37243.60834789703	3.240658186216277e-10
183.28328328328328	0.23021116835559888	37235.34484926174	3.3400020407436883e-10
183.55855855855856	0.23046322492373816	37227.08318318539	3.2858694397641356e-10
183.83383383383384	0.2307188757034295	37218.82335022032	3.214983213790794e-10
184.1091091091091	0.23081159691317696	37210.56535090984	3.3248181895990684e-10
184.3843843843844	0.23076626625572624	37202.30918294192	3.264490007566882e-10
184.65965965965967	0.23086631486859133	37194.05484686557	3.185897211375328e-10
184.93493493493494	0.23112745796931744	37185.80234322019	3.3073272376094227e-10
185.21021021021022	0.23135464724837992	37177.5516697024	3.2393426213383036e-10
185.4854854854855	0.23152611329954587	37169.302827804124	3.3437738769389453e-10
185.76076076076077	0.2317040428866497	37161.05581522001	3.2851251723202846e-10
186.03603603603605	0.23192637645974393	37152.810632496345	3.207885800180317e-10
186.31131131131133	0.2321993689579746	37144.56728016969	3.3248525498358063e-10
186.5865865865866	0.23246334957285852	37136.32575594364	3.2575625095151575e-10
186.86186186186188	0.2326734302434229	37128.08606130386	3.358784864812451e-10
187.13713713713713	0.23282914932148085	37119.84819395228	3.300363305159446e-10
187.4124124124124	0.23298401638963087	37111.61215443218	3.223009254113684e-10
187.68768768768768	0.2332271410357437	37103.377943276995	3.3378240616765226e-10
187.96296296296296	0.23348780053101278	37095.145558197946	3.270143640467368e-10
188.23823823823824	0.23363641949560238	37086.915000673864	3.370022540054999e-10
188.51351351351352	0.23379171461602963	37078.6862684145	3.3110693308598037e-10
188.7887887887888	0.23408951750836063	37070.4593619601	3.232122025600401e-10
189.06406406406407	0.23440453868661246	37062.234281840494	3.346881883471364e-10
189.33933933933935	0.23464238121355555	37054.011025775144	3.277290530073195e-10
189.61461461461462	0.23488394214837274	37045.78959523547	3.377762183117791e-10
189.8898898898899	0.23513643326641545	37037.5699879397	3.316361074885297e-10
190.16516516516518	0.23529501687523002	37029.352204424475	3.233768354864056e-10
190.44044044044045	0.2353459913624017	37021.136245215544	3.3509728094980356e-10
190.71571571571573	0.23535562168268065	37012.92210804139	3.278877732377007e-10
190.990990990991	0.2354240224354785	37004.70979436547	3.3816764818263607e-10
191.26626626626629	0.2356139001115858	36996.499301914926	3.3183535068522704e-10
191.54154154154156	0.2357571902010579	36988.29063122278	3.233044337844584e-10
191.8168168168168	0.23573784275108917	36980.08378281083	3.353356232254685e-10
192.0920920920921	0.2357351740891829	36971.87875441656	3.278972313467083e-10
192.36736736736736	0.2358909452103896	36963.67554749548	3.384604583811004e-10
192.64264264264264	0.23620929021827256	36955.474159783655	3.318732474611596e-10
192.91791791791792	0.23653212309322943	36947.27459273794	3.411917146979158e-10
193.1931931931932	0.23659846492876338	36939.07684409336	3.3536260623661836e-10
193.46846846846847	0.23656376707394855	36930.88091437955	3.275034125193275e-10
193.74374374374375	0.2367488083903317	36922.686804115765	3.3850131856593497e-10
194.01901901901903	0.2370109523001959	36914.494511047524	3.3151930900994725e-10
194.2942942942943	0.23714847244927337	36906.304036623056	3.4125069679075853e-10
194.56956956956958	0.2372994645173361	36898.11537858694	3.3506656265780466e-10
194.84484484484486	0.23756500320200508	36889.92853746515	3.2661355815060624e-10
195.12012012012013	0.23784375731285162	36881.74351377219	3.382270410864604e-10
195.3953953953954	0.23808750096828338	36873.56030526369	3.306593990392814e-10
195.6706706706707	0.23833180630766704	36865.378913378656	3.4099539821359846e-10
195.94594594594597	0.23852825790929572	36857.199335871795	3.342190368094622e-10
196.22122122122124	0.23859631570096113	36849.021574183076	3.434381392241274e-10
196.4964964964965	0.23869507034442686	36840.84562606677	3.374094838384267e-10
196.77177177177177	0.23899345126456503	36832.67149204502	3.290798237172565e-10
197.04704704704704	0.23925772935730621	36824.49917262825	3.4026739066544e-10
197.32232232232232	0.23931242514362638	36816.3286655819	3.328026762325421e-10
197.5975975975976	0.2393741850827719	36808.15997233622	3.428110073891834e-10
197.87287287287288	0.23956972800090287	36799.99309065615	3.361232820060722e-10
198.14814814814815	0.23981015151610682	36791.8280219728	3.45098753309515e-10
198.42342342342343	0.24002774911515223	36783.66476405079	3.390638922743352e-10
198.6986986986987	0.2401930117811624	36775.50331740784	3.3068644934153603e-10
198.97397397397398	0.2403096517006223	36767.34368254988	3.417356248800082e-10
199.24924924924926	0.24040446987041741	36759.18585725325	3.3420627196544975e-10
199.52452452452454	0.24053271339616558	36751.02984293862	3.4414671688841177e-10
199.7997997997998	0.24073636698701384	36742.87563738182	3.373490329112414e-10
200.0750750750751	0.2409881634746996	36734.723242004184	3.4631623798435963e-10
200.35035035035037	0.2412626450505802	36726.5726545815	3.4013269185286754e-10
200.62562562562564	0.24156001170044616	36718.423875627006	3.3144447464213233e-10
200.90090090090092	0.24183043537699786	36710.276905641585	3.42664525254761e-10
201.17617617617617	0.24197917804321875	36702.13174241332	3.3474786277664916e-10
201.45145145145145	0.24209350765317061	36693.98838735211	3.4493206709588523e-10
201.72672672672672	0.24234369453917748	36685.84683824594	3.377129361700966e-10
202.002002002002	0.2425925267289317	36677.70709650515	3.46983775836885e-10
202.27727727727728	0.24266160911051865	36669.56915991761	3.403992306305129e-10
202.55255255255256	0.24271939278965576	36661.433029893815	3.4884490608545513e-10
202.82782782782783	0.2429336282208592	36653.29870422217	3.4283720331572326e-10
203.1031031031031	0.24327511664367513	36645.16618341095	3.3428684520056855e-10
203.3783783783784	0.2436550325206007	36637.035467955815	3.450693714512312e-10
203.65365365365366	0.24394650804366147	36628.90655565784	3.3714720163868176e-10
203.92892892892894	0.24414038694651657	36620.77944791526	3.470502240376737e-10
204.20420420420422	0.24432097455447568	36612.65414252937	3.3974382037670215e-10
204.4794794794795	0.2444820108966318	36604.530640898505	3.4885519348192047e-10
204.75475475475477	0.24458662502948106	36596.40894082438	3.4212520475758643e-10
205.03003003003005	0.2446918810944618	36588.289043705176	3.505169889438213e-10
205.30530530530532	0.24485323545665552	36580.17094734331	3.4431009289998047e-10
205.5805805805806	0.2450363404336629	36572.05465224127	3.3540234654215614e-10
205.85585585585588	0.2452022358500568	36563.940158888334	3.4634676873882583e-10
206.13113113113113	0.2453353521031426	36555.827465100374	3.381046011751686e-10
206.4064064064064	0.24550976424259685	36547.71657226252	3.4821833359173074e-10
206.68168168168168	0.2458677307170855	36539.6074781911	3.4052785528044516e-10
206.95695695695696	0.2462576454164044	36531.50018427105	3.499177688796315e-10
207.23223223223223	0.24639583077902277	36523.39468831911	3.4272216723863266e-10
207.5075075075075	0.24640641190895896	36515.2909917197	3.5145490728222387e-10
207.7827827827828	0.24649796978079877	36507.1890922906	3.447819122049671e-10
208.05805805805807	0.2465907865950198	36499.08899141578	3.5290537826000446e-10
208.33333333333334	0.24662160459511998	36490.990686913865	3.467140649331259e-10
208.60860860860862	0.24670453702314238	36482.89417928073	3.37752096749812e-10
208.8838838838839	0.24688105685406928	36474.79946899883	3.485432298272334e-10
209.15915915915917	0.24707142692039477	36466.70655390074	3.401654329298069e-10
209.43443443443445	0.24727651126148195	36458.61543535667	3.502272283764313e-10
209.70970970970973	0.24755090143538314	36450.52611119983	3.423544638639486e-10
209.984984984985	0.2477920454505598	36442.43858280003	3.5176775847453235e-10
210.26026026026028	0.2478665379116814	36434.35284799118	3.4438408309613205e-10
210.53553553553556	0.24786900247076457	36426.26890814248	3.5319537788946653e-10
210.8108108108108	0.24791643478737602	36418.18676108896	3.463103904647747e-10
211.08608608608608	0.24800322827799826	36410.106408199244	3.5455728866485753e-10
211.36136136136136	0.2481065694190141	36402.02784730937	3.48114583534827e-10
211.63663663663664	0.24821192403326037	36393.95107978719	3.5584147411271457e-10
211.91191191191191	0.24836354238291813	36385.876103469986	3.49797276884751e-10
212.1871871871872	0.24864672265361815	36377.80291884614	3.4090204753694127e-10
212.46246246246247	0.2489526333899668	36369.7315263902	3.5138275285368246e-10
212.73773773773775	0.24909950178319673	36361.661923953725	3.4296804033370044e-10
213.01301301301302	0.24920328388800195	36353.59411288992	3.5283657884936743e-10
213.2882882882883	0.24942264412198734	36345.52809105145	3.448825566448847e-10
213.56356356356358	0.24967606096957462	36337.4638597909	3.541968149754766e-10
213.83883883883885	0.2498912539140755	36329.40141696198	3.466358272973195e-10
214.11411411411413	0.2501199114181092	36321.34076391635	3.5545164178692815e-10
214.3893893893894	0.25036234680564107	36313.281898509085	3.4824350223542987e-10
214.66466466466468	0.2505434762560627	36305.22482209075	3.5661155513541373e-10
214.93993993993996	0.25070493830390755	36297.16953251787	3.4974485146497695e-10
215.21521521521524	0.2509600710216298	36289.11603113994	3.577022387226884e-10
215.4904904904905	0.25124708966718706	36281.06431581516	3.51112612984908e-10
215.76576576576576	0.25144933777186396	36273.01438789149	3.587076063422825e-10
216.04104104104104	0.2515777343992553	36264.96624522885	3.5239945067433457e-10
216.31631631631632	0.2516771238758579	36256.91988830636	3.4295424975000415e-10
216.5915915915916	0.25178781476751555	36248.87531758831	3.536531472934193e-10
216.86686686686687	0.25192207796415816	36240.832530950385	3.44614273795021e-10
217.14214214214215	0.25205202306912206	36232.791529724236	3.548435086376949e-10
217.41741741741743	0.2521964240969977	36224.7523117869	3.461769377198946e-10
217.6926926926927	0.25241212177251854	36216.714878468985	3.559729420019859e-10
217.96796796796798	0.25265300731001755	36208.67922764906	3.47611295215748e-10
218.24324324324326	0.25283817328879044	36200.64536065639	3.570208048164513e-10
218.51851851851853	0.253039892622455	36192.6132753712	3.4894630370543887e-10
218.7937937937938	0.25333244619049083	36184.582973121505	3.580056428804255e-10
219.0690690690691	0.2536194811086438	36176.55445178932	3.501511527912118e-10
219.34434434434436	0.2538413005548545	36168.52771270096	3.5890668968105755e-10
219.61961961961964	0.2540742972904841	36160.50275374046	3.512631758975688e-10
219.89489489489492	0.2543247828925396	36152.47957623254	3.597472619157084e-10
220.17017017017017	0.2545049449128067	36144.458178063214	3.5229375720725754e-10
220.44544544544544	0.25463091736811805	36136.43856055539	3.605322206215469e-10
220.72072072072072	0.2547898306647195	36128.42072159731	3.532726934603721e-10
220.995995995996	0.2549999534593611	36120.40466251012	3.6128494534866766e-10
221.27127127127127	0.2552387419321335	36112.390381184276	3.541737537755743e-10
221.54654654654655	0.25544483885830754	36104.37787893897	3.6198882021261067e-10
221.82182182182183	0.25557793584847655	36096.367153666884	3.550244020594705e-10
222.0970970970971	0.25567319872942407	36088.35820668523	3.626568221215456e-10
222.37237237237238	0.2557554590390939	36080.35103588905	3.5585186539843357e-10
222.64764764764766	0.255818375647172	36072.34564259361	3.633086684479074e-10
222.92292292292294	0.2558669705585798	36064.34202469625	3.566670316159068e-10
223.1981981981982	0.25591718952737835	36056.3401835103	3.6395196328208895e-10
223.4734734734735	0.25596873806834247	36048.34011693542	3.574708937374626e-10
223.74874874874877	0.25602228541829797	36040.34182628297	3.6458815477508595e-10
224.02402402402404	0.2561334624676034	36032.34530945499	3.582532916505401e-10
224.29929929929932	0.2563418876779393	36024.35056691373	3.48455056293403e-10
224.5745745745746	0.25658149695305205	36016.35759910529	3.5902365800426815e-10
224.84984984984985	0.25679218774936585	36008.36640394896	3.493643927203001e-10
225.12512512512512	0.25696277189012595	36000.376982737325	3.5973369849629535e-10
225.4004004004004	0.25710528148066947	35992.38933339194	3.502189219637613e-10
225.67567567567568	0.2572514572140227	35984.403457203494	3.6040666029114453e-10
225.95095095095095	0.2574261850072055	35976.419352095894	3.510165149804291e-10
226.22622622622623	0.25763313632043	35968.43701935785	3.6104504391850856e-10
226.5015015015015	0.25776770888392453	35960.456456915585	3.5175771861636735e-10
226.77677677677679	0.2577474521881885	35952.47766605559	3.6164207907967246e-10
227.05205205205206	0.2577558645242234	35944.50064470657	3.5252073496108074e-10
227.32732732732734	0.25793025111291823	35936.52539415324	3.6225436712959145e-10
227.60260260260262	0.2581530942816235	35928.55191232672	3.532108531098485e-10
227.8778778778779	0.2583753349439569	35920.58020050945	3.628251701540711e-10
228.15315315315317	0.25868049767404316	35912.61025663516	3.538084687696417e-10
228.42842842842845	0.25892562377727435	35904.64208198394	3.6333889089126444e-10
228.70370370370372	0.2588241406177699	35896.67567449186	3.5440770861657367e-10
228.978978978979	0.25863382002591595	35888.71103543679	3.6383796764616137e-10
229.25425425425428	0.2587681037706809	35880.74816275775	3.550296816093117e-10
229.52952952952953	0.25895888962881086	35872.78705773056	3.643630148712172e-10
229.8048048048048	0.2589124647463132	35864.8277182964	3.556460684049015e-10
230.08008008008008	0.258883550558644	35856.87014572888	3.6487723303510817e-10
230.35535535535536	0.25905998626073373	35848.91433797199	3.562450915528882e-10
230.63063063063063	0.25934052749550274	35840.96029629719	3.6539004686702875e-10
230.9059059059059	0.25959592207064724	35833.00801865097	3.5675650897699377e-10
231.1811811811812	0.2597149347540386	35825.05750630223	3.658456021744543e-10
231.45645645645646	0.2597908977837774	35817.10875720022	3.572548697824897e-10
231.73173173173174	0.2600044201896694	35809.16177261163	3.6629136810475544e-10
232.00700700700702	0.2602297690939195	35801.21655048848	3.5768479991776277e-10
232.2822822822823	0.2603096808291307	35793.273092094816	3.6669395215203136e-10
232.55755755755757	0.2604245486049915	35785.331395385525	3.5810090006574236e-10
232.83283283283285	0.2606840725598441	35777.39146162234	3.6708899727648484e-10
233.10810810810813	0.2608787918198833	35769.453288762954	3.584486456729079e-10
233.3833833833834	0.26097036750366337	35761.51687806637	3.6743918096239424e-10
233.65865865865868	0.2611878217308761	35753.58222749337	3.58757562429209e-10
233.93393393393396	0.26152158665212316	35745.64933830045	3.677693436592365e-10
234.2092092092092	0.26176971403228544	35737.7182084513	3.589747452657272e-10
234.48448448448448	0.2618839464344187	35729.78883919947	3.6803819173377646e-10
234.75975975975976	0.26191081595247007	35721.861228511785	3.591914293336277e-10
235.03503503503504	0.26196696432288996	35713.935377639165	3.683020936405245e-10
235.3103103103103	0.2621421390876978	35706.011284551634	3.593799652955105e-10
235.5855855855856	0.2623958524701533	35698.08895049739	3.6855423213573935e-10
235.86086086086087	0.2626713885296103	35690.16837344959	3.5948240096168186e-10
236.13613613613614	0.2629228737848445	35682.249554653434	3.687536868637981e-10
236.41141141141142	0.26313076536519353	35674.33249208537	3.5951494540444886e-10
236.6866866866867	0.26330454396096586	35666.41718698755	3.689066082686358e-10
236.96196196196198	0.2634909620756542	35658.50363733986	3.5949402210827833e-10
237.23723723723725	0.26373559900213517	35650.59184438143	3.690268115412295e-10
237.51251251251253	0.2639398030824321	35642.68180609561	3.5939798766350073e-10
237.7877877877878	0.2640222492999654	35634.7735237182	3.69097239972382e-10
238.06306306306308	0.2641509583547288	35626.86699523615	3.592762366461679e-10
238.33833833833836	0.26442236081937043	35618.96222188226	3.6915373104616224e-10
238.61361361361364	0.26467633482358693	35611.05920245932	3.7546704548966587e-10
238.88888888888889	0.2648307431271204	35603.15793575958	3.691144846671659e-10
239.16416416416416	0.2649384361328851	35595.25842302503	3.7557173767474543e-10
239.43943943943944	0.2650134064654904	35587.36066223725	3.6905855031577074e-10
239.71471471471472	0.2650464678262161	35579.46465463516	3.756642947489147e-10
239.98998998999	0.26513658001357426	35571.57039820381	3.6899191476931374e-10
240.26526526526527	0.2653809714833124	35563.67789417916	3.757530398621596e-10
240.54054054054055	0.26563894158172874	35555.78714054974	3.688552833942161e-10
240.81581581581582	0.2658015484947938	35547.89813854811	3.75798946910633e-10
241.0910910910911	0.26601199879684007	35540.01088616642	3.686676992302057e-10
241.36636636636638	0.26630991628131667	35532.12538463407	3.7581418240911455e-10
241.64164164164166	0.26651651934169657	35524.24163194681	3.684039291857528e-10
241.91691691691693	0.26657656347665054	35516.35962933047	3.7577865876827766e-10
242.1921921921922	0.2665765480630718	35508.47937478458	3.68134473682919e-10
242.4674674674675	0.2666501526619461	35500.60086953176	3.7573729621401244e-10
242.74274274274276	0.2669234142220704	35492.724111575415	3.678013007665449e-10
243.01801801801804	0.2673379840485464	35484.84910213475	3.7566444063847875e-10
243.29329329329332	0.2677663812998831	35476.97583921705	3.67315396879953e-10
243.56856856856857	0.2680701313272983	35469.10432403751	3.754966674265624e-10
243.84384384384384	0.26821543727771674	35461.234554607494	3.6674295823194763e-10
244.11911911911912	0.26837180800405813	35453.36653213846	3.75268955098122e-10
244.3943943943944	0.26856429618594263	35445.50025464612	3.660870260218243e-10
244.66966966966967	0.26863244019166277	35437.63572333788	3.749885615904157e-10
244.94494494494495	0.2686193191023176	35429.77293623368	3.654053748201495e-10
245.22022022022023	0.26870389146630425	35421.91189453717	3.746894618546866e-10
245.4954954954955	0.2688998668497467	35414.05259627271	3.6464053446179007e-10
245.77077077077078	0.26914732497957444	35406.195042639854	3.743444450600269e-10
246.04604604604606	0.26939487740679674	35398.33923246155	3.8051694995210883e-10
246.32132132132134	0.2696253935678128	35390.48516455044	3.738708450676791e-10
246.5965965965966	0.2698987122628588	35382.632840114806	3.803537097431681e-10
246.8718718718719	0.2702220629728865	35374.78225717508	3.732845833421384e-10
247.14714714714717	0.27050935055484415	35366.9334169356	3.801215395785174e-10
247.42242242242244	0.2707031733107599	35359.086317421	3.725941484261416e-10
247.69769769769772	0.2707923504097585	35351.240959831564	3.7982083701435854e-10
247.972972972973	0.27089280449487996	35343.397342196375	3.718348682352101e-10
248.24824824824825	0.27113634695396027	35335.55546571182	3.7947820808601134e-10
248.52352352352352	0.27136082248967924	35327.71532841147	3.709485877296506e-10
248.7987987987988	0.271429888520499	35319.87693148723	3.790558309875521e-10
249.07407407407408	0.271590955118018	35312.04027297743	3.6996871406393086e-10
249.34934934934935	0.27193826529640597	35304.205354069796	3.785783872149543e-10
249.62462462462463	0.27215689661075576	35296.3721728074	3.6881807632836705e-10
249.8998998998999	0.2721973683654105	35288.540730373046	3.7799114196790286e-10
250.17517517517518	0.2723367012404898	35280.71102559986	3.8381065805546116e-10
250.45045045045046	0.27254596382238544	35272.8830573113	3.7729780157583496e-10
250.72572572572574	0.2726190258939907	35265.05682669815	3.835094019273725e-10
251.00100100100101	0.27269163341226865	35257.232331800835	3.7653226509123657e-10
251.2762762762763	0.27296164651147614	35249.40957380631	3.831640710605655e-10
251.55155155155157	0.27329253341610543	35241.58855075958	3.756128118951651e-10
251.82682682682685	0.27351694654246106	35233.76926384304	3.827253783541827e-10
252.10210210210212	0.2735898141448648	35225.95171110631	3.745775770563485e-10
252.3773773773774	0.2735713131997381	35218.13589372733	3.8220911072620247e-10
252.65265265265268	0.2736366148814867	35210.32180976076	3.7345386966205935e-10
252.92792792792793	0.2738107857375847	35202.50946038008	3.816401666740639e-10
253.2032032032032	0.2739911271162201	35194.69884364494	3.721762219898801e-10
253.47847847847848	0.2741649883236575	35186.8899607239	3.809771124895582e-10
253.75375375375376	0.27436572922178715	35179.08280968194	3.7072480542685946e-10
254.02902902902903	0.27460530816076884	35171.27739168253	3.802075473050316e-10
254.3043043043043	0.2748715511122084	35163.47370557059	3.8620794538129035e-10
254.5795795795796	0.27510228693711014	35155.6717501809	3.7925251868874374e-10
254.85485485485486	0.27526055388501774	35147.87152668499	3.857467835268505e-10
255.13013013013014	0.27536927352465423	35140.07303314537	3.781692070742441e-10
255.40540540540542	0.275454099258641	35132.27627072903	3.852040966981417e-10
255.6806806806807	0.2755362404289512	35124.481237503496	3.7695848615926063e-10
255.95595595595597	0.2756259349308615	35116.68793463107	3.845820778739957e-10
256.2312312312313	0.2757305241005263	35108.89636018442	3.75602915731303e-10
256.5065065065065	0.2758849742914082	35101.10651532098	3.838712269691726e-10
256.7817817817818	0.27609362515349034	35093.31839811885	3.740538075075404e-10
257.0570570570571	0.27620599395006395	35085.5320097301	3.8304112719708647e-10
257.3323323323324	0.2761651571731452	35077.74734900647	3.8871991079661726e-10
257.60760760760763	0.2761933725544794	35069.964414790295	3.82103712944291e-10
257.8828828828829	0.276364251927221	35062.18320824139	3.8826944797287777e-10
258.15815815815813	0.2765113044607001	35054.40372743597	3.810237852470555e-10
258.43343343343344	0.27657635631550326	35046.62597352918	3.877306524878021e-10
258.70870870870874	0.27661152726061583	35038.8499446022	3.7982217410688803e-10
258.983983983984	0.27673153835842956	35031.07564180559	3.8711584631984437e-10
259.25925925925924	0.27702350549006516	35023.30306322584	3.7842876946759265e-10
259.53453453453454	0.27730060447936444	35015.53221000842	3.8638688897425866e-10
259.80980980980985	0.2773951233656129	35007.7630802451	3.768341658438223e-10
260.0850850850851	0.27741643785869385	34999.995675075996	3.8552790031219964e-10
260.36036036036035	0.27746455817652543	34992.229993360255	3.9101751686974944e-10
260.63563563563565	0.27754440502193833	34984.46603394787	3.8454609312781974e-10
260.91091091091096	0.2776283429644856	34976.70379798618	3.905407239163295e-10
261.1861861861862	0.2776721698781717	34968.94328356565	3.8343901343273916e-10
261.46146146146145	0.27771608969510186	34961.184491829095	3.899855385144427e-10
261.73673673673676	0.2778348097773314	34953.427420872045	3.821878993512266e-10
262.01201201201206	0.277986175793708	34945.67207183256	3.893429086747883e-10
262.2872872872873	0.27810488178293097	34937.91844281134	3.8076157532154653e-10
262.56256256256256	0.2782004489579486	34930.16653494136	3.8859117897298577e-10
262.8378378378378	0.27830192284522487	34922.41634632886	3.7915320754815757e-10
263.1131131131131	0.27844405891532925	34914.667878101565	3.877271152997473e-10
263.3883883883884	0.27863674665538074	34906.92112912624	3.931375335751569e-10
263.66366366366367	0.2788563237460354	34899.17609826065	3.8668188265625836e-10
263.9389389389389	0.2790593094898507	34891.4327866394	3.9262520570533345e-10
264.2142142142142	0.2791941461231093	34883.69119236762	3.8546787570464586e-10
264.48948948948953	0.27925475927876064	34875.95131657515	3.920065044692355e-10
264.7647647647648	0.27927538817951364	34868.21315737231	3.841028650912469e-10
265.04004004004	0.2793731093023056	34860.47671588411	3.9129359255811893e-10
265.31531531531533	0.2796089579383233	34852.741990226416	3.825244473903699e-10
265.59059059059064	0.2798391412861008	34845.0089815189	3.904524280675211e-10
265.8658658658659	0.27998721958712974	34837.27768788307	3.80701230351175e-10
266.14114114114113	0.28013249476320945	34829.548110432974	3.894581124014194e-10
266.41641641641644	0.2803275110850347	34821.8202480437	3.949736111998847e-10
266.69169169169174	0.2805792111525306	34814.09409958111	3.882497301859316e-10
266.966966966967	0.280826017348386	34806.36966616626	3.9436270441903045e-10
267.24224224224224	0.2809883049211065	34798.64694591985	3.86829295707906e-10
267.5175175175175	0.28111137948604636	34790.92593995785	3.936190527653906e-10
267.7927927927928	0.28125543430230904	34783.20664640657	3.8518669454143077e-10
268.0680680680681	0.2813821641134285	34775.48906637662	3.92738068788605e-10
268.34334334334335	0.2814636274141783	34767.77319800016	3.8330399506984984e-10
268.6186186186186	0.2815318441552729	34760.05904238209	3.9170743614542567e-10
268.8938938938939	0.28161822030784756	34752.34659840308	3.9699540143639066e-10
269.1691691691692	0.2817419113016799	34744.63586493499	3.904916921638245e-10
269.44444444444446	0.28187693583707674	34736.92684308936	3.963794681298836e-10
269.7197197197197	0.28197536205179924	34729.219530997936	3.8907886392682443e-10
269.994994994995	0.28207093744658807	34721.513929767236	3.9564129039215754e-10
270.2702702702703	0.282215218657583	34713.81003753458	3.874409331505695e-10
270.54554554554556	0.28237830462640867	34706.10785540113	3.947652444596624e-10
270.8208208208208	0.2825261414134519	34698.40738151009	3.855361668985351e-10
271.0960960960961	0.28266714435138346	34690.70861695682	3.937244334550578e-10
271.3713713713714	0.2827966469388909	34683.011560627805	3.98873591276255e-10
271.6466466466467	0.28288475364107457	34675.31621140102	3.9248078096196146e-10
271.9219219219219	0.2829750353513134	34667.622570378095	3.982413257680373e-10
272.19719719719717	0.2831645456684425	34659.9306357023	3.910194929667095e-10
272.4724724724725	0.28339552992867256	34652.240408470236	3.974768658539811e-10
272.7477477477478	0.283543646326162	34644.551886830646	3.8929589353686505e-10
273.02302302302303	0.28360387470507503	34636.865071874556	3.965488183051845e-10
273.2982982982983	0.2836335296690383	34629.17996175677	3.873209456570182e-10
273.5735735735736	0.28375688056697235	34621.496557562554	3.9546520680443115e-10
273.8488488488489	0.28399075426766895	34613.81485818473	4.0058254564587797e-10
274.12412412412414	0.28413562067730513	34606.13486250748	3.9414764787609963e-10
274.3993993993994	0.28417850063585154	34598.45657162209	3.999062961876971e-10
274.6746746746747	0.2843269364218538	34590.77998368368	3.9260560418111737e-10
274.94994994995	0.284551588363502	34583.10509977846	3.990932813486836e-10
275.22522522522524	0.2846844190816594	34575.431918067196	3.907827176135557e-10
275.5005005005005	0.28481097342023154	34567.76043963037	3.9810634168690873e-10
275.7757757757758	0.2850599214960858	34560.09066263513	3.8862856454666185e-10
276.0510510510511	0.2852965617073098	34552.4225881558	3.969178872719292e-10
276.32632632632635	0.2854324550495125	34544.75621509168	4.021171944022903e-10
276.6016016016016	0.28563544254045997	34537.09154233354	3.95456536404564e-10
276.87687687687685	0.2859250105258447	34529.42857096196	4.0135644024985545e-10
277.15215215215215	0.2860747277006339	34521.76729914442	3.937003820584696e-10
277.42742742742746	0.28611402222530846	34514.1077279558	4.0041194307718325e-10
277.7027027027027	0.28628349321860164	34506.44985556988	3.916338985277941e-10
277.97797797797796	0.2865682486785941	34498.79368305571	3.992790734778219e-10
278.25325325325326	0.2868283692672658	34491.139208593595	3.891462968504152e-10
278.52852852852857	0.2870031807705211	34483.48643324576	3.978873678273664e-10
278.8038038038038	0.28709324446919643	34475.83535591889	4.033575410607108e-10
279.07907907907907	0.28720300792191455	34468.18597551048	3.961992699705633e-10
279.35435435435437	0.2873693352326859	34460.53829308944	4.0245746261435735e-10
279.6296296296297	0.28748284403476043	34452.892306836664	3.941860251447436e-10
279.9049049049049	0.28757674105663134	34445.24801781505	4.01356919686632e-10
280.1801801801802	0.287829266649694	34437.605424212205	3.917797452865375e-10
280.4554554554555	0.28811814692939464	34429.964527084514	4.000182360096867e-10
280.7307307307308	0.2881815292024215	34422.32532534222	4.0517287851003866e-10
281.00600600600603	0.2881879929392712	34414.68781788708	3.9838591617889533e-10
281.2812812812813	0.288387996978783	34407.052005781596	4.043082244547371e-10
281.5565565565566	0.28868494426247654	34399.4178872144	3.963907157935881e-10
281.83183183183183	0.2889394047314469	34391.78546324189	4.0322349763043284e-10
282.10710710710714	0.2890985301027454	34384.15473205917	3.939812049244352e-10
282.3823823823824	0.289194958937741	34376.52569471604	4.0188212376027243e-10
282.6576576576577	0.2893539256301799	34368.898350126976	4.068245343550619e-10
282.93293293293294	0.2895969863447199	34361.27269719832	4.0021603347850953e-10
283.20820820820825	0.28986370969913144	34353.6487369854	4.059429151464643e-10
283.4834834834835	0.29017163380298844	34346.02646768509	3.981550757096671e-10
283.75875875875874	0.2905485684710582	34338.40589034671	4.048208692585666e-10
284.03403403403405	0.29087629053917374	34330.78700317385	3.955931985309306e-10
284.3093093093093	0.2910632238736903	34323.1698072088	4.03390891901439e-10
284.5845845845846	0.291212451702181	34315.55430137057	4.082623101647339e-10
284.85985985985985	0.291406851894242	34307.94048457023	4.0159397497899466e-10
285.13513513513516	0.2916391587796797	34300.328357855375	4.0730189976725114e-10
285.4104104104104	0.2918767182174753	34292.7179194319	3.993660672446065e-10
285.6856856856857	0.29207375549933734	34285.109170341	4.060777337351103e-10
285.96096096096096	0.2922314975898485	34277.50210879559	3.9663623434736635e-10
286.23623623623627	0.29237832338715386	34269.89673582979	4.0454532296222016e-10
286.5115115115115	0.2925244070560231	34262.293050367705	4.094799378461057e-10
286.7867867867868	0.2926764661625763	34254.691051325324	4.02620811256997e-10
287.06206206206207	0.29285403826811074	34247.09073974197	4.084424240045367e-10
287.3373373373374	0.2930769360749803	34239.4921138331	4.0023216706823815e-10
287.6126126126126	0.29335739627049684	34231.895174631485	4.0712227615325266e-10
287.8878878878879	0.2936237026909608	34224.29992035991	3.972545024132153e-10
288.1631631631632	0.2937151990201211	34216.70635204348	4.054408711149764e-10
288.4384384384384	0.2937216667850999	34209.1144686117	4.1053953036937356e-10
288.71371371371373	0.2938944921337813	34201.52426898572	4.0334099722375096e-10
288.988988988989	0.2941693623070584	34193.93575419629	4.093971926746814e-10
289.2642642642643	0.29436349516005844	34186.348922468766	4.007132053512342e-10
289.53953953953953	0.2944522533436808	34178.763774826766	4.079310070739813e-10
289.81481481481484	0.29447849675907384	34171.18030950341	3.975062234211453e-10
290.0900900900901	0.29454354837460106	34163.59852751459	4.0610900257291e-10
290.3653653653654	0.29470211771657734	34156.01842779564	4.1146026276498646e-10
290.64064064064064	0.294918959706432	34148.4400092729	4.038068068768871e-10
290.91591591591595	0.2951202480144213	34140.863272967945	4.10195588652042e-10
291.1911911911912	0.29521454562643373	34133.28821711651	4.0094946966957677e-10
291.4664664664665	0.2952388326674878	34125.71484273286	4.085895015177048e-10
291.74174174174175	0.29529484249541904	34118.14314875332	4.1334704046825963e-10
292.01701701701705	0.2954109433549993	34110.57313410646	4.065740106736125e-10
292.2922922922923	0.2955800326187944	34103.00479981141	4.1225803674911995e-10
292.5675675675676	0.29576605149047186	34095.438144107065	4.0404637399090763e-10
292.84284284284286	0.2959634801090653	34087.873168005746	4.108569621473154e-10
293.1181181181181	0.29623563732883457	34080.30986975402	4.0087173399199156e-10
293.3933933933934	0.2965506789847243	34072.74825035637	4.090629443188131e-10
293.66866866866866	0.2967623067138162	34065.188308755074	4.141539000729866e-10
293.94394394394396	0.296861740171969	34057.63004388395	4.067483615791513e-10
294.2192192192192	0.2969392453347497	34050.07345675259	4.1288342797241096e-10
294.4944944944945	0.2970215810433495	34042.51854561079	4.0386364336221164e-10
294.76976976976977	0.29711101722079414	34034.965311460815	4.112648477574896e-10
295.0450450450451	0.29723263003174466	34027.41375324648	4.158694734990067e-10
295.3203203203203	0.29737782306759386	34019.863869904075	4.0919280487777403e-10
295.5955955955956	0.29744196858725014	34012.31566244015	4.1474850648787934e-10
295.8708708708709	0.29743415051288663	34004.76912910806	4.066122772339245e-10
296.1461461461462	0.29754352819828406	33997.22427090764	4.1331653997709063e-10
296.4214214214214	0.2977339684034498	33989.68108610003	4.033747524691671e-10
296.69669669669673	0.29777609618495054	33982.13957567695	4.1148466601685986e-10
296.971971971972	0.2977176670678101	33974.599738588484	4.1651894779067343e-10
297.2472472472473	0.29773872263343004	33967.061573776366	4.0919182126794975e-10
297.52252252252254	0.29786005417517913	33959.52508223769	4.152639513175547e-10
297.7977977977978	0.29803053036071814	33951.99026223686	4.0630669393380046e-10
298.0730730730731	0.29814526903525956	33944.4571147635	4.1364872809798187e-10
298.34834834834834	0.29818086152946405	33936.92563876909	4.1821245221617573e-10
298.62362362362364	0.2982806253405256	33929.39583319778	4.11588085373206e-10
298.8988988988989	0.2984642545348966	33921.8676990436	4.1710114915530543e-10
299.1741741741742	0.2985986990996321	33914.34123457457	4.089774595098184e-10
299.44944944944945	0.2986715186610529	33906.81644077768	4.1565420705872074e-10
299.72472472472475	0.298761703789094	33899.29331592872	4.0571743957253363e-10
300.0	0.29895016611295677	33891.77186100687	4.138122185512515e-10
