0.0010890678560585493	9.61721804429777	9843.191240169488	3.276922718766123	0.0005941072093930752
25.0	0.023495016611295685	33212.0	10.0
25.275275275275277	0.02403700811283996	33850.796863877295	9.785506772565261
25.55055055055055	0.024562905327215872	34489.31148390539	9.571072809780867
25.825825825825827	0.025105194012273336	35127.35911237349	9.356759635163833
26.1011011011011	0.025644026415848183	35764.23978340972	9.142800322124899
26.376376376376378	0.026125551218853738	36397.974126141096	8.929853954533913
26.65165165165165	0.02646877495223207	37024.81760368617	8.719167427818013
26.926926926926928	0.02678323330357735	37643.88102440492	8.511037165525021
27.2022022022022	0.027310128597676828	38259.77841783841	8.303927366848962
27.47747747747748	0.02795118608865995	38874.50550387414	8.097173735729713
27.75275275275275	0.02847916351354455	39484.96237459585	7.89180843373605
28.02802802802803	0.028953929218296554	40089.56715291584	7.688358369191144
28.303303303303302	0.0294810770781291	40689.01507375181	7.486592382731345
28.57857857857858	0.030029297933290452	41283.2870985331	7.286517091357864
28.853853853853856	0.03057335644469881	41871.853578207636	7.08830911847137
29.12912912912913	0.031140234459804687	42454.717864018916	6.891967656519983
29.404404404404403	0.03168240648701757	43030.993244763165	6.697788239673548
29.67967967967968	0.03208365067929085	43597.817220564764	6.50672427899266
29.954954954954957	0.03244564616285948	44154.37690636498	6.319046932235871
30.23023023023023	0.03298161084473435	44703.49593065326	6.133816643264767
30.505505505505504	0.0336620326350084	45247.19002599935	5.9503626876107205
30.78078078078078	0.034366287265168695	45785.326070294985	5.768729681250438
31.056056056056057	0.035004447865659254	46316.38870785971	5.589422454685178
31.33133133133133	0.03553878477524712	46838.46340345426	5.4130788253868
31.606606606606608	0.036030740826379345	47350.728380006774	5.239972886964532
31.88188188188188	0.036550222330795676	47853.42034310775	5.07002636176723
32.15715715715716	0.03715270685907935	48347.48072706991	4.902926323882358
32.432432432432435	0.037759207021572976	48832.70788182084	4.738740379931548
32.70770770770771	0.038211835293051374	49306.95747691778	4.578182952063442
32.98298298298298	0.038627507658089845	49769.77082795641	4.421407352650626
33.25825825825826	0.03920425341179019	50223.05435971553	4.267779469441057
33.533533533533536	0.039850615494101294	50667.443036025375	4.117088412356847
33.808808808808806	0.04044300060484278	51102.15094125058	3.969596330532399
34.08408408408408	0.04101154674524479	51526.81195250619	3.825425648295684
34.35935935935936	0.04158479791262416	51941.40101065484	3.6845852547403193
34.63463463463464	0.04214499547063817	52345.73325139605	3.5471372465812547
34.90990990990991	0.04269121455053705	52739.65183292207	3.413134400716371
35.18518518518518	0.04324072718294644	53123.18962337139	3.2825663398175444
35.46046046046046	0.04376931887034205	53496.182858530796	3.1554881524069973
35.73573573573574	0.04424354922332736	53858.23563509611	3.0320322252973653
36.01101101101101	0.044739328075051855	54209.634409213155	2.912103779325023
36.286286286286284	0.04532851957341971	54551.19178669746	2.7954328414877163
36.56156156156156	0.04592027182013839	54882.95503949414	2.6820042079375424
36.83683683683684	0.04644305481112703	55204.48409255993	2.5719649315505753
37.112112112112115	0.04694101578728917	55515.7272432809	2.465332782914852
37.38738738738739	0.047464098306144765	55816.98951006739	2.362006767361186
37.66266266266266	0.04804711788834926	56108.76934799425	2.2618214701042874
37.93793793793794	0.048662106746000106	56391.34620470194	2.1646843664791295
38.213213213213216	0.049244050572516566	56664.612726416635	2.0706316998314387
38.488488488488485	0.04982198629660119	56928.66138873407	1.9796331874068696
38.76376376376376	0.05044277435404833	57183.83781190027	1.8915742584842705
39.03903903903904	0.05102639231270566	57430.064716359484	1.806481125470474
39.314314314314316	0.05152233273937228	57667.071684476454	1.7244443091445225
39.58958958958959	0.052051040788332	57895.20776214027	1.6453480984453308
39.86486486486486	0.05265563023996035	58114.98073954505	1.5690239104040584
40.14014014014014	0.05321903720611554	58326.36716420553	1.4954800084256181
40.41541541541542	0.05375622462072198	58529.43940932763	1.4246927526395208
40.690690690690694	0.05440610010183114	58724.80377868415	1.3564607303679992
40.965965965965964	0.05510800274687933	58912.77657409644	1.2906790503148413
41.24124124124124	0.0557067985042291	59093.12899488507	1.227424292496874
41.51651651651652	0.05621536404837349	59265.7488763135	1.166734216185589
41.791791791791795	0.056697513914766566	59430.77594827793	1.1085627200156198
42.06706706706707	0.05718282296544655	59588.44946309045	1.0528305596607466
42.34234234234234	0.05768534441593188	59739.04272455954	0.9994471405526781
42.61761761761762	0.05820206374955127	59882.80941875075	0.9483283848663405
42.892892892892895	0.05871061713956355	60019.939226103284	0.8994115112565475
43.168168168168165	0.05917371859340503	60150.53807348765	0.8526616132956184
43.44344344344344	0.05964067400224064	60274.83963695439	0.8080012456153481
43.71871871871872	0.06020819387909936	60393.272057147224	0.7652882041396283
43.993993993993996	0.0608368659293612	60506.137657377534	0.7244221517014683
44.26926926926927	0.06144269891215596	60613.55571297509	0.6853636793704054
44.54454454454455	0.062018633209087105	60715.64260573834	0.6480743351140716
44.81981981981982	0.06257339590706143	60812.53999929275	0.6125072431448186
45.0950950950951	0.06310359860245693	60904.39017314863	0.5786153149145804
45.37037037037037	0.06359850407459969	60991.32545140335	0.5463547687285986
45.645645645645644	0.06404231468201232	61073.464359226804	0.5156864099611512
45.92092092092092	0.06448327621486392	61151.000691598674	0.48654597692441487
46.1961961961962	0.0650183505859333	61224.24387569007	0.45883069836515517
46.471471471471475	0.06563538328674805	61293.45642439931	0.43245340600099846
46.74674674674675	0.06626894946717313	61358.80263600263	0.4073596172066368
47.02202202202202	0.06690875104160243	61420.42968942298	0.383500540196561
47.2972972972973	0.06753409342321294	61478.46099198498	0.36083528978063434
47.572572572572575	0.06803281332113834	61532.918123400654	0.33935687692360195
47.847847847847845	0.06839861065139238	61583.84265619019	0.3190516549381292
48.12312312312312	0.06885104910071499	61631.4773560656	0.2998389888531487
48.3983983983984	0.06944812624907248	61676.08506387989	0.2816315465860533
48.673673673673676	0.0700412221454958	61717.78965747565	0.2643882486139573
48.94894894894895	0.07057648950683436	61756.676339530095	0.24808088532665862
49.22422422422423	0.07107675184994398	61792.85106281903	0.2326743338598184
49.4994994994995	0.07157382869046426	61826.43995686142	0.21812674785970781
49.77477477477478	0.07209629193965324	61857.58085784778	0.2043923764416712
50.05005005005005	0.07264685031091062	61886.40488028176	0.19142769915963778
50.32532532532532	0.07321371186725896	61913.029514331574	0.17919372456633448
50.6006006006006	0.07376626675723158	61937.55251276525	0.16765802626229248
50.87587587587588	0.07427011133739411	61960.05512211764	0.1567936681738082
51.151151151151154	0.07469370667241644	61980.607773893105	0.14657731060117085
51.42642642642643	0.07508711520538128	61999.30371846021	0.1369780126101205
51.70170170170171	0.07556266198080834	62016.273320551685	0.1279524711901898
51.97697697697698	0.07614630832563667	62031.64291298359	0.11945871863286554
52.252252252252255	0.07680768645460621	62045.51629654196	0.11146228224959434
52.527527527527525	0.07747282748688583	62057.967072033956	0.10393873859550283
52.8028028028028	0.07806772534679216	62069.04671490596	0.0968710267202947
53.07807807807808	0.07856009368596323	62078.80147662628	0.09024382216221477
53.353353353353356	0.07898874711089723	62087.29050963636	0.08403750264143953
53.62862862862863	0.07949977022920071	62094.60449916574	0.0782219440087981
53.90390390390391	0.08010863939554072	62100.82860568661	0.07276885660983556
54.17917917917918	0.08068399599369222	62106.01540080662	0.06766079641411914
54.454454454454456	0.08118500337418258	62110.209769006586	0.06288287590989587
54.729729729729726	0.08163837944526159	62113.46184505495	0.05841845708993583
55.005005005005	0.08208129039278293	62115.82651904482	0.054249315960297105
55.28028028028028	0.08254909149146997	62117.360978468314	0.050356460632412794
55.55555555555556	0.08305608666067132	62118.12035633483	0.046721580130269016
55.830830830830834	0.08360939798451389	62118.15652310128	0.043327446721710544
56.10610610610611	0.0842102138798335	62117.51749109835	0.040158114388761705
56.38138138138139	0.08481434942705623	62116.243156797034	0.03720033662418783
56.65665665665666	0.0853253423523915	62114.36240884259	0.03444452973619055
56.931931931931935	0.08577951324433288	62111.908031360734	0.0318798114830828
57.20720720720721	0.0863079444158306	62108.92271175388	0.029492000601689865
57.48248248248248	0.08687566562792365	62105.442658186854	0.02726907072627871
57.75775775775776	0.0873744762176421	62101.49399454715	0.025202351017703205
58.033033033033036	0.08776056955762801	62097.09987321551	0.02328415855908084
58.30830830830831	0.08806961311217401	62092.28597211978	0.021505968306958344
58.58358358358358	0.088502556598368	62087.088275399175	0.019855822428388906
58.85885885885886	0.08910968570161998	62081.541280563026	0.018322256094430785
59.134134134134136	0.08964917394802024	62075.66414294086	0.016898910682946366
59.40940940940941	0.09008794319063013	62069.47438451676	0.015579970340964821
59.68468468468468	0.09061373550976612	62062.99690371294	0.014357162320292235
59.95995995995996	0.09114151716793839	62056.251134898404	0.013224031740399269
60.23523523523524	0.09147190839875705	62049.24875662602	0.012176704914143707
60.510510510510514	0.09181868336593599	62042.0089188785	0.011208819950663994
60.78578578578579	0.09243564112985471	62034.55643016872	0.010312129941739238
61.06106106106106	0.09315019000350412	62026.908062124625	0.009481062460315296
61.33633633633634	0.0937683898911646	62019.074370278824	0.008712113777783229
61.611611611611615	0.09425323039301839	62011.065155439705	0.00800203087167359
61.88688688688689	0.09465632616654576	62002.89144091932	0.007347153160344967
62.16216216216216	0.0951085099859781	61994.566348875655	0.006743120663127635
62.43743743743744	0.09560216826373717	61986.10173579037	0.006185994083879086
62.712712712712715	0.09603283615217388	61977.50686829463	0.005672695756272145
62.98798798798799	0.09643346688324492	61968.79112010963	0.005200111854219519
63.26326326326326	0.0968842347677498	61959.96436325782	0.004764962134288089
63.53853853853854	0.09737114366307532	61951.03545926273	0.004364302391689011
63.813813813813816	0.09785576293317276	61942.012080031476	0.003995583724806739
64.0890890890891	0.09830682655062398	61932.901086265854	0.003656527050832627
64.36436436436436	0.09872613658597007	61923.708970781336	0.003344975398726489
64.63963963963964	0.09916457095841227	61914.442266125145	0.0030587582152223525
64.91491491491492	0.09963770129632206	61905.10710699599	0.0027958370524598175
65.1901901901902	0.10012212378246556	61895.70895167298	0.002554398338223189
65.46546546546547	0.1005940043214019	61886.25269623988	0.002332815382456946
65.74074074074073	0.10103553409504615	61876.7428057682	0.0021296047313027404
66.01601601601601	0.10145986491534453	61867.183539717145	0.0019433511450606905
66.29129129129129	0.10189024223575054	61857.57897945859	0.0017726984451074716
66.56656656656656	0.10234587147183342	61847.932976664815	0.001616366707582841
66.84184184184184	0.10280866613228766	61838.24899054189	0.001473206468064589
67.11711711711712	0.10319160101715581	61828.52989713989	0.0013422622319685714
67.3923923923924	0.10351878354467615	61818.77851861165	0.0012225962928673762
67.66766766766767	0.10394594477849688	61808.99797870785	0.0011131703754680734
67.94294294294295	0.10443824814474056	61799.1909715128	0.0010130890891524179
68.21821821821823	0.10483905352877708	61789.3595409014	0.000921673379826616
68.4934934934935	0.10520004063513465	61779.505759089974	0.0008382346459711633
68.76876876876878	0.10563498391125893	61769.63179546328	0.0007620518216064795
69.04404404404404	0.10610851489908489	61759.739534900684	0.0006924984469504447
69.31931931931932	0.10656976409751152	61749.830638379826	0.0006290225235662456
69.5945945945946	0.10702897368966716	61739.90659977491	0.0005711275663654228
69.86986986986987	0.1074761156667334	61729.96880959044	0.0005183514400436694
70.14514514514515	0.10786070299086252	61720.01848874382	0.000470288396585987
70.42042042042041	0.1082175994811977	61710.05682398261	0.0004265439981273502
70.69569569569569	0.10865341791690877	61700.085025404296	0.0003867159679399537
70.97097097097097	0.10916661956936237	61690.10417656089	0.00035044409596652785
71.24624624624624	0.10970099983797967	61680.11520260122	0.00031742085253066586
71.52152152152152	0.11024961248004223	61670.118944073496	0.0002873668248226291
71.7967967967968	0.11080357396596867	61660.11616502778	0.00026002802386009775
72.07207207207207	0.11129411624938766	61650.10752364366	0.00023518566797865536
72.34734734734735	0.11168658773914719	61640.09361769165	0.0002126410525044645
72.62262262262263	0.11203289435954807	61630.07503975916	0.000192197165878695
72.8978978978979	0.1123944943359762	61620.05236779385	0.00017366183850437499
73.17317317317318	0.11282637277104547	61610.026150502126	0.00015685260498414126
73.44844844844846	0.11329709142029469	61599.99686765943	0.00014160992019108469
73.72372372372374	0.11372651123889446	61589.96492563717	0.00012779865228976288
73.998998998999	0.11412479378645697	61579.930703813945	0.00011529263438796105
74.27427427427428	0.11454682491170107	61569.89456715538	0.00010397047763676385
74.54954954954955	0.1150679491895929	61559.856865647904	9.371576055858549e-05
74.82482482482483	0.11567839694851438	61549.817908613244	8.442558165843571e-05
75.1001001001001	0.11616033956703038	61539.77792771021	7.602287995610206e-05
75.37537537537537	0.11651601819832563	61529.73714408725	6.843408119905218e-05
75.65065065065065	0.11708527908326223	61519.695823567316	6.157072501920608e-05
75.92592592592592	0.11784401486466799	61509.65419291367	5.535734123561704e-05
76.2012012012012	0.1184561451202923	61499.61240496041	4.974306153259103e-05
76.47647647647648	0.1188902485500478	61489.57060278504	4.468025764029204e-05
76.75175175175175	0.11927366767056038	61479.52893794672	4.0118469611852644e-05
77.02702702702703	0.11966825775679718	61469.48755595458	3.600924358980278e-05
77.30230230230231	0.12009142701803996	61459.44658996446	3.230823075093333e-05
77.57757757757759	0.12049319276355812	61449.4061560102	2.897677566934592e-05
77.85285285285286	0.1208725121496258	61439.366359826745	2.5979645560397643e-05
78.12812812812814	0.12133391831810637	61429.32730435216	2.3282533117686358e-05
78.40340340340342	0.12188182954854447	61419.28908136553	2.0854840746596393e-05
78.67867867867868	0.12240629116409689	61409.25176694437	1.867119356065039e-05
78.95395395395396	0.1228849833604281	61399.215429596705	1.670873274571822e-05
79.22922922922923	0.12334801188528334	61389.18013340108	1.4946070530787698e-05
79.50450450450451	0.1237532922957054	61379.14593508603	1.3364262781215834e-05
79.77977977977977	0.1240705121493211	61369.11288569754	1.1946254232782352e-05
80.05505505505505	0.1244279563559046	61359.08103599913	1.067508092410607e-05
80.33033033033033	0.12491600577546785	61349.0504336766	9.534800879743751e-06
80.6056056056056	0.12545734247221918	61339.021118804354	8.512003667382693e-06
80.88088088088088	0.1260089293447471	61328.993126306494	7.594991412862946e-06
81.15615615615616	0.1265973888902183	61318.9664881984	6.773032784436132e-06
81.43143143143143	0.1271206498989856	61308.941231525845	6.037049275584469e-06
81.70670670670671	0.1273997042411275	61298.91737849708	5.379571447443863e-06
81.98198198198199	0.12756141227040468	61288.89495202084	4.792895474374071e-06
82.25725725725727	0.12783274570517014	61278.873975781804	4.269058045555298e-06
82.53253253253254	0.12815578184495102	61268.85446991967	3.8012748006656667e-06
82.80780780780782	0.12843471121609437	61258.836451406	3.383815054779957e-06
83.0830830830831	0.12871195290470022	61248.81993593587	3.011372211514468e-06
83.35835835835836	0.12903920173751782	61238.804937935674	2.679061243241238e-06
83.63363363363364	0.12944066001195847	61228.79147034144	2.382492552324249e-06
83.90890890890891	0.12988137739204794	61218.77954436378	2.117850288942764e-06
84.18418418418419	0.1302777745992471	61208.769169539	1.881875394602071e-06
84.45945945945945	0.13066214202337212	61198.76035463851	1.6715629715472738e-06
84.73473473473473	0.13111817026995035	61188.7531078665	1.4840965365036558e-06
85.01001001001	0.13157670711798114	61178.747436203696	1.3170664710436263e-06
85.28528528528528	0.1319489825663329	61168.74334560482	1.168404315485732e-06
85.56056056056056	0.13228883542373576	61158.74084163784	1.0361700832708938e-06
85.83583583583584	0.13264407327245112	61148.73992941338	9.185757814727326e-07
86.11111111111111	0.13298268680410275	61138.74061338935	8.140504216812128e-07
86.38638638638639	0.13328235474665298	61128.74289749376	7.211991932939526e-07
86.66166166166167	0.1335469403053705	61118.7467852428	6.387641709102388e-07
86.93693693693695	0.1337915705481685	61108.75227979175	5.656074141647549e-07
87.21221221221222	0.13403798107161763	61098.759383966055	5.00700629992838e-07
87.4874874874875	0.13429986394514357	61088.76810027014	4.431222580449079e-07
87.76276276276278	0.13459586136515045	61078.77843091957	3.920467893758533e-07
88.03803803803804	0.1349855617118056	61068.79037790333	3.4672406765270665e-07
88.31331331331332	0.1354734925178222	61058.803942937644	3.064946468910812e-07
88.58858858858859	0.1358885616834563	61048.81912736876	2.70822031029464e-07
88.86386386386387	0.136168953194831	61038.835932351736	2.392332460675451e-07
89.13913913913915	0.13646845216289874	61028.85435901115	2.112655136502764e-07
89.41441441441442	0.1368309308282435	61018.87440833681	1.8650090636323297e-07
89.68968968968969	0.1371796882911541	61008.89608113325	1.645830489759013e-07
89.96496496496496	0.13751153297224764	60998.91937808892	1.4519416611515907e-07
90.24024024024024	0.13786039254520926	60988.94429980187	1.2804656428876043e-07
90.51551551551552	0.13819716371536822	60978.97084676318	1.1288809375712819e-07
90.7907907907908	0.1384884926099962	60968.99901937226	9.94970612868703e-08
91.06606606606607	0.13876505450519122	60959.02881796657	8.767239215540904e-08
91.34134134134135	0.13906824649879457	60949.06024282602	7.723219874885202e-08
91.61661661661662	0.13943192727635298	60939.09329417319	6.80136803636241e-08
91.8918918918919	0.1398233058765436	60929.12797216588	5.987556137291324e-08
92.16716716716716	0.14013787003091852	60919.164276897136	5.269798178754549e-08
92.44244244244244	0.14039469738605262	60909.20220842645	4.637224382010633e-08
92.71771771771772	0.14069822033015494	60899.24176679124	4.079713538251746e-08
92.992992992993	0.14106639721294997	60889.28295199383	3.588311499338245e-08
93.26826826826827	0.14146356300328214	60879.325764000285	3.1552687715392414e-08
93.54354354354355	0.14179886342241088	60869.37020274195	2.773975582356907e-08
93.81881881881883	0.14202633408684087	60859.41626812623	2.4386121477130003e-08
94.0940940940941	0.14224869152075686	60849.463960219895	2.1380739321071525e-08
94.36936936936937	0.1425123740689138	60839.51327871199	1.8738039260173093e-08
94.64464464464464	0.14274823522056293	60829.56422346337	1.6415367166223833e-08
94.91991991991992	0.14297588481364099	60819.61679432128	1.4374613936721809e-08
95.1951951951952	0.1432906747610035	60809.670991498395	1.2635600638923491e-08
95.47047047047047	0.1436243990033028	60799.72681449173	1.1105128590487877e-08
95.74574574574575	0.14385450304450817	60789.78426310592	9.759571264151585e-09
96.02102102102103	0.14408867518471122	60779.84333714112	8.576853906759367e-09
96.2962962962963	0.1444203796972702	60769.90403639176	7.536875265248609e-09
96.57157157157158	0.14464635701132242	60759.96636064041	6.623359148981364e-09
96.84684684684684	0.14471511212401514	60750.030309663794	5.821952397415736e-09
97.12212212212212	0.1449631604265314	60740.09588323976	5.118152364083494e-09
97.3973973973974	0.1454391366538123	60730.163081140636	4.499327345595395e-09
97.67267267267268	0.14582814379943215	60720.231903129294	3.95579311067763e-09
97.94794794794795	0.14608102133098783	60710.302348965095	3.4790065595123517e-09
98.22322322322323	0.14633588013274784	60700.374418406296	3.0608859864541384e-09
98.4984984984985	0.14660324424492352	60690.448111208396	2.694290315474483e-09
98.77377377377378	0.1468484449243825	60680.523427124	2.373014121243709e-09
99.04904904904905	0.14708622374706282	60670.60036590365	2.0915489767876808e-09
99.32432432432432	0.14734128031303234	60660.67892729616	1.8450037417952084e-09
99.5995995995996	0.14763172698227972	60650.7591110544	1.6290759592338255e-09
99.87487487487488	0.14796117352234212	60640.84091693397	1.439993942952061e-09
100.15015015015015	0.14831235199983547	60630.92434467953	1.2744486245874156e-09
100.42542542542543	0.1486410812401264	60621.009394034416	1.1295792717257415e-09
100.70070070070071	0.1488958193803658	60611.09606474084	1.0029029061040245e-09
100.97597597597598	0.14916617627381962	60601.184356540485	8.921507583488691e-10
101.25125125125126	0.14957366729898572	60591.27426917447	7.952618951822726e-10
101.52652652652652	0.15000400458370663	60581.36580134672	7.17322551750096e-10
101.8018018018018	0.150336713735244	60571.45895383918	6.484614030165243e-10
102.07707707707708	0.15066228086269276	60561.55372638991	5.876375747123156e-10
102.35235235235236	0.15103580037327047	60551.65011873676	5.339155225128871e-10
102.62762762762763	0.15138107993969707	60541.74813061724	4.864835446241644e-10
102.90290290290291	0.15168760831709904	60531.847761768615	4.44621621344682e-10
103.17817817817819	0.15202781580616054	60521.949011928045	4.0767879881539094e-10
103.45345345345346	0.15242126825506527	60512.051880832485	3.750781153080126e-10
103.72872872872873	0.15284531409886973	60502.15636821876	3.4631351259933726e-10
104.004004004004	0.15325476371414523	60492.26247382351	3.2094215531883027e-10
104.27927927927928	0.1535951730046903	60482.37019738326	2.9857562991516993e-10
104.55455455455456	0.15381122579343667	60472.479538634405	2.7887182143102384e-10
104.82982982982983	0.15391504626021546	60462.59049731331	2.615238920751597e-10
105.10510510510511	0.15406800168885607	60452.70307315634	2.4624911803385834e-10
105.38038038038039	0.15433862504837276	60442.81726589987	2.327958710552563e-10
105.65565565565566	0.1546422385487958	60432.933075280154	2.2094800253996967e-10
105.93093093093094	0.1549083731875143	60423.05050103341	2.1051782453364265e-10
106.2062062062062	0.15509676785679946	60413.169542895776	2.0134031754726372e-10
106.48148148148148	0.15524532655882006	60403.29020060345	1.9326771843797795e-10
106.75675675675676	0.1554269926667809	60393.412473892626	1.8616742913150721e-10
107.03203203203203	0.15569070619551487	60383.5363624995	1.7992180539344495e-10
107.30730730730731	0.15605190322835966	60373.66186616032	1.7442752396279024e-10
107.58258258258259	0.15645219382586503	60363.78898461128	1.6959515563204053e-10
107.85785785785787	0.15682352124032278	60353.91771758856	1.6534696746106108e-10
108.13313313313314	0.1571061256390083	60344.04806482835	1.6161487384614e-10
108.4084084084084	0.15730705116848043	60334.18002606686	1.5833824799792622e-10
108.68368368368368	0.15750169989442525	60324.31360104033	1.554625415164789e-10
108.95895895895896	0.15775954893584654	60314.448789485104	1.5293908123911545e-10
109.23423423423424	0.15811845413756465	60304.58559113751	1.5072494441846525e-10
109.50950950950951	0.15845436593499382	60294.72400573389	1.487833961384451e-10
109.78478478478479	0.15866021972216007	60284.86403301057	1.4708257434467887e-10
110.06006006006007	0.1589156638343704	60275.005672703955	1.4559322586622745e-10
110.33533533533534	0.15932365853140912	60265.148924550536	1.4428926956076875e-10
110.61061061061062	0.15969049630055868	60255.29378828678	1.431486997635987e-10
110.88588588588588	0.15991722027505947	60245.440263649136	1.421523583632883e-10
111.16116116116116	0.1600773024881435	60235.58835037413	1.412829806541886e-10
111.43643643643644	0.16026239220552313	60225.738048198335	1.4052508723132113e-10
111.71171171171171	0.1605545401596573	60215.88935685842	1.3986493201297373e-10
111.98698698698699	0.16091331480663684	60206.042276091044	1.3929059140492585e-10
112.26226226226227	0.1612509426880572	60196.19680563292	1.3879174864800698e-10
112.53753753753755	0.16153719490243876	60186.35294522075	1.3835934284306506e-10
112.81281281281282	0.16177362106991047	60176.510694591285	1.3798536775969545e-10
113.08808808808809	0.16200168020438455	60166.67005348134	1.3766271905058294e-10
113.36336336336336	0.16223950387226452	60156.83102162778	1.3738513422898448e-10
113.63863863863864	0.16245739567288062	60146.993598767476	1.371471324160052e-10
113.91391391391392	0.16262949836634805	60137.15778463736	1.369439032476606e-10
114.1891891891892	0.1627431946491923	60127.32357897439	1.3677121341941578e-10
114.46446446446447	0.16284158859385567	60117.490981515555	1.366253164991628e-10
114.73973973973975	0.16299459562944096	60107.659991997956	1.3650290313860796e-10
115.01501501501502	0.16323124168019992	60097.83061015872	1.364010747170219e-10
115.2902902902903	0.16354974710389295	60088.00283573503	1.3631730097089354e-10
115.56556556556556	0.16389523779911475	60078.17666846407	1.3624937735143672e-10
115.84084084084084	0.1642173568115036	60068.35210808306	1.3619537223965896e-10
116.11611611611612	0.1644975493311394	60058.529154329255	1.3615358557891074e-10
116.3913913913914	0.1647242756150675	60048.70780693996	1.3612251940127902e-10
116.66666666666667	0.16489481384478638	60038.88806565251	1.3610085368739138e-10
116.94194194194195	0.16507786157220236	60029.06993020429	1.3608743037403993e-10
117.21721721721723	0.16537862283285784	60019.25340033281	1.3608124331224668e-10
117.4924924924925	0.16576964667123226	60009.43847577556	1.360814135837869e-10
117.76776776776778	0.16616235010733935	59999.62515627007	1.3608716348743382e-10
118.04304304304304	0.16647139296299637	59989.81344155388	1.3609779853072224e-10
118.31831831831832	0.16667524460738378	59980.003331364576	1.361127027131247e-10
118.5935935935936	0.16690941544302898	59970.1948254398	1.3613135307682466e-10
118.86886886886887	0.16723697100505552	59960.38792351729	1.3615330215255084e-10
119.14414414414415	0.1675738683413731	59950.582625334806	1.3617814549355814e-10
119.41941941941943	0.16783918257348834	59940.778930630084	1.3620551422937297e-10
119.6946946946947	0.16798229591729516	59930.9768391409	1.3623507437846703e-10
119.96996996996998	0.16811122144084814	59921.17635060513	1.3626655159462573e-10
120.24524524524524	0.1683855372341061	59911.37746476073	1.3629973584455528e-10
120.52052052052052	0.168744219828017	59901.58018134568	1.363344329447075e-10
120.7957957957958	0.1690844735145024	59891.784500097965	1.3637045318924232e-10
121.07107107107107	0.16941481252377288	59881.99042075564	1.3640763177723868e-10
121.34634634634635	0.16973911037876765	59872.19794305676	1.3644582496362927e-10
121.62162162162163	0.1700113418494546	59862.40706673944	1.364848973931996e-10
121.8968968968969	0.17021848735331094	59852.61779154182	1.3652472758943914e-10
122.17217217217218	0.17039422378503585	59842.83011720211	1.365652158810744e-10
122.44744744744746	0.17059669759125018	59833.04404345854	1.3660628697452373e-10
122.72272272272272	0.17088514365526544	59823.259570049464	1.366478873560801e-10
122.997997997998	0.17121363641219825	59813.476696713224	1.366899607684343e-10
123.27327327327328	0.17149898398373878	59803.6954231882	1.3673244063129573e-10
123.54854854854855	0.17169411206702778	59793.915749212756	1.3677525877419252e-10
123.82382382382383	0.17182254215069592	59784.137674525344	1.3681836040379748e-10
124.0990990990991	0.17205115278256256	59774.36119886451	1.3686173259286725e-10
124.37437437437438	0.17241840349592277	59764.586321968854	1.369053721297743e-10
124.64964964964966	0.17275320158102742	59754.81304357696	1.369492402393476e-10
124.92492492492492	0.17299394316323752	59745.04136342743	1.3699329009447722e-10
125.2002002002002	0.1731891462441847	59735.271281258916	1.3703749096130413e-10
125.47547547547548	0.17336662306838804	59725.50279681015	1.3708182182211094e-10
125.75075075075075	0.17354660265244093	59715.73590981988	1.3712626855840056e-10
126.02602602602603	0.17378018043680285	59705.970620026936	1.371708295360949e-10
126.30130130130131	0.17410224720181228	59696.20692717021	1.3721551058050468e-10
126.57657657657658	0.17446828074708537	59686.44483098862	1.3726030736545e-10
126.85185185185186	0.1748221751221458	59676.68433122106	1.3730520434223014e-10
127.12712712712714	0.17511670402411056	59666.92542760652	1.3735017811804517e-10
127.4024024024024	0.1753842875791273	59657.168119883994	1.3739521506936012e-10
127.67767767767768	0.17573273567236733	59647.41240779257	1.3744032566779128e-10
127.95295295295296	0.1761247357628217	59637.65829107139	1.3748551120498294e-10
128.22822822822823	0.17643828201664444	59627.90576945956	1.3753074758409142e-10
128.5035035035035	0.17666700521277798	59618.15484269624	1.3757601258534074e-10
128.7787787787788	0.17685935618434184	59608.40551052064	1.3762129687812704e-10
129.05405405405406	0.1770879290165659	59598.65777267207	1.376666072532529e-10
129.32932932932934	0.17740618757018584	59588.911628889866	1.3771196053192736e-10
129.60460460460462	0.17780982302658765	59579.16707891343	1.377573703583456e-10
129.87987987987987	0.1782174821640975	59569.42412248217	1.378028319125479e-10
130.15515515515517	0.1784653997405676	59559.68275933547	1.3784830776674536e-10
130.43043043043042	0.17860079766915327	59549.942989212774	1.378937750758448e-10
130.70570570570572	0.17882531855092107	59540.204811853655	1.3793925484968413e-10
130.98098098098097	0.1790823102957633	59530.468226997684	1.3798475385820368e-10
131.25625625625628	0.17923599848150615	59520.73323438445	1.3803025058936597e-10
131.53153153153153	0.1794344095974297	59510.999833753616	1.3807575621141835e-10
131.80680680680683	0.17981244068714852	59501.268024844976	1.3812130751087189e-10
132.08208208208208	0.18021947637708394	59491.537807398265	1.3816690607117797e-10
132.35735735735736	0.18055775747013605	59481.80918115326	1.3821253370395915e-10
132.63263263263264	0.18090180102344625	59472.08214584977	1.3825818951572925e-10
132.9079079079079	0.18123876992926233	59462.356701227676	1.3830387017010235e-10
133.1831831831832	0.18146302998135083	59452.63284702685	1.383495518556957e-10
133.45845845845847	0.1816603491120543	59442.910582987235	1.3839523094159991e-10
133.73373373373374	0.1819999500617996	59433.189908848886	1.3844093769309627e-10
134.00900900900902	0.182376122635694	59423.47082435187	1.384866774426326e-10
134.2842842842843	0.18262944591783759	59413.753329236206	1.3853242350458156e-10
134.55955955955955	0.18279725651397802	59404.03742324201	1.385781601266026e-10
134.83483483483485	0.18294688314860283	59394.32310610943	1.386238868532466e-10
135.1101101101101	0.18311308016076194	59384.61037757868	1.3866961009628911e-10
135.3853853853854	0.18327576065815337	59374.89923739003	1.3871533150553263e-10
135.66066066066065	0.18335745528328326	59365.189685283745	1.387610374152716e-10
135.93593593593596	0.18341441280228896	59355.481721000135	1.388067269370217e-10
136.2112112112112	0.18359162318716982	59345.77534427964	1.388524275586416e-10
136.4864864864865	0.1838542092308959	59336.070554862716	1.3889815632500337e-10
136.76176176176176	0.18409707910791795	59326.367352489826	1.3894390758415278e-10
137.03703703703704	0.1843055134310935	59316.66573690146	1.3898967358984956e-10
137.31231231231232	0.18447840595501927	59306.96570783816	1.390354474227613e-10
137.5875875875876	0.18458166411744942	59297.26726504049	1.3908121650518275e-10
137.86286286286287	0.1846596090252715	59287.570408249085	1.391269784922972e-10
138.13813813813815	0.18488273360011395	59277.87513720466	1.3917276426016458e-10
138.41341341341342	0.18521516200270924	59268.18145164799	1.3921859361883022e-10
138.6886886886887	0.18543002080686052	59258.48935131979	1.3926444009785156e-10
138.96396396396398	0.18558085801528618	59248.798835960835	1.393102910660585e-10
139.23923923923923	0.18585077109333312	59239.109905312034	1.3935617065878636e-10
139.51451451451453	0.1861385182820816	59229.42255911427	1.3940208038765945e-10
139.78978978978978	0.18629986512224966	59219.73679710843	1.3944799404726196e-10
140.06506506506508	0.18640431453095807	59210.05261903548	1.3949390219549265e-10
140.34034034034033	0.18654760506619764	59200.370024636446	1.3953981488727634e-10
140.61561561561564	0.18678429090738108	59190.68901365241	1.395857512145687e-10
140.8908908908909	0.1870950720234865	59181.00958582451	1.3963172401612762e-10
141.1661661661662	0.1873795020458581	59171.33174089389	1.3967772535180547e-10
141.44144144144144	0.18759199719821923	59161.65547860169	1.397237397463818e-10
141.71671671671672	0.187744413195959	59151.98079868913	1.3976975605532837e-10
141.991991991992	0.18793909274228082	59142.3077008975	1.3981578391791702e-10
142.26726726726727	0.18826863747488218	59132.63618496816	1.3986184907840578e-10
142.54254254254255	0.1886024315976425	59122.96625064246	1.39907949248202e-10
142.81781781781783	0.188820666592813	59113.29789766177	1.3995406003762282e-10
143.0930930930931	0.188985593544064	59103.63112576749	1.400001719978592e-10
143.36836836836838	0.1891793195384803	59093.965934701126	1.4004629227499325e-10
143.64364364364366	0.18946437186696613	59084.302324204255	1.4009243869097793e-10
143.9189189189189	0.18976900749242864	59074.64029401842	1.4013861330148201e-10
144.1941941941942	0.18992059543185036	59064.979843885194	1.4018478588956419e-10
144.46946946946946	0.18999379613027106	59055.32097354617	1.40230944140898e-10
144.74474474474476	0.19016996230743782	59045.66368274311	1.4027711096531575e-10
145.02002002002	0.19040898954814464	59036.00797121776	1.4032329878370598e-10
145.29529529529532	0.1906218718163796	59026.3538387119	1.4036950191437273e-10
145.57057057057057	0.19081183205913768	59016.701284967334	1.4041571603973184e-10
145.84584584584587	0.19099922130422603	59007.05030972592	1.4046194117215922e-10
146.12112112112112	0.19120033798160785	58997.400912729565	1.4050818031705357e-10
146.3963963963964	0.19138920349286562	58987.75309372022	1.4055443131290676e-10
146.67167167167167	0.1914998652462351	58978.106852439836	1.4060068021564106e-10
146.94694694694695	0.19158803178498288	58968.462188630445	1.4064692515075804e-10
147.22222222222223	0.1917718193321934	58958.81910203415	1.4069318610512943e-10
147.4974974974975	0.19197203793297257	58949.17759239307	1.4073946591285736e-10
147.77277277277278	0.1920795542346918	58939.53765944934	1.4078574712300573e-10
148.04804804804806	0.1922212386813789	58929.89930294517	1.4083203775327642e-10
148.32332332332334	0.19248871128791017	58920.26252262283	1.40878361417474e-10
148.59859859859858	0.1927455324211512	58910.62731822461	1.409247137242916e-10
148.8738738738739	0.19293303089353828	58900.99368949282	1.4097108024270995e-10
149.14914914914914	0.1931481762868713	58891.36163616984	1.4101746604940002e-10
149.42442442442444	0.19338252586213647	58881.731157998074	1.4106387400223528e-10
149.6996996996997	0.19354177408817394	58872.10225471995	1.4111028956143594e-10
149.974974974975	0.19371734437312524	58862.47492607798	1.4115671662840303e-10
150.25025025025025	0.19404818867351864	58852.84917181474	1.4120318355519186e-10
150.52552552552555	0.194375558973819	58843.224991672825	1.4124968630224915e-10
150.8008008008008	0.19454583830503436	58833.60238539479	1.4129619390687547e-10
151.07607607607608	0.19471693462302642	58823.9813527233	1.4134270783632441e-10
151.35135135135135	0.19498763765421007	58814.36189340108	1.4138924698432935e-10
151.62662662662663	0.1952458904029107	58804.7440071709	1.414358077075477e-10
151.9019019019019	0.19543696997760276	58795.12769377551	1.4148237714086719e-10
152.17717717717719	0.19559110496304244	58785.51295295773	1.4152894953765006e-10
152.45245245245246	0.19569726395994305	58775.89978446041	1.4157551797808346e-10
152.72772772772774	0.1957384480098638	58766.28818802643	1.4162207346065326e-10
153.00300300300302	0.19586984078545036	58756.67816339881	1.4166863568821875e-10
153.2782782782783	0.19622186632542615	58747.06971032061	1.4171524476767282e-10
153.55355355355357	0.19655245618232847	58737.462828534866	1.4176189256455223e-10
153.82882882882885	0.19670055224577052	58727.85751778459	1.4180854374074083e-10
154.10410410410412	0.19688874241940493	58718.25377781295	1.4185520687912973e-10
154.37937937937937	0.19718845549662206	58708.65160836313	1.4190190191832697e-10
154.65465465465465	0.19740238009056504	58699.05100917831	1.4194861152810647e-10
154.92992992992993	0.1975366050516509	58689.45198000169	1.4199532181446693e-10
155.2052052052052	0.19776583766360223	58679.85452057664	1.4204205126284205e-10
155.48048048048048	0.19807741291835518	58670.258630646495	1.4208881361629443e-10
155.75575575575576	0.19836270868559383	58660.66430995464	1.421356018429238e-10
156.03103103103103	0.19853654881444394	58651.07155824444	1.4218239511960157e-10
156.3063063063063	0.19858457548629604	58641.48037525931	1.4222917297002863e-10
156.5815815815816	0.1986724656957275	58631.89076074276	1.4227594635920121e-10
156.85685685685687	0.19889689294922047	58622.302714438396	1.4232274151681508e-10
157.13213213213214	0.19918274719219298	58612.71623608984	1.4236956811810777e-10
157.40740740740742	0.19947650953760296	58603.13132544071	1.4241642527188807e-10
157.6826826826827	0.19976411656256438	58593.547982234675	1.4246330978206735e-10
157.95795795795797	0.2000192800816391	58583.96620621544	1.4251021438230976e-10
158.23323323323325	0.20022028487973131	58574.38599712672	1.4255712909361633e-10
158.50850850850853	0.2004329826604718	58564.807354712335	1.4260405654944319e-10
158.7837837837838	0.20072112633619948	58555.230278716146	1.4265100988376783e-10
159.05905905905905	0.20101567369458792	58545.654768882036	1.4269798867126563e-10
159.33433433433433	0.20124781166597783	58536.0808249539	1.4274498087623025e-10
159.6096096096096	0.20141522087907343	58526.50844667568	1.4279197572813337e-10
159.88488488488488	0.20156570809180993	58516.93763379137	1.4283897201352473e-10
160.16016016016016	0.20179223767010826	58507.36838604504	1.428859843906798e-10
160.43543543543544	0.2020426446750483	58497.8007031808	1.4293301671769098e-10
160.7107107107107	0.20217354585827607	58488.23458494274	1.4298004820367237e-10
160.985985985986	0.2022773165122062	58478.670031075	1.430270764145024e-10
161.26126126126127	0.20250905637648656	58469.107041321855	1.4307412530728284e-10
161.53653653653654	0.20276703973351218	58459.54561542758	1.4312119850562834e-10
161.81181181181182	0.20293723687491796	58449.985753136425	1.4316828005876766e-10
162.0870870870871	0.2030747427837041	58440.42745419272	1.4321536540169695e-10
162.36236236236238	0.20323816274521397	58430.87071834087	1.4326246037803178e-10
162.63763763763765	0.20344421658582	58421.3155453253	1.4330957282797952e-10
162.91291291291293	0.20366895242879657	58411.76193489048	1.4335670553176077e-10
163.1881881881882	0.20385384116653998	58402.20988678091	1.4340385116511936e-10
163.46346346346348	0.20396512474210618	58392.659400741104	1.434509978021481e-10
163.73873873873873	0.20400148903422874	58383.110476515634	1.434981349069616e-10
164.014014014014	0.2040586247128876	58373.56311384914	1.4354526923400468e-10
164.2892892892893	0.2042136400923004	58364.0173124863	1.4359241943454307e-10
164.56456456456456	0.2043575373805759	58354.473072171866	1.4363958358065068e-10
164.83983983983984	0.20444023922026983	58344.93039265055	1.4368675171557613e-10
165.11511511511512	0.2046070623960328	58335.38927366719	1.4373393927268956e-10
165.3903903903904	0.20484340783641242	58325.849714966665	1.4378115717323704e-10
165.66566566566567	0.20492658322024232	58316.31171629379	1.4382837811318472e-10
165.94094094094095	0.20491690578169602	58306.77527739344	1.4387558840871473e-10
166.21621621621622	0.2050582101640624	58297.24039801065	1.4392281644405235e-10
166.4914914914915	0.20525806290329066	58287.707077890445	1.4397007154179443e-10
166.76676676676678	0.20533296780873037	58278.17531677783	1.4401733155416185e-10
167.04204204204206	0.20539949631939877	58268.645114417886	1.4406459649876004e-10
167.31731731731733	0.20558989183582338	58259.1164705558	1.4411188814649096e-10
167.5925925925926	0.20586533742423568	58249.58938493678	1.4415921891652426e-10
167.8678678678679	0.20613811691580844	58240.06385730605	1.442065851325521e-10
168.14314314314316	0.20629271394143786	58230.539887408806	1.4425396474850582e-10
168.4184184184184	0.20633962618447138	58221.0174749903	1.4430134043202458e-10
168.6936936936937	0.2064044558706506	58211.49661979589	1.4434871768849393e-10
168.96896896896897	0.20654379855631103	58201.97732157099	1.4439611053215773e-10
169.24424424424424	0.2067584088672354	58192.45958006104	1.4444353120168803e-10
169.51951951951952	0.20697706226109744	58182.94339501153	1.444909786626635e-10
169.7947947947948	0.20712856363739404	58173.42876616791	1.4453844045448607e-10
170.07007007007007	0.2072226543357715	58163.915693275725	1.4458590739281278e-10
170.34534534534535	0.20729584801643847	58154.40417608056	1.44633377457354e-10
170.62062062062063	0.20740355170672267	58144.89421432805	1.446808578929381e-10
170.8958958958959	0.20756804730233905	58135.385807763894	1.447283585817791e-10
171.17117117117118	0.20777148122796724	58125.87895613382	1.447758851691766e-10
171.44644644644646	0.20801363058879646	58116.373659183606	1.4482344248161087e-10
171.72172172172174	0.20829969042540844	58106.86991665906	1.4487103550089503e-10
171.996996996997	0.20856891676779102	58097.36772830601	1.449186587380215e-10
172.2722722722723	0.20875656224711886	58087.86709387032	1.449662970759528e-10
172.54754754754757	0.2089020594160082	58078.36801309789	1.4501394378730633e-10
172.82282282282284	0.20906054099174096	58068.87048573469	1.4506160188691083e-10
173.0980980980981	0.20925952037166207	58059.37451152674	1.451092783783225e-10
173.37337337337337	0.20949676338391934	58049.8800902201	1.4515697894578525e-10
173.64864864864865	0.20973119510566762	58040.387221560864	1.4520470194671288e-10
173.92392392392392	0.20989366176201696	58030.89590529513	1.452524349745813e-10
174.1991991991992	0.20991423774845622	58021.40614116901	1.4530015620193497e-10
174.47447447447448	0.2099300765906422	58011.91792892871	1.453478685128004e-10
174.74974974974975	0.2101382734544389	58002.43126832058	1.4539560574231002e-10
175.02502502502503	0.21044570119994005	57992.94615909094	1.4544338232419598e-10
175.3003003003003	0.21070648307564194	57983.4626009861	1.4549118761161052e-10
175.57557557557558	0.21090687413744946	57973.98059375243	1.4553901026187448e-10
175.85085085085086	0.21107148330375716	57964.50013713633	1.455868443658776e-10
176.12612612612614	0.2112476898403674	57955.021230884275	1.4563469227708073e-10
176.40140140140142	0.21144872828384323	57945.543874742776	1.4568255810723205e-10
176.6766766766767	0.2116494688070919	57936.06806845837	1.4573044146346145e-10
176.95195195195197	0.21185521308881183	57926.59381177765	1.4577834283580369e-10
177.22722722722725	0.2120895342243435	57917.12110444725	1.458262663280047e-10
177.50250250250252	0.21234792334543973	57907.64994621386	1.4587421476923074e-10
177.77777777777777	0.21259588222087095	57898.18033682417	1.4592218522402069e-10
178.05305305305305	0.21272886234051985	57888.7122760249	1.459701589297331e-10
178.32832832832833	0.21271807493436581	57879.24576356277	1.4601811518868213e-10
178.6036036036036	0.2127438292687362	57869.78079918464	1.4606606407635021e-10
178.87887887887888	0.21290688532426943	57860.31738263745	1.4611403000047347e-10
179.15415415415416	0.21315669752620137	57850.85551366813	1.461620262096353e-10
179.42942942942943	0.2134172465935552	57841.39519202365	1.4621005234983788e-10
179.7047047047047	0.2136137709182277	57831.93641745099	1.4625809656809946e-10
179.97997997998	0.21379211074408744	57822.47918969718	1.463061557058577e-10
180.25525525525526	0.21403394420130933	57813.02350850934	1.4635423960642871e-10
180.53053053053054	0.21428430842343352	57803.56937363457	1.4640234830979366e-10
180.80580580580582	0.2144620605159392	57794.11678482002	1.464504694134802e-10
181.0810810810811	0.21453408785539432	57784.665741812874	1.4649858713821697e-10
181.35635635635637	0.2145347570725664	57775.21624436032	1.465466930795365e-10
181.63163163163165	0.21459658355749894	57765.76829220971	1.4659480026683168e-10
181.90690690690693	0.21477587726945796	57756.32188510837	1.4664292862407598e-10
182.1821821821822	0.21503755500782795	57746.87702280375	1.4669108998859257e-10
182.45745745745745	0.21534080147139475	57737.433705043244	1.4673928831688077e-10
182.73273273273273	0.21564208845626182	57727.991931574325	1.4678752037687208e-10
183.008008008008	0.21588613455742323	57718.55170214448	1.4683577499904614e-10
183.28328328328328	0.21603635537766397	57709.11301650119	1.4688403702167755e-10
183.55855855855856	0.2161416099337557	57699.67587439202	1.4693230073632985e-10
183.83383383383384	0.21626169332928113	57690.24027556459	1.469805702476114e-10
184.1091091091091	0.21643670677886845	57680.80621976657	1.4702885516672324e-10
184.3843843843844	0.2166620508108194	57671.37370674571	1.470771631007877e-10
184.65965965965967	0.2168802979929475	57661.94273624974	1.471254919683675e-10
184.93493493493494	0.21707283128949675	57652.51330802642	1.471738371770639e-10
185.21021021021022	0.21725402986223052	57643.08542182359	1.4722219692016617e-10
185.4854854854855	0.2174264410930061	57633.65907738911	1.4727057002002618e-10
185.76076076076077	0.2175997830261535	57624.23427447087	1.4731895691513424e-10
186.03603603603605	0.21784702618833093	57614.81101281688	1.4736736887552563e-10
186.31131131131133	0.2181795218271376	57605.389292175125	1.474158172880825e-10
186.5865865865866	0.21839377836119478	57595.96911229362	1.474642817446813e-10
186.86186186186188	0.21845176104781577	57586.55047292037	1.4751273900071944e-10
187.13713713713713	0.21863203664337835	57577.13337380354	1.4756121024636628e-10
187.4124124124124	0.21894704393865402	57567.71781469132	1.4760971561999164e-10
187.68768768768768	0.21913877564482379	57558.30379533188	1.4765823440646741e-10
187.96296296296296	0.21923781515852842	57548.8913154734	1.4770675323631995e-10
188.23823823823824	0.21943095837540638	57539.4803748642	1.477552880615422e-10
188.51351351351352	0.2197233472783516	57530.07097325265	1.4780385340665005e-10
188.7887887887888	0.2200370263927889	57520.66311038712	1.47852450344975e-10
189.06406406406407	0.22024464460657509	57511.25678601595	1.4790106119510597e-10
189.33933933933935	0.22030892359575913	57501.85199988754	1.4794966525820577e-10
189.61461461461462	0.22039446330130452	57492.44875175039	1.479982686375074e-10
189.8898898898899	0.22056551163665242	57483.047041353035	1.480468860023934e-10
190.16516516516518	0.22073399466488672	57473.64686844407	1.4809551720689095e-10
190.44044044044045	0.22085670098581023	57464.24823277207	1.4814415583800713e-10
190.71571571571573	0.22093957365408007	57454.851134085664	1.4819279721227e-10
190.990990990991	0.2210449919961183	57445.45557213355	1.4824144634896756e-10
191.26626626626629	0.22124274114685072	57436.0615466645	1.4829011773561267e-10
191.54154154154156	0.2215208107836021	57426.66905742732	1.4833882213232517e-10
191.8168168168168	0.221835701115064	57417.27810417084	1.483875625017054e-10
192.0920920920921	0.22212150095285224	57407.88868664389	1.4843633188525649e-10
192.36736736736736	0.22233276582893666	57398.50080459534	1.4848511775898351e-10
192.64264264264264	0.22246406884376557	57389.114457774085	1.485339085375693e-10
192.91791791791792	0.22257293981994447	57379.72964592911	1.4858270245205833e-10
193.1931931931932	0.2227604867602567	57370.34636880946	1.4863151246506183e-10
193.46846846846847	0.22299238061768942	57360.964626164205	1.4868034486692068e-10
193.74374374374375	0.22317021101746823	57351.58441774243	1.4872919104027715e-10
194.01901901901903	0.22328932939254545	57342.20574329325	1.4877804287806338e-10
194.2942942942943	0.2233917980406483	57332.82860256584	1.4882689935989172e-10
194.56956956956958	0.22356288637020505	57323.452995309446	1.4887577175127638e-10
194.84484484484486	0.2238346290536999	57314.07892127338	1.4892467433842423e-10
195.12012012012013	0.22412043344782753	57304.70638020695	1.489736071526249e-10
195.3953953953954	0.22435484808833425	57295.33537185948	1.4902256096495532e-10
195.6706706706707	0.22451765177773597	57285.965895980335	1.4907152496311992e-10
195.94594594594597	0.22464871121196137	57276.597952318916	1.4912049542087798e-10
196.22122122122124	0.22481677854623897	57267.231540624714	1.4916947879912653e-10
196.4964964964965	0.22499465376472452	57257.86666064724	1.4921847686293762e-10
196.77177177177177	0.22513607301459335	57248.503312136025	1.492674846431476e-10
197.04704704704704	0.22529390652489337	57239.14149484068	1.493165052612496e-10
197.32232232232232	0.2255070173897979	57229.78120851086	1.4936554686184302e-10
197.5975975975976	0.2257186836591242	57220.42245289622	1.494146085477318e-10
197.87287287287288	0.22590447315298728	57211.06522774647	1.494636861342878e-10
198.14814814814815	0.2261064648733435	57201.70953281138	1.4951278186844457e-10
198.42342342342343	0.22633798906786134	57192.35536784075	1.4956189954228595e-10
198.6986986986987	0.22657921215240703	57183.00273258443	1.496110396737203e-10
198.97397397397398	0.22678789250891307	57173.65162679228	1.4966019686028685e-10
199.24924924924926	0.22693098362388575	57164.30205021419	1.4970936186995128e-10
199.52452452452454	0.22708719176137976	57154.95400260011	1.4975853758702055e-10
199.7997997997998	0.2273367105174516	57145.607483700114	1.4980773756346763e-10
200.0750750750751	0.22765043476708288	57136.26249326424	1.4985696947883807e-10
200.35035035035037	0.2279608515143023	57126.91903104259	1.499062306838121e-10
200.62562562562564	0.22817061998196453	57117.57709678523	1.499555056007803e-10
200.90090090090092	0.2282416261746343	57108.23669024227	1.5000477557013821e-10
201.17617617617617	0.22821367139439552	57098.89781116388	1.5005402982238507e-10
201.45145145145145	0.22822934605742815	57089.560459300315	1.501032784884433e-10
201.72672672672672	0.22845082470909345	57080.224634401944	1.5015255257166152e-10
202.002002002002	0.22870554026953144	57070.89033621912	1.5020185533249386e-10
202.27727727727728	0.22879106684689127	57061.557564502145	1.502511620298689e-10
202.55255255255256	0.22893847818840343	57052.226319001435	1.5030048268698223e-10
202.82782782782783	0.22930290247487567	57042.89659946752	1.5034984703101764e-10
203.1031031031031	0.2296271290459809	57033.568405650905	1.5039924585171943e-10
203.3783783783784	0.22981768384616824	57024.24173730204	1.5044865861971135e-10
203.65365365365366	0.23007535366053153	57014.91659417155	1.504980946250185e-10
203.92892892892894	0.23037598588485678	57005.59297601004	1.5054755863419398e-10
204.20420420420422	0.23051776582593048	56996.270882568104	1.5059702775203391e-10
204.4794794794795	0.23060602511123354	56986.95031359642	1.5064649625187291e-10
204.75475475475477	0.23084123996561337	56977.631268845784	1.5069598598077868e-10
205.03003003003005	0.2310738640754554	56968.313748066954	1.507454958812352e-10
205.30530530530532	0.2311441598501294	56958.99775101069	1.5079500376789203e-10
205.5805805805806	0.23117981724579517	56949.68327742785	1.5084450739746824e-10
205.85585585585588	0.23129989646718987	56940.37032706936	1.5089402069921484e-10
206.13113113113113	0.23151652760510277	56931.05889968619	1.5094355737224115e-10
206.4064064064064	0.23176897722882378	56921.74899502933	1.5099312118898663e-10
206.68168168168168	0.23194197358763177	56912.44061284977	1.5104270013577488e-10
206.95695695695696	0.23205896447439955	56903.13375289855	1.5109228692003857e-10
207.23223223223223	0.23222110084899164	56893.82841492679	1.5114188860183962e-10
207.5075075075075	0.23243130025437467	56884.52459868565	1.5119151168113903e-10
207.7827827827828	0.23265271852402666	56875.222303926326	1.5124115692142045e-10
208.05805805805807	0.2328478319128072	56865.92153040002	1.51290820048171e-10
208.33333333333334	0.23300973656045873	56856.622277857976	1.5134049645792677e-10
208.60860860860862	0.2331961395707411	56847.32454605152	1.5139018973112037e-10
208.8838838838839	0.23339211151495437	56838.028334732	1.514399010132768e-10
209.15915915915917	0.2334851728686158	56828.733643650754	1.5148961659590086e-10
209.43443443443445	0.23351306505679284	56819.44047255919	1.5153932950786007e-10
209.70970970970973	0.23362222858694395	56810.14882120879	1.51589052848252e-10
209.984984984985	0.23379773709915408	56800.85868935111	1.5163879604306438e-10
210.26026026026028	0.23397608643783907	56791.570076737684	1.5168855897231312e-10
210.53553553553556	0.23425187834176658	56782.28298312016	1.517383538382859e-10
210.8108108108108	0.23464959023060847	56772.99740825021	1.5178819430559312e-10
211.08608608608608	0.23487840806428892	56763.713351879414	1.5183805458985287e-10
211.36136136136136	0.23486099370965074	56754.430813759405	1.51887902420789e-10
211.63663663663664	0.23494488439347924	56745.14979364197	1.519377546181996e-10
211.91191191191191	0.23520982411328967	56735.870291278974	1.5198763609711932e-10
212.1871871871872	0.23543821870244305	56726.59230642222	1.5203754040190873e-10
212.46246246246247	0.2355534583204291	56717.31583882356	1.520874521127134e-10
212.73773773773775	0.23559166764715966	56708.04088823485	1.521373624828177e-10
213.01301301301302	0.2356895772817068	56698.76745440808	1.5218728147863914e-10
213.2882882882883	0.23594987191159877	56689.49553709532	1.522372309359045e-10
213.56356356356358	0.2362289362365535	56680.22513604861	1.5228721134841186e-10
213.83883883883885	0.23642327980874475	56670.95625101997	1.523372099412149e-10
214.11411411411413	0.23661883381444473	56661.68888176155	1.523872266022823e-10
214.3893893893894	0.23683951882284052	56652.423028025485	1.5243726427324308e-10
214.66466466466468	0.23701011068290068	56643.15868956396	1.5248731595960053e-10
214.93993993993996	0.23716529749279833	56633.89586612921	1.525373799967994e-10
215.21521521521524	0.2374108349164757	56624.63455747357	1.5258746831568412e-10
215.4904904904905	0.2377046394411386	56615.37476334935	1.5263758591761658e-10
215.76576576576576	0.2379538015287371	56606.1164835089	1.526877254397021e-10
216.04104104104104	0.23815372978184296	56596.85971770461	1.5273787994277978e-10
216.31631631631632	0.23833445883314597	56587.604465688884	1.5278804717862432e-10
216.5915915915916	0.2385508093987121	56578.350727214245	1.5283823205181198e-10
216.86686686686687	0.23879748587753818	56569.09850203321	1.5288843814655722e-10
217.14214214214215	0.23897442307914252	56559.84778989832	1.5293865611879179e-10
217.41741741741743	0.23907830514940684	56550.59859056214	1.5298887745401154e-10
217.6926926926927	0.23919864011062927	56541.350903777326	1.5303910587744317e-10
217.96796796796798	0.23934517909410571	56532.10472929657	1.5308934584205755e-10
218.24324324324326	0.23948513409074432	56522.860066872585	1.5313959715028486e-10
218.51851851851853	0.23962435794240886	56513.61691625815	1.5318986035829994e-10
218.7937937937938	0.23977614590021046	56504.375277206054	1.532401375972858e-10
219.0690690690691	0.2399328609710476	56495.135149469155	1.532904297748272e-10
219.34434434434436	0.24009108478201951	56485.89653280033	1.5334073725778754e-10
219.61961961961964	0.24026266426776516	56476.659426952516	1.5339106182640243e-10
219.89489489489492	0.2404222369928607	56467.423831678665	1.5344140190313757e-10
220.17017017017017	0.24050688048879199	56458.18974673177	1.5349174837653797e-10
220.44544544544544	0.24057400281670238	56448.95717186485	1.5354210038193138e-10
220.72072072072072	0.24074764172635935	56439.72610683103	1.535924724314421e-10
220.995995995996	0.2409801903653422	56430.4965513835	1.5364287127310896e-10
221.27127127127127	0.24116329572384917	56421.26850527537	1.5369328948299455e-10
221.54654654654655	0.24125822735121513	56412.04196825982	1.5374371588543908e-10
221.82182182182183	0.24128008602033577	56402.81694009007	1.5379414259885927e-10
222.0970970970971	0.24133016129474164	56393.59342051942	1.5384457515246688e-10
222.37237237237238	0.2414995178456362	56384.37140930123	1.5389502952051894e-10
222.64764764764766	0.24183657878855805	56375.150906188974	1.5394552545573642e-10
222.92292292292294	0.242220183537126	56365.93191093606	1.539960652461361e-10
223.1981981981982	0.24240685198514936	56356.71442329586	1.5404662142397035e-10
223.4734734734735	0.2424310515083705	56347.49844302179	1.5409717434013974e-10
223.74874874874877	0.2424673306895538	56338.283969867385	1.5414772798358417e-10
224.02402402402404	0.24259384092756917	56329.07100358626	1.5419829530651586e-10
224.29929929929932	0.2428056614754497	56319.859543932056	1.5424888698192013e-10
224.5745745745746	0.2429435704810144	56310.649590658395	1.5429949305986762e-10
224.84984984984985	0.24293701325644182	56301.441143518896	1.5435009636984702e-10
225.12512512512512	0.24293023955094886	56292.23420226729	1.5440069934305284e-10
225.4004004004004	0.24301503210593264	56283.0287666574	1.5445131521563873e-10
225.67567567567568	0.2431935470036929	56273.82483644308	1.5450195578209056e-10
225.95095095095095	0.24340743047078134	56264.62241137818	1.545526242398896e-10
226.22622622622623	0.24356518543760394	56255.421491216584	1.546033123524246e-10
226.5015015015015	0.24361452911052858	56246.222075712176	1.5465400667852124e-10
226.77677677677679	0.24357111884775923	56237.02416461889	1.547046973681627e-10
227.05205205205206	0.24365091577323647	56227.827757690786	1.5475540184930438e-10
227.32732732732734	0.2439345835086876	56218.63285468199	1.5480614500592626e-10
227.60260260260262	0.24408477268709067	56209.43945534656	1.5485690793270585e-10
227.8778778778779	0.24402524657167873	56200.24755943853	1.5490766505075694e-10
228.15315315315317	0.24410687839865866	56191.05716671215	1.549584361742863e-10
228.42842842842845	0.24434687150900122	56181.86827692166	1.5500924063520475e-10
228.70370370370372	0.24447720934682254	56172.680889821306	1.5506006312645035e-10
228.978978978979	0.2445029265210497	56163.49500516532	1.5511089094223622e-10
229.25425425425428	0.24456249196207286	56154.310622708064	1.5516172957868133e-10
229.52952952952953	0.24471230594320992	56145.12774220394	1.5521259058272006e-10
229.8048048048048	0.24494323181116773	56135.9463634074	1.552634828910586e-10
230.08008008008008	0.24513268379923847	56126.766486072884	1.5531439964533717e-10
230.35535535535536	0.2452236852700342	56117.58810995484	1.553653281183236e-10
230.63063063063063	0.24530547151213478	56108.4112348078	1.5541626784327604e-10
230.9059059059059	0.24538540726327127	56099.23586038633	1.5546721929025642e-10
231.1811811811812	0.24537993845468314	56090.061986445035	1.555181729247027e-10
231.45645645645646	0.2453514606792739	56080.88961273854	1.5556912783919358e-10
231.73173173173174	0.2454343059042819	56071.718739021584	1.5562009927226499e-10
232.00700700700702	0.2455851423488673	56062.54936504894	1.5567109534660836e-10
232.2822822822823	0.24572001133009888	56053.38149057537	1.5572211313372763e-10
232.55755755755757	0.245868741050422	56044.2151153557	1.5577315363070555e-10
232.83283283283285	0.24603922391498714	56035.050239144795	1.558242186372258e-10
233.10810810810813	0.24613712183231803	56025.886861697516	1.5587529854254117e-10
233.3833833833834	0.2461771653668545	56016.72498276878	1.559263867215128e-10
233.65865865865868	0.2463251303351379	56007.5646021136	1.5597749703719649e-10
233.93393393393396	0.24656554262645614	55998.40571948704	1.5602863970664106e-10
234.2092092092092	0.24673952533583365	55989.24833464412	1.5607980485950816e-10
234.48448448448448	0.24680334175671498	55980.0924473399	1.5613097877482315e-10
234.75975975975976	0.24678830974973118	55970.93805732946	1.5618215316943383e-10
235.03503503503504	0.24679747242720854	55961.785164368004	1.5623333295878934e-10
235.3103103103103	0.24692046173006568	55952.6337682108	1.5628453302974252e-10
235.5855855855856	0.24715162058970935	55943.48386861314	1.5633576566732708e-10
235.86086086086087	0.2474296249891475	55934.33546533035	1.5638703429998077e-10
236.13613613613614	0.2476324349048645	55925.18855811773	1.5643832760637938e-10
236.41141141141142	0.24773567131134913	55916.043146730604	1.5648963291847058e-10
236.6866866866867	0.24782004627276677	55906.899230924384	1.565409486371626e-10
236.96196196196198	0.24796955883995636	55897.75681045456	1.565922831817879e-10
237.23723723723725	0.248233746683807	55888.615885076666	1.5664364963919477e-10
237.51251251251253	0.24845788212219377	55879.47645454624	1.566950413730327e-10
237.7877877877878	0.2485062214491831	55870.33851861875	1.5674643688489198e-10
238.06306306306308	0.24857633901050077	55861.20207704984	1.5679784035480786e-10
238.33833833833836	0.2487959709791111	55852.06712959523	1.5684927024932173e-10
238.61361361361364	0.24900325538142246	55842.93367601061	1.5690072388269297e-10
238.88888888888889	0.2491497253273313	55833.8017160517	1.5695219332968002e-10
239.16416416416416	0.24936554814945103	55824.67124947428	1.570036867019324e-10
239.43943943943944	0.2496522810633363	55815.542276034204	1.5705521120659935e-10
239.71471471471472	0.24990979017180281	55806.41479548732	1.5710676161207876e-10
239.98998998999	0.25009451948737804	55797.2888075895	1.5715832841233022e-10
240.26526526526527	0.25021098012733484	55788.16431209664	1.5720990386171152e-10
240.54054054054055	0.2503524852214918	55779.041308764725	1.5726149185077e-10
240.81581581581582	0.2505830894986378	55769.9197973498	1.5731310305951364e-10
241.0910910910911	0.250827906557253	55760.79977760794	1.5736473825767606e-10
241.36636636636638	0.2510486933413702	55751.68124929522	1.5741639378304878e-10
241.64164164164166	0.25129447335779315	55742.56421216779	1.5746807198791295e-10
241.91691691691693	0.2515193585740678	55733.448665981814	1.5751976974625438e-10
242.1921921921922	0.25159676084327903	55724.33461049345	1.5757147011233135e-10
242.4674674674675	0.2515869100591137	55715.22204545892	1.576231650495828e-10
242.74274274274276	0.2516380690598054	55706.11097063451	1.576748642328829e-10
243.01801801801804	0.251756430528736	55697.0013857766	1.57726576834798e-10
243.29329329329332	0.25190447541051025	55687.89329064159	1.5777830663578685e-10
243.56856856856857	0.2520683700014137	55678.78668498587	1.578300553739576e-10
243.84384384384384	0.25223378477528496	55669.681568565924	1.5788182295329697e-10
244.11911911911912	0.2523768925355644	55660.57794113823	1.5793360661856793e-10
244.3943943943944	0.2525042531508299	55651.4758024593	1.5798540470486877e-10
244.66966966966967	0.25265671945346624	55642.37515228573	1.580372203340987e-10
244.94494494494495	0.25283003891523526	55633.275990374124	1.580890557508524e-10
245.22022022022023	0.25298566991184973	55624.17831648114	1.5814090861011657e-10
245.4954954954955	0.2530886385075331	55615.08213036345	1.5819277297167725e-10
245.77077077077078	0.2531194488257649	55605.98743177775	1.582446414712484e-10
246.04604604604606	0.25311543360922073	55596.89422048079	1.5829651181981624e-10
246.32132132132134	0.2531423020890411	55587.8024962294	1.5834838935576004e-10
246.5965965965966	0.2532962424909703	55578.71225878048	1.5840028951250924e-10
246.8718718718719	0.25354692483785196	55569.62350789096	1.58452222348062e-10
247.14714714714717	0.25368195814633376	55560.53624331773	1.5850417298891321e-10
247.42242242242244	0.25371679944022657	55551.45046481772	1.5855613018912342e-10
247.69769769769772	0.25386690616441615	55542.36617214799	1.5860810807342048e-10
247.972972972973	0.2541374638153009	55533.28336506562	1.5866011951873225e-10
248.24824824824825	0.2544161188256304	55524.202043327714	1.5871216327172193e-10
248.52352352352352	0.2546168679124379	55515.12220669137	1.5876422877776054e-10
248.7987987987988	0.25471045850275453	55506.0438549137	1.58816303643451e-10
249.07407407407408	0.2548141803710268	55496.96698775194	1.5886838994020834e-10
249.34934934934935	0.25500286959745205	55487.89160496334	1.5892049769881803e-10
249.62462462462463	0.2552203035282879	55478.81770630522	1.5897262949279997e-10
249.8998998998999	0.25538589853755506	55469.74529153489	1.5902477875294908e-10
250.17517517517518	0.25542009766342694	55460.674360409655	1.5907693105891418e-10
250.45045045045046	0.25540726480951614	55451.6049126869	1.5912908299760432e-10
250.72572572572574	0.25551522336672805	55442.536948124114	1.5918124996874394e-10
251.00100100100101	0.2556949649804324	55433.47046647882	1.5923344007655562e-10
251.2762762762763	0.2558455815903077	55424.405467508535	1.5928564936666506e-10
251.55155155155157	0.2560277607781918	55415.34195097083	1.5933788100633238e-10
251.82682682682685	0.25630488110801425	55406.27991662335	1.5939014463231184e-10
252.10210210210212	0.25665235382045626	55397.21936422378	1.5944244591619688e-10
252.3773773773774	0.25696326184285984	55388.16029352979	1.5949477823888047e-10
252.65265265265268	0.2570487752052087	55379.102704298995	1.5954711559709007e-10
252.92792792792793	0.257009749044069	55370.0465962891	1.5959944607764323e-10
253.2032032032032	0.2571547623896486	55360.991969258	1.5965179247057678e-10
253.47847847847848	0.25734912539677857	55351.938822963544	1.5970416022394822e-10
253.75375375375376	0.25731020718957165	55342.887157163525	1.5975652372047805e-10
254.02902902902903	0.2572205026537348	55333.836971615834	1.5980888009158667e-10
254.3043043043043	0.2573213174512541	55324.788266078525	1.598612529026415e-10
254.5795795795796	0.25759403806437026	55315.741040309666	1.5991366076398077e-10
254.85485485485486	0.2579307893185266	55306.695294067315	1.5996610823393331e-10
255.13013013013014	0.2581576882445016	55297.65102710952	1.6001858068843457e-10
255.40540540540542	0.2582890956370507	55288.60823919434	1.600710669478354e-10
255.6806806806807	0.2585255835895498	55279.56693007999	1.601235786066923e-10
255.95595595595597	0.2587901519922939	55270.52709952468	1.601761175797648e-10
256.2312312312313	0.258873130462696	55261.48874728657	1.6022866335095816e-10
256.5065065065065	0.258940711310533	55252.45187312393	1.6028121556833778e-10
256.7817817817818	0.25920325457635224	55243.41647679516	1.6033379618839129e-10
257.0570570570571	0.2594710896328839	55234.38255805862	1.603864043256216e-10
257.3323323323324	0.25959766494856773	55225.35011667264	1.604390238118683e-10
257.60760760760763	0.2597316643106645	55216.31915239567	1.6049165614592607e-10
257.8828828828829	0.2599274973697234	55207.2896649862	1.6054430834888142e-10
258.15815815815813	0.2600711790937287	55198.26165420272	1.6059697461314416e-10
258.43343343343344	0.2601944492929401	55189.235119803765	1.6064965318581647e-10
258.70870870870874	0.26043974373772705	55180.210061548	1.607023574172346e-10
258.983983983984	0.26078920838952035	55171.1864791941	1.60755097049216e-10
259.25925925925924	0.2611322467804844	55162.16437250072	1.608078690612847e-10
259.53453453453454	0.26130970251530516	55153.143741226515	1.6086065444066592e-10
259.80980980980985	0.26127969476571183	55144.12458513013	1.609134322477627e-10
260.0850850850851	0.26135935307159264	55135.10690397041	1.6096621683399637e-10
260.36036036036035	0.2616357977357135	55126.090697506275	1.6101902979591386e-10
260.63563563563565	0.26173026064472027	55117.075965496515	1.6107185099491934e-10
260.91091091091096	0.2616294077297474	55108.06270769995	1.6112466137041171e-10
261.1861861861862	0.26170545677551693	55099.0509238756	1.6117748261120824e-10
261.46146146146145	0.2619781459594663	55090.04061378255	1.612303358046268e-10
261.73673673673676	0.26225464567485407	55081.031777179815	1.6128321947837146e-10
262.01201201201206	0.2624660574275687	55072.024413826424	1.6133612529438654e-10
262.2872872872873	0.2626019561521236	55063.01852348147	1.6138904491767543e-10
262.56256256256256	0.26268786593567267	55054.01410590407	1.6144197366020207e-10
262.8378378378378	0.26273295503766864	55045.011160853384	1.6149490834162923e-10
263.1131131131131	0.26269919440633976	55036.009688088605	1.615478422568535e-10
263.3883883883884	0.26265018004119645	55027.009687368976	1.6160077600896901e-10
263.66366366366367	0.26277221996806316	55018.011158453904	1.6165372930883422e-10
263.9389389389389	0.26305525653724	55009.01410110277	1.617067183854011e-10
264.2142142142142	0.26333942290068246	55000.018515074975	1.6175974102134852e-10
264.48948948948953	0.26354260149244424	54991.024400129885	1.6181278693806156e-10
264.7647647647648	0.26365765035401534	54982.03175602693	1.6186584644552136e-10
265.04004004004	0.2638385118092283	54973.04058252565	1.6191892667526588e-10
265.31531531531533	0.26415636051435426	54964.05087938563	1.6197204103983768e-10
265.59059059059064	0.2643529539500569	54955.06264636638	1.6202517521407537e-10
265.8658658658659	0.26434926429786504	54946.075883227444	1.62078308727563e-10
266.14114114114113	0.2644205023414319	54937.09058972851	1.621314513081791e-10
266.41641641641644	0.26464245316616236	54928.10676562935	1.62184619146673e-10
266.69169169169174	0.2648755123215967	54919.1244106897	1.62237812368946e-10
266.966966966967	0.26505830950162196	54910.14352466929	1.6229102494094096e-10
267.24224224224224	0.26519067412717595	54901.16410732793	1.623442515717971e-10
267.5175175175175	0.2653256547567301	54892.186158425466	1.6239749292434937e-10
267.7927927927928	0.26549413686891704	54883.2096777218	1.624507526621513e-10
268.0680680680681	0.2655926552827756	54874.234664976844	1.625040236869744e-10
268.34334334334335	0.26560371791674603	54865.26111995052	1.6255729801295296e-10
268.6186186186186	0.26572722581298314	54856.289042402896	1.6261058856359377e-10
268.8938938938939	0.26600980754893344	54847.31843209407	1.626639113120307e-10
269.1691691691692	0.26628996893743917	54838.34928878414	1.6271726416314344e-10
269.44444444444446	0.26648430639162135	54829.38161223321	1.6277063705890012e-10
269.7197197197197	0.26658572504724065	54820.41540220138	1.6282402050825382e-10
269.994994994995	0.2666562362676971	54811.45065844885	1.6287741228967182e-10
270.2702702702703	0.2667616321341679	54802.48738073588	1.629308169430083e-10
270.54554554554556	0.2668554750862488	54793.52556882275	1.6298423388026358e-10
270.8208208208208	0.26691267470183705	54784.565222469755	1.6303766010794483e-10
271.0960960960961	0.26703201149262423	54775.606341437306	1.6309110274157257e-10
271.3713713713714	0.26723922183466003	54766.648925485824	1.6314457056215105e-10
271.6466466466467	0.26742829582786476	54757.692974375765	1.6319806083689412e-10
271.9219219219219	0.2675811780141229	54748.738487867566	1.6325156940575765e-10
272.19719719719717	0.2677646622894249	54739.78546572177	1.6330509915981775e-10
272.4724724724725	0.2679894191296355	54730.83390769895	1.6335865366744993e-10
272.7477477477478	0.2682244870341632	54721.88381355971	1.6341223302983514e-10
273.02302302302303	0.26839500340343375	54712.935183064656	1.634658300732898e-10
273.2982982982983	0.26847455616402616	54703.988015974406	1.6351943595031106e-10
273.5735735735736	0.26863208452044546	54695.04231204972	1.635730592605571e-10
273.8488488488489	0.26893297638195707	54686.09807105144	1.6362671385742005e-10
274.12412412412414	0.2691858983991598	54677.15529274031	1.6368039341005557e-10
274.3993993993994	0.26934479623503293	54668.21397687711	1.6373408797677835e-10
274.6746746746747	0.2695498103273467	54659.27412322274	1.6378780227117761e-10
274.94994994995	0.26980364033052295	54650.33573153815	1.6384154067502768e-10
275.22522522522524	0.2700167025530691	54641.39880158426	1.6389529848926811e-10
275.5005005005005	0.2701796683706791	54632.46333312203	1.6394907071610078e-10
275.7757757757758	0.27032065049271203	54623.52932591249	1.640028556384018e-10
276.0510510510511	0.2704771203673507	54614.59677971668	1.640566553013097e-10
276.32632632632635	0.270663637815531	54605.66569429574	1.6411047288104626e-10
276.6016016016016	0.27083675389228884	54596.73606941082	1.6416430706060028e-10
276.87687687687685	0.27097455846634677	54587.80790482307	1.642181546177056e-10
277.15215215215215	0.2710957803754562	54578.881200293705	1.6427201448555122e-10
277.42742742742746	0.27119625846797063	54569.955955583966	1.6432588533297376e-10
277.7027027027027	0.271254992961777	54561.03217045516	1.643797640044993e-10
277.97797797797796	0.271303703617276	54552.1098446686	1.6443365070533266e-10
278.25325325325326	0.2713946030002067	54543.1889779857	1.6448755055066725e-10
278.52852852852857	0.2715389864973991	54534.26957016789	1.6454146911866572e-10
278.8038038038038	0.2717294777290927	54525.351620976646	1.645954106173471e-10
279.07907907907907	0.27194176120100577	54516.43513017347	1.646493764490325e-10
279.35435435435437	0.27210886439034515	54507.52009751988	1.647033615691411e-10
279.6296296296297	0.2721028222031381	54498.60652277737	1.6475734955620542e-10
279.9049049049049	0.2720152882515023	54489.694405707516	1.6481133445593997e-10
280.1801801801802	0.2721550233820643	54480.783746072084	1.648653400882379e-10
280.4554554554555	0.27250962767865006	54471.87454363283	1.6491938622503625e-10
280.7307307307308	0.27285956255426896	54462.96679815151	1.6497346959796998e-10
281.00600600600603	0.2730792073150247	54454.06050938981	1.650275757270088e-10
281.2812812812813	0.27313033799920433	54445.155677109484	1.6508168839479496e-10
281.5565565565566	0.2731543496559256	54436.25230107234	1.651358063842861e-10
281.83183183183183	0.27327919242595367	54427.35038104031	1.6518994050207738e-10
282.10710710710714	0.2735090788308481	54418.449916775375	1.652441006585773e-10
282.3823823823824	0.27376188487892017	54409.550908039506	1.6529828795380887e-10
282.6576576576577	0.27387563619732436	54400.65335459465	1.6535248845432318e-10
282.93293293293294	0.27391370414537086	54391.75725620279	1.654066957162209e-10
283.20820820820825	0.27409827469773296	54382.862612626086	1.654609245126816e-10
283.4834834834835	0.2743765890456716	54373.96942362671	1.6551518297796487e-10
283.75875875875874	0.2745851789863747	54365.07768896676	1.6556946329242317e-10
284.03403403403405	0.2747095315670818	54356.18740840841	1.6562375727594483e-10
284.3093093093093	0.2747966499808261	54347.29858171389	1.6567806200649398e-10
284.5845845845846	0.2749384606596091	54338.41120864548	1.65732383288782e-10
284.85985985985985	0.2751442998075693	54329.52528896551	1.6578672708622627e-10
285.13513513513516	0.275277695506362	54320.64082243631	1.6584108625074268e-10
285.4104104104104	0.27529995557450354	54311.75780882022	1.6589545096315183e-10
285.6856856856857	0.27528717721121576	54302.876247879656	1.6594981943714292e-10
285.96096096096096	0.27532194687705164	54293.996139377094	1.660041976217486e-10
286.23623623623627	0.2754660150085927	54285.11748307509	1.6605859642712242e-10
286.5115115115115	0.27564797148978937	54276.24027873622	1.6611301896616653e-10
286.7867867867868	0.2757824519422062	54267.36452612304	1.661674602242421e-10
287.06206206206207	0.2759130243377092	54258.490224998175	1.6622191973798107e-10
287.3373373373374	0.2760639182756075	54249.6173751243	1.6627639929466868e-10
287.6126126126126	0.27616225599384747	54240.74597626407	1.6633089387565138e-10
287.8878878878879	0.2762094421995841	54231.87602818022	1.6638539917512002e-10
288.1631631631632	0.27630900370837064	54223.007530635536	1.6643992076010436e-10
288.4384384384384	0.27645123055096077	54214.14048339286	1.664944626709918e-10
288.71371371371373	0.27654775179498575	54205.274886215026	1.665490204865875e-10
288.988988988989	0.2766333375041344	54196.41073886493	1.6660359344507962e-10
289.2642642642643	0.2767876190997786	54187.548041105525	1.666581880629979e-10
289.53953953953953	0.27702150399483455	54178.68679269984	1.667128110522131e-10
289.81481481481484	0.27729361759330534	54169.82699341088	1.667674645767684e-10
290.0900900900901	0.2774784032818031	54160.96864300165	1.6682213932539494e-10
290.3653653653654	0.277547072444108	54152.111741235196	1.6687682454598129e-10
290.64064064064064	0.2776395916895809	54143.25628787466	1.6693152322099427e-10
290.91591591591595	0.2777894569472654	54134.40228268324	1.6698624097734637e-10
291.1911911911912	0.2779211778534789	54125.54972542409	1.6704097605817007e-10
291.4664664664665	0.2780532408356579	54116.6986158605	1.6709572855866004e-10
291.74174174174175	0.27823667414730824	54107.848953755754	1.6715050309361733e-10
292.01701701701705	0.27836923324218527	54099.00073887314	1.6720529466855676e-10
292.2922922922923	0.2783818092306108	54090.153970975975	1.672600927453945e-10
292.5675675675676	0.2784975138530603	54081.308649827704	1.6731490778365125e-10
292.84284284284286	0.2787905432979708	54072.46477519184	1.673697555789308e-10
293.1181181181181	0.27893114963172655	54063.62234683179	1.674246209387824e-10
293.3933933933934	0.27883508717898864	54054.78136451095	1.6747948300815824e-10
293.66866866866866	0.2787603278940616	54045.9418279929	1.675343460388246e-10
293.94394394394396	0.27882630662217234	54037.10373704128	1.6758922446199527e-10
294.2192192192192	0.2790180198325075	54028.26709141977	1.6764412973669365e-10
294.4944944944945	0.27920039686842846	54019.43189089204	1.676990599934595e-10
294.76976976976977	0.27924573916049583	54010.598135221735	1.677540023060918e-10
295.0450450450451	0.27928267459661577	54001.7658241726	1.6780895660689224e-10
295.3203203203203	0.2794393654517071	53992.93495750847	1.6786393418014428e-10
295.5955955955956	0.27967386636363384	53984.10553499321	1.6791894126660556e-10
295.8708708708709	0.27989564721883675	53975.27755639065	1.6797397538612855e-10
296.1461461461462	0.27998870789918434	53966.45102146464	1.6802902420027345e-10
296.4214214214214	0.2800061483195207	53957.625929979105	1.6808408145233056e-10
296.69669669669673	0.2801327774776305	53948.80228169806	1.6813915782000402e-10
296.971971971972	0.2802957295318558	53939.98007638553	1.6819425635811633e-10
297.2472472472473	0.28032541732478244	53931.15931380551	1.6824936491893454e-10
297.52252252252254	0.28033765147979967	53922.33999372209	1.6830448287837623e-10
297.7977977977978	0.2804550633769591	53913.52211589944	1.6835962045229462e-10
298.0730730730731	0.2805188868893212	53904.70568010171	1.6841477276129152e-10
298.34834834834834	0.2804884160416789	53895.89068609306	1.6846993189855312e-10
298.62362362362364	0.28063488191418157	53887.0771336378	1.6852511469378577e-10
298.8988988988989	0.2809436240961048	53878.26502250032	1.685803346924166e-10
299.1741741741742	0.2810602041892054	53869.45435244486	1.6863557288666733e-10
299.44944944944945	0.28096563692096177	53860.64512323566	1.6869081081773005e-10
299.72472472472475	0.2808919417387079	53851.83733463714	1.6874605234537617e-10
300.0	0.2810764119601329	53843.03098641385	1.6880132177793434e-10
