0.005769932663674716	9.620138257859562	9360.831778428324	7.580942132180503	0.0012952486561657133
25.0	0.04419933554817276	33212.0	10.0
25.275275275275277	0.04503658147205448	34307.57857222838	9.10296985625336
25.55055055055055	0.04583842646892159	35320.53198435053	8.27255175151125
25.825825825825827	0.046528733871664556	36252.96281293965	7.507066300773177
26.1011011011011	0.0472317743564702	37109.9455382763	6.802426232754337
26.376376376376378	0.047990055607270314	37897.002546461954	6.154180019578167
26.65165165165165	0.048696291482876124	38617.637683417954	5.559509614270563
26.926926926926928	0.04935829027496816	39275.6362662988	5.015367973449158
27.2022022022022	0.05007953013312632	39876.05157120239	4.517679899069028
27.47747747747748	0.05082505752290572	40423.092753933815	4.0630524967309025
27.75275275275275	0.05151081178520346	40919.90935532781	3.64894997229638
28.02802802802803	0.05219151957124821	41370.188046179996	3.2724005414914585
28.303303303303302	0.052919429490406886	41777.83423107894	2.9302541809748575
28.57857857857858	0.053609264401903355	42145.8314975127	2.6201064328146346
28.853853853853856	0.054270452228264245	42477.15920108538	2.3395554080306753
29.12912912912913	0.055114607639588475	42775.82198552288	2.0853678557665574
29.404404404404403	0.05611261753122964	43045.05836246464	1.8549299519398386
29.67967967967968	0.056978068810501985	43286.43800342564	1.646978731424537
29.954954954954957	0.057741373648942045	43501.82429369385	1.4600128629112277
30.23023023023023	0.05860579591410712	43693.811056052284	1.291938808914421
30.505505505505504	0.05945718288188594	43864.348299294674	1.1411837851552473
30.78078078078078	0.060125820774611455	44014.842564470855	1.006614664093091
31.056056056056057	0.060721996204883465	44147.05578564434	0.8868100368855372
31.33133133133133	0.06139193656376716	44262.966280887274	0.7801727106382541
31.606606606606608	0.06221321075440978	44364.45596287939	0.6851830109245786
31.88188188188188	0.06316320582946489	44453.102757854715	0.6005669547110929
32.15715715715716	0.06409976762790243	44530.086384343274	0.525372659184284
32.432432432432435	0.06492417532922132	44596.3949665524	0.45880309590830143
32.70770770770771	0.06559421287137733	44652.95772708551	0.40010866241902726
32.98298298298298	0.06618263278468534	44700.75907798159	0.3484947831492721
33.25825825825826	0.0668068739816924	44740.81143335363	0.303143915716389
33.533533533533536	0.06752164275280921	44774.04886763833	0.2633016817519579
33.808808808808806	0.06832439277875377	44801.28238345975	0.22831312347189694
34.08408408408408	0.06910671796090566	44823.16497732021	0.19765103677155493
34.35935935935936	0.06980400871082959	44840.26324066875	0.17085801859478814
34.63463463463464	0.07045591247697798	44853.11945279765	0.1474961953883822
34.90990990990991	0.0711188203833154	44862.24486574981	0.1271526694790577
35.18518518518518	0.0718462826347009	44868.108304360205	0.10944876223774881
35.46046046046046	0.07257955538902985	44871.104369839275	0.09406578210589836
35.73573573573574	0.07321009637640208	44871.56143756189	0.08073856769379004
36.01101101101101	0.07376240296736639	44869.7858306195	0.06921972543511998
36.286286286286284	0.0743031705928765	44866.064667685285	0.05927732912912512
36.56156156156156	0.07486714956811258	44860.655517527826	0.05070330555369871
36.83683683683684	0.0754936397701847	44853.78720490338	0.043312790222644136
37.112112112112115	0.07624389979104389	44845.66289655832	0.03694163597290923
37.38738738738739	0.07709211837676334	44836.45329171445	0.03145193623977661
37.66266266266266	0.07790158285403047	44826.29562915705	0.02673283873448551
37.93793793793794	0.07858951391488792	44815.30769454702	0.02268920890609719
38.213213213213216	0.07913859572055434	44803.59580053229	0.019235171507790312
38.488488488488485	0.07966976301694398	44791.26123744703	0.01628888870914441
38.76376376376376	0.08033301181367386	44778.39748868842	0.013774817152581081
39.03903903903904	0.08111172453376006	44765.082634985905	0.011629862919616894
39.314314314314316	0.081938533641969	44751.38108081647	0.009801987556186359
39.58958958958959	0.08273729351845616	44737.34672388563	0.00824764468319323
39.86486486486486	0.08344524887220381	44723.02572609259	0.006929538495958215
40.14014014014014	0.0840292497518733	44708.4585222804	0.00581499887155881
40.41541541541542	0.0845924974077217	44693.68227869113	0.004873991622047055
40.690690690690694	0.08533517479209615	44678.7311157361	0.004078938989609278
40.965965965965964	0.08610134644221396	44663.631903184156	0.003408126525053803
41.24124124124124	0.08659880017915335	44648.40552154808	0.00284468343962477
41.51651651651652	0.08700485498293747	44633.072048505834	0.0023723832163623864
41.791791791791795	0.08758682439313051	44617.65018470259	0.001976109297402229
42.06706706706707	0.08834299927198076	44602.15530430863	0.0016434333544510069
42.34234234234234	0.08914259297599719	44586.59961921693	0.0013644846248515516
42.61761761761762	0.08971938010622403	44570.99271077481	0.0011315196125840196
42.892892892892895	0.09008387555009707	44555.34314516115	0.0009376143564576731
43.168168168168165	0.09057975368956332	44539.65913114734	0.0007761319218726125
43.44344344344344	0.0912570673032782	44523.94749759158	0.0006415507576493865
43.71871871871872	0.09195120087352424	44508.2136069446	0.0005295351584577965
43.993993993993996	0.09264875970211528	44492.461968978016	0.00043643855534305977
44.26926926926927	0.09338581764664072	44476.69642689749	0.0003591530069047764
44.54454454454455	0.09410520373647337	44460.920160400565	0.00029510691545415644
44.81981981981982	0.0947506110355079	44445.135824601864	0.00024215268666686544
45.0950950950951	0.09533079700175673	44429.34568471852	0.00019845778319231534
45.37037037037037	0.09590710126747692	44413.551683528916	0.0001624501945599834
45.645645645645644	0.096596995363775	44397.75548455768	0.00013278355021655378
45.92092092092092	0.09736125250945854	44381.95844196286	0.00010836159253690495
46.1961961961962	0.09802693461150498	44366.1616361709	8.83094012413967e-05
46.471471471471475	0.09857768898228211	44350.36598086907	7.18868066638147e-05
46.74674674674675	0.09909067792918363	44334.57226044835	5.845810873629393e-05
47.02202202202202	0.09964975784082107	44318.78115170452	4.747451472304144e-05
47.2972972972973	0.10030154127423682	44302.99319077646	3.850099766655989e-05
47.572572572572575	0.10096970893011202	44287.20881899027	3.117916642422784e-05
47.847847847847845	0.10160336447205386	44271.4283973048	2.5215601385709476e-05
48.12312312312312	0.10224215176069731	44255.65222733583	2.036484761556639e-05
48.3983983983984	0.10286456537263655	44239.8805564593	1.6425298070894613e-05
48.673673673673676	0.10338037425089566	44224.11358543713	1.3233031947130442e-05
48.94894894894895	0.10386942998000091	44208.351483355254	1.0649727926329727e-05
49.22422422422423	0.10449658182840511	44192.59439230475	8.558881475853528e-06
49.4994994994995	0.10515505688076789	44176.8424242194	6.868373468665398e-06
49.77477477477478	0.1056821216284398	44161.095667752554	5.504907573398287e-06
50.05005005005005	0.10616390735436326	44145.3541970544	4.4069116946415465e-06
50.32532532532532	0.10670210833782524	44129.61807330359	3.523301882192761e-06
50.6006006006006	0.10728792577538797	44113.887345485484	2.812853193795437e-06
50.87587587587588	0.10790794741669192	44098.162052776264	2.2422719870031067e-06
51.151151151151154	0.10856311195532069	44082.44222654822	1.7845744473930766e-06
51.42642642642643	0.10922461124335331	44066.727891724775	1.4179911130617278e-06
51.70170170170171	0.10984696857868896	44051.019068035406	1.1249520038702343e-06
51.97697697697698	0.11048134378040164	44035.31577130613	8.910433695064095e-07
52.252252252252255	0.11120268063761658	44019.61801408565	7.045017847983904e-07
52.527527527527525	0.11193781407437496	44003.92580592397	5.559884653915542e-07
52.8028028028028	0.11258821620130623	43988.23915403754	4.380510263104116e-07
53.07807807807808	0.11312227928444993	43972.558063907214	3.4464015751156034e-07
53.353353353353356	0.11357718264518768	43956.882539648825	2.7081047416179605e-07
53.62862862862863	0.11408642375572145	43941.21258427477	2.1250983133087607e-07
53.90390390390391	0.1146902822325703	43925.5481997846	1.6650560482890466e-07
54.17917917917918	0.11531770913301223	43909.88938731839	1.3025962876941477e-07
54.454454454454456	0.11590901128059532	43894.23614736335	1.0176102652137873e-07
54.729729729729726	0.1164274517043285	43878.58847990354	7.940523467332346e-08
55.005005005005	0.11691259330328738	43862.946384536306	6.190060897834375e-08
55.28028028028028	0.11741406138021387	43847.309860540096	4.821382948188191e-08
55.55555555555556	0.11790277258382668	43831.678906922185	3.753024595084117e-08
55.830830830830834	0.11838285914379686	43816.05352248022	2.920450198367736e-08
56.10610610610611	0.11896977609642805	43800.433705853284	2.2721059918631905e-08
56.38138138138139	0.11962695426161596	43784.8194558232	1.7448226864205337e-08
56.65665665665666	0.1201107372643897	43769.21077040513	1.335950808536916e-08
56.931931931931935	0.12048443631736833	43753.60764992835	1.0412298416255454e-08
57.20720720720721	0.12103533820778084	43738.01009091778	8.115764858105946e-09
57.48248248248248	0.12166519767735218	43722.418091561085	6.327997834557884e-09
57.75775775775776	0.12214462846262641	43706.8316500032	4.9402437612706815e-09
58.033033033033036	0.12258212224960044	43691.25076436383	3.864901722751849e-09
58.30830830830831	0.12312138081179522	43675.675432742035	3.032201817761902e-09
58.58358358358358	0.12371712093316917	43660.10565321693	2.388206231886827e-09
58.85885885885886	0.1242983189565111	43644.54142393588	1.8914878675902284e-09
59.134134134134136	0.12480944099858249	43628.98274298626	1.5091909439890465e-09
59.40940940940941	0.1252815749696444	43613.4296084218	1.2153822708460006e-09
59.68468468468468	0.12582407883996855	43597.88201450049	1.0176655276538412e-09
59.95995995995996	0.1264348712287821	43582.33996307651	8.605291199979076e-10
60.23523523523524	0.12704044876920026	43566.80345218367	7.357263591879612e-10
60.510510510510514	0.12758020040862666	43551.2724798545	6.366789652839452e-10
60.78578578578579	0.1280324765978331	43535.747044120726	5.58129517759829e-10
61.06106106106106	0.1284949249848862	43520.227143013595	4.958658992762718e-10
61.33633633633634	0.12902185918435197	43504.71277456408	4.465314716724331e-10
61.611611611611615	0.12952331612968743	43489.20393680306	4.074660074904542e-10
61.88688688688689	0.12999329601336837	43473.70062776144	3.765522812248067e-10
62.16216216216216	0.13054801346207578	43458.20284547043	3.521017499496469e-10
62.43743743743744	0.131171028078583	43442.71058796151	3.327760543865311e-10
62.712712712712715	0.13174763716503468	43427.223853266514	3.1751569845009435e-10
62.98798798798799	0.13227009134720327	43411.742639417665	3.05478315946131e-10
63.26326326326326	0.132773495070735	43396.26694444775	2.959942498007837e-10
63.53853853853854	0.1332461232902229	43380.79676639008	2.8853229154013854e-10
63.813813813813816	0.13367920344364478	43365.33210327853	2.826711583336308e-10
64.0890890890891	0.1341076712321266	43349.872953147606	2.780767640046827e-10
64.36436436436436	0.13459398782477994	43334.41931403248	2.74484396775653e-10
64.63963963963964	0.13522677366090075	43318.971183969006	2.716845554477506e-10
64.91491491491492	0.135956547185247	43303.52856099368	2.69511687150836e-10
65.1901901901902	0.1366111396543837	43288.09144314349	2.678347617950778e-10
65.46546546546547	0.13717949029160617	43272.65982845615	2.665499110286416e-10
65.74074074074073	0.1377340407052019	43257.23371497007	2.6557493593087143e-10
66.01601601601601	0.13824681325683374	43241.813100724314	2.6484479437422313e-10
66.29129129129129	0.1386858658192344	43226.39798375861	2.6430801366692093e-10
66.56656656656656	0.13912941765150866	43210.988362113436	2.639239862419269e-10
66.84184184184184	0.1396111751441831	43195.58423382996	2.636606626591766e-10
67.11711711711712	0.1400330313404208	43180.18559695002	2.634926165622062e-10
67.3923923923924	0.14037405773738992	43164.79244951606	2.633997407508124e-10
67.66766766766767	0.14072519602689204	43149.404789571345	2.6336625477551436e-10
67.94294294294295	0.14116672834593008	43134.022615159854	2.6337978021326435e-10
68.21821821821823	0.14174751666862687	43118.645924326294	2.634305903962607e-10
68.4934934934935	0.14237777865691664	43103.274715116015	2.6351090666593705e-10
68.76876876876878	0.1429222422376772	43087.90898557499	2.6361444830840847e-10
69.04404404404404	0.1433218498298055	43072.5487337498	2.637362028715119e-10
69.31931931931932	0.14360684050965114	43057.19395768777	2.638722498980355e-10
69.5945945945946	0.14397629413352314	43041.844655437046	2.6401969106160535e-10
69.86986986986987	0.14448519132101473	43026.500825046496	2.6417628718277537e-10
70.14514514514515	0.14493847903764692	43011.1624645656	2.6434008267817444e-10
70.42042042042041	0.14526359190714455	42995.82957204444	2.6450946887140906e-10
70.69569569569569	0.1455297021170994	42980.50214553382	2.6468324308908875e-10
70.97097097097097	0.14588886631604883	42965.18018308542	2.6486059565047303e-10
71.24624624624624	0.14646455551603108	42949.8636827516	2.650409962593227e-10
71.52152152152152	0.14697859740000527	42934.5526425853	2.6522377270011287e-10
71.7967967967968	0.14719420185948023	42919.247060639966	2.6540818693255814e-10
72.07207207207207	0.14743895105603766	42903.94693496993	2.655939492703153e-10
72.34734734734735	0.14789542499959862	42888.65226363039	2.657809901757538e-10
72.62262262262263	0.14827235152123105	42873.363044677026	2.659689983699827e-10
72.8978978978979	0.14850782229212225	42858.079276166165	2.661576759563234e-10
73.17317317317318	0.1488491274702523	42842.80095615498	2.663470017817978e-10
73.44844844844846	0.14933709200238096	42827.52808270138	2.6653699250359657e-10
73.72372372372374	0.14986186325315412	42812.26065386389	2.667275658365402e-10
73.998998998999	0.15037690402371484	42796.99866770169	2.6691861719672973e-10
74.27427427427428	0.15086195364465926	42781.742122274656	2.671100474335742e-10
74.54954954954955	0.15128655804508662	42766.4910156433	2.6730175369476044e-10
74.82482482482483	0.15166727527408794	42751.245345868876	2.6749366920869e-10
75.1001001001001	0.15213403370145173	42736.00511101338	2.6768584770814443e-10
75.37537537537537	0.15264594748029386	42720.77030913951	2.6787829733395184e-10
75.65065065065065	0.15291538991719045	42705.540938310405	2.6807079290531964e-10
75.92592592592592	0.15303747635988485	42690.31699659003	2.6826323440589355e-10
76.2012012012012	0.15341491602160037	42675.09848204324	2.6845586617318014e-10
76.47647647647648	0.15400826763543307	42659.8853927356	2.686488473801988e-10
76.75175175175175	0.15455617568299052	42644.67772673318	2.6884209478407443e-10
77.02702702702703	0.15492227943781967	42629.47548210264	2.6903543718402665e-10
77.30230230230231	0.15509182085343037	42614.27865691132	2.692287293687076e-10
77.57757757757759	0.15528914377627565	42599.0872492274	2.694220314918697e-10
77.85285285285286	0.1556514107262788	42583.90125711984	2.6961549755675963e-10
78.12812812812814	0.15608438837356797	42568.72067865825	2.698091755274306e-10
78.40340340340342	0.15656383690598452	42553.545511912846	2.7000308399463506e-10
78.67867867867868	0.15715440904446445	42538.37575495464	2.701972858356661e-10
78.95395395395396	0.1577497005401212	42523.21140585524	2.70391749317345e-10
79.22922922922923	0.1581590673302314	42508.0524626868	2.705863081828316e-10
79.50450450450451	0.1584224579620238	42492.89892352221	2.7078086217832583e-10
79.77977977977977	0.1586639125122699	42477.75078643512	2.7097542395044157e-10
80.05505505505505	0.15896546052629063	42462.608049499904	2.7117006398781784e-10
80.33033033033033	0.15936036228928846	42447.47071079167	2.7136486222964065e-10
80.6056056056056	0.15979517501383697	42432.33876838617	2.7155984246470515e-10
80.88088088088088	0.1601937790829813	42417.2122203598	2.717549683618949e-10
81.15615615615616	0.16047385669806852	42402.091064789536	2.71950152478244e-10
81.43143143143143	0.16070059576840098	42386.97529975315	2.721453725583062e-10
81.70670670670671	0.16103952954087844	42371.86492332917	2.723407291266905e-10
81.98198198198199	0.1614493647027612	42356.759933596804	2.725362721056962e-10
82.25725725725727	0.16179681177510746	42341.66032863584	2.727319469000717e-10
82.53253253253254	0.1620266936878803	42326.5661065267	2.729276719408034e-10
82.80780780780782	0.16213569345838516	42311.4772653505	2.7312338024541445e-10
83.0830830830831	0.16219911373491683	42296.393803189094	2.733190710113732e-10
83.35835835835836	0.16231497308323245	42281.31571812509	2.735148123559747e-10
83.63363363363364	0.16259245368832126	42266.243008241865	2.737107351468003e-10
83.90890890890891	0.16304362288461277	42251.175671623474	2.739069510453472e-10
84.18418418418419	0.16357557972652903	42236.113706354576	2.741034829569186e-10
84.45945945945945	0.16406091346199347	42221.057110520465	2.7430026149534355e-10
84.73473473473473	0.16439206848877602	42206.00588220699	2.7449715968234517e-10
85.01001001001	0.16470470326280123	42190.96001950081	2.746941685299585e-10
85.28528528528528	0.16515111497595283	42175.91952048936	2.7489138257947383e-10
85.56056056056056	0.1656069367116606	42160.884383260694	2.750887937061699e-10
85.83583583583584	0.16598809482931645	42145.85460590346	2.7528634030413205e-10
86.11111111111111	0.1664235702178643	42130.83018650709	2.7548405782418914e-10
86.38638638638639	0.16694819526130528	42115.81112316171	2.7568199642736277e-10
86.66166166166167	0.16744691858665306	42100.797413958055	2.758801217218101e-10
86.93693693693695	0.16789742049313897	42085.78905698752	2.760783925222336e-10
87.21221221221222	0.1683508899356302	42070.78605034225	2.7627680850827e-10
87.4874874874875	0.1687916914629976	42055.788392115	2.7647535970697424e-10
87.76276276276278	0.16918781462247748	42040.79608039922	2.7667401856881506e-10
88.03803803803804	0.16958587537005643	42025.809113289055	2.7687279192737076e-10
88.31331331331332	0.17002484847190322	42010.827488879375	2.7707170894473077e-10
88.58858858858859	0.17046352649653881	41995.85120526569	2.7727076785944567e-10
88.86386386386387	0.17086359950631405	41980.88026054415	2.774699444249189e-10
89.13913913913915	0.17121308633467902	41965.91465281161	2.776692123712618e-10
89.41441441441442	0.1715148601850805	41950.95438016556	2.7786855255988354e-10
89.68968968968969	0.17178622526854198	41935.99944070422	2.7806795995057416e-10
89.96496496496496	0.1720671571371502	41921.04983252646	2.782674540340916e-10
90.24024024024024	0.17239585316802908	41906.105553731955	2.784670728209203e-10
90.51551551551552	0.17272112244931634	41891.16660242091	2.7866681710962035e-10
90.7907907907908	0.17299699486548897	41876.23297669424	2.7886666110145685e-10
91.06606606606607	0.17330501912238708	41861.30467465357	2.790666309479866e-10
91.34134134134135	0.1737018825604896	41846.38169440126	2.7926677991975964e-10
91.61661661661662	0.17414090801920795	41831.46403404029	2.794671239976279e-10
91.8918918918919	0.1745690740417582	41816.55169167429	2.79667646130882e-10
92.16716716716716	0.17494384215063702	41801.64466540756	2.798683091664647e-10
92.44244244244244	0.17526985571780268	41786.74295334505	2.8006908598797915e-10
92.71771771771772	0.17558603543766016	41771.846553592404	2.8026997615923515e-10
92.992992992993	0.17592440155006447	41756.95546425598	2.8047099678528494e-10
93.26826826826827	0.17630159934872147	41742.069683442845	2.8067217061576795e-10
93.54354354354355	0.1766833396812371	41727.18920926066	2.8087349754002774e-10
93.81881881881883	0.17703840154466718	41712.31403981777	2.8107496092413586e-10
94.0940940940941	0.17737797835823585	41697.44417322324	2.8127655332923076e-10
94.36936936936937	0.17772990956144685	41682.57960758677	2.8147828335100093e-10
94.64464464464464	0.17813350339403905	41667.72034101878	2.8168017828699227e-10
94.91991991991992	0.17855017046981067	41652.86637163034	2.818822401836759e-10
95.1951951951952	0.1788791491986772	41638.01769753311	2.8208441944272694e-10
95.47047047047047	0.17913602025446101	41623.17431683946	2.8228668390593146e-10
95.74574574574575	0.17938878073241554	41608.33622766247	2.8248904175022653e-10
96.02102102102103	0.17961670468473873	41593.50342811585	2.8269148927967303e-10
96.2962962962963	0.17980413309596102	41578.67591631401	2.828940156553736e-10
96.57157157157158	0.18004893373548822	41563.853690372074	2.830966609977091e-10
96.84684684684684	0.18040030388348285	41549.03674840591	2.8329948253171257e-10
97.12212212212212	0.18077486564367184	41534.22508853195	2.835024854947885e-10
97.3973973973974	0.181143283376646	41519.4187088673	2.837056597524717e-10
97.67267267267268	0.1815506374903727	41504.61760752978	2.8390901876525326e-10
97.94794794794795	0.18197175550444128	41489.82178263784	2.8411256126208715e-10
98.22322322322323	0.18233724340931584	41475.03123231056	2.84316253461059e-10
98.4984984984985	0.18264296930591417	41460.24595466771	2.845200660713346e-10
98.77377377377378	0.18291947917697746	41445.465947829725	2.8472398944181125e-10
99.04904904904905	0.18322094146020765	41430.69120991775	2.8492804077916756e-10
99.32432432432432	0.18358065137500093	41415.921739053614	2.8513224946411804e-10
99.5995995995996	0.18396850965795827	41401.15753335984	2.8533662570230346e-10
99.87487487487488	0.18436273487570762	41386.39859095954	2.8554116793440626e-10
100.15015015015015	0.1847646069190079	41371.64490997655	2.8574587541920293e-10
100.42542542542543	0.18513654872574598	41356.89648853532	2.8595073102714447e-10
100.70070070070071	0.1854191836360962	41342.15332476094	2.8615569495278156e-10
100.97597597597598	0.18568677708574974	41327.415416779186	2.8636076669146325e-10
101.25125125125126	0.18604468292154744	41312.68276271663	2.8656599126132677e-10
101.52652652652652	0.18637811255489825	41297.955360700405	2.8677135665145117e-10
101.8018018018018	0.1865674439073075	41283.233208858204	2.869768023089915e-10
102.07707707707708	0.18669344238920768	41268.51630531847	2.8718231191977204e-10
102.35235235235236	0.18685882586789695	41253.804648210404	2.873879153724546e-10
102.62762762762763	0.18713385859026846	41239.09823566388	2.8759366748242824e-10
102.90290290290291	0.1874587038648231	41224.397065809426	2.877995885632265e-10
103.17817817817819	0.18765850445649118	41209.701136778094	2.8800562271207863e-10
103.45345345345346	0.18786150483423192	41195.01044670172	2.882117765824534e-10
103.72872872872873	0.18833121734936895	41180.32499371297	2.884181639487505e-10
104.004004004004	0.18882925290298522	41165.64477594503	2.8862478085385256e-10
104.27927927927928	0.1890463409614867	41150.96979153149	2.888315013421127e-10
104.55455455455456	0.18919632088332589	41136.30003860678	2.8903830546972424e-10
104.82982982982983	0.18948683263702887	41121.63551530615	2.892452588158178e-10
105.10510510510511	0.18983112307293423	41106.97621976545	2.89452381929037e-10
105.38038038038039	0.1901424448466496	41092.32215012113	2.896596581392879e-10
105.65565565565566	0.19039049472283098	41077.67330451027	2.898670619886227e-10
105.93093093093094	0.19057751705930373	41063.02968107063	2.9007457306972733e-10
106.2062062062062	0.1907363230878702	41048.39127794065	2.902821867171297e-10
106.48148148148148	0.19095676325093933	41033.75809325951	2.9048993332130324e-10
106.75675675675676	0.19131129502586414	41019.13012516709	2.90697865796652e-10
107.03203203203203	0.19164526986338087	41004.50737180383	2.909059702036005e-10
107.30730730730731	0.19182459694804327	40989.88983131074	2.9111418539510253e-10
107.58258258258259	0.19196928403680288	40975.27750182958	2.9132250410827585e-10
107.85785785785787	0.19216316003585174	40960.6703815028	2.9153095116719653e-10
108.13313313313314	0.19235609422996186	40946.068468473524	2.917395292037794e-10
108.4084084084084	0.19256984310396816	40931.4717608855	2.919482484328284e-10
108.68368368368368	0.19289785919649635	40916.88025688327	2.9215715135122587e-10
108.95895895895896	0.19323808138058587	40902.293954611916	2.923662367237447e-10
109.23423423423424	0.19340881855504086	40887.712852217075	2.9257543918261764e-10
109.50950950950951	0.1935344910094035	40873.136947845116	2.9278474735119315e-10
109.78478478478479	0.19378718272047496	40858.5662396432	2.9299421242371207e-10
110.06006006006007	0.19408019000323082	40844.00072575909	2.932038472530842e-10
110.33533533533534	0.19433232067833728	40829.44040434115	2.934136345050726e-10
110.61061061061062	0.19459661732511482	40814.88527353843	2.936235778225948e-10
110.88588588588588	0.19488786994911209	40800.33533150065	2.9383368528688033e-10
111.16116116116116	0.19515296411055488	40785.79057637818	2.9404394581492557e-10
111.43643643643644	0.19539634783898016	40771.25100632204	2.942543515661512e-10
111.71171171171171	0.195662954573431	40756.7166194839	2.9446491080504504e-10
111.98698698698699	0.1959225929495525	40742.18741401614	2.946756206196797e-10
112.26226226226227	0.19613511832202274	40727.6633880717	2.948864655007725e-10
112.53753753753755	0.1963864647807636	40713.14453980428	2.9509746008081875e-10
112.81281281281282	0.19673459947059657	40698.63086736827	2.9530863525256554e-10
113.08808808808809	0.19706641159854607	40684.12236891863	2.9551998121804795e-10
113.36336336336336	0.19730953434819987	40669.61904261094	2.9573146727159935e-10
113.63863863863864	0.19750230003124758	40655.12088660145	2.9594307919704966e-10
113.91391391391392	0.19768263427199195	40640.62789904711	2.961548164987108e-10
114.1891891891892	0.1978818155234765	40626.140078105534	2.9636668838278215e-10
114.46446446446447	0.1981705586322964	40611.65742193505	2.9657872431064575e-10
114.73973973973975	0.19860013520414388	40597.179928694684	2.9679096434563326e-10
115.01501501501502	0.1989632191515614	40582.70759654397	2.970033809104139e-10
115.2902902902903	0.19907314506229018	40568.240423642936	2.9721589680743074e-10
115.56556556556556	0.1991347651858091	40553.778408152444	2.974285044720659e-10
115.84084084084084	0.19932224332749926	40539.32154823412	2.976412483020322e-10
116.11611611611612	0.1995820674523756	40524.86984205024	2.978541512911661e-10
116.3913913913914	0.19986785727909287	40510.42328776364	2.9806721976638906e-10
116.66666666666667	0.2001733956836281	40495.98188353788	2.9828045730858653e-10
116.94194194194195	0.20046423285723605	40481.5456275371	2.9849385733568635e-10
117.21721721721723	0.20069350137267902	40467.11451792606	2.987074013717864e-10
117.4924924924925	0.2008977235564671	40452.6885528702	2.9892108355554057e-10
117.76776776776778	0.2011379495687557	40438.2677305357	2.9913491542508316e-10
118.04304304304304	0.20141345206807582	40423.85204908935	2.9934890670369706e-10
118.31831831831832	0.20169958756530468	40409.44150669859	2.9956305916436305e-10
118.5935935935936	0.20195468186102017	40395.036101531485	2.997773634378452e-10
118.86886886886887	0.20218595968276332	40380.63583175674	2.999918133763154e-10
119.14414414414415	0.20247509058384794	40366.240695543805	3.0020642459851464e-10
119.41941941941943	0.20282255918434414	40351.85069106276	3.0042121049126634e-10
119.6946946946947	0.20315108248471328	40337.46581648428	3.0063616325692023e-10
119.96996996996998	0.2034282270243068	40323.086069979676	3.008512684363998e-10
120.24524524524524	0.20365723300545552	40308.71144972092	3.0106651444073493e-10
120.52052052052052	0.2038854786279932	40294.34195388064	3.012819025241151e-10
120.7957957957958	0.20416400487996764	40279.97758063218	3.01497445801757e-10
121.07107107107107	0.20450687679749233	40265.618328149554	3.0171315874348137e-10
121.34634634634635	0.20489388029831207	40251.2641946074	3.0192904889499637e-10
121.62162162162163	0.20525487687896882	40236.915178180934	3.021451070857124e-10
121.8968968968969	0.20555192013917542	40222.57127704602	3.023613174169794e-10
122.17217217217218	0.20579202801783428	40208.23248937917	3.025776678060678e-10
122.44744744744746	0.2059959958826889	40193.89881335753	3.027941521422998e-10
122.72272272272272	0.20618970763718886	40179.57024715896	3.0301077049680487e-10
122.997997997998	0.2063774073858621	40165.24678896199	3.0322752383394183e-10
123.27327327327328	0.20656208378927507	40150.92843694574	3.034444136363374e-10
123.54854854854855	0.20678045582500715	40136.61518929003	3.036614487972171e-10
123.82382382382383	0.20705768573478642	40122.30704417536	3.03878642208659e-10
124.0990990990991	0.20737094980505072	40108.00399978284	3.0409600043016533e-10
124.37437437437438	0.20770008556668024	40093.706054294256	3.0431352509278365e-10
124.64964964964966	0.20804040621019299	40079.413205892	3.045312166202223e-10
124.92492492492492	0.20841636973968383	40065.12545275913	3.047490797512699e-10
125.2002002002002	0.20886250019015842	40050.842793079406	3.049671243034701e-10
125.47547547547548	0.2092735534912917	40036.565225037135	3.051853402435083e-10
125.75075075075075	0.20952591862775713	40022.29274681717	3.054036989090764e-10
126.02602602602603	0.20980220587413126	40008.02535660515	3.0562220537886643e-10
126.30130130130131	0.21026177916787323	39993.763052587514	3.058408890255964e-10
126.57657657657658	0.21069323902778905	39979.50583295114	3.0605974195902415e-10
126.85185185185186	0.210962064712827	39965.25369588348	3.062787383340082e-10
127.12712712712714	0.21119419596796962	39951.006639572726	3.064978739634337e-10
127.4024024024024	0.21144143116086683	39936.76466220773	3.067171524943717e-10
127.67767767767768	0.2116528002819086	39922.527761978	3.0693657010807637e-10
127.95295295295296	0.21189247009296994	39908.29593707368	3.0715613222376985e-10
128.22822822822823	0.21228095068757097	39894.069185685694	3.073758595027046e-10
128.5035035035035	0.2127636809124503	39879.847506005564	3.075957617456475e-10
128.7787787787788	0.21321972608270479	39865.630896225346	3.0781583213623913e-10
129.05405405405406	0.21355354285061431	39851.419354537684	3.080360547130724e-10
129.32932932932934	0.21374780794107268	39837.21287913584	3.082564144533093e-10
129.60460460460462	0.2139455712501243	39823.011468213816	3.0847691338055325e-10
129.87987987987987	0.21421490710372543	39808.81511996635	3.086975604524917e-10
130.15515515515517	0.21449410959510729	39794.623832588746	3.0891835717579176e-10
130.43043043043042	0.21477026225781926	39780.437604276936	3.0913930359851196e-10
130.70570570570572	0.21507648365393836	39766.25643322754	3.0936040285179013e-10
130.98098098098097	0.21541731496641311	39752.08031763784	3.0958165787942425e-10
131.25625625625628	0.21577692927153935	39737.909255705694	3.098030696094184e-10
131.53153153153153	0.21611608632696674	39723.74324562963	3.100246356165654e-10
131.80680680680683	0.21641067092547758	39709.582285608754	3.102463521934607e-10
132.08208208208208	0.2166994746449897	39695.42637384287	3.1046821903861047e-10
132.35735735735736	0.2169885838169904	39681.275508532424	3.106902363101418e-10
132.63263263263264	0.21721267236245526	39667.129687878456	3.1091240012368817e-10
132.9079079079079	0.2173848284927327	39652.98891008264	3.1113470804631373e-10
133.1831831831832	0.21760241055890744	39638.85317334737	3.113571637471971e-10
133.45845845845847	0.21790161304661795	39624.72247587573	3.115797723639716e-10
133.73373373373374	0.21827156591493507	39610.59681587143	3.118025371257482e-10
134.00900900900902	0.21867078394193673	39596.47619153877	3.120254580887403e-10
134.2842842842843	0.21903267971393417	39582.360601082655	3.122485324248743e-10
134.55955955955955	0.21924256343224685	39568.25004270853	3.1247175455191147e-10
134.83483483483485	0.21928975847520626	39554.144514622465	3.1269511979917134e-10
135.1101101101101	0.21940350815718976	39540.04401503135	3.129186313218418e-10
135.3853853853854	0.219637784391809	39525.948542142774	3.131422938648818e-10
135.66066066066065	0.21979447420995252	39511.85809416481	3.1336610538796507e-10
135.93593593593596	0.21992090727549843	39497.772669306185	3.1359006561547726e-10
136.2112112112112	0.22023391212540402	39483.69226577645	3.138141801866343e-10
136.4864864864865	0.22060968260930133	39469.6168817857	3.1403844957807916e-10
136.76176176176176	0.2208095328600434	39455.54651554447	3.142628701047842e-10
137.03703703703704	0.2208499669797735	39441.48116526393	3.1448743976953584e-10
137.31231231231232	0.2208413323288372	39427.420829156006	3.147121581574381e-10
137.5875875875876	0.2209446850357611	39413.36550543338	3.149370278900934e-10
137.86286286286287	0.22119373151105026	39399.31519230938	3.151620519976733e-10
138.13813813813815	0.22141016572352654	39385.26988799787	3.1538722990057496e-10
138.41341341341342	0.22157135551474805	39371.229590713265	3.1561256109474856e-10
138.6886886886887	0.22181980425174624	39357.1942986708	3.15838046559237e-10
138.96396396396398	0.22220051049116482	39343.164010086344	3.1606368612680634e-10
139.23923923923923	0.2226775149034056	39329.13872317641	3.162894770132084e-10
139.51451451451453	0.22311571161731972	39315.11843615797	3.165154165070194e-10
139.78978978978978	0.2233979153775942	39301.1031472486	3.1674150617801135e-10
140.06506506506508	0.2235914724277681	39287.092854666516	3.169677480686046e-10
140.34034034034033	0.22377742613624757	39273.08755663068	3.171941424599977e-10
140.61561561561564	0.22398499753649223	39259.0872513607	3.174206886679599e-10
140.8908908908909	0.22423913968486578	39245.09193707682	3.176473847777505e-10
141.1661661661662	0.22456036993909279	39231.10161199995	3.178742272829953e-10
141.44144144144144	0.2248681456687791	39217.11627435156	3.181012156509393e-10
141.71671671671672	0.22503930163805785	39203.13592235367	3.183283565829326e-10
141.991991991992	0.2252147490476448	39189.160554229034	3.185556498233683e-10
142.26726726726727	0.22557444178993014	39175.19016820119	3.187830835482873e-10
142.54254254254255	0.22593046305180506	39161.22476249414	3.1901065601447016e-10
142.81781781781783	0.22612481219943495	39147.26433533242	3.1923837816378156e-10
143.0930930930931	0.2263280787356723	39133.30888494131	3.1946624896595375e-10
143.36836836836838	0.22660931358616052	39119.35840954681	3.1969426117786105e-10
143.64364364364366	0.2268120712860749	39105.412907375394	3.1992242093479634e-10
143.9189189189189	0.2269484264273279	39091.472376654194	3.2015073417382373e-10
144.1941941941942	0.22718650801640752	39077.53681561111	3.203791906368419e-10
144.46946946946946	0.22747991869287357	39063.60622247462	3.206077834320839e-10
144.74474474474476	0.22768563275537038	39049.68059547374	3.208365208958543e-10
145.02002002002	0.22783870209072296	39035.75993283814	3.2106540848989394e-10
145.29529529529532	0.22800550792988467	39021.844232798154	3.2129444421331477e-10
145.57057057057057	0.228152814390646	39007.933493584744	3.215236300317253e-10
145.84584584584587	0.22827775257636157	38994.027713429496	3.2175296845844294e-10
146.12112112112112	0.2284692299763052	38980.12689056468	3.219824504985652e-10
146.3963963963964	0.22868530319837593	38966.23102322319	3.222120719254804e-10
146.67167167167167	0.22873752753707458	38952.34010963838	3.2244185488819674e-10
146.94694694694695	0.22869033356081664	38938.4541480443	3.22671813399946e-10
147.22222222222223	0.22876545566691778	38924.573136675775	3.2290193057392335e-10
147.4974974974975	0.2289549034522172	38910.697073768286	3.2313218991442867e-10
147.77277277277278	0.22916598233547344	38896.825957557856	3.233625872172898e-10
148.04804804804806	0.22937969961771337	38882.95978628114	3.235931207949453e-10
148.32332332332334	0.2296008642574115	38869.098558175385	3.238237880027116e-10
148.59859859859858	0.22984561588314356	38855.24227147852	3.240545831375879e-10
148.8738738738739	0.2301280391955209	38841.390924429084	3.242854972330188e-10
149.14914914914914	0.23045630024819316	38827.54451526628	3.2451651844113537e-10
149.42442442442444	0.23082843490469634	38813.7030422299	3.2474763341700084e-10
149.6996996996997	0.23123505024271412	38799.8665035604	3.249788286056495e-10
149.974974974975	0.2316784835894335	38786.03489749881	3.252100876804667e-10
150.25025025025025	0.23214842328080187	38772.20822228683	3.254413940645984e-10
150.52552552552555	0.23253325214143553	38758.386476166655	3.256727584926912e-10
150.8008008008008	0.2327625234436982	38744.569657381086	3.259042147586829e-10
151.07607607607608	0.23299047046212698	38730.75776417365	3.2613575807324753e-10
151.35135135135135	0.23330545207547582	38716.95079478859	3.2636735635489153e-10
151.62662662662663	0.23360144273885075	38703.14874747065	3.265990063075624e-10
151.9019019019019	0.23380242665192275	38689.35162046519	3.2683073043762553e-10
152.17717717717719	0.2338956865573024	38675.55941201815	3.2706255978256884e-10
152.45245245245246	0.23396120788419128	38661.77212037617	3.2729450137777917e-10
152.72772772772774	0.23411999012368087	38647.9897437866	3.275265187118425e-10
153.00300300300302	0.2343548642823989	38634.21228049744	3.277585767199644e-10
153.2782782782783	0.2346034832690761	38620.439728757236	3.27990660195969e-10
153.55355355355357	0.23485226531888184	38606.672086815146	3.2822275782983254e-10
153.82882882882885	0.23508191581635654	38592.909352920935	3.284548658198887e-10
154.10410410410412	0.23523564833758187	38579.151525324945	3.286870070369613e-10
154.37937937937937	0.23535448851954827	38565.39860227818	3.2891918935332684e-10
154.65465465465465	0.23560827609761087	38551.650582032424	3.2915133747903527e-10
154.92992992992993	0.2359444093420609	38537.907462840005	3.293833907202373e-10
155.2052052052052	0.23614347090749013	38524.16924295373	3.296154006187571e-10
155.48048048048048	0.23625600151622408	38510.43592062704	3.2984740110713653e-10
155.75575575575576	0.23643874770448695	38496.707494114125	3.300793384367099e-10
156.03103103103103	0.23666242760545347	38482.98396166982	3.3031116878748114e-10
156.3063063063063	0.23687960847176603	38469.26532154949	3.305428733683681e-10
156.5815815815816	0.23715562943420931	38455.5515720092	3.307743859007407e-10
156.85685685685687	0.2375027046036292	38441.84271130567	3.310056193391287e-10
157.13213213213214	0.2378115964905668	38428.13873769608	3.3123655767761093e-10
157.40740740740742	0.23806454329468676	38414.43964943828	3.314672013705848e-10
157.6826826826827	0.23834151217677493	38400.745444790795	3.3169748520071855e-10
157.95795795795797	0.23859106442130934	38387.05612201272	3.319273828220844e-10
158.23323323323325	0.23869989900891297	38373.37167936366	3.321569814573112e-10
158.50850850850853	0.23872499497310704	38359.692115103906	3.323863347667061e-10
158.7837837837838	0.2387733788305699	38346.017427494466	3.326153946041545e-10
159.05905905905905	0.23888902830653302	38332.347614796985	3.3284405476587033e-10
159.33433433433433	0.23908007631704006	38318.68267527376	3.3307217935746364e-10
159.6096096096096	0.23930883145217924	38305.02260718765	3.3329965602349527e-10
159.88488488488488	0.23953840675784335	38291.367408802114	3.3352640515824797e-10
160.16016016016016	0.23974448261207593	38277.717078381196	3.3375237459834404e-10
160.43543543543544	0.23996395585547164	38264.07161418962	3.339774532731125e-10
160.7107107107107	0.24025908420460995	38250.43101449276	3.3420141005520114e-10
160.985985985986	0.2404984472960469	38236.795277556485	3.344242045719106e-10
161.26126126126127	0.24053826845735896	38223.164401647184	3.34646084137137e-10
161.53653653653654	0.2406248960953952	38209.53838503205	3.348668790304445e-10
161.81181181181182	0.24095425890360872	38195.9172259791	3.350859597007619e-10
162.0870870870871	0.2412812883755203	38182.30092275671	3.353031122465776e-10
162.36236236236238	0.24147752044377366	38168.6894736338	3.3551842174720267e-10
162.63763763763765	0.24171583356034754	38155.08287688004	3.357315695983574e-10
162.91291291291293	0.24200957390554856	38141.48113076574	3.3594214026317025e-10
163.1881881881882	0.24220190148702353	38127.88423356165	3.361501332292374e-10
163.46346346346348	0.24232079490185768	38114.29218353921	3.363555128097453e-10
163.73873873873873	0.2424898426117657	38100.70497897058	3.365578348689946e-10
164.014014014014	0.24269463989808177	38087.12261812848	3.3675662783767757e-10
164.2892892892893	0.24288888354134355	38073.54509928626	3.3695153624176227e-10
164.56456456456456	0.24309429547607359	38059.97242071786	3.371420710217338e-10
164.83983983983984	0.2433485351899351	38046.404580697876	3.37327483506529e-10
165.11511511511512	0.24368838200750395	38032.841577501575	3.375066756412374e-10
165.3903903903904	0.24402597210049776	38019.28340940475	3.3767882588871153e-10
165.66566566566567	0.24414368149078036	38005.73007468362	3.3784442484682353e-10
165.94094094094095	0.24418574738376028	37992.181571615125	3.38003319642848e-10
166.21621621621622	0.2445037287290028	37978.63789847716	3.3815274072339056e-10
166.4914914914915	0.24485785725061393	37965.09905354799	3.382911053784443e-10
166.76676676676678	0.24488620727146432	37951.565035106214	3.3841991832009684e-10
167.04204204204206	0.2449149080790401	37938.035841431294	3.3853827585265914e-10
167.31731731731733	0.24523139186895898	37924.51147080358	3.38641974275391e-10
167.5925925925926	0.2455454480801037	37910.99192150378	3.3872903717844163e-10
167.8678678678679	0.24570379944127332	37897.47719181307	3.387992843640218e-10
168.14314314314316	0.24589685554328325	37883.967280013414	3.3885020360840284e-10
168.4184184184184	0.24619076239025542	37870.46218438745	3.388777294666635e-10
168.6936936936937	0.24650628622316695	37856.96190321834	3.3887822382657433e-10
168.96896896896897	0.2467677234815764	37843.46643478981	3.388489250705074e-10
169.24424424424424	0.2469277910198726	37829.97577738616	3.3878800957748297e-10
169.51951951951952	0.24706849873668607	37816.48992929236	3.3869200186414706e-10
169.7947947947948	0.2472693138338489	37803.008888794066	3.385549198175249e-10
170.07007007007007	0.24745614245671568	37789.53265417749	3.383717657131103e-10
170.34534534534535	0.24760953050064488	37776.06122372943	3.3813763474031186e-10
170.62062062062063	0.24786966294602533	37762.59459573744	3.378419680309841e-10
170.8958958958959	0.24823988299730873	37749.13276848967	3.374713175610413e-10
171.17117117117118	0.2485515016053786	37735.67574027473	3.3701669576383993e-10
171.44644644644646	0.24877207109807697	37722.22350938182	3.364701837410776e-10
171.72172172172174	0.24897169226440666	37708.77607410084	3.358199262408499e-10
171.996996996997	0.24919336259532898	37695.333432722284	3.350498042693055e-10
172.2722722722723	0.24945418892019366	37681.895583537334	3.3413948686712896e-10
172.54754754754757	0.24971800968422753	37668.46252483772	3.3306755982595505e-10
172.82282282282284	0.24992606985466406	37655.034254915736	3.3181472571538816e-10
173.0980980980981	0.25000028700754584	37641.61077206423	3.303689364724492e-10
173.37337337337337	0.24996222090505732	37628.19207457665	3.287188129897448e-10
173.64864864864865	0.2499788782713312	37614.77816074722	3.26833664524559e-10
173.92392392392392	0.2501446154667052	37601.36902887092	3.246620307452634e-10
174.1991991991992	0.25046287869402073	37587.964677243326	3.221367888718533e-10
174.47447447447448	0.2507936572835891	37574.56510416054	3.1919869557453564e-10
174.74974974974975	0.25097706357592364	37561.17030791906	3.1581348820710877e-10
175.02502502502503	0.25115915460043137	37547.7802868162	3.119157126801996e-10
175.3003003003003	0.2514736658585318	37534.39503915004	3.0739138531942735e-10
175.57557557557558	0.25171019454385446	37521.01456321905	3.0216358661862895e-10
175.85085085085086	0.2517728663083721	37507.6388573222	2.961881137192696e-10
176.12612612612614	0.2518857723949221	37494.26791975934	2.8934335133471836e-10
176.40140140140142	0.25209599010275485	37480.90174883107	2.8146045117522897e-10
176.6766766766767	0.2522319327105225	37467.540342838394	2.7242311686905647e-10
176.95195195195197	0.2523311857913599	37454.18370008296	2.620903103459499e-10
177.22722722722725	0.2525472438401681	37440.83182137019	2.982545107663795e-10
177.50250250250252	0.2527857278130137	37427.484699983324	2.912323339166984e-10
177.77777777777777	0.2529214155669982	37414.14233674111	2.831428343798257e-10
178.05305305305305	0.25311548318278143	37400.804729947806	2.737962199571948e-10
178.32832832832833	0.2534581538616384	37387.47187790849	2.6290404560436433e-10
178.6036036036036	0.25372385021924143	37374.14378141854	2.9935960367042864e-10
178.87887887887888	0.25386508078285663	37360.82043378885	2.919481109628813e-10
179.15415415415416	0.25412541410790224	37347.50183582942	2.832968765283666e-10
179.42942942942943	0.25447892430903174	37334.18798584763	2.731429052461046e-10
179.7047047047047	0.25468314567817485	37320.87888463844	3.058418922833554e-10
179.97997997998	0.25478225447833125	37307.57452552157	2.9895617183902316e-10
180.25525525525526	0.2549380276302866	37294.274909305735	2.9091706119798976e-10
180.53053053053054	0.2551304150558029	37280.98003430059	2.815170098759008e-10
180.80580580580582	0.25531550252090557	37267.68989881644	2.7053288544256543e-10
181.0810810810811	0.2555436787434983	37254.40450363656	3.0491734975567985e-10
181.35635635635637	0.25581892496545977	37241.12384211287	2.973591017792684e-10
181.63163163163165	0.25603939014181143	37227.847915042934	2.884563242951835e-10
181.90690690690693	0.2561755545525859	37214.57672073931	2.780183645728529e-10
182.1821821821822	0.25628532446313457	37201.31025998309	3.097590552616709e-10
182.45745745745745	0.25642441336081034	37188.04852613821	3.026578549111653e-10
182.73273273273273	0.25662953959034557	37174.79151999965	2.942686685197166e-10
183.008008008008	0.25684263705367455	37161.53923988252	2.843564649736025e-10
183.28328328328328	0.2569949310290879	37148.29168410253	2.7268439503889876e-10
183.55855855855856	0.25711500226741835	37135.04885342665	3.072563149579905e-10
183.83383383383384	0.2572305180629428	37121.81074125454	2.9928803138356734e-10
184.1091091091091	0.2573208478676522	37108.57734836831	2.898987516397925e-10
184.3843843843844	0.25743036441009615	37095.348673086104	2.788360622987499e-10
184.65965965965967	0.2576854872627661	37082.12471617243	3.113016141604081e-10
184.93493493493494	0.25802862987989617	37068.9054710405	3.0360661117692906e-10
185.21021021021022	0.25827391882989403	37055.690938468986	2.944206618705473e-10
185.4854854854855	0.2584486552500993	37042.48111677834	2.834946204733352e-10
185.76076076076077	0.2586563301078671	37029.27600672857	3.1450752985920646e-10
186.03603603603605	0.25885252371384887	37016.075601748744	3.0695495787073973e-10
186.31131131131133	0.25898706903870916	37002.87990261307	2.979430644988123e-10
186.5865865865866	0.2591118410609256	36989.688907644486	2.8720468269990487e-10
186.86186186186188	0.25925509064614577	36976.50261516669	2.744097291161963e-10
187.13713713713713	0.2593815801721242	36963.32102592249	3.0984431119766344e-10
187.4124124124124	0.2595230183530685	36950.14413338203	3.010180474585509e-10
187.68768768768768	0.25977373546778637	36936.971938304734	2.904047595872628e-10
187.96296296296296	0.2601123414806872	36923.80443901683	2.775903117349956e-10
188.23823823823824	0.26045669370976177	36910.64163625564	3.1220788063172535e-10
188.51351351351352	0.2608013319086221	36897.4835235095	3.031634261157102e-10
188.7887887887888	0.26114256865164986	36884.330101532265	2.9215271860623354e-10
189.06406406406407	0.261383647596553	36871.18136865235	2.78804975498463e-10
189.33933933933935	0.2615105067902963	36858.03732559966	3.1343243833338925e-10
189.61461461461462	0.26171342522326857	36844.89796588361	3.041128943796107e-10
189.8898898898899	0.26202002059433627	36831.76329025154	2.9272588842675063e-10
190.16516516516518	0.2622364547474668	36818.63329943919	3.2183467729633703e-10
190.44044044044045	0.26234416879197703	36805.50798695167	3.1388185649835563e-10
190.71571571571573	0.2624625353061388	36792.38735353985	3.041960252966582e-10
190.990990990991	0.2626501704100016	36779.27139753648	2.923776092324199e-10
191.26626626626629	0.262912415003122	36766.160119669556	3.221204613246901e-10
191.54154154154156	0.2631530321930235	36753.053513466926	3.1377938573277095e-10
191.8168168168168	0.26330009260725296	36739.95157967186	3.0356166106670284e-10
192.0920920920921	0.2634152792200444	36726.85431661941	2.9107628900175555e-10
192.36736736736736	0.2635519138960568	36713.761725028635	3.218592133721116e-10
192.64264264264264	0.26371621446513616	36700.673798451455	3.1309411884962167e-10
192.91791791791792	0.2638799800489028	36687.59053762316	3.0232158208744844e-10
193.1931931931932	0.26399793851470693	36674.51194088124	2.8912148121814867e-10
193.46846846846847	0.26414699749837484	36661.43800893546	3.2122381216319716e-10
193.74374374374375	0.2644363478957103	36648.3687353628	3.118785464003531e-10
194.01901901901903	0.2647492186702467	36635.30412089014	3.0027707851802274e-10
194.2942942942943	0.26494754404848403	36622.24416385739	2.859446964053996e-10
194.56956956956958	0.2650831151891899	36609.188864963435	3.1992053201146016e-10
194.84484484484486	0.2652412237661967	36596.13821781231	3.0978880453312145e-10
195.12012012012013	0.26549390972465003	36583.09222312156	2.97192031878143e-10
195.3953953953954	0.2658027245374865	36570.05088159434	3.267469907668017e-10
195.6706706706707	0.2660117969648266	36557.01418683368	3.177530952428651e-10
195.94594594594597	0.26612009055662533	36543.98213955907	3.065696754317606e-10
196.22122122122124	0.26623816732075406	36530.95473811467	2.926800359111797e-10
196.4964964964965	0.2664288244589069	36517.931983191986	3.246604600531534e-10
196.77177177177177	0.26670007971743837	36504.9138684232	3.147280584707621e-10
197.04704704704704	0.2669255623326575	36491.9003945177	3.022798242759004e-10
197.32232232232232	0.2670448967219724	36478.89156216952	3.305235524120053e-10
197.5975975975976	0.2672388890888072	36465.887365012226	3.2165817777506537e-10
197.87287287287288	0.26755231086573816	36452.887803756625	3.104597859836e-10
198.14814814814815	0.26778822189396884	36439.89287675101	2.963610757792508e-10
198.42342342342343	0.26793703375711925	36426.90258467631	3.276610928763011e-10
198.6986986986987	0.268162423510045	36413.916921197466	3.175486341058064e-10
198.97397397397398	0.26849604984685543	36400.935887014086	3.0470723772708013e-10
199.24924924924926	0.26887348804082783	36387.95948280893	3.328182876470631e-10
199.52452452452454	0.2691290135062734	36374.98770225013	3.234964767041059e-10
199.7997997997998	0.26919311096340903	36362.02054603716	3.1169610228742123e-10
200.0750750750751	0.26939061701190836	36349.05801252283	2.967133528593232e-10
200.35035035035037	0.26983353698184237	36336.10010237502	3.287956836906013e-10
200.62562562562564	0.27012046738049084	36323.14680929664	3.1782706349560247e-10
200.90090090090092	0.2701825529763027	36310.1981339745	3.038739326804941e-10
201.17617617617617	0.2703596956707304	36297.25407707716	3.33241256338989e-10
201.45145145145145	0.27067155522578	36284.31463231263	3.230851920265874e-10
201.72672672672672	0.2709241352623	36271.37980036771	3.100189869979386e-10
202.002002002002	0.27108396977600946	36258.44958191058	3.371173818864267e-10
202.27727727727728	0.2711918707535163	36245.523970655406	3.2765905801371935e-10
202.55255255255256	0.271308226339916	36232.60296728798	3.155061350430764e-10
202.82782782782783	0.27147523898865783	36219.68657016701	2.9989196573089126e-10
203.1031031031031	0.2716828060260048	36206.77477994387	3.318811458912766e-10
203.3783783783784	0.27192259901169674	36193.86759037088	3.2046704732785644e-10
203.65365365365366	0.27219712549197966	36180.965002119905	3.056782515530659e-10
203.92892892892894	0.27247804846521645	36168.0670158419	3.3555759986641797e-10
204.20420420420422	0.27271864760204123	36155.17362529605	3.24688264356327e-10
204.4794794794795	0.2729510546700192	36142.284831152916	3.1054537716472805e-10
204.75475475475477	0.2732340167837602	36129.400634062324	3.387054362233049e-10
205.03003003003005	0.2735496870763804	36116.52102779188	3.282498990339175e-10
205.30530530530532	0.2738475618906923	36103.64601301036	3.1453185855138937e-10
205.5805805805806	0.27405302154480177	36090.77559036532	3.4135496223072267e-10
205.85585585585588	0.27415635949230927	36077.90975363397	3.3127518436375177e-10
206.13113113113113	0.274265706178422	36065.048503482525	3.1808296051310484e-10
206.4064064064064	0.27444609821508	36052.191840556756	3.437308594617121e-10
206.68168168168168	0.2746960461644963	36039.33975864401	3.339837126197723e-10
206.95695695695696	0.2749157793302009	36026.49225840793	3.2113080165819557e-10
207.23223223223223	0.27498835740451416	36013.64933821655	3.042934899939335e-10
207.5075075075075	0.2750886959565344	36000.81099869465	3.364743195188209e-10
207.7827827827828	0.2754040170257101	35987.977233674275	3.239822968519279e-10
208.05805805805807	0.27574013174706047	35975.1480438026	3.07416551987626e-10
208.33333333333334	0.2759436714908908	35962.32342970138	3.386440650253357e-10
208.60860860860862	0.2761375587419855	35949.503385213444	3.263214979215944e-10
208.8838838838839	0.2763738287790951	35936.68791098297	3.099551824148298e-10
209.15915915915917	0.27656866929643764	35923.8770076286	3.4046734212032737e-10
209.43443443443445	0.27671997524855896	35911.070669004956	3.2828079979935894e-10
209.70970970970973	0.2768936830434491	35898.26889575279	3.1206890538655734e-10
209.984984984985	0.27710400167863736	35885.47168848736	3.4204507446901974e-10
210.26026026026028	0.27733120436322023	35872.67904107576	3.2991166670982785e-10
210.53553553553556	0.27752208785000404	35859.89095415505	3.136978933797427e-10
210.8108108108108	0.2776442984651817	35847.10742833636	3.4335075698202356e-10
211.08608608608608	0.27774878441218576	35834.32845749987	3.3126541732988714e-10
211.36136136136136	0.27787277138757654	35821.55404227874	3.151142202887145e-10
211.63663663663664	0.27800778036946927	35808.784183280215	3.445261084468324e-10
211.91191191191191	0.27814006254438295	35796.01887439776	3.3245852543451245e-10
212.1871871871872	0.2782586748164928	35783.258116260455	3.1630019364380344e-10
212.46246246246247	0.27839535634872364	35770.50190947132	3.4557431055642563e-10
212.73773773773775	0.2785899362824472	35757.75024793758	3.334600269343786e-10
213.01301301301302	0.27877069277262717	35745.00313228415	3.1716515911684904e-10
213.2882882882883	0.278873176305347	35732.26056310927	3.464489557695413e-10
213.56356356356358	0.27900283404811205	35719.522534334385	3.342450426397025e-10
213.83883883883885	0.27920045466762416	35706.789046580125	3.1778506306376937e-10
214.11411411411413	0.2793040112928872	35694.06010043985	3.471843654351859e-10
214.3893893893894	0.2793162391894336	35681.335689849475	3.348831550213703e-10
214.66466466466468	0.27945705544896426	35668.61581542507	3.183003139156691e-10
214.93993993993996	0.2796498105874228	35655.9004777554	3.478569127294512e-10
215.21521521521524	0.27962827030113774	35643.18967079085	3.3543666459560067e-10
215.4904904904905	0.27952285826268236	35630.4833951425	3.1880442420666135e-10
215.76576576576576	0.27958717365495717	35617.78165139473	3.484987198841355e-10
216.04104104104104	0.27977954273402633	35605.08443351266	3.360130185877142e-10
216.31631631631632	0.28002420453403554	35592.39174210316	3.1910240472144334e-10
216.5915915915916	0.2803678520889662	35579.7035777452	3.4907901498536956e-10
216.86686686686687	0.28078225177221067	35567.01993441934	3.3615694998013367e-10
217.14214214214215	0.28109940986424653	35554.3408127275	3.1849728382990907e-10
217.41741741741743	0.2812914933385187	35541.6662132418	3.4916639465081435e-10
217.6926926926927	0.2814682353143199	35528.99612995987	3.3575713725153873e-10
217.96796796796798	0.2816536439137708	35516.33056567345	3.590459664838864e-10
218.24324324324326	0.2818317473557931	35503.66951436018	3.4886406179491396e-10
218.51851851851853	0.28206585589101796	35491.01297662573	3.3485523294436497e-10
218.7937937937938	0.2823933591042563	35478.36095305034	3.5894878841541826e-10
219.0690690690691	0.28267525225987994	35465.71343762894	3.482005197799633e-10
219.34434434434436	0.28282977505217893	35453.07043096137	3.333718455579713e-10
219.61961961961964	0.2829540124186991	35440.431933620624	3.5852236287019005e-10
219.89489489489492	0.28309677340217076	35427.79793961996	3.472157770552802e-10
220.17017017017017	0.2832282373395911	35415.168449553305	3.3160041903068803e-10
220.44544544544544	0.2833590624869569	35402.543463986476	3.579307835725315e-10
220.72072072072072	0.2835343302686574	35389.922976951384	3.4599006833264135e-10
220.995995995996	0.28380893436165416	35377.30698903598	3.2939614429644133e-10
221.27127127127127	0.2841897993296183	35364.6955007983	3.5712550930961334e-10
221.54654654654655	0.28446694943300727	35352.088506289845	3.442684762998486e-10
221.82182182182183	0.2844959712311733	35339.4860060915	3.2643082122647105e-10
222.0970970970971	0.28442979511618904	35326.88800075245	3.55869011652536e-10
222.37237237237238	0.28444411112234047	35314.29448434506	3.422832743598238e-10
222.64764764764766	0.28467141652577943	35301.70545960537	3.649176438918397e-10
222.92292292292294	0.2850219107861299	35289.120920587404	3.5440188650881917e-10
223.1981981981982	0.28523406107142546	35276.54086787349	3.396594386139514e-10
223.4734734734735	0.2853098760609764	35263.96530201805	3.6386983407032436e-10
223.74874874874877	0.28538809389631875	35251.39421709519	3.525507467654159e-10
224.02402402402404	0.28553089087282135	35238.82761368066	3.3669883569638533e-10
224.29929929929932	0.2857481551676786	35226.26549232066	3.6263017398668356e-10
224.5745745745746	0.2859691861892468	35213.707847110025	3.5034480203969973e-10
224.84984984984985	0.28614643265276096	35201.15467861744	3.3307510395632416e-10
225.12512512512512	0.28630456009828015	35188.60598737958	3.610342863636585e-10
225.4004004004004	0.2865108496190616	35176.06176751342	3.476354093779315e-10
225.67567567567568	0.28685516266085104	35163.52201958044	3.2866401942076936e-10
225.95095095095095	0.2872119489742807	35150.98674410694	3.5902981221633474e-10
226.22622622622623	0.2873486383902781	35138.45593523341	3.442039638339763e-10
226.5015015015015	0.2873354281646205	35125.92959564279	3.678652528960458e-10
226.77677677677679	0.2873377340856023	35113.40771945733	3.564239231262199e-10
227.05205205205206	0.28738889824205194	35100.8903072383	3.4025333762386406e-10
227.32732732732734	0.28749971111956746	35088.37735951614	3.6607483017909806e-10
227.60260260260262	0.2877025946069008	35075.868870435515	3.5348677192393367e-10
227.8778778778779	0.2879645292729455	35063.36484055016	3.355733626957626e-10
228.15315315315317	0.2881620897100458	35050.865270379756	3.63912035357754e-10
228.42842842842845	0.2882625719773716	35038.370154092794	3.499337469269647e-10
228.70370370370372	0.28830939988719173	35025.87949435257	3.7208733782168944e-10
228.978978978979	0.2882738251845266	35013.39328531097	3.612654200047172e-10
229.25425425425428	0.2881306771959772	35000.91152752045	3.4597446758039916e-10
229.52952952952953	0.2880719796511862	34988.4342215041	3.702788456282284e-10
229.8048048048048	0.28825396285022425	34975.961361436166	3.5842041183433304e-10
230.08008008008008	0.28853081739422226	34963.49294786194	3.4150289295256284e-10
230.35535535535536	0.2887707348665469	34951.02898129407	3.682354437887812e-10
230.63063063063063	0.28896310158142724	34938.56945593006	3.5497989644784896e-10
230.9059059059059	0.2891541399120396	34926.11437230703	3.360510408771055e-10
231.1811811811812	0.2894182883069497	34913.66373092629	3.6565743813603847e-10
231.45645645645646	0.28959541984649995	34901.21752601077	3.5077406333096607e-10
231.73173173173174	0.28945334519749033	34888.775760181896	3.740140477621509e-10
232.00700700700702	0.2893026887868936	34876.33842764512	3.6253201717816174e-10
232.2822822822823	0.28950254999596703	34863.905528936804	3.4609029843064077e-10
232.55755755755757	0.2897879901212418	34851.47706456101	3.718428623796679e-10
232.83283283283285	0.28992049539208736	34839.05302874672	3.589264495576038e-10
233.10810810810813	0.29003120154109757	34826.633422021696	3.4042973646732244e-10
233.3833833833834	0.2901806938248188	34814.21824487836	3.6914252983419126e-10
233.65865865865868	0.2902772669349239	34801.807491571395	3.5463995412672706e-10
233.93393393393396	0.29031640206228854	34789.40116469945	3.772139552601375e-10
234.2092092092092	0.29036882901311895	34776.99925850061	3.6589154525802e-10
234.48448448448448	0.29046486654674175	34764.60177350115	3.4963041903238394e-10
234.75975975975976	0.29059634391409633	34752.208710195344	3.748671471329596e-10
235.03503503503504	0.29067418543689777	34739.82006284539	3.621248525272637e-10
235.3103103103103	0.2906543881076178	34727.43583196901	3.4388504086669376e-10
235.5855855855856	0.2906811610144963	34715.05601804906	3.721100327470775e-10
235.86086086086087	0.29084946583608096	34702.68061537343	3.5781427985510574e-10
236.13613613613614	0.29111806742064744	34690.30962651667	3.800354209731255e-10
236.41141141141142	0.29138287814325714	34677.943045750486	3.6873306444513193e-10
236.6866866866867	0.2915039798615636	34665.58087359088	3.52402824537823e-10
236.96196196196198	0.2915092096960147	34653.223110521314	3.7747957415755485e-10
237.23723723723725	0.29151827968843697	34640.86975083852	3.647023844931442e-10
237.51251251251253	0.2915643597113676	34628.52079505003	3.4630868359386456e-10
237.7877877877878	0.29164444472089085	34616.17624362773	3.7454143650575607e-10
238.06306306306308	0.29174491818448434	34603.83609089443	3.600907512466451e-10
238.33833833833836	0.2918498005472696	34591.50033939849	3.8236674587924054e-10
238.61361361361364	0.291944427969608	34579.16898344654	3.7101394663422273e-10
238.88888888888889	0.2920662155541091	34566.84202354413	3.5458750495526076e-10
239.16416416416416	0.29230438290500577	34554.51946016412	3.7976982877889994e-10
239.43943943943944	0.29254521625385904	34542.20128763845	3.6674833470540575e-10
239.71471471471472	0.29256431214593565	34529.88750646364	3.479198398616039e-10
239.98998998999	0.29252931386339615	34517.57811709966	3.765296719978183e-10
240.26526526526527	0.2927102760492909	34505.273113906005	3.616966614529495e-10
240.54054054054055	0.29299753249166105	34492.97249940367	3.843547021938876e-10
240.81581581581582	0.29324620295578213	34480.67626793572	3.725568386996876e-10
241.0910910910911	0.29349475286270416	34468.38441999663	3.553031246189584e-10
241.36636636636638	0.2937742846853555	34456.096956046094	3.812955092530223e-10
241.64164164164166	0.294058422100644	34443.81387045448	3.6749951940085587e-10
241.91691691691693	0.2943131458084937	34431.535165735484	3.8824550141833004e-10
242.1921921921922	0.294508009341172	34419.26083624611	3.772241574015064e-10
242.4674674674675	0.29467624628074945	34406.9908824774	3.6098848762701373e-10
242.74274274274276	0.2948674221678887	34394.725304886764	3.8511858623019807e-10
243.01801801801804	0.2950087677707447	34382.46409785852	3.72141947906595e-10
243.29329329329332	0.29504387742359905	34370.20726187418	3.530758121456411e-10
243.56856856856857	0.2951127315051385	34357.954797376966	3.8122025460001925e-10
243.84384384384384	0.2952980071891949	34345.70669878121	3.659846488801106e-10
244.11911911911912	0.2954948555965932	34333.462968566644	3.885417789148208e-10
244.3943943943944	0.2956699719578989	34321.22360113245	3.763282800904889e-10
244.66966966966967	0.29589367533113636	34308.988596956544	3.582160248201846e-10
244.94494494494495	0.2961329886105278	34296.75795647943	3.847459040137468e-10
245.22022022022023	0.2962934539620738	34284.53167413006	3.7016848188795003e-10
245.4954954954955	0.29642276565520487	34272.30975237792	3.915331141620075e-10
245.77077077077078	0.296610823676178	34260.09218563876	3.7980982234101893e-10
246.04604604604606	0.29685389217749464	34247.878974386076	3.6230420179725624e-10
246.32132132132134	0.29711381683580274	34235.670119056515	3.8769404478704003e-10
246.5965965965966	0.29732959422363736	34223.465614095825	3.735158251730988e-10
246.8718718718719	0.29749149922174195	34211.26546196155	3.940732503683758e-10
247.14714714714717	0.2976667661343191	34199.069657087435	3.826095035813798e-10
247.42242242242244	0.29784682758976044	34186.878199941864	3.653969556057942e-10
247.69769769769772	0.297963209750241	34174.69109095645	3.90094241860968e-10
247.972972972973	0.29809337856492346	34162.508324595445	3.7616879931288214e-10
248.24824824824825	0.2983587361552575	34150.329903303376	3.9622857186886237e-10
248.52352352352352	0.29866873221009393	34138.1558215332	3.8486636975946487e-10
248.7987987987988	0.29889456660156005	34125.98607974773	3.6767440604899314e-10
249.07407407407408	0.2990103259672136	34113.82067837258	3.920610268586363e-10
249.34934934934935	0.29906514430162906	34101.659611892006	3.781082105595684e-10
249.62462462462463	0.29920582516204597	34089.50288273568	3.97997243230731e-10
249.8998998998999	0.2994684618817782	34077.35048537712	3.8660915475674255e-10
250.17517517517518	0.2997524968499166	34065.20242027332	3.692720941238377e-10
250.45045045045046	0.2999631818511704	34053.05868784332	3.9365684428065724e-10
250.72572572572574	0.30004466052139217	34040.91928259254	3.7949041619221975e-10
251.00100100100101	0.3001468742255651	34028.78420693466	3.9946937710090245e-10
251.2762762762763	0.30043561622752446	34016.6534553648	3.878555587531493e-10
251.55155155155157	0.30079517411364465	34004.52702833372	3.7003782345630337e-10
251.82682682682685	0.30106892233975235	33992.404926252755	3.94811737266988e-10
252.10210210210212	0.3011699283597376	33980.28714365023	3.801484551195822e-10
252.3773773773774	0.3011639736875421	33968.173682922155	4.0055541259200094e-10
252.65265265265268	0.301301671616696	33956.06453858656	3.8854114772826543e-10
252.92792792792793	0.3015564551007653	33943.95971108732	3.700692834032248e-10
253.2032032032032	0.301686852246946	33931.85920082738	3.955528263214418e-10
253.47847847847848	0.30179188064645984	33919.76300235925	3.803522883202897e-10
253.75375375375376	0.302081578554363	33907.67111806099	4.0139652774853455e-10
254.02902902902903	0.3023905228021694	33895.58354247424	3.8877290250000346e-10
254.3043043043043	0.3025191106299486	33883.50027603532	3.6929871491354776e-10
254.5795795795796	0.30251618916591383	33871.4213191377	3.9587496213420443e-10
254.85485485485486	0.30249459586321065	33859.34666635962	3.798749142732841e-10
255.13013013013014	0.30259396661353855	33847.276320059296	4.018598156917329e-10
255.40540540540542	0.302797085453752	33835.21027480325	3.886281711715463e-10
255.6806806806807	0.3029355020709821	33823.14853102028	3.681968185770425e-10
255.95595595595597	0.30308264832088416	33811.091089094516	3.960117801012026e-10
256.2312312312313	0.3034224499486142	33799.037943630654	3.7900341414301653e-10
256.5065065065065	0.3037803295990367	33786.98909696613	4.0214125238600626e-10
256.7817817817818	0.3039295410076737	33774.94454369305	3.879477061070891e-10
257.0570570570571	0.3039874745436723	33762.90428616114	4.0724373699175876e-10
257.3323323323324	0.30410458660097234	33750.868318954184	3.9546292635243234e-10
257.60760760760763	0.3043256460844263	33738.836642497095	3.7705702697751445e-10
257.8828828828829	0.3045812312863057	33726.80925717303	4.0183616086926274e-10
258.15815815815813	0.30468341873283683	33714.78615760211	3.864646463356926e-10
258.43343343343344	0.304688301151724	33702.76734611217	4.0718016012018885e-10
258.70870870870874	0.30482681687290153	33690.7528173139	3.943877560254512e-10
258.983983983984	0.3050514248869345	33678.7425716239	3.7434208737802996e-10
259.25925925925924	0.3052134728748833	33666.73660941354	4.011179837438393e-10
259.53453453453454	0.30536424901539205	33654.7349253325	3.843429476542213e-10
259.80980980980985	0.30556973637695944	33642.73752168548	4.0678633194575435e-10
260.0850850850851	0.3057715832422192	33630.744393111236	3.927018459040091e-10
260.36036036036035	0.30590257584552233	33618.755541925704	4.11569055353164e-10
260.63563563563565	0.3059213156635614	33606.77096275979	3.997962221327863e-10
260.91091091091096	0.30591340051921406	33594.79065602439	3.8131253895780035e-10
261.1861861861862	0.30607003198351757	33582.8146220885	4.058976862367096e-10
261.46146146146145	0.30634277171084046	33570.84285562081	3.9034171721481663e-10
261.73673673673676	0.3065622504180649	33558.87535891362	4.110438658577854e-10
262.01201201201206	0.30676052072860766	33546.91212662642	3.9793209626670925e-10
262.2872872872873	0.3070097908655043	33534.953159161545	3.771472711594443e-10
262.56256256256256	0.30725325742725784	33522.99845687393	4.0443771902988685e-10
262.8378378378378	0.30745335251028655	33511.04801446474	3.8684373121531004e-10
263.1131131131131	0.3076688296129012	33499.101834199886	4.099329054050898e-10
263.3883883883884	0.3078917874488277	33487.15991077008	3.9500961498816543e-10
263.66366366366367	0.3080256342238301	33475.22224645222	4.146030767833617e-10
263.9389389389389	0.3081332523770098	33463.28883592943	4.019773364241913e-10
264.2142142142142	0.30837878082256776	33451.359679597685	3.817795654079741e-10
264.48948948948953	0.3087057062617064	33439.43477780613	4.079936022486544e-10
264.7647647647648	0.30897223310826427	33427.51412527982	3.907269572858364e-10
265.04004004004	0.3091322622503515	33415.59772426744	4.1307983572397005e-10
265.31531531531533	0.30920479529182404	33403.685569484805	3.983915200840772e-10
265.59059059059064	0.30930700386072185	33391.77766319088	4.1746950731627557e-10
265.8658658658659	0.3095035485722459	33379.87400009499	4.049477610089559e-10
266.14114114114113	0.3097527917069674	33367.97458058569	3.8473792568849656e-10
266.41641641641644	0.31002621655069135	33356.07940500413	4.1065085812985173e-10
266.69169169169174	0.3103186529230776	33344.188468102555	3.93270245014e-10
266.966966966967	0.3106423850694592	33332.3017721099	4.1551525900795806e-10
267.24224224224224	0.3110030428362354	33320.4193117701	4.0048272060288973e-10
267.5175175175175	0.31131138511178996	33308.54108932104	4.1967225179481836e-10
267.7927927927928	0.3114885790740292	33296.66709950075	4.0667952542811636e-10
268.0680680680681	0.31160219586348564	33284.79734268945	3.8549120025805476e-10
268.34334334334335	0.3117394959413515	33272.93181921724	4.121540241299762e-10
268.6186186186186	0.31196396796734466	33261.07052386842	3.9383081847594496e-10
268.8938938938939	0.3122355335481721	33249.213458847415	4.1690332947082663e-10
269.1691691691692	0.3124044917180148	33237.360618930026	4.010060796807806e-10
269.44444444444446	0.3124773740607486	33225.51200632974	4.2102156768700353e-10
269.7197197197197	0.31257120359683405	33213.66761581647	4.0728032294974886e-10
269.994994994995	0.31272743998569963	33201.827449611126	4.2465976003037524e-10
270.2702702702703	0.31293953380777506	33189.991502479534	4.127284194563042e-10
270.54554554554556	0.3131472421622644	33178.15977479459	3.9303896335873507e-10
270.8208208208208	0.31329535494293376	33166.33226688137	4.1756268172267745e-10
271.0960960960961	0.3133763961721943	33154.508973550124	4.0046715112482613e-10
271.3713713713714	0.3134201054742825	33142.689896987875	4.2180792337520477e-10
271.6466466466467	0.3134988425318827	33130.87503199824	4.069873988744033e-10
271.9219219219219	0.31364688522551737	33119.064380776304	4.255737972777435e-10
272.19719719719717	0.3138562794131216	33107.25793812096	4.126620119327602e-10
272.4724724724725	0.3140792859976722	33095.45570439531	3.9127066042041876e-10
272.7477477477478	0.3142539120403969	33083.65767991073	4.177103687759024e-10
273.02302302302303	0.314357947530597	33071.86385951387	3.990526975676144e-10
273.2982982982983	0.31439819148087284	33060.074245363234	4.2214053009587885e-10
273.5735735735736	0.314429747707748	33048.288832297905	4.059201541700969e-10
273.8488488488489	0.31450129640415814	33036.507622485355	4.2608418210814165e-10
274.12412412412414	0.3146307680769022	33024.730610759085	4.119495899056274e-10
274.3993993993994	0.3147915914439785	33012.95779929336	4.295885429403715e-10
274.6746746746747	0.31491667110438576	33001.18918291775	4.1724509619259525e-10
274.94994994995	0.31502076622504405	32989.42476198662	3.9673052653371103e-10
275.22522522522524	0.31516874061347694	32977.66453680438	4.2199546736849934e-10
275.5005005005005	0.31536250476074396	32965.90850224753	4.040293778250068e-10
275.7757757757758	0.3155697955242043	32954.156660454035	4.261752476922172e-10
276.0510510510511	0.31573124445213213	32942.40900629375	4.104083479255852e-10
276.32632632632635	0.3158347353896824	32930.66554191224	4.298616116821879e-10
276.6016016016016	0.31599110606882785	32918.92626217483	4.160323375313704e-10
276.87687687687685	0.31620662978708697	32907.1911692332	4.331499823994683e-10
277.15215215215215	0.3163254061895241	32895.46025794942	4.209922102775546e-10
277.42742742742746	0.31636543673446277	32883.73352866858	4.006450924157323e-10
277.7027027027027	0.3164858479344177	32872.01098168588	4.25483523703502e-10
277.97797797797796	0.31665319508939493	32860.29261191089	4.075853447229446e-10
278.25325325325326	0.3167708679632085	32848.5784214577	4.294653505289479e-10
278.52852852852857	0.3169583631325354	32836.86840522995	4.13696605276823e-10
278.8038038038038	0.31729325775196787	32825.16256534914	4.330143622521875e-10
279.07907907907907	0.3175297793278822	32813.46089671461	4.1902793678176643e-10
279.35435435435437	0.3175773460583621	32801.76340145275	4.361426255711654e-10
279.6296296296297	0.3177118150822936	32790.07007446062	4.237978570400534e-10
279.9049049049049	0.3179727975785036	32778.38091607381	4.028794831072398e-10
280.1801801801802	0.3181259488674917	32766.69592657563	4.2810374795707183e-10
280.4554554554555	0.31819052653151236	32755.015100912187	4.0959417938070563e-10
280.7307307307308	0.31833419371950566	32743.33844117041	4.319587418362073e-10
281.00600600600603	0.31852895231456657	32731.665942290954	4.1552623389875707e-10
281.2812812812813	0.318691731699576	32719.997606367455	4.35404564958282e-10
281.5565565565566	0.3188326956003288	32708.333428336548	4.208048157049958e-10
281.83183183183183	0.3189727355049367	32696.673410297233	4.38502324962931e-10
282.10710710710714	0.3191078352706269	32685.017547183623	4.255225475205385e-10
282.3823823823824	0.31921544518841677	32673.365839320435	4.034417658508813e-10
282.6576576576577	0.3192589323240242	32661.718286977422	4.2983516996007724e-10
282.93293293293294	0.31930603661358037	32650.07488514065	4.102535928327809e-10
283.20820820820825	0.31948801304124935	32638.435635866983	4.337391117274877e-10
283.4834834834835	0.3197344578830796	32626.800534136637	4.162552009888966e-10
283.75875875875874	0.3198987456273136	32615.16958201323	4.372210344969563e-10
284.03403403403405	0.3199635151520006	32603.5427744726	4.2164075424242163e-10
284.3093093093093	0.3199848561826415	32591.920113584107	4.40368104901696e-10
284.5845845845846	0.32011299693199335	32580.30159432087	4.2649496444927507e-10
284.85985985985985	0.3203882402218791	32568.687218756946	4.432433008296593e-10
285.13513513513516	0.32064434321759466	32557.076981863625	4.3079282266149133e-10
285.4104104104104	0.32078095092501374	32545.4708839552	4.0940983971931264e-10
285.6856856856857	0.3207939883679502	32533.86892529205	4.3474782861455067e-10
285.96096096096096	0.3207793453331524	32522.271100897015	4.157012299261266e-10
286.23623623623627	0.3208675716236397	32510.677412801186	4.383688941182611e-10
286.5115115115115	0.32103039756858465	32499.087856022506	4.2132942328145003e-10
286.7867867867868	0.3211929974394864	32487.50243259826	4.416489562896948e-10
287.06206206206207	0.32133049855232515	32475.92113754275	4.2637654793190543e-10
287.3373373373374	0.32144874582461597	32464.34397289819	4.446206956579459e-10
287.6126126126126	0.3215935570655761	32452.770933676682	4.30924841401335e-10
287.8878878878879	0.3217797410481569	32441.202021924324	4.4733145064822344e-10
288.1631631631632	0.32197577582548714	32429.637232652065	4.3500822893425544e-10
288.4384384384384	0.32213904633206786	32418.076566163163	4.1369110162713084e-10
288.71371371371373	0.32223303329894565	32406.520022706696	4.3878088584674247e-10
288.988988988989	0.3223206471429751	32394.967597345712	4.196314592595497e-10
289.2642642642643	0.32248702425836123	32383.41929208224	4.4222028085831735e-10
289.53953953953953	0.3227028038873031	32371.875101975114	4.2493944288329805e-10
289.81481481481484	0.3229222974516552	32360.335029031892	4.453323104342397e-10
290.0900900900901	0.32314206052682987	32348.79906830851	4.296903870938749e-10
290.3653653653654	0.32338243397299926	32337.267221816826	4.481512125492026e-10
290.64064064064064	0.32368556393453385	32325.739484611273	4.3392992748765506e-10
290.91591591591595	0.3239871757065079	32314.21585870677	4.507038544106302e-10
291.1911911911912	0.32413644309946543	32302.69633915698	4.3776062684805357e-10
291.4664664664665	0.3241799235971353	32291.18092797888	4.5303186080353824e-10
291.74174174174175	0.3242708527604651	32279.6696202266	4.412972716486683e-10
292.01701701701705	0.32448251549289175	32268.16241619187	4.2067837201741557e-10
292.2922922922923	0.32479199845798346	32256.65931611299	4.445985505583091e-10
292.5675675675676	0.32495542061297766	32245.160315096167	4.2576416272759737e-10
292.84284284284286	0.3248958906799584	32233.665415112348	4.4758040637338613e-10
293.1181181181181	0.32494596598210485	32222.17461126538	4.3049115642413174e-10
293.3933933933934	0.3251632552033706	32210.687905531144	4.5037918439798895e-10
293.66866866866866	0.32524116433691547	32199.205293011328	4.347971169014333e-10
293.94394394394396	0.32521381478766725	32187.726775684885	4.5295198632136077e-10
294.2192192192192	0.3253432683031752	32176.252348652903	4.3877774380670283e-10
294.4944944944945	0.3255770132590786	32164.78201389732	4.553621061963423e-10
294.76976976976977	0.32575520430866034	32153.315766518783	4.423935907030405e-10
295.0450450450451	0.3258788002353187	32141.853608500798	4.5757955960155495e-10
295.3203203203203	0.325996674847406	32130.395534944724	4.457292814241531e-10
295.5955955955956	0.3261690505301844	32118.94154612899	4.247410036905778e-10
295.8708708708709	0.3263971415612118	32107.49164227733	4.4887134727445414e-10
296.1461461461462	0.3265934530290377	32096.045818544833	4.2959929241735033e-10
296.4214214214214	0.3267078933640313	32084.6040768672	4.5173870472616026e-10
296.69669669669673	0.3267414443350426	32073.166412397215	4.340976563691911e-10
296.971971971972	0.3267919368698763	32061.7328270747	4.5441137022381293e-10
297.2472472472473	0.32698109768077777	32050.303316051224	4.38228488503587e-10
297.52252252252254	0.3272672506562939	32038.877881269793	4.5690224956282836e-10
297.7977977977978	0.3275618330857701	32027.456517881335	4.4194618719744373e-10
298.0730730730731	0.3278032447475182	32016.039227830686	4.591778156787325e-10
298.34834834834834	0.3279372392971922	32004.62600626904	4.4536509894555293e-10
298.62362362362364	0.3279176629440634	31993.21685514249	4.6128761124883114e-10
298.8988988988989	0.3278236499192113	31981.8117696031	4.486281089301676e-10
299.1741741741742	0.3278598148455145	31970.410751598472	4.6331305559852255e-10
299.44944944944945	0.32801269155033713	31959.013796282106	4.5166193756074987e-10
299.72472472472475	0.32810932818154287	31947.62090391789	4.308346628463218e-10
300.0	0.3279734219269103	31936.23207471471	4.545487776974588e-10
