0.0009610691786499852	5.552944869523943	7169.494372790233	2.8656056431880805	0.0034416410866387587
25.0	0.02287043189368771	33212.0	10.0
25.275275275275277	0.023297046377481728	33635.91264662017	9.817904241237867
25.55055055055055	0.023685816275633015	34058.52299869102	9.63616877041282
25.825825825825827	0.02408634063369289	34479.79207214914	9.454809668637383
26.1011011011011	0.024526379551013763	34900.17787314431	9.273644289395492
26.376376376376378	0.025010440684759806	35320.16866258365	9.092477714270036
26.65165165165165	0.025514788908257296	35739.77883956065	8.911304333618546
26.926926926926928	0.026020191764813776	36158.669756936	8.730259712686763
27.2022022022022	0.026515835939434323	36576.32680718939	8.549549910012306
27.47747747747748	0.027014728627970483	36992.47248046817	8.369286365509572
27.75275275275275	0.027537913569103355	37407.17317721225	8.189443097280762
28.02802802802803	0.028082752222996544	37820.42784696479	8.010021071379079
28.303303303303302	0.02864761289874708	38232.18886867881	7.831039877470529
28.57857857857858	0.029255622457358046	38642.73932310039	7.652386878419749
28.853853853853856	0.0298763543313406	39051.863102856114	7.474148951056963
29.12912912912913	0.03038216869355265	39457.50033907134	7.297150358502364
29.404404404404403	0.0307805347892943	39857.86927864801	7.122104927439436
29.67967967967968	0.03122482558306229	40253.449820826834	6.948822743744523
29.954954954954957	0.031730833188948405	40644.87887155733	6.777050926094585
30.23023023023023	0.03223163711812445	41031.847302748356	6.6069146629115325
30.505505505505504	0.0327553181333762	41414.420700457136	6.438389414765813
30.78078078078078	0.03334313438536407	41793.15573920041	6.271254235484057
31.056056056056057	0.03393878883109683	42167.858215096574	6.105588237841515
31.33133133133133	0.03449636642851045	42537.79863854272	5.941684664172236
31.606606606606608	0.03504346488511868	42902.624723054636	5.779686192822573
31.88188188188188	0.035605595035835096	43262.29301099837	5.619612137629759
32.15715715715716	0.03619263411513334	43616.86001350654	5.461441852302412
32.432432432432435	0.03682052495080873	43966.53098718658	5.305095187200033
32.70770770770771	0.037505537733069416	44311.639817870346	5.150440477321539
32.98298298298298	0.03821568623719998	44652.1502049642	4.997493965525475
33.25825825825826	0.03889011883642866	44987.42987239801	4.846510233714172
33.533533533533536	0.03944746337703892	45316.15144812028	4.698022065894769
33.808808808808806	0.03985684176520033	45636.86217073272	4.552612890770011
34.08408408408408	0.0402445538614417	45949.38826378067	4.410355232525794
34.35935935935936	0.04071079343365644	46254.4311809627	4.270971684527956
34.63463463463464	0.04126536176736421	46552.69322156963	4.13418423646009
34.90990990990991	0.04188106121860629	46844.576650221534	3.999834593292983
35.18518518518518	0.042502405676531886	47130.00772099979	3.867954660047873
35.46046046046046	0.043084573886368854	47408.589374913456	3.738705659699123
35.73573573573574	0.04360886645039902	47679.843718275886	3.6122812906829487
36.01101101101101	0.04417114699774524	47944.02093533573	3.488584280625348
36.286286286286284	0.04484939770757011	48201.861991543796	3.367321003462938
36.56156156156156	0.045503735128460204	48453.11243657085	3.2485956103964693
36.83683683683684	0.046042954648206014	48696.98990739821	3.1327234565678137
37.112112112112115	0.04657689868286192	48933.48238498509	3.019712139599844
37.38738738738739	0.04717204515954986	49162.97249747436	2.909411446224419
37.66266266266266	0.04780756352893596	49385.683402366594	2.8017347889958004
37.93793793793794	0.048462601154121765	49601.70329293242	2.6966494669777488
38.213213213213216	0.049116789374346354	49811.010801346594	2.5941665583704006
38.488488488488485	0.049717885668128646	50013.33896523724	2.494395360568582
38.76376376376376	0.05023273588319443	50208.31532451784	2.397487459704512
39.03903903903904	0.050784339807473135	50396.199035997575	2.3033420050372153
39.314314314314316	0.05146848026320559	50577.64553252073	2.211699580449113
39.58958958958959	0.05219288962052801	50752.836183291234	2.122490095453166
39.86486486486486	0.05284763858314303	50921.4928268869	2.035827153127169
40.14014014014014	0.05335036001317302	51083.07709822037	1.9519285150823207
40.41541541541542	0.05377647687410076	51237.434933745615	1.8708584680743074
40.690690690690694	0.05433060100637857	51385.186134522504	1.7923718956167687
40.965965965965964	0.05497870140955869	51526.75821675888	1.7163003395230572
41.24124124124124	0.05556971644692629	51662.03803988528	1.6426913836034749
41.51651651651652	0.056127099829988	51791.023503368895	1.5715482506160054
41.791791791791795	0.056703698148481134	51913.89156017242	1.5028025622185872
42.06706706706707	0.057238352813314186	52030.63848223745	1.436458125836338
42.34234234234234	0.05770216585975953	52141.206537324426	1.3725403461367343
42.61761761761762	0.05817528993496453	52245.78133875382	1.3109773379114806
42.892892892892895	0.0586857177964812	52344.61247500472	1.2516715625646
43.168168168168165	0.05919005919563345	52437.82969120118	1.1945733113064925
43.44344344344344	0.05974693786385678	52525.69723351512	1.1395790404225603
43.71871871871872	0.06046191218299528	52608.68322883405	1.0865035759884427
43.993993993993996	0.06119500131949597	52686.906591246705	1.035301213968307
44.26926926926927	0.061761238781509825	52760.12348591784	0.9860712654915672
44.54454454454455	0.06226378622364018	52828.34791262107	0.9388100282211859
44.81981981981982	0.06282866466551885	52891.8389719075	0.8934157808285996
45.0950950950951	0.06344687208098757	52950.81759651598	0.8498019668413168
45.37037037037037	0.06407609829158704	53005.41930900361	0.8079161014653622
45.645645645645644	0.06465916945621394	53055.68985398419	0.7677415489331411
45.92092092092092	0.06522247081192116	53101.727598081285	0.7292406136252896
46.1961961961962	0.06585848552000499	53143.76233756525	0.6923230050657423
46.471471471471475	0.06653615982925667	53181.962025555375	0.6569230763026394
46.74674674674675	0.0671634199803498	53216.37019529823	0.6230248712472518
47.02202202202202	0.06770804033148768	53247.00623796222	0.5906220715545417
47.2972972972973	0.0681895848678464	53273.93078029244	0.5596918617855424
47.572572572572575	0.06872496145064674	53297.33927133513	0.5301574892253387
47.847847847847845	0.0693614345637663	53317.4586112248	0.5019295501005069
48.12312312312312	0.06998272685965913	53334.382663166936	0.4749717550713291
48.3983983983984	0.07053923848056078	53348.16334749988	0.44926455186436176
48.673673673673676	0.07107623708963803	53358.901651777174	0.4247687469713382
48.94894894894895	0.071609749347093	53366.712397331416	0.4014395766234957
49.22422422422423	0.07212573460731536	53371.6977285467	0.37923730297525077
49.4994994994995	0.07257072679542902	53373.922085552585	0.358137227124619
49.77477477477478	0.07291441068998038	53373.43786193044	0.33811944308670705
50.05005005005005	0.07328654358056472	53370.39042784035	0.31912684445006945
50.32532532532532	0.07377878311479939	53364.97045560262	0.30108415376955805
50.6006006006006	0.07429925861609062	53357.296266741796	0.28394495388084895
50.87587587587588	0.07476034917283289	53347.43306792689	0.2676840230122584
51.151151151151154	0.07512254663137283	53335.43076763039	0.2522822323257861
51.42642642642643	0.07543244439031625	53321.36911166255	0.23770850236832666
51.70170170170171	0.07580007288539595	53305.37786918857	0.22391171953722483
51.97697697697698	0.07625145556817024	53287.58704336932	0.21084062750264004
52.252252252252255	0.07675189270512406	53268.10088529086	0.19845421874089295
52.527527527527525	0.07719407758121587	53246.97639877383	0.18673034005229475
52.8028028028028	0.07753183083009657	53224.25698312224	0.17565225698844555
53.07807807807808	0.07796753206915838	53200.05755057003	0.16517462119761525
53.353353353353356	0.07858223947225224	53174.50642149717	0.1552466789829234
53.62862862862863	0.07916583760521499	53147.655200482775	0.14584830609617333
53.90390390390391	0.079634883345362	53119.5333608952	0.13696820884635574
54.17917917917918	0.08007359078009561	53090.19739252283	0.12858427872080855
54.454454454454456	0.08053204205375897	53059.71502847779	0.12066988968954367
54.729729729729726	0.08102761957933959	53028.1540438757	0.11319837326796937
55.005005005005	0.08155118123199477	52995.57573895129	0.10614562455373763
55.28028028028028	0.082087364186171	52962.03468859973	0.09949020483646642
55.55555555555556	0.08263718849332835	52927.58297784849	0.09321165041205129
55.830830830830834	0.08319658128499362	52892.26940382677	0.0872907926523927
56.10610610610611	0.08374147402971262	52856.13661497382	0.08171090326077352
56.38138138138139	0.08424330520108164	52819.22178774912	0.07645742599029813
56.65665665665666	0.08467708911647967	52781.55847855972	0.07151723814516066
56.931931931931935	0.08511972693760712	52743.191005152905	0.06687290093636233
57.20720720720721	0.08570820993677845	52704.1782157313	0.0625011481601685
57.48248248248248	0.08636551843637913	52664.56339472798	0.05838491515813403
57.75775775775776	0.08694306752198666	52624.370297476315	0.05451493042403604
58.033033033033036	0.08748091855544984	52583.62778072335	0.05087987343454397
58.30830830830831	0.08804409256408345	52542.3704546037	0.047466111995064925
58.58358358358358	0.08860687159781297	52500.62857306751	0.04426174280770041
58.85885885885886	0.08912427305053039	52458.42737844988	0.041256855224781994
59.134134134134136	0.08954864365268543	52415.78819285926	0.03844309670979294
59.40940940940941	0.08990970355114176	52372.735006486706	0.035811039701597686
59.68468468468468	0.09031038728377994	52329.29830743098	0.03334864907968923
59.95995995995996	0.09077319721965454	52285.50767947478	0.031044239802032917
60.23523523523524	0.09126207781154255	52241.38818111479	0.028887925250968543
60.510510510510514	0.0917097416565327	52196.95964901266	0.02687189749530087
60.78578578578579	0.09206970388484119	52152.239099854574	0.02498946878136944
61.06106106106106	0.09241112930183638	52107.24678523704	0.023232651288065707
61.33633633633634	0.09280606172652682	52062.00504188595	0.021592615689420724
61.611611611611615	0.09327708178255827	52016.535267802465	0.020060899585339027
61.88688688688689	0.09379147897996745	51970.85574333693	0.0186302791985478
62.16216216216216	0.0942599470131253	51924.980329959435	0.017295290913659663
62.43743743743744	0.0946895725460764	51878.922741993854	0.01605052470997288
62.712712712712715	0.09515284663269134	51832.698344737044	0.014889905150395696
62.98798798798799	0.09560960580672685	51786.32029067354	0.01380823587132225
63.26326326326326	0.09599405607122818	51739.79936392	0.012801262628751328
63.53853853853854	0.09637632122652309	51693.147799421895	0.011864146911622379
63.813813813813816	0.09681722269655682	51646.37841956161	0.010991810656261
64.0890890890891	0.09725129010156211	51599.501648533536	0.010180129969163839
64.36436436436436	0.09766313997088323	51552.52703757048	0.009425326103210037
64.63963963963964	0.09814561511756947	51505.46525986236	0.00872316801933873
64.91491491491492	0.0986998119259017	51458.32606105416	0.00806979155460874
65.1901901901902	0.09923032438281404	51411.11692844085	0.0074622319688843275
65.46546546546547	0.09967357864845897	51363.84414390766	0.006898003734770304
65.74074074074073	0.10001942250835784	51316.513787206175	0.006374699784269611
66.01601601601601	0.10044301423548695	51269.13389338316	0.005889128809299276
66.29129129129129	0.10107905644095368	51221.71319574313	0.005437817203027317
66.56656656656656	0.10170208508956992	51174.257114188884	0.005018617403793884
66.84184184184184	0.10216098974975	51126.76935398214	0.00463005623425609
67.11711711711712	0.10259946677087857	51079.25502870664	0.004270100814717608
67.3923923923924	0.1030768109884236	51031.71942789637	0.003936645966636916
67.66766766766767	0.10351494185194904	50984.16686249888	0.0036279758380685606
67.94294294294295	0.1039421730142247	50936.601623510694	0.0033423809220060083
68.21821821821823	0.10444925441270024	50889.02828735036	0.003078035947389125
68.4934934934935	0.10494658409147398	50841.4505016567	0.0028334853226746836
68.76876876876878	0.10532179074986803	50793.871114167574	0.002607591949830134
69.04404404404404	0.10572241376299976	50746.293644748395	0.002398948872718178
69.31931931931932	0.10626390810004568	50698.72183929569	0.002206057413627442
69.5945945945946	0.10680853235580771	50651.15847638222	0.0020278043024953827
69.86986986986987	0.10727346399415494	50603.605845107544	0.001863270954090747
70.14514514514515	0.10771540252527605	50556.06635160403	0.0017114911157052998
70.42042042042041	0.10815542344947358	50508.54232128095	0.0015715299041331988
70.69569569569569	0.10857205187294396	50461.035856534785	0.0014425407370875728
70.97097097097097	0.1089577509626851	50413.548908447665	0.0013237367460365722
71.24624624624624	0.10931597685306185	50366.08331680187	0.0012143748320722634
71.52152152152152	0.10966154925007712	50318.640835914	0.0011137453771451872
71.7967967967968	0.11002943255042154	50271.22316674857	0.0010211594343177211
72.07207207207207	0.1105052796079695	50223.83202846131	0.000935920137603429
72.34734734734735	0.11108279069711124	50176.46897344215	0.0008573964715299622
72.62262262262263	0.11156912692791951	50129.1350494151	0.0007851589677178079
72.8978978978979	0.11191723153324952	50081.83122419454	0.0007188095740758411
73.17317317317318	0.1122620077626131	50034.55862167052	0.000657887459039919
73.44844844844846	0.11260746988105465	49987.318283752225	0.000601964148970435
73.72372372372374	0.11287872353630476	49940.11108865418	0.0005506762355583347
73.998998998999	0.11315495392954558	49892.9379447911	0.0005036479013816456
74.27427427427428	0.11353728693559142	49845.79977673826	0.00046049652292952967
74.54954954954955	0.1139428116670841	49798.69733881947	0.000420907208335675
74.82482482482483	0.11430201064204513	49751.6312670836	0.0003846120768038459
75.1001001001001	0.11468524122710053	49704.602204748495	0.0003513401400562494
75.37537537537537	0.11509470052658494	49657.610739131684	0.0003208425201298331
75.65065065065065	0.11541588864951348	49610.65733860492	0.0002929176812379209
75.92592592592592	0.11571035489614591	49563.74247905239	0.0002673609060627636
76.2012012012012	0.11617280515383896	49516.86669303083	0.0002439446350728317
76.47647647647648	0.11671526603189321	49470.030406549944	0.00022248371354727947
76.75175175175175	0.11714258193459744	49423.23392232025	0.0002028421299147605
77.02702702702703	0.11751282278963653	49376.477551771066	0.00018488027111171316
77.30230230230231	0.11793331415964683	49329.76162044182	0.00016845276390783413
77.57757757757759	0.11841265469364794	49283.08642268822	0.0001534265814256283
77.85285285285286	0.11890057544037871	49236.45220768556	0.000139686651320516
78.12812812812814	0.11927957727708824	49189.859172036246	0.00012713882772631785
78.40340340340342	0.11956187536816806	49143.30750448305	0.00011569203180616374
78.67867867867868	0.11989700024493909	49096.79741248165	0.00010524763104045085
78.95395395395396	0.1202834708078303	49050.329079407005	9.571654284362211e-05
79.22922922922923	0.12063796268811819	49003.90265311022	8.702381742235258e-05
79.50450450450451	0.12104442840988926	48957.5182807035	7.909474844806649e-05
79.77977977977977	0.12157847767564618	48911.176102153346	7.185744000674579e-05
80.05505505505505	0.12202149494744696	48864.87620935976	6.525915847132448e-05
80.33033033033033	0.12225889198536437	48818.61867380713	5.9255295785709146e-05
80.6056056056056	0.12256020801010417	48772.4035934102	5.379065545988384e-05
80.88088088088088	0.12304298958632473	48726.23106347549	4.881105068805817e-05
81.15615615615616	0.12355049905368384	48680.10114897876	4.4274382640471896e-05
81.43143143143143	0.1239613714951841	48634.01389605821	4.014605675023729e-05
81.70670670670671	0.12422040098859181	48587.969342101766	3.639495798814111e-05
81.98198198198199	0.12444649052113113	48541.96752889112	3.298820392207606e-05
82.25725725725727	0.12479882273238087	48496.00850100761	2.9891782372092376e-05
82.53253253253254	0.12520159528859442	48450.09228926963	2.707716521765498e-05
82.80780780780782	0.12554987634088793	48404.21891247622	2.45206150355048e-05
83.0830830830831	0.12585868526993368	48358.38838581357	2.219983238253801e-05
83.35835835835836	0.1261714597046017	48312.6007218742	2.009355076965854e-05
83.63363363363364	0.12654010389895803	48266.855930408135	1.8181637637802863e-05
83.90890890890891	0.1269164124491681	48221.1540145797	1.644658819696029e-05
84.18418418418419	0.1271623517890149	48175.494969607935	1.4874067478663584e-05
84.45945945945945	0.12731257647756417	48129.87878966584	1.3450161734147508e-05
84.73473473473473	0.1275051233996954	48084.30546988194	1.2160583302300338e-05
85.01001001001	0.1278145271039116	48038.775003425966	1.0991833152419065e-05
85.28528528528528	0.12825107885593376	47993.28737984477	9.931864180319029e-06
85.56056056056056	0.12868550660364406	47947.84258295726	8.970917338273145e-06
85.83583583583584	0.1290312206366032	47902.44059309981	8.100627644828877e-06
86.11111111111111	0.12935620064584424	47857.08139023372	7.312790702662039e-06
86.38638638638639	0.12968433241399013	47811.764952914615	6.599772827397233e-06
86.66166166166167	0.129963214200046	47766.491257363115	5.9548790242850635e-06
86.93693693693695	0.13022863132977072	47721.26027887394	5.371795213828863e-06
87.21221221221222	0.13057520089818864	47676.07199228682	4.844403939985103e-06
87.4874874874875	0.1309722799167059	47630.92637055387	4.367350211790971e-06
87.76276276276278	0.1313456258345476	47585.8233847175	3.9360481189543185e-06
88.03803803803804	0.1317044049040162	47540.76300494244	3.546273911655763e-06
88.31331331331332	0.1320704608953728	47495.7452006396	3.1941176678805825e-06
88.58858858858859	0.1324353010683682	47450.76994029411	2.8760503561177645e-06
88.86386386386387	0.1327733579065957	47405.837191481936	2.5889163110757865e-06
89.13913913913915	0.13304442978672068	47360.94692093586	2.3299059651886684e-06
89.41441441441442	0.13331275426881214	47316.099095145124	2.0963238743670153e-06
89.68968968968969	0.13372791896683403	47271.29368058936	1.885502195159167e-06
89.96496496496496	0.13423662873155626	47226.53064279138	1.6951643427244706e-06
90.24024024024024	0.1346876378727758	47181.80994619835	1.523464618939654e-06
90.51551551551552	0.1350925966400639	47137.1315549653	1.3686879207239217e-06
90.7907907907908	0.13548826660242777	47092.49543302537	1.229223926967173e-06
91.06606606606607	0.1357943063157392	47047.90154378408	1.1036793939427411e-06
91.34134134134135	0.1360016397781424	47003.34985039664	9.907732640446083e-07
91.61661661661662	0.13628836121415533	46958.84031616378	8.89195897232841e-07
91.8918918918919	0.13669323428799138	46914.37290412793	7.977584354857423e-07
92.16716716716716	0.13706745550410732	46869.94757677179	7.154951287764185e-07
92.44244244244244	0.1374009396475615	46825.564296383185	6.415305872777547e-07
92.71771771771772	0.1377785980816503	46781.22302521224	5.750268655866479e-07
92.992992992993	0.13814472520987733	46736.92372644004	5.152677799734713e-07
93.26826826826827	0.13842659641030292	46692.666362000484	4.616176012144996e-07
93.54354354354355	0.13876210024051774	46648.45089375615	4.134450111126386e-07
93.81881881881883	0.13925009991172482	46604.277283509444	3.7015717577690624e-07
94.0940940940941	0.13974955827676852	46560.14549282564	3.312714015311727e-07
94.36936936936937	0.14015118640894023	46516.055483125565	2.9637778506578695e-07
94.64464464464464	0.14045217534926557	46472.00721578702	2.6509826825383733e-07
94.91991991991992	0.1406979110012744	46428.000652171446	2.3707593858504583e-07
95.1951951951952	0.14096615656525474	46384.03575362941	2.119727889981729e-07
95.47047047047047	0.14129047319032007	46340.112481472635	1.894810823280281e-07
95.74574574574575	0.1416672443735193	46296.23079696415	1.6932735568917468e-07
96.02102102102103	0.14203218315320087	46252.390661310514	1.5127560626931255e-07
96.2962962962963	0.1423346110003021	46208.59203568435	1.351182378749634e-07
96.57157157157158	0.14263285465840206	46164.834881263036	1.2066043218330156e-07
96.84684684684684	0.14296052733261919	46121.1191592192	1.0772402180182425e-07
97.12212212212212	0.1432650003442552	46077.44483070507	9.615381113406084e-08
97.3973973973974	0.1435309101401965	46033.81185686942	8.581075495761624e-08
97.67267267267268	0.14379625215948277	45990.2201988705	7.656674260757229e-08
97.94794794794795	0.14408706448049508	45946.66981787414	6.830538539240005e-08
98.22322322322323	0.14440938343153967	45903.16067505269	6.092244313417935e-08
98.4984984984985	0.14470295939672603	45859.69273158079	5.432751398040968e-08
98.77377377377378	0.14491884534616065	45816.26594864314	4.844092550294328e-08
99.04904904904905	0.14517038926238343	45772.88028745296	4.31862896849134e-08
99.32432432432432	0.1455316601433122	45729.53570924492	3.849334699738241e-08
99.5995995995996	0.14588731638809588	45686.23217526146	3.430345760090963e-08
99.87487487487488	0.1461866175855722	45642.96964676386	3.0565171826917425e-08
100.15015015015015	0.14650728048067987	45599.74808504222	2.7230170728295856e-08
100.42542542542543	0.14685795290687004	45556.56745141081	2.4255153655050276e-08
100.70070070070071	0.14718473994566345	45513.427707206516	2.160244371263087e-08
100.97597597597598	0.14750529505114374	45470.32881379415	1.9237856886057694e-08
101.25125125125126	0.1478588703880816	45427.270732567624	1.7130207852560266e-08
101.52652652652652	0.14818761297505342	45384.25342494713	1.5252428710090663e-08
101.8018018018018	0.14843483051783068	45341.27685238107	1.358078193090766e-08
102.07707707707708	0.14864241740710393	45298.34097634994	1.2093323692158086e-08
102.35235235235236	0.1488845992596196	45255.44575836672	1.0769694635483181e-08
102.62762762762763	0.1492554928852768	45212.59115997693	9.591118064073957e-09
102.90290290290291	0.14971373429880333	45169.77714275599	8.541438775021828e-09
103.17817817817819	0.15008290873783517	45127.0036683083	7.607448258876685e-09
103.45345345345346	0.1503880441528888	45084.270698271976	6.776991426737547e-09
103.72872872872873	0.15076738806647677	45041.57819432023	6.038434678519519e-09
104.004004004004	0.15116814614412	44998.92611815856	5.3817300192828215e-09
104.27927927927928	0.15148820442026378	44956.31443152509	4.798301091393934e-09
104.55455455455456	0.15174113228881442	44913.74309619221	4.280332217332639e-09
104.82982982982983	0.15197368516694681	44871.21207396698	3.8206385396796675e-09
105.10510510510511	0.15224336805143332	44828.72132669111	3.4126520779282037e-09
105.38038038038039	0.15254565994519428	44786.270816240554	3.0505686782189863e-09
105.65565565565566	0.15279489728695947	44743.86050452522	2.7294156952402722e-09
105.93093093093094	0.15299651857706692	44701.490353489884	2.444714865360606e-09
106.2062062062062	0.1532347312107587	44659.16032511455	2.1923187903213108e-09
106.48148148148148	0.1535677947328018	44616.87038141427	1.96847967557505e-09
106.75675675675676	0.15399951281298638	44574.620484438914	1.7699056252046244e-09
107.03203203203203	0.15433910217945085	44532.4105962727	1.5939140742337172e-09
107.30730730730731	0.15445558207753873	44490.24067903471	1.4382010855455755e-09
107.58258258258259	0.1545543412226563	44448.11069488003	1.3004644584678591e-09
107.85785785785787	0.15478317645317202	44406.02060599925	1.1785473154491268e-09
108.13313313313314	0.1550913402151697	44363.970374617966	1.070606651462366e-09
108.4084084084084	0.1554038716046033	44321.95996299684	9.75068229315804e-10
108.68368368368368	0.15564880339390852	44279.98933343172	8.905701721033465e-10
108.95895895895896	0.15584918489789637	44238.05844825381	8.158784839629194e-10
109.23423423423424	0.15608114894084257	44196.167269829806	7.498597002223268e-10
109.50950950950951	0.1563697723479786	44154.31576056173	6.915042548076352e-10
109.78478478478479	0.15670216540250684	44112.50388288688	6.399277072336123e-10
110.06006006006007	0.15700167227146836	44070.731599277766	5.943708004557413e-10
110.33533533533534	0.15723594303079363	44028.99887224221	5.541634695776713e-10
110.61061061061062	0.15749551506877152	43987.305664323445	5.1868567128505e-10
110.88588588588588	0.15782175659639974	43945.65193810005	4.873819496844316e-10
111.16116116116116	0.15817326977579466	43904.03765618579	4.59771281497322e-10
111.43643643643644	0.1585244976680911	43862.462781229704	4.3543198872443785e-10
111.71171171171171	0.15886461320286424	43820.92727591607	4.139910834461652e-10
111.98698698698699	0.15916362984885568	43779.43110296435	3.9512038438646415e-10
112.26226226226227	0.15939250531594165	43737.97422512921	3.7852992040599683e-10
112.53753753753755	0.15957073954545334	43696.55660520054	3.6395845089906103e-10
112.81281281281282	0.1597460528784197	43655.17820600339	3.511695674865875e-10
113.08808808808809	0.16000325583174552	43613.83899039802	3.3994860716905367e-10
113.36336336336336	0.1603704077680784	43572.5389212798	3.3010633437528867e-10
113.63863863863864	0.16077601210747602	43531.277961579144	3.2148142980591016e-10
113.91391391391392	0.16117802395397307	43490.05607426147	3.1393353410870317e-10
114.1891891891892	0.16156831236851785	43448.87322232723	3.0733843115386756e-10
114.46446446446447	0.1618938177326133	43407.72936881184	3.0158762629267315e-10
114.73973973973975	0.16210079529076482	43366.62447678567	2.9658570190270616e-10
115.01501501501502	0.1622991447683724	43325.55850935409	2.922440503440246e-10
115.2902902902903	0.16259709575776823	43284.53142965742	2.8848201611504097e-10
115.56556556556556	0.1628937449657228	43243.54320087084	2.852312850462157e-10
115.84084084084084	0.16312997539923277	43202.59378620429	2.8243245423594495e-10
116.11611611611612	0.1634165838462999	43161.68314890266	2.8003107457071285e-10
116.3913913913914	0.1637728148320147	43120.81125224558	2.779792022680375e-10
116.66666666666667	0.1640893516102421	43079.97805954739	2.762360043977408e-10
116.94194194194195	0.16438214346169572	43039.18353415719	2.747650707136221e-10
117.21721721721723	0.1647462205072682	42998.427639458794	2.735334833222055e-10
117.4924924924925	0.16510789361337308	42957.710338870646	2.7251290470476015e-10
117.76776776776778	0.16536041803033494	42917.03159584575	2.7167881652898766e-10
118.04304304304304	0.16559649134981214	42876.3913738718	2.7100890377255714e-10
118.31831831831832	0.16590276187024106	42835.78963647107	2.704832099777617e-10
118.5935935935936	0.1662148855555453	42795.22634720034	2.700844707177002e-10
118.86886886886887	0.16651710829189964	42754.70146965087	2.6979750988551506e-10
119.14414414414415	0.16689566334550496	42714.21496744847	2.6960884573504855e-10
119.41941941941943	0.16728058428635253	42673.76680425331	2.6950676032271906e-10
119.6946946946947	0.16747400623931888	42633.35694375989	2.6948096221399753e-10
119.96996996996998	0.1675502600517764	42592.98534969713	2.695221775913321e-10
120.24524524524524	0.1676979763566478	42552.65198582835	2.696222497488569e-10
120.52052052052052	0.16784834666694617	42512.35681595119	2.697740358580831e-10
120.7957957957958	0.16791643457264105	42472.0998038975	2.6997117825604807e-10
121.07107107107107	0.16805149029587002	42431.88091353346	2.7020824263633474e-10
121.34634634634635	0.16831636715199624	42391.70010875949	2.704806045905787e-10
121.62162162162163	0.1685272922572857	42351.55735351009	2.707839647222203e-10
121.8968968968969	0.16868041602770156	42311.45261175391	2.711145140018583e-10
122.17217217217218	0.16899133942018094	42271.38584749386	2.714693134497243e-10
122.44744744744746	0.1693780378592081	42231.357024766825	2.718456690685262e-10
122.72272272272272	0.16958483362432117	42191.36610764367	2.722406736983498e-10
122.997997997998	0.1697130066269257	42151.41306022932	2.726519554413282e-10
123.27327327327328	0.1699561063527913	42111.497846662765	2.7307787437197325e-10
123.54854854854855	0.17023930892248784	42071.62043111694	2.73516835955163e-10
123.82382382382383	0.17045986345384143	42031.78077779861	2.739671924173999e-10
124.0990990990991	0.17061331573163574	41991.97885094847	2.744274773706616e-10
124.37437437437438	0.17075314175693027	41952.2146148411	2.7489653570049767e-10
124.64964964964966	0.17098904924054875	41912.488033784946	2.75373643837489e-10
124.92492492492492	0.17130553806152593	41872.799072122245	2.758581372967778e-10
125.2002002002002	0.17158451603096153	41833.14769422895	2.76349121894716e-10
125.47547547547548	0.17183093642243308	41793.53386451473	2.7684582430344366e-10
125.75075075075075	0.1720991143313562	41753.95754742298	2.7734771438512375e-10
126.02602602602603	0.172337952220285	41714.41870743076	2.7785418751498274e-10
126.30130130130131	0.17249817885522814	41674.917309048724	2.7836457547426583e-10
126.57657657657658	0.17264014087872664	41635.453316821164	2.7887845994497836e-10
126.85185185185186	0.1728132021716066	41596.02669532597	2.793956142084518e-10
127.12712712712714	0.17300935509212256	41556.63740917458	2.7991581876347344e-10
127.4024024024024	0.17320230579287843	41517.28542301191	2.8043880775739796e-10
127.67767767767768	0.17336064543457091	41477.970701516344	2.809642591594808e-10
127.95295295295296	0.17355930766839733	41438.69320939976	2.8149210599863225e-10
128.22822822822823	0.1739082662593536	41399.45291140748	2.820226071395561e-10
128.5035035035035	0.174262637941393	41360.24977231818	2.825555730672559e-10
128.7787787787788	0.17445488198873094	41321.08375694374	2.8309035380826485e-10
129.05405405405406	0.17463680461346093	41281.95483012951	2.836268199664034e-10
129.32932932932934	0.17493165845155104	41242.862956754114	2.8416521637449903e-10
129.60460460460462	0.17522664984189357	41203.80810172944	2.847054297871858e-10
129.87987987987987	0.17546256908218993	41164.79023000053	2.8524718912032926e-10
130.15515515515517	0.17569572878224468	41125.80930654565	2.8579042192851717e-10
130.43043043043042	0.17594811549481945	41086.865296376265	2.8633512936839475e-10
130.70570570570572	0.17620334059990367	41047.958164536925	2.86881264804602e-10
130.98098098098097	0.17642555814634048	41009.08787610531	2.874286829653124e-10
131.25625625625628	0.1765877265574292	40970.254396192075	2.8797717829330965e-10
131.53153153153153	0.1767528097604265	40931.457689941046	2.8852675634915743e-10
131.80680680680683	0.1769727276616603	40892.69772252901	2.8907757448935856e-10
132.08208208208208	0.17718975909478288	40853.974459165715	2.8962960063211135e-10
132.35735735735736	0.17737956720656486	40815.28786509384	2.9018273558783607e-10
132.63263263263264	0.17760613857506566	40776.63790558902	2.907370813722676e-10
132.9079079079079	0.17789769839557493	40738.02454595977	2.912928100753408e-10
133.1831831831832	0.17823130211695912	40699.447751547465	2.918500040499704e-10
133.45845845845847	0.17852970427965062	40660.90748772622	2.924085074509101e-10
133.73373373373374	0.1787110825103609	40622.403719902926	2.9296794378420065e-10
134.00900900900902	0.17887744122780974	40583.93641351727	2.9352828698978196e-10
134.2842842842843	0.17914644181946723	40545.50553404174	2.9408986197325446e-10
134.55955955955955	0.17943216101359608	40507.11104698144	2.9465269751321243e-10
134.83483483483485	0.1796479933740982	40468.75291787412	2.9521656292316413e-10
135.1101101101101	0.17980545703910794	40430.431112290156	2.957812922097059e-10
135.3853853853854	0.17996898619874585	40392.14559583259	2.963469321492812e-10
135.66066066066065	0.1802441039845539	40353.896334137055	2.969138360137891e-10
135.93593593593596	0.18055666289157735	40315.6832928717	2.974820910814759e-10
136.2112112112112	0.18072406025863633	40277.50643773706	2.980512321403973e-10
136.4864864864865	0.18087808836767777	40239.36573446622	2.9862124666175877e-10
136.76176176176176	0.1812273230081376	40201.2611488249	2.9919274294479755e-10
137.03703703703704	0.18161252961878502	40163.19264661108	2.997657760031747e-10
137.31231231231232	0.18187159363742667	40125.16019365505	3.003399121404353e-10
137.5875875875876	0.18212024928347298	40087.163755819514	3.0091511963620003e-10
137.86286286286287	0.18241262877355202	40049.20329899954	3.0149153217775366e-10
138.13813813813815	0.1826339869038849	40011.27878912243	3.0206892463092317e-10
138.41341341341342	0.1827806065579625	39973.39019214774	3.0264709130275e-10
138.6886886886887	0.18296442655106648	39935.5374740673	3.032261875627443e-10
138.96396396396398	0.18318744501524056	39897.7206009052	3.038063542062422e-10
139.23923923923923	0.18338904645604484	39859.93953871762	3.043875328243438e-10
139.51451451451453	0.1835562043540606	39822.19425359286	3.0496963431182777e-10
139.78978978978978	0.18368708158867234	39784.48471165142	3.0555257634957855e-10
140.06506506506508	0.18375722830392283	39746.81087904574	3.061362149515118e-10
140.34034034034033	0.18377708478176716	39709.17272196042	3.0672045685631345e-10
140.61561561561564	0.18383641246176477	39671.570206612065	3.0730548993633234e-10
140.8908908908909	0.18400350683090075	39634.003299249365	3.0789168166390125e-10
141.1661661661662	0.1843005620231215	39596.47196615294	3.084794172075757e-10
141.44144144144144	0.1846329803395546	39558.97617363532	3.090687465701242e-10
141.71671671671672	0.18485147204059746	39521.51588804081	3.0965926499671793e-10
141.991991991992	0.18505523577484842	39484.09107574566	3.1025092055641824e-10
142.26726726726727	0.18538188300519282	39446.70170315805	3.1084408233796946e-10
142.54254254254255	0.18562956739655817	39409.34773671783	3.114384624681422e-10
142.81781781781783	0.18568156579400166	39372.02914289656	3.120334609815545e-10
143.0930930930931	0.18586761526211237	39334.74588819776	3.126295529336558e-10
143.36836836836838	0.18628370442605666	39297.497939156696	3.1322743865559993e-10
143.64364364364366	0.18657631824270735	39260.285262340156	3.138266569224052e-10
143.9189189189189	0.1866883300808104	39223.1078243465	3.144266371675821e-10
144.1941941941942	0.18685825520028354	39185.96559180589	3.150276074022976e-10
144.46946946946946	0.18711902156689045	39148.85853138012	3.156298643498e-10
144.74474474474476	0.18738985751429474	39111.78660976247	3.16233420190374e-10
145.02002002002	0.18766129952520044	39074.74979367779	3.1683825705394203e-10
145.29529529529532	0.18794427996779525	39037.7480498824	3.174443928786936e-10
145.57057057057057	0.18823382200917035	39000.78134516415	3.1805182831090586e-10
145.84584584584587	0.18851260003099174	38963.849646342256	3.186605116455498e-10
146.12112112112112	0.18874757920066576	38926.95292026741	3.192702984131178e-10
146.3963963963964	0.1889590736979867	38890.09113382166	3.198811260496146e-10
146.67167167167167	0.18922480246081905	38853.264253918474	3.2049317687903297e-10
146.94694694694695	0.18952660744177335	38816.472247502636	3.211065531311032e-10
147.22222222222223	0.1897834486860991	38779.71508155018	3.2172109689379126e-10
147.4974974974975	0.1899785390518181	38742.9927230684	3.223366214692848e-10
147.77277277277278	0.1901354270812032	38706.30513909586	3.2295303807859887e-10
148.04804804804806	0.1903244619586077	38669.65229670235	3.235704847135374e-10
148.32332332332334	0.19055364968231556	38633.03416298888	3.241891048919195e-10
148.59859859859858	0.19065577710536866	38596.45070508748	3.2480851296356626e-10
148.8738738738739	0.1905951563493309	38559.90189016129	3.254282683376977e-10
149.14914914914914	0.19056080788325241	38523.387685404676	3.2604856858756575e-10
149.42442442442444	0.19068219700765768	38486.90805804313	3.2666997967391846e-10
149.6996996996997	0.19099687817351235	38450.46297533323	3.27293104562626e-10
149.974974974975	0.19132803945139287	38414.052404562404	3.2791792152498566e-10
150.25025025025025	0.19145786882375457	38377.67631304896	3.2854374444048394e-10
150.52552552552555	0.1915654158516476	38341.33466814224	3.2917053222107134e-10
150.8008008008008	0.19182678611280213	38305.02743722265	3.297987905679844e-10
151.07607607607608	0.19201522112778538	38268.75458770129	3.304282581332866e-10
151.35135135135135	0.19201970960432507	38232.51608702008	3.3105836882471616e-10
151.62662662662663	0.19207056765210628	38196.311902651905	3.316893448911903e-10
151.9019019019019	0.19226164872672577	38160.14200210052	3.32321667207297e-10
152.17717717717719	0.19249958833527725	38124.00635290039	3.329554618824396e-10
152.45245245245246	0.19274185161031937	38087.90492261669	3.3359070635135713e-10
152.72772772772774	0.1929852806754155	38051.83767884532	3.3422737173708654e-10
153.00300300300302	0.19321158974908753	38015.80458921282	3.3486537691899236e-10
153.2782782782783	0.19339671264816816	37979.8056213764	3.355045779342546e-10
153.55355355355357	0.19351995469805044	37943.840743023866	3.361447872208164e-10
153.82882882882885	0.19359637179752381	37907.90992187365	3.3678589059640826e-10
154.10410410410412	0.19371891744904948	37872.01312567479	3.374280788962385e-10
154.37937937937937	0.19393278127964575	37836.150322206915	3.380716569631899e-10
154.65465465465465	0.19420150220755342	37800.32147928012	3.387167736489953e-10
154.92992992992993	0.19446663935648442	37764.526564734944	3.3936337509907964e-10
155.2052052052052	0.19467202049608465	37728.76554644235	3.4001124024367e-10
155.48048048048048	0.19490218870950185	37693.03839230379	3.4066044336591774e-10
155.75575575575576	0.19525443890746255	37657.34507025116	3.4131135231238314e-10
156.03103103103103	0.19552562157447018	37621.68554824658	3.419636482102537e-10
156.3063063063063	0.1955608325533235	37586.059794282446	3.4261657359439183e-10
156.5815815815816	0.19560781573010183	37550.46777638156	3.432702542665256e-10
156.85685685685687	0.19583645528486313	37514.90946259718	3.4392533045006696e-10
157.13213213213214	0.19616065238958008	37479.384821012725	3.4458208179558507e-10
157.40740740740742	0.19648036644952827	37443.893819741774	3.452404345266537e-10
157.6826826826827	0.19671796043768044	37408.43642692806	3.4590008193563004e-10
157.95795795795797	0.19692081550056031	37373.01261074551	3.465609103795999e-10
158.23323323323325	0.1971941229507098	37337.62233939823	3.4722315349590964e-10
158.50850850850853	0.19749722101810174	37302.265581120446	3.4788688380060295e-10
158.7837837837838	0.1977591143971169	37266.9423041764	3.4855194023493564e-10
159.05905905905905	0.1980083553259963	37231.65247686042	3.4921827518064226e-10
159.33433433433433	0.19826539654372669	37196.396067496826	3.498859126740599e-10
159.6096096096096	0.1984855066406023	37161.17304443994	3.505547326112437e-10
159.88488488488488	0.19865111484730963	37125.983376074044	3.512245772064719e-10
160.16016016016016	0.1987929816093369	37090.827030813336	3.5189540897226957e-10
160.43543543543544	0.19897304188999482	37055.70397710203	3.5256739184618095e-10
160.7107107107107	0.19925454552712948	37020.6141834142	3.532408663554366e-10
160.985985985986	0.19952504923101533	36985.557618253755	3.539157683070617e-10
161.26126126126127	0.19964913438724782	36950.53425015427	3.5459161446906163e-10
161.53653653653654	0.1997890850907335	36915.54404767929	3.552685062530559e-10
161.81181181181182	0.20009267855083	36880.58697942217	3.5594699924700976e-10
162.0870870870871	0.20043499530481124	36845.66301400598	3.566271722276571e-10
162.36236236236238	0.20073076615742644	36810.772120083406	3.5730882200787107e-10
162.63763763763765	0.2010294916126891	36775.914266336855	3.5799193260711916e-10
162.91291291291293	0.20130482301293154	36741.0894214784	3.5867640695112877e-10
163.1881881881882	0.20145652029997227	36706.29755424962	3.593618438021791e-10
163.46346346346348	0.2015405255557755	36671.53863342178	3.600480791909497e-10
163.73873873873873	0.20169593495037186	36636.81262779577	3.6073541647187674e-10
164.014014014014	0.20197055445217924	36602.11950620211	3.6142426726791185e-10
164.2892892892893	0.20231412487713418	36567.45923750074	3.6211482286455166e-10
164.56456456456456	0.2024589839045214	36532.831790580945	3.6280639248742274e-10
164.83983983983984	0.20231703898747827	36498.2371343614	3.634981059464019e-10
165.11511511511512	0.20225112017606114	36463.67523779045	3.6419038074081277e-10
165.3903903903904	0.20239279549772207	36429.146069845956	3.6488399445026796e-10
165.66566566566567	0.20253357751377998	36394.64959953499	3.6557894313366485e-10
165.94094094094095	0.20266736766928187	36360.18579589398	3.662752042264731e-10
166.21621621621622	0.20293154126060145	36325.75462798876	3.6697320022915944e-10
166.4914914914915	0.20324719608727737	36291.35606491442	3.676730383620795e-10
166.76676676676678	0.203484458641004	36256.99007579523	3.683743923089289e-10
167.04204204204206	0.20374102206937125	36222.656629784724	3.690772989109422e-10
167.31731731731733	0.20409103449603144	36188.35569606572	3.6978202900323266e-10
167.5925925925926	0.20439041175406164	36154.08724385014	3.704883486628997e-10
167.8678678678679	0.2045529406069338	36119.85124237895	3.711957806061239e-10
168.14314314314316	0.2046357393687513	36085.647660922325	3.7190410339440367e-10
168.4184184184184	0.20473421546619283	36051.4764687796	3.7261343735680255e-10
168.6936936936937	0.20494803795307082	36017.33763527922	3.7332420796516774e-10
168.96896896896897	0.20516780185081038	35983.23112977863	3.7403642344129687e-10
169.24424424424424	0.2052213222070802	35949.15692166417	3.7474953272669087e-10
169.51951951951952	0.20527186555631655	35915.11498035128	3.754635969433563e-10
169.7947947947948	0.20548592317564837	35881.10527528446	3.761792095558231e-10
170.07007007007007	0.20566102610239234	35847.127775937035	3.7689621760281035e-10
170.34534534534535	0.20569615239429181	35813.1824518111	3.7761416217988135e-10
170.62062062062063	0.20582068453936658	35779.269272437894	3.7833340079832816e-10
170.8958958958959	0.20605929232628384	35745.38820737744	3.7905431879376006e-10
171.17117117117118	0.2061737418692223	35711.53922621844	3.7977646605867416e-10
171.44644644644646	0.20622067924537002	35677.72229857846	3.804996451291025e-10
171.72172172172174	0.20644079577862331	35643.93739410398	3.8122447667494063e-10
171.996996996997	0.20677387291662871	35610.18448247019	3.819512919223052e-10
172.2722722722723	0.20706103634461365	35576.463533380884	3.8267985149915006e-10
172.54754754754757	0.20729332034587178	35542.77451656853	3.8340992272768104e-10
172.82282282282284	0.20750234422178615	35509.117401794276	3.84141412171845e-10
173.0980980980981	0.2077228517304168	35475.492158847956	3.848743551595733e-10
173.37337337337337	0.20793935721638657	35441.89875754796	3.8560873110184397e-10
173.64864864864865	0.20806929648953879	35408.33716774124	3.8634425075194176e-10
173.92392392392392	0.2081592225790444	35374.8073593033	3.870808223934634e-10
174.1991991991992	0.20835993340317516	35341.309302138296	3.878188665030428e-10
174.47447447447448	0.20866151765385757	35307.84296617889	3.885587078721744e-10
174.74974974974975	0.2089667790218123	35274.408321386116	3.893003010631383e-10
175.02502502502503	0.20919900724027873	35241.00533774942	3.9004335385105935e-10
175.3003003003003	0.20933124391624164	35207.63398528661	3.907875293541367e-10
175.57557557557558	0.20946631650528263	35174.294234044	3.9153288318277603e-10
175.85085085085086	0.20968377928287515	35140.98605409633	3.92279726990563e-10
176.12612612612614	0.20997439567571977	35107.709415546655	3.930282948826344e-10
176.40140140140142	0.21027590962328632	35074.46428852629	3.937785787584015e-10
176.6766766766767	0.21048893861836043	35041.25064319475	3.945302414172645e-10
176.95195195195197	0.21066079564493245	35008.068449739876	3.9528315504302735e-10
177.22722722722725	0.21091715074442324	34974.91767837781	3.9603763055350077e-10
177.50250250250252	0.21121856396071934	34941.79829935288	3.9679380023844185e-10
177.77777777777777	0.2114756210026174	34908.7102829375	3.9755147810231126e-10
178.05305305305305	0.21167558289833935	34875.65359943226	3.983104645199904e-10
178.32832832832833	0.21182806315594374	34842.62821916585	3.9907062305582316e-10
178.6036036036036	0.21195126185660976	34809.63411249507	3.998318995013793e-10
178.87887887887888	0.21207720429580984	34776.671249804844	4.0059435556559573e-10
179.15415415415416	0.2122532843579946	34743.73960150816	4.0135820270354997e-10
179.42942942942943	0.21249020087886553	34710.83913804603	4.0212365625020016e-10
179.7047047047047	0.21276504531084903	34677.96982988744	4.028908219974554e-10
179.97997997998	0.21304376156038854	34645.13164752933	4.0365967543741717e-10
180.25525525525526	0.2132879181926946	34612.3245614965	4.044300670049358e-10
180.53053053053054	0.2134636456487277	34579.54854234169	4.0520175666647365e-10
180.80580580580582	0.21357837481517042	34546.8035606455	4.059745669181625e-10
181.0810810810811	0.2137528958287558	34514.08958701649	4.067487552425011e-10
181.35635635635637	0.21401300588508088	34481.40659209109	4.0752462681854436e-10
181.63163163163165	0.2141936945095288	34448.75454653337	4.083018828482589e-10
181.90690690690693	0.2143123652824257	34416.133421035214	4.0908033002627303e-10
182.1821821821822	0.21457631138549182	34383.543186316434	4.0986050668897516e-10
182.45745745745745	0.21491940657180073	34350.98381312449	4.1064264427007777e-10
182.73273273273273	0.2151310809722621	34318.4552722344	4.114262250766426e-10
183.008008008008	0.2152597931221493	34285.957534448884	4.1221097671682144e-10
183.28328328328328	0.2154235286231957	34253.4905705984	4.1299707008916655e-10
183.55855855855856	0.2156166394888778	34221.05435154103	4.1378463073716913e-10
183.83383383383384	0.21581821265888856	34188.648848162455	4.145736939877323e-10
184.1091091091091	0.2160356697242428	34156.27403137588	4.153643153709942e-10
184.3843843843844	0.21628239202367083	34123.929872122106	4.161565877876597e-10
184.65965965965967	0.21657300363932006	34091.616341369445	4.169506399230772e-10
184.93493493493494	0.21689383415967087	34059.33341011372	4.1774653408097205e-10
185.21021021021022	0.21720496141790266	34027.081049378154	4.1854418685022887e-10
185.4854854854855	0.21743975343132707	33994.859230213355	4.193433006733444e-10
185.76076076076077	0.21755210741560946	33962.667923697314	4.201434676722753e-10
186.03603603603605	0.21765247202225235	33930.50710093551	4.209447225161551e-10
186.31131131131133	0.2178340645141256	33898.37673306086	4.2174741406395015e-10
186.5865865865866	0.2180192158424964	33866.27679123355	4.225515705118358e-10
186.86186186186188	0.21813692471037707	33834.207246640995	4.233569724498687e-10
187.13713713713713	0.21817704939170196	33802.16807049792	4.2416340054109943e-10
187.4124124124124	0.21820463853043465	33770.15923404634	4.2497089387599487e-10
187.68768768768768	0.21833920091158027	33738.1807085556	4.257798971464994e-10
187.96296296296296	0.21853006383845558	33706.23246532222	4.265906110363353e-10
188.23823823823824	0.2186545546079861	33674.3144756698	4.274027818391724e-10
188.51351351351352	0.2188009256834462	33642.42671094916	4.28216501102344e-10
188.7887887887888	0.21906244600463237	33610.569142538334	4.2903216910268493e-10
189.06406406406407	0.21927772008805768	33578.74174184232	4.298495646676087e-10
189.33933933933935	0.21937233141158924	33546.94448029315	4.3066824400493343e-10
189.61461461461462	0.21955521190021401	33515.177329350045	4.314885588933324e-10
189.8898898898899	0.21985128746920948	33483.4402604993	4.3231089263454483e-10
190.16516516516518	0.2200312406901455	33451.733245254036	4.3313477088838426e-10
190.44044044044045	0.22012639800890255	33420.05625515433	4.339599039714548e-10
190.71571571571573	0.22035064572223823	33388.40926176745	4.34786793891534e-10
190.990990990991	0.22068004996861576	33356.79223668749	4.3561578003282683e-10
191.26626626626629	0.22098716380699618	33325.2051515354	4.3644670329435614e-10
191.54154154154156	0.22119100107264225	33293.64797795891	4.3727914736632124e-10
191.8168168168168	0.22128734263535008	33262.1206876326	4.381127480896445e-10
192.0920920920921	0.22143347747340894	33230.62325225801	4.3894775041784023e-10
192.36736736736736	0.2216866414258261	33199.15564356351	4.397845612204857e-10
192.64264264264264	0.2219150716610577	33167.71783330414	4.4062306077827977e-10
192.91791791791792	0.22208734880589628	33136.30979326167	4.4146303870748825e-10
193.1931931931932	0.22227579878249923	33104.931495244644	4.423045728949241e-10
193.46846846846847	0.2224767912198547	33073.58291108829	4.4314771647448576e-10
193.74374374374375	0.22264252461659087	33042.26401265447	4.439923462855986e-10
194.01901901901903	0.2227417423178727	33010.97477183167	4.4483824924781194e-10
194.2942942942943	0.22277992906356886	32979.715160535015	4.4568526618175907e-10
194.56956956956958	0.22286194197774262	32948.48515070629	4.4653363403504767e-10
194.84484484484486	0.22303970180353913	32917.2847143139	4.4738373582454594e-10
195.12012012012013	0.2232267310267695	32886.113823352716	4.482355876165203e-10
195.3953953953954	0.22340876304067256	32854.972449844165	4.490891528585612e-10
195.6706706706707	0.22366565611396538	32823.860565836156	4.4994468473054693e-10
195.94594594594597	0.22394318025203575	32792.77814340308	4.508022036248007e-10
196.22122122122124	0.2241060735975042	32761.725154645643	4.5166124626656756e-10
196.4964964964965	0.22417216558250871	32730.701571690977	4.5252148799698336e-10
196.77177177177177	0.22422228959247684	32699.707366692677	4.5338294484349487e-10
197.04704704704704	0.22431275013250188	32668.74251183076	4.542458314276156e-10
197.32232232232232	0.22445709984190182	32637.806979311597	4.551103766538979e-10
197.5975975975976	0.22458219837281548	32606.900741367826	4.5597651152842497e-10
197.87287287287288	0.22466897964268115	32576.023770258347	4.5684411038306585e-10
198.14814814814815	0.22479424625382977	32545.176038268415	4.577133435859848e-10
198.42342342342343	0.22499477478531776	32514.357517709548	4.585844865891431e-10
198.6986986986987	0.22526194180525747	32483.568180919476	4.5945773999791323e-10
198.97397397397398	0.22556557919141484	32452.80800026211	4.603331639954434e-10
199.24924924924926	0.22587291085177086	32422.076948127502	4.612106914507719e-10
199.52452452452454	0.2261962567301146	32391.37499693184	4.6209031098414097e-10
199.7997997997998	0.226522443275919	32360.702119117443	4.629719659730382e-10
200.0750750750751	0.2267157212794704	32330.0582871526	4.6385511947152895e-10
200.35035035035037	0.22677241489504218	32299.443473531643	4.647393095344463e-10
200.62562562562564	0.2269639960571557	32268.857650775233	4.656251317904856e-10
200.90090090090092	0.22732942709307397	32238.300791430065	4.665132260846314e-10
201.17617617617617	0.22762918565468526	32207.772868068627	4.674032603644485e-10
201.45145145145145	0.22781323330975184	32177.273853289316	4.682947761197066e-10
201.72672672672672	0.2279682816774521	32146.803719716572	4.691877052404573e-10
202.002002002002	0.22814766335221764	32116.362440000794	4.700821849704559e-10
202.27727727727728	0.22836585653279926	32085.94998681832	4.709783831529486e-10
202.55255255255256	0.22854504305258394	32055.56633287126	4.718761575029732e-10
202.82782782782783	0.22867328176861276	32025.211450887582	4.727753461745452e-10
203.1031031031031	0.22893605788137752	31994.885313621242	4.736764904834817e-10
203.3783783783784	0.22931055246543397	31964.587893851985	4.745799599176736e-10
203.65365365365366	0.2294691487985562	31934.319164385008	4.754848673962269e-10
203.92892892892894	0.22948253330320023	31904.079098051352	4.763907311533463e-10
204.20420420420422	0.22972991448385816	31873.867667708128	4.772985364039843e-10
204.4794794794795	0.2301150507437685	31843.684846238055	4.782087538684453e-10
204.75475475475477	0.23035888576965657	31813.530606549288	4.791207542908773e-10
205.03003003003005	0.23054924323743883	31783.404921575693	4.800343353181598e-10
205.30530530530532	0.23080882198518524	31753.307764276902	4.809497790623372e-10
205.5805805805806	0.23102867394304077	31723.23910763804	4.818669211304588e-10
205.85585585585588	0.2311438123694949	31693.19892466976	4.827853860960025e-10
206.13113113113113	0.23123628451331166	31663.18718840835	4.837051633632057e-10
206.4064064064064	0.23136921595480106	31633.203871915684	4.846264770768093e-10
206.68168168168168	0.23156738885241465	31603.248948279168	4.855496060448641e-10
206.95695695695696	0.23182356362878337	31573.322390611705	4.864747565852109e-10
207.23223223223223	0.2321031566897995	31543.424172051607	4.87401973458404e-10
207.5075075075075	0.23232326294946049	31513.554265762552	4.883309878912135e-10
207.7827827827828	0.23243336478726387	31483.712644933577	4.892613895189606e-10
208.05805805805807	0.23257170619576945	31453.899282779254	4.901933492659839e-10
208.33333333333334	0.2328048550818684	31424.11415253956	4.911272569770733e-10
208.60860860860862	0.23295450480424093	31394.357227479668	4.920627758601078e-10
208.8838838838839	0.23299731461863402	31364.628480890035	4.929995391689627e-10
209.15915915915917	0.23314286702180972	31334.9278860866	4.939380218083682e-10
209.43443443443445	0.23338477015260603	31305.255416410575	4.948785960867295e-10
209.70970970970973	0.2335520291263919	31275.611045228263	4.95820934868693e-10
209.984984984985	0.23367918034665602	31245.994745931202	4.967648952934599e-10
210.26026026026028	0.233872904902989	31216.40649193625	4.977107577732857e-10
210.53553553553556	0.23408495366600784	31186.846256685378	4.986585757618811e-10
210.8108108108108	0.23426192277323904	31157.314013645653	4.996081942677705e-10
211.08608608608608	0.2344603538455261	31127.80973630933	5.005596969626872e-10
211.36136136136136	0.2346765454761469	31098.33339819377	5.015131401544348e-10
211.63663663663664	0.23478624657822783	31068.884972841268	5.02468104287202e-10
211.91191191191191	0.23486129441357853	31039.464433819252	5.034245112027919e-10
212.1871871871872	0.2351504553070545	31010.071754720448	5.043832334951482e-10
212.46246246246247	0.23554468850027505	30980.706909162458	5.05344586216987e-10
212.73773773773775	0.2357696534459278	30951.3698707876	5.06307796288077e-10
213.01301301301302	0.23593001511994013	30922.060613263253	5.072726173866815e-10
213.2882882882883	0.23620588056248673	30892.77911028193	5.082395264683536e-10
213.56356356356358	0.2365428814457057	30863.525335560986	5.092087144519777e-10
213.83883883883885	0.236843576848681	30834.299262842564	5.101799713188247e-10
214.11411411411413	0.23702845628095343	30805.1008658936	5.111528220244107e-10
214.3893893893894	0.23708632826755097	30775.93011850586	5.121268305948957e-10
214.66466466466468	0.2370899266308696	30746.786994496008	5.131019118474827e-10
214.93993993993996	0.23713175514051824	30717.67146770557	5.140783469613635e-10
215.21521521521524	0.23729449155054505	30688.58351200095	5.150566844505201e-10
215.4904904904905	0.23749594706604554	30659.52310127322	5.16037067139475e-10
215.76576576576576	0.23762096128583896	30630.490209438038	5.170191748556719e-10
216.04104104104104	0.23775301729816872	30601.484810435868	5.180030613053483e-10
216.31631631631632	0.23795703658654252	30572.50687823191	5.189890199494531e-10
216.5915915915916	0.2381091709015751	30543.55638681589	5.199768207555111e-10
216.86686686686687	0.2381440212186093	30514.63331020211	5.209660227204483e-10
217.14214214214215	0.23813419780849548	30485.737622429533	5.219565389935391e-10
217.41741741741743	0.2381711305991915	30456.869297561818	5.229486492194447e-10
217.6926926926927	0.23833595780916028	30428.02830968726	5.239428983654466e-10
217.96796796796798	0.2385350886739461	30399.214632918593	5.249393787100608e-10
218.24324324324326	0.2386207683733311	30370.42824139292	5.259375971739504e-10
218.51851851851853	0.23872295167325205	30341.669109271974	5.269376475202861e-10
218.7937937937938	0.23897850594508305	30312.93721074208	5.279401379308675e-10
219.0690690690691	0.23922547427337718	30284.232520013844	5.289449459628635e-10
219.34434434434436	0.23933297244124963	30255.555011322187	5.299514629513899e-10
219.61961961961964	0.23935036022761227	30226.90465892645	5.309593766018665e-10
219.89489489489492	0.2393948588251517	30198.28143711048	5.31968884341842e-10
220.17017017017017	0.23962286214728618	30169.68532018263	5.329807595753221e-10
220.44544544544544	0.23995645644663835	30141.11628247552	5.339953403566002e-10
220.72072072072072	0.24018114405813723	30112.574298345837	5.350120699711426e-10
220.995995995996	0.24035573147839442	30084.05934217462	5.360307177907462e-10
221.27127127127127	0.24060639958032	30055.571388367298	5.370515872054491e-10
221.54654654654655	0.2408249661376244	30027.11041135343	5.380745063105963e-10
221.82182182182183	0.24092961639459712	29998.6763855867	5.390990126901752e-10
222.0970970970971	0.24105043055107794	29970.269285545113	5.401252348008722e-10
222.37237237237238	0.24125356049892324	29941.88908573091	5.411535394869378e-10
222.64764764764766	0.2414668636637638	29913.53576067043	5.421839471686651e-10
222.92292292292294	0.24166084509366229	29885.209284914075	5.432163592483391e-10
223.1981981981982	0.2418537940903341	29856.909633036368	5.442507669312138e-10
223.4734734734735	0.24205346114891702	29828.63677963593	5.45287194188817e-10
223.74874874874877	0.2422477804744771	29800.39069933542	5.463256138326322e-10
224.02402402402404	0.24235549555364727	29772.171366781433	5.473656826647423e-10
224.29929929929932	0.24234670256445678	29743.97875664455	5.484069990747836e-10
224.5745745745746	0.24241950205148663	29715.81284361954	5.494500167048378e-10
224.84984984984985	0.24267739356220258	29687.67360242528	5.504955221479193e-10
225.12512512512512	0.24297232769226296	29659.561007804376	5.515435781063883e-10
225.4004004004004	0.24321067645500932	29631.475034523293	5.525938645469593e-10
225.67567567567568	0.2433908619921588	29603.41565737238	5.536461114553341e-10
225.95095095095095	0.24351751429281882	29575.382851165858	5.547001149198587e-10
226.22622622622623	0.24360561081262336	29547.3765907418	5.557557669001212e-10
226.5015015015015	0.2437352327199111	29519.39685096221	5.568132987521627e-10
226.77677677677679	0.24396913836842324	29491.44360671298	5.578731533264347e-10
227.05205205205206	0.24419440655356797	29463.516832903646	5.589352447070348e-10
227.32732732732734	0.24433826307867065	29435.616504467413	5.59999210813182e-10
227.60260260260262	0.2445172858396267	29407.74259636137	5.61065221456703e-10
227.8778778778779	0.24475280013657896	29379.89508356634	5.621335031861969e-10
228.15315315315317	0.24490280611553125	29352.07394108668	5.632036722953264e-10
228.42842842842845	0.24494137919479944	29324.27914395038	5.642753084041628e-10
228.70370370370372	0.24495082472535679	29296.510667209175	5.653483970190024e-10
228.978978978979	0.24499103059979652	29268.7684859385	5.664231683804452e-10
229.25425425425428	0.24509943836430076	29241.052575237427	5.674999644523661e-10
229.52952952952953	0.24526978147429507	29213.3629102286	5.685790428226609e-10
229.8048048048048	0.24544921056284166	29185.69946605817	5.696604025298973e-10
230.08008008008008	0.245491262247891	29158.062217895647	5.707434487145925e-10
230.35535535535536	0.24540895371615482	29130.451140934085	5.718277438811446e-10
230.63063063063063	0.24550859273946565	29102.866210390363	5.729141747675203e-10
230.9059059059059	0.24576750076940598	29075.3074015048	5.740033815661775e-10
231.1811811811812	0.2458188574116345	29047.77468954076	5.750943950150239e-10
231.45645645645646	0.24575968835752787	29020.268049785143	5.761868127951995e-10
231.73173173173174	0.2459350605100638	28992.787457548635	5.772817171121898e-10
232.00700700700702	0.2462395706084748	28965.332888165172	5.783795693764993e-10
232.2822822822823	0.24643731940611954	28937.904316991808	5.79479781834968e-10
232.55755755755757	0.24648183755829345	28910.501719408854	5.805816794521579e-10
232.83283283283285	0.24645013942179606	28883.125070820028	5.816850234265908e-10
233.10810810810813	0.24658507650089675	28855.77434665263	5.827906190718678e-10
233.3833833833834	0.24685599511288886	28828.449522357187	5.8389900459647e-10
233.65865865865868	0.24686736727255762	28801.150573407023	5.850089883266721e-10
233.93393393393396	0.24664785601212028	28773.877475298726	5.861197069663335e-10
234.2092092092092	0.24656266041954744	28746.63020355249	5.872319635674122e-10
234.48448448448448	0.24670986705031406	28719.408733711804	5.883468286907047e-10
234.75975975975976	0.24702057049235088	28692.213041343264	5.894648997437544e-10
235.03503503503504	0.24729353152222253	28665.043102036358	5.905858311951295e-10
235.3103103103103	0.24738483295191482	28637.89889140351	5.917087381465942e-10
235.5855855855856	0.24741368836743918	28610.7803850804	5.928333905761702e-10
235.86086086086087	0.2474781781230512	28583.687558725873	5.93960010144927e-10
236.13613613613614	0.24756832757379468	28556.620388021824	5.950887382896719e-10
236.41141141141142	0.24767917557406066	28529.57884867317	5.962196714280268e-10
236.6866866866867	0.24781862912213604	28502.562916407856	5.973529230240387e-10
236.96196196196198	0.24796745614340182	28475.572566976767	5.984885063595006e-10
237.23723723723725	0.24809616510767193	28448.607776153727	5.996263087911255e-10
237.51251251251253	0.24821846758793237	28421.66851973552	6.007662962212814e-10
237.7877877877878	0.24834027227719563	28394.754773541852	6.019084663054513e-10
238.06306306306308	0.2483838539334041	28367.866513415243	6.030524886471667e-10
238.33833833833836	0.2483497510565191	28341.00371522107	6.041980939938395e-10
238.61361361361364	0.24843160775871848	28314.166354847825	6.053458835794986e-10
238.88888888888889	0.24864009427865216	28287.35440820683	6.064963987227129e-10
239.16416416416416	0.24874233877504193	28260.567851231932	6.076490939002348e-10
239.43943943943944	0.24874827438298305	28233.806659879803	6.088035630951397e-10
239.71471471471472	0.24884684449346792	28207.070810130088	6.099602799985467e-10
239.98998998999	0.24905438881002112	28180.3602779852	6.111197053048404e-10
240.26526526526527	0.24930182080159002	28153.675039470218	6.122819230557765e-10
240.54054054054055	0.24951468165367757	28127.01507063281	6.134466837735137e-10
240.81581581581582	0.24966256316506938	28100.380347543305	6.146136524635748e-10
241.0910910910911	0.24983171648077396	28073.77084629479	6.157829254677203e-10
241.36636636636638	0.2500625781499661	28047.186543003038	6.169547569297417e-10
241.64164164164166	0.25029687436378323	28020.62741380637	6.181291052826787e-10
241.91691691691693	0.2505130885288321	27994.09343486569	6.193058443020938e-10
242.1921921921922	0.2507306108893115	27967.584582364478	6.204849548864628e-10
242.4674674674675	0.25094042035864517	27941.10083250878	6.216663831141785e-10
242.74274274274276	0.25112532198127935	27914.642161527132	6.228500110388781e-10
243.01801801801804	0.25132348181399583	27888.208545670655	6.240359080500848e-10
243.29329329329332	0.2515640513384884	27861.79996121297	6.25224258369219e-10
243.56856856856857	0.2517818981623115	27835.416384450098	6.264149310348615e-10
243.84384384384384	0.25192392167879574	27809.057791700434	6.276075885092589e-10
244.11911911911912	0.2519994499546597	27782.724159304817	6.288019952232649e-10
244.3943943943944	0.2520635569679995	27756.41546362656	6.299981985100128e-10
244.66966966966967	0.2522100739460579	27730.13168105147	6.311966472124483e-10
244.94494494494495	0.2524321681944074	27703.87278798771	6.323976805045931e-10
245.22022022022023	0.2526536826096618	27677.6387608657	6.336012443452261e-10
245.4954954954955	0.2528475790686128	27651.429576138125	6.348071768462725e-10
245.77077077077078	0.2530179094620551	27625.245210279987	6.360153638477147e-10
246.04604604604606	0.2532035344183619	27599.08563978862	6.372258831098118e-10
246.32132132132134	0.25342541541357616	27572.95084118363	6.384388912715237e-10
246.5965965965966	0.2536387568143506	27546.840791006805	6.396543204779131e-10
246.8718718718719	0.25380967508723346	27520.75546582211	6.408719667537017e-10
247.14714714714717	0.25393726883148815	27494.694842215693	6.420916598177624e-10
247.42242242242244	0.25406544543122583	27468.658896795936	6.433134546872076e-10
247.69769769769772	0.25426567685887047	27442.647606193466	6.445377129628892e-10
247.972972972973	0.2545031716308219	27416.660947060995	6.457645777198182e-10
248.24824824824825	0.25469199491422834	27390.69889607323	6.46993786401331e-10
248.52352352352352	0.25479576607758603	27364.76142992692	6.482249635943675e-10
248.7987987987988	0.25482482153650027	27338.848525340894	6.494578485302132e-10
249.07407407407408	0.2548818224329377	27312.96015905618	6.506926844759697e-10
249.34934934934935	0.2550437340888125	27287.09630783589	6.519300137739423e-10
249.62462462462463	0.2553049481972888	27261.256948465176	6.531702563695868e-10
249.8998998998999	0.2555881616819744	27235.442057751046	6.544134120301887e-10
250.17517517517518	0.2557528742392455	27209.65161252231	6.556588538878983e-10
250.45045045045046	0.25576024098589434	27183.885589629645	6.569058962405338e-10
250.72572572572574	0.2556595724094969	27158.143965945746	6.581541992691037e-10
251.00100100100101	0.255601426841786	27132.426718365372	6.594041599600157e-10
251.2762762762763	0.25571752301830036	27106.733823805353	6.606566952680557e-10
251.55155155155157	0.2558982467596287	27081.065259204235	6.619120637887442e-10
251.82682682682685	0.25603353392395817	27055.42100152225	6.63169982347132e-10
252.10210210210212	0.25614997019926344	27029.801027741498	6.644303400433725e-10
252.3773773773774	0.2562687106432747	27004.205314865885	6.656931425772036e-10
252.65265265265268	0.25637677642513007	26978.633839921094	6.669583367408316e-10
252.92792792792793	0.25646942015428964	26953.086579954554	6.682258583174584e-10
253.2032032032032	0.25654892615337727	26927.56351203542	6.694956659272189e-10
253.47847847847848	0.2565965108079165	26902.064613254544	6.707676410998696e-10
253.75375375375376	0.2565924397321079	26876.589860724467	6.720415977313538e-10
254.02902902902903	0.2565696218461748	26851.139231579415	6.733175340634814e-10
254.3043043043043	0.2565885193164971	26825.712702975372	6.745957252491877e-10
254.5795795795796	0.2567400158015431	26800.310252090065	6.758768129978456e-10
254.85485485485486	0.2569955438523212	26774.931856122792	6.771611926993458e-10
255.13013013013014	0.2571183684212751	26749.577492294142	6.784481027568044e-10
255.40540540540542	0.2571250756475241	26724.24713784628	6.797369974347038e-10
255.6806806806807	0.25729805447059284	26698.940770043304	6.810287305909094e-10
255.95595595595597	0.2575742548774936	26673.658366170777	6.823237108595263e-10
256.2312312312313	0.2577116387888514	26648.399903535414	6.83621156484355e-10
256.5065065065065	0.2578528215937714	26623.16535946565	6.849210884889724e-10
256.7817817817818	0.2581884793718959	26597.954711311628	6.86224407026528e-10
257.0570570570571	0.2585093215285236	26572.76793644465	6.87530878860059e-10
257.3323323323324	0.25863704591366704	26547.60501225721	6.888394879301489e-10
257.60760760760763	0.25866395485829025	26522.465916163346	6.901498343051509e-10
257.8828828828829	0.25866453281874235	26497.350625598574	6.914619382059728e-10
258.15815815815813	0.25864763215863784	26472.259118019803	6.927758576715337e-10
258.43343343343344	0.2587148842280316	26447.191370905417	6.940921141570049e-10
258.70870870870874	0.25901436768521097	26422.14736175532	6.954118255101296e-10
258.983983983984	0.25940866428544607	26397.127068090565	6.967352631923025e-10
259.25925925925924	0.25966850568859334	26372.13046745316	6.980615769093209e-10
259.53453453453454	0.2598164332418395	26347.1575374064	6.993901797933554e-10
259.80980980980985	0.2599488248493466	26322.208255534988	7.007210461351818e-10
260.0850850850851	0.26015709259716024	26297.282599444967	7.020545848780331e-10
260.36036036036035	0.2604524909293124	26272.38054676359	7.033911831370884e-10
260.63563563563565	0.26071900621781324	26247.502075139153	7.047306115458436e-10
260.91091091091096	0.2609287875375007	26222.64716224107	7.060725530680637e-10
261.1861861861862	0.26115243458272996	26197.815785760016	7.074170831965063e-10
261.46146146146145	0.2614205526267387	26173.007923407822	7.087644086864374e-10
261.73673673673676	0.26172477444120396	26148.223552917396	7.101146592147733e-10
262.01201201201206	0.26198941770146644	26123.46265204266	7.114675834992308e-10
262.2872872872873	0.2621508118937351	26098.72519855851	7.128226768923777e-10
262.56256256256256	0.26227591914998266	26074.01117026095	7.141798468933783e-10
262.8378378378378	0.26242668457368273	26049.320544967122	7.155393126666283e-10
263.1131131131131	0.2625945468348684	26024.65330051516	7.169012126719902e-10
263.3883883883884	0.2627340466301048	26000.009414764132	7.182654444390551e-10
263.66366366366367	0.2627717776634071	25975.388865593963	7.196315763045191e-10
263.9389389389389	0.262750212325811	25950.791630905565	7.209994599284799e-10
264.2142142142142	0.2627891676188157	25926.217688620967	7.223695463888726e-10
264.48948948948953	0.2628924944172007	25901.6670166831	7.237422218222731e-10
264.7647647647648	0.2630166505936808	25877.139593055745	7.251175931271695e-10
265.04004004004	0.26315815420271915	25852.635395723515	7.264957316012974e-10
265.31531531531533	0.2633116840933034	25828.15440269188	7.278766707468634e-10
265.59059059059064	0.26343827422640353	25803.69659198708	7.292602516554243e-10
265.8658658658659	0.26353438339070506	25779.261941656176	7.306463289736899e-10
266.14114114114113	0.26365661429113535	25754.85042976706	7.320350580155051e-10
266.41641641641644	0.2637796793418479	25730.462034408374	7.334264440603633e-10
266.69169169169174	0.2638098503480012	25706.096733689406	7.348200395481852e-10
266.966966966967	0.2638193068162886	25681.75450574024	7.362158303434668e-10
267.24224224224224	0.2639387816309094	25657.43532871186	7.376144390643753e-10
267.5175175175175	0.2640568300444898	25633.13918077582	7.390158323255711e-10
267.7927927927928	0.26406435104938414	25608.86604012413	7.404194537057831e-10
268.0680680680681	0.2641459090438897	25584.615884969757	7.418257497972953e-10
268.34334334334335	0.26438091668013836	25560.388693546414	7.432354719617082e-10
268.6186186186186	0.2645305311138606	25536.184444108072	7.446480662877988e-10
268.8938938938939	0.2645374963910558	25512.003114929208	7.460628036109867e-10
269.1691691691692	0.2645960190899352	25487.844684305157	7.474800428209615e-10
269.44444444444446	0.2647578655305043	25463.70913055189	7.489003303641487e-10
269.7197197197197	0.2649622563030329	25439.596432005827	7.503238130377326e-10
269.994994994995	0.2651787721064861	25415.506567023836	7.517504616952966e-10
270.2702702702703	0.2653875210498325	25391.43951398327	7.531801558394548e-10
270.54554554554556	0.26555022634831077	25367.395251281923	7.54612609996523e-10
270.8208208208208	0.26565640135188323	25343.37375733799	7.56047541640174e-10
271.0960960960961	0.26577506074787616	25319.375010590215	7.57485063430364e-10
271.3713713713714	0.26593878812840716	25295.398989497822	7.58925429001572e-10
271.6466466466467	0.2661102966600451	25271.445672540387	7.603686604542795e-10
271.9219219219219	0.26629240578486957	25247.515038217836	7.618147907520415e-10
272.19719719719717	0.26651702251324755	25223.60706505054	7.632640062053606e-10
272.4724724724725	0.2666896717805376	25199.72173157903	7.647159890977346e-10
272.7477477477478	0.26670096295533813	25175.859016364033	7.661699379718963e-10
273.02302302302303	0.26675054552035116	25152.018897986858	7.67626199026461e-10
273.2982982982983	0.26701651832555734	25128.20135504936	7.690859432253896e-10
273.5735735735736	0.26728611701853444	25104.40636617337	7.70549057564073e-10
273.8488488488489	0.26741489652294703	25080.633910000703	7.72014728473918e-10
274.12412412412414	0.26752266389170576	25056.883965193618	7.734828979850496e-10
274.3993993993994	0.2676543347494346	25033.156510434612	7.749537454032248e-10
274.6746746746747	0.26774545488992346	25009.451524426295	7.76427093097108e-10
274.94994994995	0.2678399012360218	24985.768985891515	7.779030187504649e-10
275.22522522522524	0.268033715820297	24962.108873573405	7.793820701690943e-10
275.5005005005005	0.2682261503701418	24938.47116623508	7.808641840858551e-10
275.7757757757758	0.268301626903138	24914.855842659577	7.823487264699873e-10
276.0510510510511	0.2684209352168229	24891.262881650295	7.838359979250448e-10
276.32632632632635	0.26867344209410166	24867.692262030818	7.8532669561732e-10
276.6016016016016	0.26882654078062257	24844.143962644455	7.868202056675396e-10
276.87687687687685	0.2688010815511373	24820.617962354398	7.883156300649071e-10
277.15215215215215	0.2687916163315424	24797.114240044142	7.898132314295085e-10
277.42742742742746	0.2688729528831428	24773.63277461735	7.913136040130533e-10
277.7027027027027	0.2689977759504244	24750.173544997564	7.928169888069248e-10
277.97797797797796	0.26912102444818503	24726.73653012821	7.943233519393455e-10
278.25325325325326	0.2692140941787105	24703.321708972606	7.958325207313751e-10
278.52852852852857	0.26931483407371026	24679.929060514052	7.973445502923729e-10
278.8038038038038	0.2694553508845989	24656.558563755807	7.988596510563238e-10
279.07907907907907	0.269589181483794	24633.21019772095	8.003777557867552e-10
279.35435435435437	0.2696805610097795	24609.88394145234	8.018986271074029e-10
279.6296296296297	0.26973867409230123	24586.57977401272	8.034221211784535e-10
279.9049049049049	0.2698004677316867	24563.29767448471	8.049483131422232e-10
280.1801801801802	0.2699232019494228	24540.037621970838	8.064775607632214e-10
280.4554554554555	0.27010675253907934	24516.799595593417	8.080101541418032e-10
280.7307307307308	0.2703161498499853	24493.583574494467	8.095461480191627e-10
281.00600600600603	0.27054337552150287	24470.389537835767	8.110855463088007e-10
281.2812812812813	0.27077691590421965	24447.217464798792	8.126282935518424e-10
281.5565565565566	0.2709508494163486	24424.06733458463	8.141740030649492e-10
281.83183183183183	0.2710568300799975	24400.93912641406	8.157223199268178e-10
282.10710710710714	0.27123771746987146	24377.832819527768	8.172737035115245e-10
282.3823823823824	0.2715117407137924	24354.748393186117	8.188286213437116e-10
282.6576576576577	0.27171411011367486	24331.68582666885	8.203865906306124e-10
282.93293293293294	0.2718519022961903	24308.645099275353	8.219472596327055e-10
283.20820820820825	0.27206078864553956	24285.626190324823	8.235110564039458e-10
283.4834834834835	0.2722703339008152	24262.62907915593	8.250779580886756e-10
283.75875875875874	0.2723503487641705	24239.65374512669	8.266472634605327e-10
284.03403403403405	0.272394234149456	24216.700167614843	8.282188985906664e-10
284.3093093093093	0.272509360668433	24193.768326017816	8.297933700267566e-10
284.5845845845846	0.27265629551763193	24170.858199752467	8.313708797614681e-10
284.85985985985985	0.27281970844923414	24147.96976825516	8.329515110272368e-10
285.13513513513516	0.2730614707302067	24125.103010981795	8.345356593477457e-10
285.4104104104104	0.2733306846363866	24102.25790740767	8.361233756728454e-10
285.6856856856857	0.273468001343817	24079.434437027237	8.377138577345438e-10
285.96096096096096	0.2734776638876551	24056.632579354395	8.393064820210297e-10
286.23623623623627	0.27347378369739717	24033.852313922613	8.409013525663521e-10
286.5115115115115	0.2735905363542783	24011.093620284973	8.424992679504458e-10
286.7867867867868	0.2739000657651755	23988.356478014037	8.441012581312038e-10
287.06206206206207	0.2742315336595874	23965.640866701437	8.457072436085904e-10
287.3373373373374	0.27445187747324834	23942.946765957888	8.473164507145604e-10
287.6126126126126	0.27461764310502756	23920.274155413543	8.489285595932143e-10
287.8878878878879	0.27478988834346085	23897.623014717905	8.505436405477984e-10
288.1631631631632	0.27500152187659066	23874.993323539842	8.521619277112123e-10
288.4384384384384	0.27522496099156	23852.38506156741	8.537834628197528e-10
288.71371371371373	0.2754066882547773	23829.798208507797	8.554079931722938e-10
288.988988988989	0.27565391286925867	23807.23274408762	8.570358930226039e-10
289.2642642642643	0.2760690467593959	23784.688648052837	8.586680160863514e-10
289.53953953953953	0.2763839744427234	23762.16590016817	8.603036055792185e-10
289.81481481481484	0.2764144927568045	23739.664480217147	8.61941060760527e-10
290.0900900900901	0.2764664372292913	23717.184368002996	8.635807463682844e-10
290.3653653653654	0.27669513139133717	23694.725543348308	8.652237960422827e-10
290.64064064064064	0.2769012640729873	23672.287986094467	8.66870044181831e-10
290.91591591591595	0.27703276014965633	23649.871676101837	8.685190766760183e-10
291.1911911911912	0.27720306231927383	23627.47659325006	8.701711769335851e-10
291.4664664664665	0.2774423607744243	23605.10271743787	8.718267379167201e-10
291.74174174174175	0.27772454444657024	23582.750028583025	8.734859347967124e-10
292.01701701701705	0.2780103048639576	23560.4185066222	8.751486956494469e-10
292.2922922922923	0.27825933547372217	23538.108131511017	8.768147443490345e-10
292.5675675675676	0.2784430761421691	23515.81888322402	8.784837046349696e-10
292.84284284284286	0.2785611069436678	23493.550741754723	8.801552732481891e-10
293.1181181181181	0.27866326419249454	23471.30368711567	8.818294800283725e-10
293.3933933933934	0.2787931490452537	23449.077699338395	8.835065884478905e-10
293.66866866866866	0.27897731070696896	23426.872758473415	8.851869565962953e-10
293.94394394394396	0.2792066872922209	23404.68884459011	8.868708235204491e-10
294.2192192192192	0.2794477448174984	23382.525937776667	8.885581982598708e-10
294.4944944944945	0.27967673715255253	23360.384018140096	8.902489588035828e-10
294.76976976976977	0.27987841834668936	23338.263065806223	8.919429246079802e-10
295.0450450450451	0.28005365536641785	23316.163060919695	8.936399568398233e-10
295.3203203203203	0.28020584525120074	23294.083983643955	8.953399640537545e-10
295.5955955955956	0.2803342817051648	23272.025814161247	8.970428701320854e-10
295.8708708708709	0.2804487252293676	23249.988532672593	8.987486690657825e-10
296.1461461461462	0.28057610865545246	23227.972119397808	9.004575061939932e-10
296.4214214214214	0.28075598175547356	23205.976554575514	9.021697184478848e-10
296.69669669669673	0.281026149353526	23184.001818463104	9.038857871208091e-10
296.971971971972	0.281305729164968	23162.047891336537	9.056056499947798e-10
297.2472472472473	0.2814853180444568	23140.11475349024	9.073286499859105e-10
297.52252252252254	0.281666920901725	23118.20238523751	9.090548299204764e-10
297.7977977977978	0.2819510968865089	23096.310766910443	9.107847859358346e-10
298.0730730730731	0.28220980640262155	23074.439878859528	9.125182821959365e-10
298.34834834834834	0.2823664470786798	23052.589701453748	9.142547032503773e-10
298.62362362362364	0.28251990087922996	23030.76021508083	9.159941106288925e-10
298.8988988988989	0.2826764521112626	23008.951400147103	9.177365899084806e-10
299.1741741741742	0.2827256466883802	22987.163237077228	9.194815915349157e-10
299.44944944944945	0.28269974417383387	22965.3957063145	9.2122885742401e-10
299.72472472472475	0.28273671338135986	22943.648788320927	9.229789569874597e-10
300.0	0.2829767441860465	22921.92246357732	9.247331364933205e-10
