0.006627125031056597	4.118978328794171	5509.295967652251	2.6463184884353854	0.005027913126145716
25.0	0.048677740863787386	33212.0	10.0
25.275275275275277	0.0494332187201372	33901.89081134978	9.646302682465207
25.55055055055055	0.050216257830519744	34575.84078108588	9.299809259705624
25.825825825825827	0.05099688109857003	35233.57009176473	8.960664820328105
26.1011011011011	0.05181687035647796	35875.38590881308	8.628732487870588
26.376376376376378	0.05267931577437797	36501.590857211944	8.3038773652585
26.65165165165165	0.053520386178233834	37111.66916784923	7.986357742378145
26.926926926926928	0.05431807300257145	37704.928232802304	7.6765172558903885
27.2022022022022	0.05509216249112046	38281.01298910884	7.374537751840398
27.47747747747748	0.055868982793566786	38839.92542006364	7.080429687397092
27.75275275275275	0.0566664828265932	39381.87679125179	6.794102920941936
28.02802802802803	0.057445628948065375	39906.686030158286	6.515655760773705
28.303303303303302	0.058182694061680654	40414.00647303539	6.245266232795366
28.57857857857858	0.05895194339883197	40904.25837982108	5.982743947835251
28.853853853853856	0.05975653535168827	41377.8610759233	5.72789868708065
29.12912912912913	0.06044902635090602	41833.978684019676	5.481143306192565
29.404404404404403	0.061049323495863415	42272.12129323383	5.242724917296082
29.67967967967968	0.061756322297924944	42693.454431867336	5.012095219698235
29.954954954954957	0.06253652966050334	43098.76224425953	4.788888462450005
30.23023023023023	0.06322856433674531	43487.627578575106	4.573315814448418
30.505505505505504	0.06389445248989448	43860.17324022728	4.365329174838057
30.78078078078078	0.06465277634692383	44217.312797576575	4.16450025634307
31.056056056056057	0.06549041141897993	44559.77900503864	3.9704870784724218
31.33133133133133	0.0663442305471916	44887.86457223459	3.783158695176442
31.606606606606608	0.06711193145667649	45201.30214304119	3.6026531792920795
31.88188188188188	0.06779842422217823	45499.95734093791	3.4290448608469553
32.15715715715716	0.06854882064329877	45784.505540536215	3.2620189270242124
32.432432432432435	0.06932799159793844	46055.39797766926	3.101367855518452
32.70770770770771	0.06996892552597674	46312.319304288554	2.947252306675816
32.98298298298298	0.07052891260456688	46555.32918722633	2.799652888560332
33.25825825825826	0.07114561390944031	46785.11004044532	2.658250826348526
33.533533533533536	0.07178361167524995	47002.15518767707	2.5228177838130508
33.808808808808806	0.07240459383727219	47206.79803429884	2.393201966664554
34.08408408408408	0.07310712618311038	47399.720306999276	2.26908392737026
34.35935935935936	0.07393979014054719	47581.698070451406	2.150098418627814
34.63463463463464	0.07482764488409924	47753.184340270534	2.0360349609501505
34.90990990990991	0.07567908813202885	47914.33181383174	1.926827131228794
35.18518518518518	0.07640345355905706	48065.071453181874	1.8225149891000099
35.46046046046046	0.07697832156840284	48205.35589701419	1.72312822067742
35.73573573573574	0.07744022022009339	48335.31115813934	1.6286132058823548
36.01101101101101	0.07792211532683223	48455.42540382073	1.5387421598179376
36.286286286286284	0.07854024489205663	48566.417794990324	1.4531759385273697
36.56156156156156	0.0792220511132252	48668.77550952556	1.371686429944491
36.83683683683684	0.07989415625294305	48762.803421303084	1.2941328283486209
37.112112112112115	0.08056873620363984	48848.82709779516	1.2203641782952401
37.38738738738739	0.08125692438868616	48927.1836825555	1.1502237434712195
37.66266266266266	0.08195439246737855	48998.190781486795	1.0835639548068159
37.93793793793794	0.08264936905613847	49062.13755541767	1.020250705106268
38.213213213213216	0.08332885764875568	49119.288595378894	0.9601615051869512
38.488488488488485	0.08401080832374357	49169.93162571525	0.9031625701714017
38.76376376376376	0.08470837857410418	49214.36310555911	0.8491157252124213
39.03903903903904	0.08534539588522992	49252.77517757346	0.7979327420633718
39.314314314314316	0.08589478818119752	49285.33986783254	0.7495349331547718
39.58958958958959	0.08652322285851337	49312.42287920394	0.7037504001368359
39.86486486486486	0.08728437197073594	49334.41218792486	0.6603962950372513
40.14014014014014	0.08800743097216207	49351.49366095227	0.6193866622985175
40.41541541541542	0.0886079833995923	49363.782104564285	0.5806695804246258
40.690690690690694	0.08910923695101672	49371.432132518996	0.5441739168302093
40.965965965965964	0.08957517878921484	49374.659644817	0.5097989768820312
41.24124124124124	0.09008543876979079	49373.73451648058	0.47741797750561626
41.51651651651652	0.09068341608844363	49368.93690112621	0.4468990154030871
41.791791791791795	0.09136282622766535	49360.51785315494	0.41812398845379106
42.06706706706707	0.09199603928332642	49348.63127721246	0.39102132581122284
42.34234234234234	0.09252737036007339	49333.40073239886	0.365533940876569
42.61761761761762	0.09309051918968148	49315.02665021165	0.3415677136233424
42.892892892892895	0.09373609027716226	49293.721157355954	0.31902276903455357
43.168168168168165	0.0943908728642501	49269.64498115584	0.29782379783262974
43.44344344344344	0.09503127822179759	49242.9413035534	0.27790381761980026
43.71871871871872	0.09567294810971874	49213.754859645785	0.2591950041992173
43.993993993993996	0.09630541154321037	49182.22018796189	0.2416343384371505
44.26926926926927	0.09692053104419011	49148.46393198676	0.22516250674019428
44.54454454454455	0.09757269854953916	49112.6256978058	0.2097138803815919
44.81981981981982	0.09828467832341008	49074.842628836406	0.19522392154336982
45.0950950950951	0.09896031380784928	49035.215030494015	0.18164570861816676
45.37037037037037	0.09955641019675997	48993.8301839648	0.16893851382478584
45.645645645645644	0.10013562521950897	48950.791115264765	0.15705398304992715
45.92092092092092	0.10074564385259367	48906.207197683456	0.1459406426246394
46.1961961961962	0.10140104240236655	48860.18360143093	0.1355489664850365
46.471471471471475	0.10200626492306966	48812.79974859078	0.1258417353283881
46.74674674674675	0.10244773853808481	48764.11334632768	0.1167921150459498
47.02202202202202	0.10285332985811921	48714.207014823696	0.1083612578578528
47.2972972972973	0.10336600289599979	48663.181686658914	0.10050145854881488
47.572572572572575	0.10391708589444931	48611.118736477896	0.09317434595749766
47.847847847847845	0.10442975318361772	48558.08357615748	0.08634916784848799
48.12312312312312	0.10489145990076862	48504.13764824513	0.0799970364735788
48.3983983983984	0.10534423471040516	48449.3450441524	0.07408774994843914
48.673673673673676	0.10587595763510103	48393.77538737422	0.06858840456899602
48.94894894894895	0.10645963409190602	48337.48952185463	0.06347027051305124
49.22422422422423	0.10700709292097367	48280.53568069969	0.05871063932412573
49.4994994994995	0.10758687327360436	48222.96577631605	0.05428500187801447
49.77477477477478	0.10826505820418085	48164.83303755383	0.05016818172236063
50.05005005005005	0.10882461174052095	48106.1704943987	0.04634467629206752
50.32532532532532	0.10917683307174712	48047.005702426824	0.04280159252427336
50.6006006006006	0.10969511872681624	47987.39026442064	0.03951445988415095
50.87587587587588	0.11048401796932636	47927.37568677465	0.036458819834316696
51.151151151151154	0.11118538950244475	47866.98828173049	0.03362229004330057
51.42642642642643	0.11169274633146029	47806.24912299992	0.030994988770161668
51.70170170170171	0.11214556409543337	47745.18646813674	0.028563567085294714
51.97697697697698	0.11262221908605911	47683.83047678486	0.026313742951864234
52.252252252252255	0.11315683854795289	47622.21031880408	0.024231690043137622
52.527527527527525	0.11374922676403353	47560.352689519	0.022304752101128766
52.8028028028028	0.114382803832541	47498.28153858874	0.020521574913211077
53.07807807807808	0.11502462703594217	47436.01802095935	0.018872131717818267
53.353353353353356	0.11563574627124526	47373.580878901266	0.01734754142514562
53.62862862862863	0.11617542898255083	47310.98690136349	0.015939849418990053
53.90390390390391	0.11669714176079105	47248.2534324093	0.014640823076954697
54.17917917917918	0.11734013567110452	47185.39958920191	0.01344136591925823
54.454454454454456	0.11803451996288034	47122.44122801263	0.012333936223166211
54.729729729729726	0.11860653041490296	47059.38993596087	0.011313033873615357
55.005005005005	0.11914693036219562	46996.25854818862	0.010372551126384086
55.28028028028028	0.11979717399122355	46933.06119061716	0.009505751221911574
55.55555555555556	0.12047970402706265	46869.809554223524	0.00870705846378765
55.830830830830834	0.12109413058851767	46806.5132143673	0.00797190635207188
56.10610610610611	0.12160634569388756	46743.180953252326	0.007296103292914899
56.38138138138139	0.12206051242089946	46679.821696165855	0.006675383072737507
56.65665665665666	0.12258557089549622	46616.445067961125	0.00610513724486067
56.931931931931935	0.12316217607673723	46553.05965427865	0.0055812575232231185
57.20720720720721	0.12366290719972017	46489.67226235007	0.0051004694753409244
57.48248248248248	0.12413982727141686	46426.289750924654	0.004659477547310377
57.75775775775776	0.1247066997867925	46362.91924130024	0.004254855418812889
58.033033033033036	0.12532282312698928	46299.566911982816	0.0038836252189349
58.30830830830831	0.12591894211558577	46236.23802824072	0.003543243946944416
58.58358358358358	0.1264775020998163	46172.93741033907	0.0032313790060180345
58.85885885885886	0.127003370314367	46109.66958983014	0.002945833372836303
59.134134134134136	0.12752388694255806	46046.4389026871	0.002684501021744218
59.40940940940941	0.12806559322405203	45983.24945042839	0.002445385741983046
59.68468468468468	0.12864661503276023	45920.10505013497	0.002226625319901174
59.95995995995996	0.12922362680534333	45857.00904689501	0.0020265818843989663
60.23523523523524	0.1297355891756291	45793.964355682794	0.0018438220897442628
60.510510510510514	0.130253935204636	45730.9738930595	0.0016769098897978845
60.78578578578579	0.1308519685908547	45668.0405018336	0.0015244427515758762
61.06106106106106	0.13142777520877647	45605.16652450097	0.001385256745107545
61.33633633633634	0.13189524411788386	45542.3539627322	0.0012583502137114356
61.611611611611615	0.13228396752124383	45479.60476355251	0.0011427464389127241
61.88688688688689	0.13265011095544937	45416.92083372342	0.0010374867637173402
62.16216216216216	0.13306316955289377	45354.30402039801	0.0009416399177556322
62.43743743743744	0.13356130576825112	45291.756035323895	0.0008543384911085793
62.712712712712715	0.13414999867496372	45229.27841201171	0.0007747996129523981
62.98798798798799	0.13477699197891677	45166.872461964944	0.0007023461112319856
63.26326326326326	0.13537443405670752	45104.53930460184	0.0006363922792322799
63.53853853853854	0.13592898239021645	45042.27997665737	0.0005763905382961068
63.813813813813816	0.13645978356006247	44980.09541239806	0.0005218433744637281
64.0890890890891	0.13702902057567223	44917.98652588298	0.0004722617132370204
64.36436436436436	0.13759516749889883	44855.95411016292	0.0004272140382303114
64.63963963963964	0.13795413451801677	44793.99876401002	0.0003863616887001824
64.91491491491492	0.13819844348138322	44732.12111214328	0.0003493531350790808
65.1901901901902	0.1386867214932564	44670.32190354689	0.0003157767059625173
65.46546546546547	0.1393601771441386	44608.60174856855	0.00028528687047001724
65.74074074074073	0.13994920011014014	44546.96106551471	0.0002576299976170196
66.01601601601601	0.1404690019727139	44485.40024429002	0.00023256583003182052
66.29129129129129	0.1410056820787804	44423.91966686131	0.0002098576671041988
66.56656656656656	0.1415325823278655	44362.51966276658	0.0001892937541611655
66.84184184184184	0.14202819575325462	44301.20051824962	0.00017068292616684901
67.11711711711712	0.14252768770530155	44239.96249517771	0.00015384554390031867
67.3923923923924	0.1430487333801852	44178.80582551145	0.00013861616777854083
67.66766766766767	0.14357847088826745	44117.73070658117	0.0001248458472698442
67.94294294294295	0.14408706358154783	44056.73730243194	0.00011240149631044558
68.21821821821823	0.14454389144274282	43995.82574874955	0.00010116354654718954
68.4934934934935	0.14499854247787947	43934.996168078185	9.101865320739738e-05
68.76876876876878	0.14550972399489565	43874.248668719	8.186023383727701e-05
69.04404404404404	0.14601753036157786	43813.58332967982	7.359570660183515e-05
69.31931931931932	0.14647824497179562	43753.00020814065	6.614291963474522e-05
69.5945945945946	0.14696727454569375	43692.499353926374	5.942321469174562e-05
69.86986986986987	0.14751945559141907	43632.08080368385	5.3364241116823786e-05
70.14514514514515	0.14808125674915315	43571.7445746166	4.790299657501993e-05
70.42042042042041	0.14860495193980716	43511.490668624174	4.298382149574406e-05
70.69569569569569	0.14905809540229678	43451.319075924126	3.8556666923951227e-05
70.97097097097097	0.1494385833524061	43391.229778326975	3.457553051366629e-05
71.24624624624624	0.14976446155088113	43331.222750714674	3.0997753238227205e-05
71.52152152152152	0.15007068562262477	43271.29796178244	2.7783669112442832e-05
71.7967967967968	0.15040506638898282	43211.455374320096	2.489647558261951e-05
72.07207207207207	0.1508374835845849	43151.69494571744	2.2301997156609632e-05
72.34734734734735	0.1513812465244578	43092.01662583258	1.9969708278408882e-05
72.62262262262263	0.1519357261948149	43032.420354655245	1.787384942417804e-05
72.8978978978979	0.15241281290988815	42972.906064956966	1.5992160311151525e-05
73.17317317317318	0.1527629243546058	42913.47368475747	1.4304702659389343e-05
73.44844844844846	0.15306476641823522	42854.12314063066	1.2792288673101164e-05
73.72372372372374	0.1534648259401799	42794.85435818831	1.1436258393069457e-05
73.998998998999	0.1539516577758408	42735.6672585267	1.0220170224602735e-05
74.27427427427428	0.1544590165416525	42676.561758103235	9.129856057531313e-06
74.54954954954955	0.1549782937118932	42617.537770422154	8.15262094920205e-06
74.82482482482483	0.15549678477586867	42558.59520634677	7.27709428484729e-06
75.1001001001001	0.15595884465127594	42499.73397399686	6.493274708754321e-06
75.37537537537537	0.15636659287189736	42440.953979789134	5.7920394209624234e-06
75.65065065065065	0.15680873059883074	42382.25512927076	5.164757463415012e-06
75.92592592592592	0.15728531059295126	42323.63732622492	4.6037077154128055e-06
76.2012012012012	0.15772069431467223	42265.100472379316	4.102208223998133e-06
76.47647647647648	0.1581189442130049	42206.64446831759	3.6541913605443005e-06
76.75175175175175	0.1585120415119633	42148.269213723564	3.254091842598516e-06
77.02702702702703	0.1588450125598542	42089.97460698318	2.8970240079685897e-06
77.30230230230231	0.15910371647181984	42031.760545608086	2.5785854499452983e-06
77.57757757757759	0.15947806589846353	41973.62692713591	2.2944623379516177e-06
77.85285285285286	0.16000256606204252	41915.573648288046	2.0408076432623264e-06
78.12812812812814	0.160377866605223	41857.60060398963	1.814647350765902e-06
78.40340340340342	0.16057159482158898	41799.70768872776	1.613277837521009e-06
78.67867867867868	0.16086151701299467	41741.89479742683	1.433910056539897e-06
78.95395395395396	0.16128221391684538	41684.161826837095	1.2740877226974083e-06
79.22922922922923	0.16170987266996434	41626.508671155745	1.1317257548779583e-06
79.50450450450451	0.162133333821769	41568.93522385515	1.0049605167116733e-06
79.77977977977977	0.16258462559862266	41511.441378197116	8.921008165504935e-07
80.05505505505505	0.16307973099236797	41454.02702722957	7.916297527771505e-07
80.33033033033033	0.16359179372635738	41396.692063771974	7.022120750149857e-07
80.6056056056056	0.16400954441962512	41339.43638039126	6.22706107566515e-07
80.88088088088088	0.16432446265827977	41282.259869580215	5.520774724312221e-07
81.15615615615616	0.1646761259777062	41225.16242388688	4.893364246711003e-07
81.43143143143143	0.16509147905600335	41168.14393579394	4.335963522025664e-07
81.70670670670671	0.16549765263873664	41111.20429767697	3.8409416734653555e-07
81.98198198198199	0.16585286285880077	41054.34340187118	3.40158089070898e-07
82.25725725725727	0.16614387932367583	40997.56114071405	3.0118699294833815e-07
82.53253253253254	0.166410871638316	40940.85740658328	2.6663209583431234e-07
82.80780780780782	0.1666997709964458	40884.23209190025	2.359952493705857e-07
83.0830830830831	0.1670270255626618	40827.68508912344	2.0883215370590214e-07
83.35835835835836	0.16739687113588722	40771.21629075531	1.8474903776493117e-07
83.63363363363364	0.16780147882841248	40714.825589350985	1.633984153874531e-07
83.90890890890891	0.1682285296166402	40658.51287752959	1.4447364035151904e-07
84.18418418418419	0.16866001383962154	40602.27804798405	1.2770408919189068e-07
84.45945945945945	0.16905218517283782	40546.120993486635	1.1285245271996184e-07
84.73473473473473	0.16936264051719166	40490.04160690006	9.970930689074833e-08
85.01001001001	0.16965967935297768	40434.03978120099	8.808170694004378e-08
85.28528528528528	0.17001924954663158	40378.11540947904	7.779360187037392e-08
85.56056056056056	0.17039147148521103	40322.26838492282	6.869251524585857e-08
85.83583583583584	0.17074584721061356	40266.49860083013	6.064455922592673e-08
86.11111111111111	0.17114980202932506	40210.80595062145	5.352782211500938e-08
86.38638638638639	0.17158233234131712	40155.190327833436	4.723548801045487e-08
86.66166166166167	0.1719065309637999	40099.65162611576	4.167721420752494e-08
86.93693693693695	0.1722018872095187	40044.189739251335	3.676935435213989e-08
87.21221221221222	0.1726832584123984	39988.80456116152	3.24323351639476e-08
87.4874874874875	0.17321545845172417	39933.495985886344	2.8600102791842792e-08
87.76276276276278	0.17357227353279547	39878.26390758764	2.5218528319909006e-08
88.03803803803804	0.17389991538305774	39823.10822056859	2.223590462994296e-08
88.31331331331332	0.17433789948715958	39768.028819270876	1.9604243933561607e-08
88.58858858858859	0.17472540929532693	39713.02559826534	1.728366588836064e-08
88.86386386386387	0.1749961945570174	39658.09845225822	1.5239302443530216e-08
89.13913913913915	0.17530764462881668	39603.2472760973	1.3438258165280517e-08
89.41441441441442	0.17568007416101586	39548.47196476798	1.1851434804051002e-08
89.68968968968969	0.17599160173992842	39493.772413391525	1.0454216207358397e-08
89.96496496496496	0.17625679490045942	39439.14851722894	9.224554597127721e-09
90.24024024024024	0.17656395516856663	39384.60017168212	8.142340434133274e-09
90.51551551551552	0.1769251729002529	39330.12727229266	7.1898503315143435e-09
90.7907907907908	0.1773148036071428	39275.72971474189	6.351648282225465e-09
91.06606606606607	0.1776754264718061	39221.40739485109	5.614365185430131e-09
91.34134134134135	0.17800240662399677	39167.160208582485	4.966156159457745e-09
91.61661661661662	0.17840643728685424	39112.98805204014	4.3961800739399755e-09
91.8918918918919	0.17888983364244615	39058.89082146902	3.894950539311237e-09
92.16716716716716	0.17931384087738908	39004.868413254386	3.4544891337264344e-09
92.44244244244244	0.17965405667172218	38950.920723922885	3.0677371538341764e-09
92.71771771771772	0.17997932827489324	38897.04765014301	2.728272886017663e-09
92.992992992993	0.18036101158943346	38843.24908872484	2.4303131031358246e-09
93.26826826826827	0.18082705504656554	38789.524936619804	2.1687570347581824e-09
93.54354354354355	0.18121788597500094	38735.87509092	1.9393423811608317e-09
93.81881881881883	0.18144518649126126	38682.299448858685	1.7383646433008454e-09
94.0940940940941	0.18172395296729316	38628.79790781098	1.5622960835409788e-09
94.36936936936937	0.18215220465503137	38575.37036529322	1.407976289501023e-09
94.64464464464464	0.18258339224520323	38522.01671896231	1.2727750805293077e-09
94.91991991991992	0.1829396430737742	38468.73686661593	1.1544230990689997e-09
95.1951951951952	0.18323350155670615	38415.53070619259	1.0508965572327212e-09
95.47047047047047	0.18354800480383582	38362.39813577159	9.603636303927863e-10
95.74574574574575	0.1839755536105752	38309.3390535729	8.811812075555161e-10
96.02102102102103	0.1844466451485081	38256.353357956665	8.119483152647409e-10
96.2962962962963	0.1848633797050309	38203.44094742316	7.514685029236675e-10
96.57157157157158	0.18521515441565597	38150.60172061273	6.986847277524262e-10
96.84684684684684	0.18550822770783776	38097.83557630568	6.526592419910458e-10
97.12212212212212	0.1857486112397882	38045.142413422065	6.125620370762892e-10
97.3973973973974	0.1859630248192921	37992.5221310216	5.77656256315265e-10
97.67267267267268	0.18619846785628552	37939.974628303404	5.472873428954006e-10
97.94794794794795	0.1864517194790585	37887.49980460589	5.208839829555865e-10
98.22322322322323	0.18669263635146344	37835.09755940647	4.979503893448077e-10
98.4984984984985	0.1869617784927266	37782.767792321545	4.780477383197522e-10
98.77377377377378	0.1873092116145199	37730.5104031062	4.6078869564417843e-10
99.04904904904905	0.1876974245952697	37678.32529165411	4.458397480981131e-10
99.32432432432432	0.18807408585621774	37626.212357997225	4.329132539328525e-10
99.5995995995996	0.18840517700407503	37574.171502305704	4.2175858717777093e-10
99.87487487487488	0.18868791026851273	37522.20262488768	4.12155142459378e-10
100.15015015015015	0.18895771867813135	37470.30562618914	4.0390730799841773e-10
100.42542542542543	0.1891977876149713	37418.48040679373	3.9684435719544246e-10
100.70070070070071	0.1893552509263898	37366.72686742247	3.9081815401364187e-10
100.97597597597598	0.1894986365333198	37315.04490893372	3.8569639202735244e-10
101.25125125125126	0.1897465013206508	37263.43443232301	3.81360917733832e-10
101.52652652652652	0.19012912656943642	37211.895338722774	3.777092231052359e-10
101.8018018018018	0.1905931726325931	37160.42752940212	3.7465380845401376e-10
102.07707707707708	0.19092249808388523	37109.03090576656	3.721214632916451e-10
102.35235235235236	0.19103210725840045	37057.70536935788	3.7004799907546133e-10
102.62762762762763	0.19112328413330731	37006.4508218542	3.6837434250127107e-10
102.90290290290291	0.1913330629549195	36955.267165069636	3.670480674417385e-10
103.17817817817819	0.19168684371547196	36904.15430095412	3.660239538270419e-10
103.45345345345346	0.19210585341876457	36853.11213159313	3.652634419592629e-10
103.72872872872873	0.1924597001990878	36802.14055920751	3.6473341214152923e-10
104.004004004004	0.19272081317232898	36751.23948615327	3.644047598586769e-10
104.27927927927928	0.19293056608149153	36700.408814921524	3.642518023966607e-10
104.55455455455456	0.1932301310006371	36649.6484481383	3.642520364287084e-10
104.82982982982983	0.19365567158942926	36598.95828856432	3.643860663420717e-10
105.10510510510511	0.19395966780038304	36548.33823909465	3.6463690129246277e-10
105.38038038038039	0.19409876764519546	36497.78820275864	3.649894516179979e-10
105.65565565565566	0.19434451839849537	36447.3080827199	3.654309339627e-10
105.93093093093094	0.1946995918885126	36396.897782275955	3.6595036607661174e-10
106.2062062062062	0.19495177193403873	36346.55720485799	3.6653769813806193e-10
106.48148148148148	0.19515881105662125	36296.28625403074	3.671842649950497e-10
106.75675675675676	0.19547663993703923	36246.08483349242	3.678830182702835e-10
107.03203203203203	0.19584131648223446	36195.95284707441	3.6862767449185404e-10
107.30730730730731	0.19618044991791206	36145.89019874105	3.694125184746256e-10
107.58258258258259	0.196587784341016	36095.896792589556	3.7023292833157923e-10
107.85785785785787	0.19708033586987944	36045.97253284978	3.7108497878883075e-10
108.13313313313314	0.19750200746965232	35996.11732388398	3.7196462909472255e-10
108.4084084084084	0.19785041580725282	35946.331070186636	3.7286832637664744e-10
108.68368368368368	0.19828412575277973	35896.61367638444	3.737936537557013e-10
108.95895895895896	0.1987651673448031	35846.965047235964	3.747383606345736e-10
109.23423423423424	0.1991465577689483	35797.38508763142	3.756998327436382e-10
109.50950950950951	0.19942367863769206	35747.87370259258	3.7667575882998324e-10
109.78478478478479	0.1996542603707218	35698.43079727258	3.77664385282836e-10
110.06006006006007	0.19991838492381137	35649.05627695579	3.7866456192754104e-10
110.33533533533534	0.20023846988724697	35599.750047057605	3.796754029484477e-10
110.61061061061062	0.20050751948047355	35550.51201312416	3.8069563647775013e-10
110.88588588588588	0.20074287630238466	35501.34208083228	3.817242397231451e-10
111.16116116116116	0.20112805970331582	35452.240155989275	3.8276121198095203e-10
111.43643643643644	0.2015966235071342	35403.206144532756	3.838062401843267e-10
111.71171171171171	0.20190881981499917	35354.239952530275	3.8485788707266345e-10
111.98698698698699	0.2021157640703484	35305.34148617932	3.859151515990565e-10
112.26226226226227	0.20238311037636297	35256.51065180722	3.869779792066313e-10
112.53753753753755	0.20273724731343712	35207.74735587088	3.880464564278554e-10
112.81281281281282	0.20314297014552668	35159.051504956544	3.891204872938814e-10
113.08808808808809	0.20350930938500644	35110.42300577962	3.901995388420808e-10
113.36336336336336	0.20379900041207888	35061.861765184534	3.9128296446572067e-10
113.63863863863864	0.20407273667757211	35013.36769014454	3.923705076583234e-10
113.91391391391392	0.2043241452721198	34964.94068776159	3.934619157075059e-10
114.1891891891892	0.20448178080286014	34916.580665266054	3.9455661292309703e-10
114.46446446446447	0.2045834690383577	34868.287530016656	3.956542918547107e-10
114.73973973973975	0.2047298619056151	34820.06118950029	3.9675519408390376e-10
115.01501501501502	0.20498795985071913	34771.90155133186	3.978598681765215e-10
115.2902902902903	0.20535883449438352	34723.80852325404	3.989687959377669e-10
115.56556556556556	0.20566359715115368	34675.78201313701	4.000814896135169e-10
115.84084084084084	0.2058196798950024	34627.8219289783	4.0119710972699495e-10
116.11611611611612	0.20601026238014303	34579.92817890281	4.02315862700566e-10
116.3913913913914	0.20629513647393422	34532.100671162545	4.034382326423181e-10
116.66666666666667	0.20655303797149657	34484.33931413635	4.0456402068991425e-10
116.94194194194195	0.20679627501053813	34436.644016329774	4.0569311918911434e-10
117.21721721721723	0.20711650482874738	34389.01468637498	4.0682590549027826e-10
117.4924924924925	0.20737174019578677	34341.451233030406	4.079619788631084e-10
117.76776776776778	0.20741120088405787	34293.95356518061	4.091002205252969e-10
118.04304304304304	0.20751909142958522	34246.52159183632	4.102411273066016e-10
118.31831831831832	0.20791628284344546	34199.155222134264	4.113862671099171e-10
118.5935935935936	0.2083670509233708	34151.854365336694	4.125357778559868e-10
118.86886886886887	0.20867304479756704	34104.61893083123	4.1368875452649776e-10
119.14414414414415	0.20880777572323317	34057.44882813082	4.1484428111489934e-10
119.41941941941943	0.20889259510064018	34010.343966873625	4.1600219818059736e-10
119.6946946946947	0.20914394054820207	33963.30425682289	4.1716349299624254e-10
119.96996996996998	0.20947253946250108	33916.32960786668	4.1832855357463025e-10
120.24524524524524	0.20965325039100133	33869.4199300175	4.1949654291268656e-10
120.52052052052052	0.20970234291610415	33822.575133412356	4.206668258863288e-10
120.7957957957958	0.20973291051688428	33775.79512831258	4.218394470644078e-10
121.07107107107107	0.20989747527494765	33729.079825103734	4.230152442752761e-10
121.34634634634635	0.21023157898089068	33682.42913429536	4.241951274104744e-10
121.62162162162163	0.21053836895743383	33635.84296652063	4.253788474602536e-10
121.8968968968969	0.21075158044042916	33589.3212325363	4.2656584245905337e-10
122.17217217217218	0.2109821534001018	33542.86384322261	4.2775621475708887e-10
122.44744744744746	0.2112738649861247	33496.470709583074	4.289502850099107e-10
122.72272272272272	0.21160583110413073	33450.141742744345	4.301482200878619e-10
122.997997997998	0.21189205267756667	33403.876853955866	4.313497092766453e-10
123.27327327327328	0.21204648106295615	33357.675954589824	4.3255403008070825e-10
123.54854854854855	0.21209686406129868	33311.538956141	4.3376070977090925e-10
123.82382382382383	0.21210079043705454	33265.465770226576	4.3496964910950217e-10
124.0990990990991	0.21211794681037063	33219.45630858609	4.3618108164790254e-10
124.37437437437438	0.21222548184514162	33173.51048308115	4.3739562150254235e-10
124.64964964964966	0.21251628928030186	33127.62820569533	4.386142961090219e-10
124.92492492492492	0.21291332013304376	33081.80938853394	4.3983757777527264e-10
125.2002002002002	0.21320986438853812	33036.05394382366	4.4106476298198795e-10
125.47547547547548	0.21341667463920053	32990.36178391261	4.4229530620373255e-10
125.75075075075075	0.21365206931567254	32944.732821270205	4.435293781256342e-10
126.02602602602603	0.2139595525441619	32899.16696848698	4.4476736184746833e-10
126.30130130130131	0.2143139932242751	32853.66413827431	4.460094518896869e-10
126.57657657657658	0.21455947989492685	32808.22424346423	4.472549717251606e-10
126.85185185185186	0.2146668160383142	32762.847197009287	4.4850318351278424e-10
127.12712712712714	0.21487124031324936	32717.532911982606	4.497547340404668e-10
127.4024024024024	0.21520967871118288	32672.28130157755	4.5101038090469877e-10
127.67767767767768	0.21548562337560823	32627.092279107423	4.522697038375514e-10
127.95295295295296	0.21570476893125898	32581.965758005423	4.535323748414044e-10
128.22822822822823	0.21599014960032956	32536.901651824566	4.5479878717012363e-10
128.5035035035035	0.21626863614034586	32491.899874237388	4.560688787352023e-10
128.7787787787788	0.21643739034803713	32446.960339035733	4.57342033337582e-10
129.05405405405406	0.2165950685893019	32402.082960130774	4.5861826640422883e-10
129.32932932932934	0.21684145934448917	32357.2676515528	4.5989814189809265e-10
129.60460460460462	0.21716888676367052	32312.514327451026	4.611821023000679e-10
129.87987987987987	0.2175343470727851	32267.822902093365	4.6247029068663054e-10
130.15515515515517	0.21786977784020164	32223.19328986623	4.6376245453913414e-10
130.43043043043042	0.21816165707414648	32178.625405274506	4.650583042251362e-10
130.70570570570572	0.21844347667161962	32134.119162941275	4.663577791289562e-10
130.98098098098097	0.2187422657749652	32089.674477607787	4.676609790075437e-10
131.25625625625628	0.21906072165355256	32045.291264133168	4.689680056755619e-10
131.53153153153153	0.21930215252447752	32000.969437494263	4.702784090695191e-10
131.80680680680683	0.21941614373397034	31956.708912785456	4.715915245704495e-10
132.08208208208208	0.2195694202819426	31912.5096052187	4.729077166312711e-10
132.35735735735736	0.21983700327495406	31868.371430123272	4.742277180433431e-10
132.63263263263264	0.2200762218543917	31824.29430294545	4.755513571786243e-10
132.9079079079079	0.22023384040426078	31780.27813924842	4.76878189889045e-10
133.1831831831832	0.22037169977400783	31736.322854712205	4.782081855906281e-10
133.45845845845847	0.22054070738117726	31692.428365133474	4.795416062184224e-10
133.73373373373374	0.22076995480616465	31648.594586425395	4.808788413019707e-10
134.00900900900902	0.2210176459947537	31604.8214346174	4.822199890749579e-10
134.2842842842843	0.22123902584688793	31561.108825855026	4.835648816027584e-10
134.55955955955955	0.22147854760636554	31517.456676399837	4.849136291217882e-10
134.83483483483485	0.22180054791658685	31473.864902629244	4.862666929995134e-10
135.1101101101101	0.22226369645426627	31430.333421036376	4.876248027905848e-10
135.3853853853854	0.2227349774170236	31386.862148229764	4.889878244407132e-10
135.66066066066065	0.2228659927693032	31343.451000933015	4.903536566817378e-10
135.93593593593596	0.22282696823243012	31300.099895985033	4.91721481839772e-10
136.2112112112112	0.22314091859620572	31256.808750340148	4.930935976585805e-10
136.4864864864865	0.22370716849959213	31213.577481067456	4.944713884104382e-10
136.76176176176176	0.2241851653265638	31170.40600535054	4.958540798901004e-10
137.03703703703704	0.22456728910244653	31127.294240487492	4.972409700077093e-10
137.31231231231232	0.22490293740411657	31084.242103890818	4.986317468799123e-10
137.5875875875876	0.22513520913264748	31041.249513087238	5.000258188075854e-10
137.86286286286287	0.22527491413291093	30998.316385717535	5.014227462206018e-10
138.13813813813815	0.2254648716630792	30955.442639536515	5.028229816775845e-10
138.41341341341342	0.22571996166024727	30912.628192412754	5.042269979183642e-10
138.6886886886887	0.2259302914863768	30869.87296232832	5.056345619224543e-10
138.96396396396398	0.22614352202196364	30827.176867378785	5.070457536134378e-10
139.23923923923923	0.22647226021478423	30784.539825773063	5.08461297324157e-10
139.51451451451453	0.22681998114894547	30741.96175583315	5.09881248921167e-10
139.78978978978978	0.22707009065655523	30699.442575993908	5.113049776770814e-10
140.06506506506508	0.22730146571633958	30656.982204803066	5.127324096132426e-10
140.34034034034033	0.22753069504932563	30614.58056092105	5.1416358048032e-10
140.61561561561564	0.22757235052588687	30572.237563120616	5.155974358879775e-10
140.8908908908909	0.22749505929802474	30529.953130286936	5.170334829987441e-10
141.1661661661662	0.22768015416801007	30487.72718141765	5.184735455036511e-10
141.44144144144144	0.2280647747724953	30445.559635622416	5.199188061609537e-10
141.71671671671672	0.2282914678276224	30403.450412122456	5.213681630069291e-10
141.991991991992	0.22845800538314515	30361.399430250836	5.22821258977238e-10
142.26726726726727	0.22878207666083253	30319.406609452337	5.242790816401715e-10
142.54254254254255	0.22906541757938115	30277.471869283025	5.25741295736654e-10
142.81781781781783	0.22915747875570375	30235.595129410085	5.272067234412053e-10
143.0930930930931	0.22931392584512716	30193.776309612025	5.286758878470589e-10
143.36836836836838	0.22963022596026955	30152.015329778376	5.301498043551666e-10
143.64364364364366	0.22987118694898429	30110.3121099093	5.31627931923291e-10
143.9189189189189	0.2300325558184473	30068.66657011561	5.331097874635098e-10
144.1941941941942	0.23032800168265757	30027.078630618755	5.34596243710318e-10
144.46946946946946	0.23070088664135371	29985.548211750516	5.360877031099015e-10
144.74474474474476	0.23096353355258087	29944.075233952688	5.375833799355286e-10
145.02002002002	0.23110345394672818	29902.65961777712	5.390825343001209e-10
145.29529529529532	0.23120028064804818	29861.301283885583	5.405850208674088e-10
145.57057057057057	0.23143070929356283	29820.00015304975	5.420917862111865e-10
145.84584584584587	0.2318338532794288	29778.756146150885	5.43603871888134e-10
146.12112112112112	0.2321549459354174	29737.5691841795	5.451206171213872e-10
146.3963963963964	0.23230472273710434	29696.439188235305	5.466409213495089e-10
146.67167167167167	0.23242116543633423	29655.36607952723	5.481646935669223e-10
146.94694694694695	0.23257586693721172	29614.349779373282	5.49692294659835e-10
147.22222222222223	0.23277281820068285	29573.390209200268	5.512240564231092e-10
147.4974974974975	0.23294241639523475	29532.487290543617	5.527598357654396e-10
147.77277277277278	0.23302469485200514	29491.640945047242	5.542991453928602e-10
148.04804804804806	0.23312943235049044	29450.851094463516	5.55842248256732e-10
148.32332332332334	0.23333157626842138	29410.117660653123	5.573898301393562e-10
148.59859859859858	0.23351936917878913	29369.440565584697	5.58941784696724e-10
148.8738738738739	0.2336327754898826	29328.819731334766	5.604976526218844e-10
149.14914914914914	0.23372775761951953	29288.25508008769	5.620573929724037e-10
149.42442442442444	0.23388610467361676	29247.746534135502	5.636214802266729e-10
149.6996996996997	0.23418991866785013	29207.294015877815	5.651908288543875e-10
149.974974974975	0.23458245679216583	29166.897447821502	5.667658620337548e-10
150.25025025025025	0.23494213353715326	29126.55675258053	5.683461812209089e-10
150.52552552552555	0.23520920692353403	29086.271852875845	5.699310777917785e-10
150.8008008008008	0.23537861477911226	29046.04267153528	5.715199227601289e-10
151.07607607607608	0.23554845501899566	29005.869131493473	5.73112801417584e-10
151.35135135135135	0.2357856301156109	28965.75115579172	5.747102080531229e-10
151.62662662662663	0.2360641896358589	28925.68866757775	5.763123991258512e-10
151.9019019019019	0.23631890762250146	28885.681590105516	5.779191821178102e-10
152.17717717717719	0.23646710900075096	28845.729846735063	5.79529874093593e-10
152.45245245245246	0.23661974434982266	28805.83336093252	5.81144601850683e-10
152.72772772772774	0.2369733864052816	28765.992056270054	5.82764720476743e-10
153.00300300300302	0.23739944165621363	28726.20585642542	5.843905601074035e-10
153.2782782782783	0.2377020133648601	28686.47468518178	5.860211556087906e-10
153.55355355355357	0.23795059060799167	28646.798466427772	5.87656137216766e-10
153.82882882882885	0.2382178065016147	28607.17712415735	5.892956583381928e-10
154.10410410410412	0.23843970857407673	28567.610582469555	5.909394417255784e-10
154.37937937937937	0.23862876398319102	28528.09876556842	5.925873352723706e-10
154.65465465465465	0.2389181522684504	28488.64159776292	5.942400663495147e-10
154.92992992992993	0.23926315453551256	28449.239003466697	5.958979631649556e-10
155.2052052052052	0.239486292428576	28409.89090719776	5.975601631125198e-10
155.48048048048048	0.2396414354778106	28370.59723357859	5.992262882326404e-10
155.75575575575576	0.23987329239410377	28331.357907336027	6.008969555300912e-10
156.03103103103103	0.24016709535606426	28292.172853301043	6.025725914523073e-10
156.3063063063063	0.24047310050858842	28253.041996408512	6.042532353561191e-10
156.5815815815816	0.24078347986047613	28213.96526169713	6.059388717728155e-10
156.85685685685687	0.24110247631245005	28174.94257430928	6.076295173733544e-10
157.13213213213214	0.2414408203251919	28135.973859490892	6.093252581192571e-10
157.40740740740742	0.24177383736850402	28097.059042591274	6.110260077506407e-10
157.6826826826827	0.2420467102658723	28058.19804906293	6.127313382766402e-10
157.95795795795797	0.24229656557602625	28019.390804461495	6.144411344718837e-10
158.23323323323325	0.242598040378919	27980.637234445658	6.161557898779546e-10
158.50850850850853	0.24287743908164153	27941.937264776854	6.178751545220251e-10
158.7837837837838	0.24305182207859552	27903.290821319126	6.195985601719156e-10
159.05905905905905	0.24321759958399922	27864.697830039142	6.213260809224695e-10
159.33433433433433	0.24345466130917945	27826.158217006046	6.230583069446475e-10
159.6096096096096	0.243719581885129	27787.671908391192	6.247954498597015e-10
159.88488488488488	0.24394690390565113	27749.238830467988	6.265372571959854e-10
160.16016016016016	0.24407026557156203	27710.85890961177	6.28283079749775e-10
160.43543543543544	0.2441370385330355	27672.532072299724	6.300326879163293e-10
160.7107107107107	0.24427104770212982	27634.25824511087	6.317867128192834e-10
160.985985985986	0.24446795424258252	27596.03735472575	6.335456577962231e-10
161.26126126126127	0.24467093902372947	27557.86932792628	6.353095690620441e-10
161.53653653653654	0.24487896654925814	27519.75409159565	6.370784807711184e-10
161.81181181181182	0.24512164306861636	27481.6915727182	6.388526220937933e-10
162.0870870870871	0.24546614892854068	27443.68169837932	6.406326384560519e-10
162.36236236236238	0.2459183035022993	27405.724395765264	6.424191132362473e-10
162.63763763763765	0.24637374546608895	27367.819592162887	6.442118358988367e-10
162.91291291291293	0.24671369686430256	27329.967214959524	6.460098317367936e-10
163.1881881881882	0.24683905953420915	27292.16719164282	6.478116175139945e-10
163.46346346346348	0.24691347430091407	27254.419449800884	6.496170583040203e-10
163.73873873873873	0.2472004278445581	27216.723917122246	6.5142782672763e-10
164.014014014014	0.24759349797427743	27179.080521395324	6.532446050342587e-10
164.2892892892893	0.24788756483642332	27141.48919050824	6.550665737775168e-10
164.56456456456456	0.24801220553225992	27103.94985244878	6.568925698545346e-10
164.83983983983984	0.2480119889811532	27066.462435304365	6.587219247767567e-10
165.11511511511512	0.2481014045801825	27029.026867262095	6.605555444304008e-10
165.3903903903904	0.2483506423677467	26991.643076608474	6.62394669835253e-10
165.66566566566567	0.24863002205746912	26954.310991729064	6.642394541937046e-10
165.94094094094095	0.24887129385546647	26917.030541108405	6.660895596087763e-10
166.21621621621622	0.24907251319845042	26879.801653329963	6.67944692181933e-10
166.4914914914915	0.24930669450045392	26842.624257076055	6.698051115227591e-10
166.76676676676678	0.24963948173790876	26805.4982811277	6.716714907352792e-10
167.04204204204206	0.2499539289625592	26768.42365436431	6.735435866205103e-10
167.31731731731733	0.2501562254939884	26731.400305763545	6.754205481851141e-10
167.5925925925926	0.2503385954421265	26694.428164401434	6.773023062345244e-10
167.8678678678679	0.25056571952773493	26657.507159452143	6.791892549237195e-10
168.14314314314316	0.2508151152046294	26620.637220187786	6.810815695747073e-10
168.4184184184184	0.25106451593360557	26583.81827597828	6.82979243824893e-10
168.6936936936937	0.25130109393298267	26547.05025629121	6.84882185144189e-10
168.96896896896897	0.2515343824940952	26510.33309069174	6.86790385416436e-10
169.24424424424424	0.2517769215429449	26473.666708842455	6.887039282792941e-10
169.51951951951952	0.25198581273246773	26437.051040503196	6.906225845613771e-10
169.7947947947948	0.2521252095428429	26400.486015530907	6.925459127977786e-10
170.07007007007007	0.2522447763845456	26363.971563879608	6.944738966773164e-10
170.34534534534535	0.25239225598904996	26327.50761560024	6.964068620306698e-10
170.62062062062063	0.2525789623056639	26291.094100840517	6.983451633795384e-10
170.8958958958959	0.25282632353163864	26254.73094984479	7.002892513753437e-10
171.17117117117118	0.2531655077684806	26218.418092953914	7.022397266505094e-10
171.44644644644646	0.25353173676012875	26182.155460605056	7.04196632072332e-10
171.72172172172174	0.25380424156798354	26145.94298333143	7.06159144610152e-10
171.996996996997	0.2539655252012339	26109.78059176233	7.08126455369232e-10
172.2722722722723	0.2540602254336576	26073.668216623046	7.100982115276916e-10
172.54754754754757	0.25419845673158237	26037.605788734807	7.12074910518349e-10
172.82282282282284	0.25443308160668193	26001.59323901457	7.140573493498961e-10
173.0980980980981	0.25464061125152415	25965.630498474733	7.160453062428354e-10
173.37337337337337	0.2547925171916799	25929.717498223054	7.180383930127407e-10
173.64864864864865	0.2550285779873514	25893.854169462742	7.200372987257774e-10
173.92392392392392	0.2553379344702366	25858.040443492155	7.220425219384245e-10
174.1991991991992	0.25558042037636225	25822.276251704527	7.240534641425739e-10
174.47447447447448	0.25579124652511076	25786.561525588004	7.260698852837129e-10
174.74974974974975	0.25606943453275094	25750.896196725622	7.280923090202531e-10
175.02502502502503	0.2563237579619574	25715.28019679493	7.301205088038581e-10
175.3003003003003	0.2564653232662521	25679.71345756789	7.321536491022265e-10
175.57557557557558	0.2566039422505844	25644.195910910952	7.341918405197543e-10
175.85085085085086	0.2568159652629138	25608.727488784883	7.362357374855582e-10
176.12612612612614	0.2570504598257912	25573.308123244497	7.382855131695508e-10
176.40140140140142	0.25730912670044803	25537.937746438613	7.403413270229758e-10
176.6766766766767	0.25765483911765247	25502.616290609934	7.424037783847593e-10
176.95195195195197	0.2579910049516396	25467.343688094807	7.444726550384488e-10
177.22722722722725	0.2581539188900097	25432.11987132295	7.465465717159606e-10
177.50250250250252	0.2582876144402416	25396.944772817733	7.486254471968797e-10
177.77777777777777	0.2585879854760319	25361.818325196055	7.507106715129604e-10
178.05305305305305	0.2589500918084929	25326.740461167894	7.528026220713838e-10
178.32832832832833	0.25924186735047616	25291.711113536167	7.549006309936703e-10
178.6036036036036	0.2594374261915827	25256.73021519669	7.570039530926022e-10
178.87887887887888	0.2595680396078126	25221.797699138133	7.59112205945154e-10
179.15415415415416	0.25971934553878834	25186.91349844196	7.612257159309031e-10
179.42942942942943	0.25990188012979054	25152.0775462822	7.633448356129721e-10
179.7047047047047	0.2600658301344687	25117.289775925234	7.65469485694732e-10
179.97997997998	0.26022631467829965	25082.55012072979	7.675997168437724e-10
180.25525525525526	0.2604273658027938	25047.858514146807	7.697359062832766e-10
180.53053053053054	0.26068217878580147	25013.21488971929	7.71878469957888e-10
180.80580580580582	0.26098783324536495	24978.619181082155	7.740277341161123e-10
181.0810810810811	0.261322975540059	24944.071321962103	7.761838104925743e-10
181.35635635635637	0.26167232937280405	24909.57124617746	7.783466786833853e-10
181.63163163163165	0.2620348214388244	24875.118887638102	7.805163166649051e-10
181.90690690690693	0.26236100808974694	24840.714180345258	7.826923318497839e-10
182.1821821821822	0.262558983202299	24806.357058391328	7.848736993784776e-10
182.45745745745745	0.2626577057801367	24772.047455959917	7.87059794641274e-10
182.73273273273273	0.26275763451858464	24737.785307325757	7.892508729220286e-10
183.008008008008	0.26290202555734904	24703.570546854564	7.914474803439244e-10
183.28328328328328	0.2631040372636424	24669.403109002847	7.93650173344855e-10
183.55855855855856	0.2633509441968598	24635.282928317745	7.95859317752105e-10
183.83383383383384	0.2635987084386893	24601.20993943688	7.980748793118128e-10
184.1091091091091	0.2637511919121674	24567.184077088183	8.002960880525909e-10
184.3843843843844	0.2638103692060541	24533.205276089822	8.025223241778975e-10
184.65965965965967	0.26390879355962754	24499.273471350327	8.04754107259937e-10
184.93493493493494	0.26406799222736543	24465.388597868252	8.069920379162772e-10
185.21021021021022	0.26422115361238835	24431.550590732	8.092360947961536e-10
185.4854854854855	0.2643762687062844	24397.759385119753	8.11486325690542e-10
185.76076076076077	0.26456354047634223	24364.014916299384	8.137430100610945e-10
186.03603603603605	0.264737170543946	24330.317119628264	8.160060225307333e-10
186.31131131131133	0.2648484740543134	24296.665930553096	8.18274878868283e-10
186.5865865865866	0.2649016033616905	24263.061284609867	8.205492135464739e-10
186.86186186186188	0.2649106931596001	24229.50311742376	8.228288379016067e-10
187.13713713713713	0.2648946801181522	24195.99136470902	8.251137477040687e-10
187.4124124124124	0.26494246767977325	24162.525962268905	8.274046480077784e-10
187.68768768768768	0.2651884015513202	24129.106845995648	8.297031962615029e-10
187.96296296296296	0.26549809286042986	24095.733951869977	8.320096961728592e-10
188.23823823823824	0.26562703602804716	24062.40721596088	8.343224463137371e-10
188.51351351351352	0.26567869203611416	24029.12657442587	8.366408712539535e-10
188.7887887887888	0.2658177636840557	23995.891963510992	8.389658212728752e-10
189.06406406406407	0.2659709044599518	23962.70331955036	8.412974122960398e-10
189.33933933933935	0.2661003864547806	23929.560578966142	8.436354388739285e-10
189.61461461461462	0.26634115164937	23896.46367826856	8.45980826290543e-10
189.8898898898899	0.2666787254514396	23863.41255405566	8.48334226361808e-10
190.16516516516518	0.2669022543083277	23830.40714301292	8.506944685693177e-10
190.44044044044045	0.26703327678663896	23797.447381913407	8.530607641369136e-10
190.71571571571573	0.26724735106183695	23764.53320761787	8.554338964400447e-10
190.990990990991	0.26745118620732766	23731.664557074266	8.578137534836323e-10
191.26626626626629	0.2674860739013937	23698.841367317553	8.601989458573629e-10
191.54154154154156	0.26747047861821316	23666.06357546993	8.625893001596448e-10
191.8168168168168	0.26755380775009124	23633.331118740767	8.649859041590215e-10
192.0920920920921	0.2677671719455675	23600.64393442632	8.673899163956481e-10
192.36736736736736	0.26805993210338436	23568.001959909507	8.698018796530664e-10
192.64264264264264	0.2682917473672436	23535.405132659675	8.722210840376453e-10
192.91791791791792	0.2684826190903186	23502.85339023269	8.746471129122416e-10
193.1931931931932	0.26878997532616533	23470.34667027097	8.770809348741604e-10
193.46846846846847	0.2691369453957044	23437.88491050311	8.795227127212674e-10
193.74374374374375	0.2693416604876136	23405.468048743583	8.819710665149969e-10
194.01901901901903	0.26942580356109397	23373.096022892896	8.844250427025505e-10
194.2942942942943	0.26948386596229756	23340.76877093758	8.868846490577717e-10
194.56956956956958	0.2696119636023524	23308.48623095007	8.893507013959772e-10
194.84484484484486	0.2698197113745461	23276.24834108847	8.9182395665406e-10
195.12012012012013	0.2699546572040868	23244.0550395962	8.943037571921391e-10
195.3953953953954	0.2700217058651204	23211.906264802117	8.967896051248313e-10
195.6706706706707	0.27021701732395365	23179.801955120645	8.992827538448082e-10
195.94594594594597	0.2705122434933793	23147.742049051347	9.017840001920185e-10
196.22122122122124	0.2707260051837771	23115.726485178606	9.042924627409172e-10
196.4964964964965	0.27081681642395583	23083.755202171695	9.068070650243463e-10
196.77177177177177	0.2708196139976088	23051.828138784756	9.09327220856645e-10
197.04704704704704	0.2708219845965449	23019.945233856768	9.118531985969294e-10
197.32232232232232	0.2709084350694159	22988.106426311424	9.143859466631937e-10
197.5975975975976	0.27112107277355185	22956.31165515694	9.169266124896656e-10
197.87287287287288	0.2713941035330529	22924.56085948582	9.194755792923869e-10
198.14814814814815	0.27152401544466853	22892.85397847453	9.220314094920458e-10
198.42342342342343	0.27151891932631816	22861.19095138365	9.245929919465025e-10
198.6986986986987	0.27157024993159307	22829.571717558054	9.271610740193154e-10
198.97397397397398	0.2716950565572523	22797.996216426545	9.297364227813957e-10
199.24924924924926	0.2718366902305352	22766.464387501605	9.32319180287364e-10
199.52452452452454	0.27208279069093033	22734.976170379516	9.349102331368925e-10
199.7997997997998	0.27248435865295745	22703.531504740175	9.375107626872107e-10
200.0750750750751	0.2728336469500652	22672.130330346627	9.40119923781564e-10
200.35035035035037	0.27300962276859414	22640.772587045045	9.427359613894481e-10
200.62562562562564	0.27313762072756015	22609.458214764985	9.45358538900474e-10
200.90090090090092	0.27329379466106735	22578.18715351921	9.479880544684122e-10
201.17617617617617	0.27347084015525086	22546.95934340343	9.506247743542588e-10
201.45145145145145	0.27367433472563485	22515.774724596216	9.532689705402742e-10
201.72672672672672	0.27391356141015555	22484.633237358907	9.559209528802113e-10
202.002002002002	0.27414097487612155	22453.5348220354	9.58580557155124e-10
202.27727727727728	0.2743158045408562	22422.479419052026	9.612472888396847e-10
202.55255255255256	0.2745170532681496	22391.466968917663	9.63921450574611e-10
202.82782782782783	0.2747776937522308	22360.49741222349	9.666035898391134e-10
203.1031031031031	0.27496101789819877	22329.57068964267	9.69292934802771e-10
203.3783783783784	0.2750404420820796	22298.686741930396	9.71988616172394e-10
203.65365365365366	0.27516578451780155	22267.845509924005	9.746912713596206e-10
203.92892892892894	0.27532314724231266	22237.046934542654	9.774013018979425e-10
204.20420420420422	0.2753718232596887	22206.290956787005	9.801177691297153e-10
204.4794794794795	0.2753955693927111	22175.577517739446	9.828406634713618e-10
204.75475475475477	0.27555254189726197	22144.9065585641	9.855714160376114e-10
205.03003003003005	0.275769699782576	22114.278020506354	9.883105419563667e-10
205.30530530530532	0.2759475052515603	22083.691844892724	9.910575608457924e-10
205.5805805805806	0.2761192153871428	22053.14797313092	9.938123862604126e-10
205.85585585585588	0.27630680133584523	22022.646346709713	9.96575152502537e-10
206.13113113113113	0.2764736010298624	21992.186907198782	9.993456373157409e-10
206.4064064064064	0.2766360919656689	21961.769596248618	1.0021238137655704e-09
206.68168168168168	0.2768650304272171	21931.394355590535	1.004910316041646e-09
206.95695695695696	0.27713084206536664	21901.061127036406	1.007705395646175e-09
207.23223223223223	0.2773505359636816	21870.769852478443	1.0105084950318838e-09
207.5075075075075	0.27753312707520705	21840.52047388926	1.0133192446729392e-09
207.7827827827828	0.27772723883576506	21810.312933321784	1.0161377973754323e-09
208.05805805805807	0.27799131399586124	21780.147172909208	1.0189648266886971e-09
208.33333333333334	0.27835003354515375	21750.023134864776	1.0218011193407397e-09
208.60860860860862	0.2787491552227917	21719.9407614816	1.0246468173775373e-09
208.8838838838839	0.2790875484286136	21689.899995132444	1.0275010945873531e-09
209.15915915915917	0.2792308050269651	21659.90077826956	1.0303620183031488e-09
209.43443443443445	0.27928763053646577	21629.943053424966	1.0332290316384115e-09
209.70970970970973	0.279522455889805	21600.026763210582	1.0361041711199404e-09
209.984984984985	0.2798276753787603	21570.151850317543	1.038988092647662e-09
210.26026026026028	0.27997110329313946	21540.31825751588	1.041879143025038e-09
210.53553553553556	0.28001959661518067	21510.52592765488	1.04477660610076e-09
210.8108108108108	0.2800775440770048	21480.774803663055	1.0476808890078073e-09
211.08608608608608	0.28011139349356934	21451.064828547787	1.0505920086272115e-09
211.36136136136136	0.2801359718481507	21421.395945395332	1.053510122808778e-09
211.63663663663664	0.28027745758164613	21391.768097370834	1.0564365693591866e-09
211.91191191191191	0.2805235150271947	21362.181227718054	1.05937232996997e-09
212.1871871871872	0.2807207577983658	21332.635279759008	1.0623167412484838e-09
212.46246246246247	0.28081762808693084	21303.130196894017	1.0652687688838311e-09
212.73773773773775	0.2808492183605066	21273.665922601736	1.068227908350919e-09
213.01301301301302	0.2809671813464898	21244.242400439267	1.0711952151394348e-09
213.2882882882883	0.28128863033826507	21214.859574041944	1.07417269144041e-09
213.56356356356358	0.2816613207721904	21185.517387122833	1.077160503349855e-09
213.83883883883885	0.2819581129149585	21156.21578347263	1.0801575556949346e-09
214.11411411411413	0.2822224232514743	21126.954706959874	1.0831633811628203e-09
214.3893893893894	0.2824927891853852	21097.73410153078	1.086177978663837e-09
214.66466466466468	0.2827718935405985	21068.553911209096	1.0892013780774398e-09
214.93993993993996	0.2830069621573187	21039.41408009592	1.0922330913686071e-09
215.21521521521524	0.28312133117737165	21010.314552369542	1.0952719720201514e-09
215.4904904904905	0.28317387722599285	20981.25527228555	1.098317666463911e-09
215.76576576576576	0.2832812669324405	20952.236184176814	1.1013710385516441e-09
216.04104104104104	0.2835308975026901	20923.257232453376	1.1044336603859832e-09
216.31631631631632	0.2838980879485758	20894.318361602094	1.1075065761331743e-09
216.5915915915916	0.2840947086640294	20865.419516186164	1.1105877865911447e-09
216.86686686686687	0.28405565581001924	20836.560640845306	1.113675018075736e-09
217.14214214214215	0.28411422572377726	20807.741680296396	1.116769735493723e-09
217.41741741741743	0.2843419965932518	20778.9625793329	1.1198738519004487e-09
217.6926926926927	0.2845368670837131	20750.223282824292	1.1229869126935354e-09
217.96796796796798	0.2846005274156856	20721.52373571614	1.1261075664173318e-09
218.24324324324326	0.2845285951120523	20692.86388303013	1.129234669576989e-09
218.51851851851853	0.2844650541689438	20664.243669864256	1.132368740115441e-09
218.7937937937938	0.2845480858379384	20635.66304139268	1.1355115978517566e-09
219.0690690690691	0.28472668324929684	20607.121942865313	1.1386642172458317e-09
219.34434434434436	0.2849237616216364	20578.620319607657	1.1418266176034084e-09
219.61961961961964	0.28508853449647825	20550.15811702075	1.1449983038590655e-09
219.89489489489492	0.28523410848328384	20521.73528058117	1.1481790106272446e-09
220.17017017017017	0.2854397962769496	20493.35175584106	1.1513693362031581e-09
220.44544544544544	0.28570152728801534	20465.007488427847	1.1545697321942956e-09
220.72072072072072	0.2859572320786596	20436.702424044062	1.1577799357168233e-09
220.995995995996	0.28618947091468	20408.4365084673	1.1609995585422808e-09
221.27127127127127	0.2863972042001509	20380.209687550167	1.1642282786427985e-09
221.54654654654655	0.2865621122827011	20352.021907220118	1.1674656494180414e-09
221.82182182182183	0.28666607532425076	20323.873113479367	1.1707111241264256e-09
222.0970970970971	0.2867037361460028	20295.763252404806	1.1739642057109867e-09
222.37237237237238	0.2867354330664653	20267.69227014802	1.1772251190738535e-09
222.64764764764766	0.28690624881038984	20239.660112935326	1.1804955612350854e-09
222.92292292292294	0.28718510112365414	20211.666727067368	1.1837765956869068e-09
223.1981981981982	0.2873925142266671	20183.712058918736	1.1870672179196122e-09
223.4734734734735	0.2875228994205908	20155.796054938204	1.190366556570259e-09
223.74874874874877	0.2876634606440594	20127.918661648735	1.193674822377142e-09
224.02402402402404	0.2878608409915929	20100.07982564737	1.196992682339186e-09
224.29929929929932	0.28812068048728334	20072.279493605016	1.2003207439909093e-09
224.5745745745746	0.2883653486939351	20044.5176122662	1.203658686856219e-09
224.84984984984985	0.2885445270112321	20016.79412844903	1.207005722700191e-09
225.12512512512512	0.28868809403501167	19989.108989045206	1.2103615322072948e-09
225.4004004004004	0.2888516473784811	19961.46214101999	1.2137264513076878e-09
225.67567567567568	0.2891024238555773	19933.853531412144	1.2171014743368457e-09
225.95095095095095	0.2894089665832222	19906.283107333595	1.220487079291261e-09
226.22622622622623	0.2896799147089609	19878.750815969273	1.2238826829768903e-09
226.5015015015015	0.2898880083052784	19851.256604577105	1.2272875247266657e-09
226.77677677677679	0.29004152814734024	19823.80042048798	1.230701080439366e-09
227.05205205205206	0.29018002894118783	19796.3822111057	1.2341233544494441e-09
227.32732732732734	0.2903441676540795	19769.001923906908	1.2375547930046554e-09
227.60260260260262	0.2905585225231661	19741.659506440934	1.2409960288323624e-09
227.8778778778779	0.29080147989303856	19714.35490632961	1.2444473469773476e-09
228.15315315315317	0.2909953251728164	19687.08807126707	1.2479081411749483e-09
228.42842842842845	0.29115478909428766	19659.858949019817	1.2513780844060652e-09
228.70370370370372	0.29136086860573235	19632.66748742677	1.2548577982762568e-09
228.978978978979	0.29154004478762013	19605.513634398845	1.2583469899522886e-09
229.25425425425428	0.29159250121520114	19578.39733791881	1.2618443348788954e-09
229.52952952952953	0.2917040927283167	19551.31854604174	1.265350799154296e-09
229.8048048048048	0.29201004484589554	19524.2772068948	1.2688686570379794e-09
230.08008008008008	0.29223903813141594	19497.273268676407	1.2723967732903683e-09
230.35535535535536	0.29224566622993015	19470.30667965634	1.2759326284314932e-09
230.63063063063063	0.2922272881381437	19443.3773881763	1.2794763637676426e-09
230.9059059059059	0.29230044915161335	19416.485342649674	1.2830293883557232e-09
231.1811811811812	0.29245512889417435	19389.630491561165	1.2865927388962526e-09
231.45645645645646	0.2926380489661394	19362.81278346664	1.2901666691244324e-09
231.73173173173174	0.29279569202572386	19336.032166993016	1.2937507935603181e-09
232.00700700700702	0.29303158613038915	19309.288590838467	1.2973459630419448e-09
232.2822822822823	0.2934267320000108	19282.582003772288	1.3009537816410933e-09
232.55755755755757	0.293747373035797	19255.91235463416	1.3045729311066374e-09
232.83283283283285	0.2938715985384561	19229.279592334307	1.3082009778660094e-09
233.10810810810813	0.29407385281656706	19202.683665854143	1.3118390497142418e-09
233.3833833833834	0.294435291964157	19176.12452424581	1.3154889820972e-09
233.65865865865868	0.2947227278240179	19149.602116631468	1.3191496280463724e-09
233.93393393393396	0.2948717631195863	19123.116392203505	1.3228193348956646e-09
234.2092092092092	0.294973349445964	19096.667300224773	1.326497803326301e-09
234.48448448448448	0.2951123522063	19070.25479002845	1.3301857614612196e-09
234.75975975975976	0.2953270232882784	19043.878811017905	1.3338842397395684e-09
235.03503503503504	0.29546028410311503	19017.53931266615	1.3375922818640788e-09
235.3103103103103	0.2954262779271674	18991.2362445159	1.3413081350780623e-09
235.5855855855856	0.2954906809294431	18964.969556180222	1.3450334344000523e-09
235.86086086086087	0.29578875414529154	18938.739197342144	1.3487710647229096e-09
236.13613613613614	0.29614473615815273	18912.545117753918	1.3525213405576516e-09
236.41141141141142	0.29641939257979727	18886.387267237027	1.356282914049716e-09
236.6866866866867	0.2965517961267686	18860.265595682227	1.3600539960246011e-09
236.96196196196198	0.296613190240145	18834.180053049735	1.3638339716607881e-09
237.23723723723725	0.2967352253151267	18808.13058936923	1.3676238789925389e-09
237.51251251251253	0.29692660989502445	18782.117154739546	1.3714246638203962e-09
237.7877877877878	0.2971336116332788	18756.13969932842	1.3752364691146054e-09
238.06306306306308	0.29724821031978543	18730.198173372286	1.3790581520587293e-09
238.33833833833836	0.2972677204986007	18704.29252717641	1.382888762414876e-09
238.61361361361364	0.29742495582088646	18678.422711115265	1.3867302735068217e-09
238.88888888888889	0.2977697275314031	18652.588675632083	1.390584873368199e-09
239.16416416416416	0.2980949100873411	18626.790371238196	1.3944518914928094e-09
239.43943943943944	0.29833285252991965	18601.027748513265	1.3983299927529603e-09
239.71471471471472	0.29853133568551116	18575.300758105375	1.4022186718273266e-09
239.98998998999	0.2986927652709438	18549.609350730887	1.4061175551096094e-09
240.26526526526527	0.29879951211959405	18523.953477174306	1.410026136518795e-09
240.54054054054055	0.29884720765348377	18498.33308828818	1.4139439601683708e-09
240.81581581581582	0.298874501990843	18472.74813499312	1.417871124175261e-09
241.0910910910911	0.29901892627546167	18447.198568277912	1.4218093600676964e-09
241.36636636636638	0.29925345725739655	18421.68433919909	1.4257597473183226e-09
241.64164164164166	0.2992848465893885	18396.205398880247	1.4297196340246118e-09
241.91691691691693	0.2991369424515309	18370.76169851262	1.4336871712753829e-09
242.1921921921922	0.29913416476085036	18345.35318935565	1.4376647919925542e-09
242.4674674674675	0.29932037996993666	18319.97982273631	1.4416549979786148e-09
242.74274274274276	0.2995657336880509	18294.6415500486	1.4456582387579767e-09
243.01801801801804	0.2997410357632004	18269.338322753476	1.4496733107604438e-09
243.29329329329332	0.29977743960009756	18244.07009237888	1.4536984082963452e-09
243.56856856856857	0.2998007071651728	18218.836810520064	1.4577336185743276e-09
243.84384384384384	0.2999186665764406	18193.638428839462	1.4617803401918647e-09
244.11911911911912	0.30012593402536863	18168.47489906637	1.4658396422009314e-09
244.3943943943944	0.30039424831116424	18143.346172996786	1.4699120462307271e-09
244.66966966966967	0.300679774528831	18118.252202493284	1.473997439001806e-09
244.94494494494495	0.3008844808344794	18093.192939484794	1.4780945225750413e-09
245.22022022022023	0.3009038881484318	18068.1683359665	1.4822009605406178e-09
245.4954954954955	0.3008765290606902	18043.178344000287	1.4863165967203226e-09
245.77077077077078	0.3009892011926385	18018.222915714778	1.4904436377391962e-09
246.04604604604606	0.30117274296497293	17993.302003304652	1.4945830045522859e-09
246.32132132132134	0.3013173500236468	17968.415559030458	1.4987340712322208e-09
246.5965965965966	0.30138026384774536	17943.563535218662	1.5028958027865984e-09
246.8718718718719	0.3014163274719411	17918.745884261825	1.5070680604316027e-09
247.14714714714717	0.3015974420376969	17893.962558618732	1.5112529061411012e-09
247.42242242242244	0.3018547151111623	17869.21351081376	1.5154511381183933e-09
247.69769769769772	0.30193127562670413	17844.49869343637	1.5196601519753395e-09
247.972972972973	0.3019653047012322	17819.818059141926	1.5238796101886264e-09
248.24824824824825	0.3022257001908349	17795.171560651874	1.5281126697365913e-09
248.52352352352352	0.30246816120498116	17770.55915075251	1.5323587642222813e-09
248.7987987987988	0.302437512027642	17745.980782294824	1.5366141814468505e-09
249.07407407407408	0.30237879304152615	17721.436408195597	1.5408790767790166e-09
249.34934934934935	0.30249589003515576	17696.925981437205	1.5451561989142304e-09
249.62462462462463	0.30273739716446274	17672.44945506694	1.5494471067899617e-09
249.8998998998999	0.303003875694784	17648.0067821968	1.5537517803341702e-09
250.17517517517518	0.30318256136105626	17623.59791600338	1.5580687522701796e-09
250.45045045045046	0.30328924398501805	17599.22280972806	1.5623970533720638e-09
250.72572572572574	0.303414074259763	17574.881416677123	1.5667370814042257e-09
251.00100100100101	0.30353523331433296	17550.573690221365	1.5710888784298286e-09
251.2762762762763	0.3036123532655643	17526.299583796	1.5754519574311358e-09
251.55155155155157	0.3037221322071278	17502.059050900818	1.5798269360974712e-09
251.82682682682685	0.30392455233506344	17477.852045100066	1.584215104763474e-09
252.10210210210212	0.30417366787718153	17453.678520022117	1.5886169050956756e-09
252.3773773773774	0.3044026230091445	17429.53842935932	1.593031819342802e-09
252.65265265265268	0.30454336365232937	17405.43172686792	1.5974585401038654e-09
252.92792792792793	0.30465734157801905	17381.358366368255	1.6018968359759564e-09
253.2032032032032	0.30489727884388	17357.318301744905	1.6063485525490233e-09
253.47847847847848	0.30522411781035047	17333.311486946157	1.6108146616434141e-09
253.75375375375376	0.3055099848775193	17309.33787598367	1.6152942492769749e-09
254.02902902902903	0.3057028384691149	17285.397422932587	1.6197858947094657e-09
254.3043043043043	0.30578762785348107	17261.490081931533	1.6242882626565063e-09
254.5795795795796	0.305787369663149	17237.61580718262	1.6288005945178996e-09
254.85485485485486	0.30579617414886084	17213.77455295154	1.6333235487491038e-09
255.13013013013014	0.3060108253220507	17189.966273567716	1.6378603078880647e-09
255.40540540540542	0.3063875037901814	17166.190923423645	1.642412845031549e-09
255.6806806806807	0.30663684000927544	17142.448456974198	1.6469788413834147e-09
255.95595595595597	0.30675704077809923	17118.738828737216	1.651556419465252e-09
256.2312312312313	0.30691557991464846	17095.061993293868	1.6561463525368287e-09
256.5065065065065	0.3070864411524209	17071.417905288086	1.6607489137047693e-09
256.7817817817818	0.3072084120601834	17047.806519426376	1.6653634943976468e-09
257.0570570570571	0.3073824494697674	17024.227790478144	1.6699909922707038e-09
257.3323323323324	0.30766929237041474	17000.68167327552	1.674632966327185e-09
257.60760760760763	0.3079599904609102	16977.168122712836	1.6792891801620823e-09
257.8828828828829	0.3081685552563562	16953.687093746572	1.6839582701534164e-09
258.15815815815813	0.30827418574368476	16930.23854139548	1.688638864063406e-09
258.43343343343344	0.3083365514392479	16906.822420740642	1.693330691803742e-09
258.70870870870874	0.3084605831340478	16883.43868692558	1.6980349941582418e-09
258.983983983984	0.30860473807795125	16860.087295155725	1.7027521960804413e-09
259.25925925925924	0.30868529755435875	16836.76820069825	1.707481481523269e-09
259.53453453453454	0.30877276852413665	16813.481358882393	1.7122231848546968e-09
259.80980980980985	0.3089332411645292	16790.226725099346	1.716978503485415e-09
260.0850850850851	0.3090944074094528	16767.00425480182	1.7217473928395548e-09
260.36036036036035	0.3092246741748815	16743.813903504055	1.7265293817434365e-09
260.63563563563565	0.3093955574637539	16720.655626781976	1.7313251054821132e-09
260.91091091091096	0.30960199369696695	16697.529380272987	1.7361350095402926e-09
261.1861861861862	0.3097644973067466	16674.435119675632	1.7409583364377593e-09
261.46146146146145	0.30995487070604555	16651.3728007499	1.745795503448468e-09
261.73673673673676	0.3102946779980898	16628.342379317306	1.7506485769227078e-09
262.01201201201206	0.31061437835016237	16605.34381126002	1.755516810268974e-09
262.2872872872873	0.310733386904424	16582.377052520755	1.7603970432545757e-09
262.56256256256256	0.3108196059767648	16559.4420591036	1.765289150509784e-09
262.8378378378378	0.3109972531169833	16536.538787073827	1.7701948140983619e-09
263.1131131131131	0.31114496511870177	16513.667192557146	1.7751136475448196e-09
263.3883883883884	0.3112282132902691	16490.827231739895	1.7800448529076409e-09
263.66366366366367	0.31135411838148985	16468.01886086925	1.7849893403586422e-09
263.9389389389389	0.31153437491808683	16445.242036252963	1.789948013857703e-09
264.2142142142142	0.3117028478186102	16422.496714259025	1.7949206481487361e-09
264.48948948948953	0.3118238362656204	16399.782851315696	1.7999065536081858e-09
264.7647647647648	0.31188898381155716	16377.100403911465	1.8049050645685332e-09
265.04004004004	0.3119430184561926	16354.449328595136	1.8099163062484419e-09
265.31531531531533	0.312049230016366	16331.829581975762	1.814941308835815e-09
265.59059059059064	0.3122788786073877	16309.24112072264	1.8199819463214484e-09
265.8658658658659	0.31259974704098964	16286.683901564904	1.8250392541430134e-09
266.14114114114113	0.3128250623772125	16264.15788129102	1.830111325616268e-09
266.41641641641644	0.31297262873807447	16241.66301674924	1.8351969082685155e-09
266.69169169169174	0.31324235696886754	16219.199264848095	1.8402979589807805e-09
266.966966966967	0.31353225536299634	16196.766582555432	1.845414541409795e-09
267.24224224224224	0.31361102965894394	16174.36492689796	1.850543288695287e-09
267.5175175175175	0.3135653488739413	16151.994254962052	1.8556828060644217e-09
267.7927927927928	0.31356466845171094	16129.654523893923	1.860834505293491e-09
268.0680680680681	0.3136736554755816	16107.34569089924	1.866000483781368e-09
268.34334334334335	0.31385384952870077	16085.06771324277	1.8711818496290102e-09
268.6186186186186	0.3139144160998035	16062.820548247826	1.876376636430026e-09
268.8938938938939	0.31388397733239687	16040.604153296834	1.881583710720871e-09
269.1691691691692	0.31404948153966905	16018.418485831993	1.886806495082131e-09
269.44444444444446	0.31433712638915745	15996.263503354152	1.892046618216706e-09
269.7197197197197	0.3144458145198893	15974.13916342209	1.8973008346682958e-09
269.994994994995	0.31445755442175477	15952.04542365349	1.902567805601485e-09
270.2702702702703	0.31456685821407754	15929.982241725244	1.907849425991912e-09
270.54554554554556	0.3147028831241559	15907.949575372575	1.9131461369124358e-09
270.8208208208208	0.3147754124630107	15885.947382388897	1.918456920791755e-09
271.0960960960961	0.3148202339642669	15863.9756206261	1.923781521096577e-09
271.3713713713714	0.31492915849799585	15842.034247994647	1.9291211498418005e-09
271.6466466466467	0.31523540444749737	15820.123222463613	1.9344788333790263e-09
271.9219219219219	0.31560450177081867	15798.242502059798	1.939854923505197e-09
272.19719719719717	0.31569655301736194	15776.392044867067	1.945244458328068e-09
272.4724724724725	0.31559605010656117	15754.571809027515	1.9506447979565745e-09
272.7477477477478	0.3155802202189859	15732.781752741923	1.9560581450719398e-09
273.02302302302303	0.31564769066958426	15711.021834268917	1.9614862406177184e-09
273.2982982982983	0.3157282485587937	15689.292011924614	1.9669293856400893e-09
273.5735735735736	0.3158321050712414	15667.592244082836	1.972387988605474e-09
273.8488488488489	0.3159741131949758	15645.92248917502	1.9778626173678754e-09
274.12412412412414	0.3161474831825004	15624.28270569009	1.9833536277709236e-09
274.3993993993994	0.31630727105846296	15602.672852174246	1.9888606052681895e-09
274.6746746746747	0.31637768289821394	15581.092887230776	1.994382031579407e-09
274.94994994995	0.3164116988828319	15559.542769520407	1.999917542987387e-09
275.22522522522524	0.3165305371017225	15538.022457761399	2.005468780798253e-09
275.5005005005005	0.31669129162940374	15516.531910728992	2.0110363798318327e-09
275.7757757757758	0.31681100502849097	15495.07108725517	2.016619532812131e-09
276.0510510510511	0.3169283310444646	15473.639946228996	2.022218223342122e-09
276.32632632632635	0.31709263748060884	15452.238446596552	2.027833238398231e-09
276.6016016016016	0.3173071407697367	15430.866547360689	2.0334652663837246e-09
276.87687687687685	0.3175413857283599	15409.524207580898	2.0391143757062044e-09
277.15215215215215	0.3177299875227811	15388.211386373072	2.044779576311479e-09
277.42742742742746	0.31786687947375447	15366.928042909643	2.050459991400802e-09
277.7027027027027	0.31799543544633224	15345.674136419655	2.056155634428283e-09
277.97797797797796	0.3181174117790823	15324.449626188525	2.0618665530271024e-09
278.25325325325326	0.31822584091944717	15303.25447155797	2.0675926800982437e-09
278.52852852852857	0.3183872508693551	15282.088631926166	2.0733350560202547e-09
278.8038038038038	0.31865241020536894	15260.952066747599	2.079095348346065e-09
279.07907907907907	0.31895692742316767	15239.844735532626	2.084873839394485e-09
279.35435435435437	0.31921234274084953	15218.766597847347	2.0906693120516464e-09
279.6296296296297	0.3193304270158227	15197.717613313485	2.0964793570921274e-09
279.9049049049049	0.31936864433664314	15176.697741608798	2.1023030148798085e-09
280.1801801801802	0.319524350442596	15155.706942467456	2.108142790660435e-09
280.4554554554555	0.3197855908382982	15134.745175679262	2.114000487056608e-09
280.7307307307308	0.3200180316230816	15113.81240108922	2.119875317766559e-09
281.00600600600603	0.32023082383224755	15092.908578597919	2.12576682044766e-09
281.2812812812813	0.32045731763001656	15072.033668161484	2.1316751935180646e-09
281.5565565565566	0.32060197490708925	15051.18762979114	2.1375990086143125e-09
281.83183183183183	0.3206470156767444	15030.37042355337	2.14353684229786e-09
282.10710710710714	0.3208073713549252	15009.582009570548	2.1494911768834817e-09
282.3823823823824	0.32112925212191984	14988.822348020403	2.1554647701627923e-09
282.6576576576577	0.3213974964456347	14968.091399135015	2.1614561980738786e-09
282.93293293293294	0.32148540439520107	14947.389123201076	2.1674622018464844e-09
283.20820820820825	0.3213811430906856	14926.715480560124	2.1734800023554384e-09
283.4834834834835	0.32129936594607866	14906.070431609298	2.179511037022172e-09
283.75875875875874	0.321481615015863	14885.45393680127	2.185560559403125e-09
284.03403403403405	0.3217567227531041	14864.865956642885	2.1916298357261082e-09
284.3093093093093	0.3219210474217725	14844.306451694914	2.1977164046890638e-09
284.5845845845846	0.3220237035517268	14823.77538257285	2.2038191640442704e-09
284.85985985985985	0.32213019186021846	14803.27270994689	2.209938372267371e-09
285.13513513513516	0.32226087826149236	14782.798394541664	2.2160745940594862e-09
285.4104104104104	0.322431567524271	14762.352397136208	2.2222285599470963e-09
285.6856856856857	0.3226577365182203	14741.934678563844	2.228401127718539e-09
285.96096096096096	0.3229546207659223	14721.545199712133	2.23459325311212e-09
286.23623623623627	0.3233151192387515	14701.183921522701	2.240805582621061e-09
286.5115115115115	0.32359561637715584	14680.850804990712	2.2470361430046867e-09
286.7867867867868	0.3236867790048741	14660.545811164908	2.253281476744541e-09
287.06206206206207	0.32378245086216434	14640.268901148556	2.2595422378513523e-09
287.3373373373374	0.32402163408018797	14620.020036099204	2.2658213850172358e-09
287.6126126126126	0.3242909551628808	14599.799177227747	2.2721192844546777e-09
287.8878878878879	0.3244798941619315	14579.606285798332	2.278434295225364e-09
288.1631631631632	0.32452944735877454	14559.441323128489	2.2847640888689125e-09
288.4384384384384	0.32450458502218954	14539.304250589455	2.291107975377648e-09
288.71371371371373	0.32454118483673106	14519.195029606384	2.2974678176932937e-09
288.988988988989	0.3245848918720564	14499.113621657589	2.303844135274936e-09
289.2642642642643	0.32453831275059036	14479.059988274328	2.3102356163463035e-09
289.53953953953953	0.32452549666647723	14459.034091041493	2.316643439124665e-09
289.81481481481484	0.3246569671945859	14439.035891597492	2.323070521106962e-09
290.0900900900901	0.3248441811019656	14419.06535163352	2.3295176003947294e-09
290.3653653653654	0.3249831477072643	14399.122432893342	2.3359834070084344e-09
290.64064064064064	0.32500262284018255	14379.207097173425	2.3424656635290827e-09
290.91591591591595	0.32497186540064915	14359.319306323285	2.3489638243744592e-09
291.1911911911912	0.325078147948553	14339.45902224589	2.355480853905782e-09
291.4664664664665	0.32534288067348255	14319.626206896985	2.3620195007423197e-09
291.74174174174175	0.325673323032894	14299.820822284593	2.368580269680894e-09
292.01701701701705	0.3259086781433235	14280.042830468727	2.375160644077151e-09
292.2922922922923	0.3259455032464156	14260.292193561489	2.3817567554273728e-09
292.5675675675676	0.32594982452586346	14240.568873727978	2.3883685901002483e-09
292.84284284284286	0.32604880137099485	14220.87283318609	2.394998477890174e-09
293.1181181181181	0.3261845517024892	14201.204034205752	2.4016472079686955e-09
293.3933933933934	0.32633416685612054	14181.562439109017	2.4083149937136625e-09
293.66866866866866	0.3265371975369452	14161.948010270196	2.4150027464830754e-09
293.94394394394396	0.32675397351161795	14142.360710115478	2.4217104647820567e-09
294.2192192192192	0.32689631649191825	14122.80050112272	2.428436522767856e-09
294.4944944944945	0.326975417514891	14103.267345821698	2.43517985383575e-09
294.76976976976977	0.32704041290414776	14083.761206794205	2.4419405403171934e-09
295.0450450450451	0.3271078742309696	14064.282046673841	2.4487189662364857e-09
295.3203203203203	0.32718134616471883	14044.829828145907	2.45551551124322e-09
295.5955955955956	0.32725383562679244	14025.404513947287	2.462330354210084e-09
295.8708708708709	0.3273253399542903	14006.00606686641	2.469163646787218e-09
296.1461461461462	0.3274095288246619	13986.634449743216	2.476015777411516e-09
296.4214214214214	0.327537237228168	13967.289625469179	2.4828876477964235e-09
296.69669669669673	0.32773925601369913	13947.971556987177	2.489780567172837e-09
296.971971971972	0.32790059597710913	13928.68020729095	2.4966933972718324e-09
297.2472472472473	0.3278767457876718	13909.415539424854	2.5036224960837234e-09
297.52252252252254	0.32781306693883844	13890.177516484917	2.5105677699757563e-09
297.7977977977978	0.327861686703976	13870.966101618764	2.51753206586573e-09
298.0730730730731	0.3278889117644805	13851.781258024504	2.5245150772591593e-09
298.34834834834834	0.3278456154036632	13832.62294895097	2.531515625951229e-09
298.62362362362364	0.32793750159357177	13813.491137698578	2.5385367610974493e-09
298.8988988988989	0.3281887930583536	13794.385787618652	2.545581375872705e-09
299.1741741741742	0.32839775245302966	13775.30686211239	2.5526478584031223e-09
299.44944944944945	0.3285334412480609	13756.254324631505	2.5597343474261427e-09
299.72472472472475	0.328694772779028	13737.228138678647	2.5668413134319923e-09
300.0	0.3289833887043189	13718.228267807337	2.5739711269575576e-09
