0.006738425799691203	5.372682283641426	9145.199669932244	5.8100698503203345	0.00995451457696514
25.0	0.04837209302325582	33212.0	10.0
25.275275275275277	0.04918464630318351	34310.19111173648	9.243501345509841
25.55055055055055	0.049966904185703	35332.215920707895	8.533548552183904
25.825825825825827	0.05063456188317696	36278.95160940923	7.869716108916058
26.1011011011011	0.051348932312762635	37154.95410764645	7.2492365059713695
26.376376376376378	0.05219454996975783	37965.85049598116	6.668652826988624
26.65165165165165	0.05309621045020359	38715.33627324329	6.125727276602703
26.926926926926928	0.05394954022212451	39405.35641572638	5.619329349973773
27.2022022022022	0.05465409903950093	40036.813089357354	5.148988620854969
27.47747747747748	0.055282434318414224	40612.11169062091	4.713276714195571
27.75275275275275	0.05596319308239346	41135.2622032198	4.309740200207856
28.02802802802803	0.05663613905842191	41609.338627391706	3.9365141608243475
28.303303303303302	0.05724818832676482	42036.843778570306	3.5920917272537376
28.57857857857858	0.05794493081216592	42421.55042039475	3.274153706605603
28.853853853853856	0.058782661005213344	42767.25278256069	2.9803606786958157
29.12912912912913	0.05959926973649029	43076.13802145634	2.709389069798728
29.404404404404403	0.06031446468211222	43349.87983613057	2.4602381719239825
29.67967967967968	0.06096469049514673	43590.509701398056	2.2316767383793343
29.954954954954957	0.06163482044996488	43800.51385355974	2.0221806554247883
30.23023023023023	0.062415326754188725	43982.62470987298	1.8300648527428216
30.505505505505504	0.06324553883652294	44139.00302018899	1.6540032080201506
30.78078078078078	0.06403014132447445	44271.27659649089	1.493004902700835
31.056056056056057	0.06477425981737406	44381.07526210421	1.3460750033582138
31.33133133133133	0.06551570715550858	44470.10621931596	1.2121665071740224
31.606606606606608	0.06631079658422295	44540.13533355766	1.090192114189414
31.88188188188188	0.06715986516068989	44592.77225347127	0.979160836759486
32.15715715715716	0.0679869633525474	44629.31832606744	0.8782750320238901
32.432432432432435	0.06875239152108174	44650.94107919453	0.7868199299720183
32.70770770770771	0.06945763331520728	44658.78488282127	0.7040934583124547
32.98298298298298	0.07016065272934396	44654.04867516175	0.6293568339914583
33.25825825825826	0.0709253278719934	44637.9370043186	0.5618656155304579
33.533533533533536	0.07170851438857974	44611.48017525986	0.5009841205050543
33.808808808808806	0.07245928488578818	44575.56927705642	0.44616344400063374
34.08408408408408	0.07319456107304424	44531.06167381515	0.39687458499075556
34.35935935935936	0.07391370392890403	44478.755101693416	0.3526249852562784
34.63463463463464	0.07457020181262143	44419.35375823806	0.3129802082257281
34.90990990990991	0.07518976539515983	44353.54159805997	0.27751746916801573
35.18518518518518	0.07586798416780194	44282.01305951618	0.24580612117425454
35.46046046046046	0.07659916280249698	44205.384616515315	0.21746391017051123
35.73573573573574	0.07731994689633763	44124.177682134105	0.1921679880885889
36.01101101101101	0.07802117911194206	44038.86713356199	0.16962420553347773
36.286286286286284	0.0787173189179405	43949.89498602252	0.14955849312391464
36.56156156156156	0.07943151794839785	43857.67196565789	0.13171591804267282
36.83683683683684	0.080147518977643	43762.56416196878	0.11586923070774845
37.112112112112115	0.08076633129687338	43664.87843927791	0.10182822429714393
37.38738738738739	0.08131629730896277	43564.90929218564	0.08941002705756107
37.66266266266266	0.08198785058813965	43462.96578135951	0.07842198639593952
37.93793793793794	0.08276574520921542	43359.31313415606	0.06869879905548645
38.213213213213216	0.08348373063816429	43254.157823741945	0.06011208073502185
38.488488488488485	0.08413280819595839	43147.68909095561	0.05254405094844325
38.76376376376376	0.08477852540306721	43040.08859881519	0.045881420526808624
39.03903903903904	0.08547167297645501	42931.52442013491	0.040019230099565234
39.314314314314316	0.08623350536729985	42822.14684854431	0.03486353896066115
39.58958958958959	0.08701930276188433	42712.08453690124	0.030333912960170416
39.86486486486486	0.0878003804107791	42601.45017686706	0.026359848701337604
40.14014014014014	0.08858777628635703	42490.34552596664	0.022877602975621802
40.41541541541542	0.08933572083288521	42378.85916046995	0.019831641540510113
40.690690690690694	0.08995553956847553	42267.06721187506	0.017174193548195486
40.965965965965964	0.09052810689136902	42155.04285927778	0.01485923381926926
41.24124124124124	0.09120533251504895	42042.85646861781	0.012842399365928098
41.51651651651652	0.09195183984811708	41930.56761942495	0.011086067225585824
41.791791791791795	0.09268779544816642	41818.22619970491	0.009558676693459164
42.06706706706707	0.09341197544561226	41705.87643016207	0.00823218584786079
42.34234234234234	0.09412309348220337	41593.5574312797	0.0070817206434494115
42.61761761761762	0.09478878121755362	41481.303267533	0.006085555702169541
42.892892892892895	0.09542484888403761	41369.14439187123	0.005224204088143371
43.168168168168165	0.09610183356095138	41257.10843991861	0.004479918274109863
43.44344344344344	0.09677696942014581	41145.21892208191	0.0038375272642981882
43.71871871871872	0.09734503130436913	41033.495507123036	0.0032842815399826172
43.993993993993996	0.09788752465955602	40921.956285796085	0.002808359052787769
44.26926926926927	0.09852388252438297	40810.61772995797	0.002398959439655364
44.54454454454455	0.09916907140056878	40699.49336612691	0.0020471275361377424
44.81981981981982	0.09973823113655823	40588.59448899645	0.0017453045470324576
45.0950950950951	0.10028261513960718	40477.93117885361	0.001486684617614041
45.37037037037037	0.10085566872800109	40367.51228954677	0.0012652246103635118
45.645645645645644	0.1014818183515429	40257.34540577623	0.0010756734203041566
45.92092092092092	0.10216238131310305	40147.436924482645	0.0009135224075321228
46.1961961961962	0.10286918125934406	40037.792168346656	0.0007749352557611306
46.471471471471475	0.10347248497835683	39928.41540797355	0.0006567357236224897
46.74674674674675	0.10385696482194598	39819.31015986423	0.0005562198975221493
47.02202202202202	0.10429966615932057	39710.479823445465	0.00047075224554100887
47.2972972972973	0.10504874370549629	39601.92741056328	0.00039793794019810823
47.572572572572575	0.1058417423541824	39493.65502001048	0.0003359578110382032
47.847847847847845	0.10649319699237017	39385.66420801593	0.00028333429560888844
48.12312312312312	0.10714518303155922	39277.956348017055	0.00023870351223238733
48.3983983983984	0.10783094974878348	39170.53252608062	0.00020088208862345614
48.673673673673676	0.10842580927162326	39063.393501521736	0.000168892738218822
48.94894894894895	0.10891293224855755	38956.539828038105	0.00014188780497964663
49.22422422422423	0.1093623386446729	38849.971905528306	0.00011911667788365225
49.4994994994995	0.10987270371511001	38743.68998875964	9.992054579067506e-05
49.77477477477478	0.11050011894247208	38637.694179959195	8.372599188326654e-05
50.05005005005005	0.11108336467436772	38531.98440431613	7.008956618964359e-05
50.32532532532532	0.11152562757728565	38426.56047582625	5.8631656412766124e-05
50.6006006006006	0.11200745433260277	38321.42215305937	4.900826224057939e-05
50.87587587587588	0.11263182702273192	38216.56912066157	4.092282469862227e-05
51.151151151151154	0.11333618839016893	38112.00097999462	3.4132261663729425e-05
51.42642642642643	0.11408092179030263	38007.71726963748	2.8434059392573968e-05
51.70170170170171	0.11485128487985603	37903.71747940063	2.365744907816122e-05
51.97697697697698	0.11557309597525316	37800.00105570195	1.9660022665937637e-05
52.252252252252255	0.11616306515995539	37696.56741044993	1.6322095403224028e-05
52.527527527527525	0.11665880410798632	37593.41593230703	1.3539567644846274e-05
52.8028028028028	0.1171288618648215	37490.54598920737	1.1222311973857957e-05
53.07807807807808	0.11761788812232409	37387.956929097054	9.293660295499171e-06
53.353353353353356	0.11813922542687509	37285.64808282642	7.68934334030715e-06
53.62862862862863	0.11865977426739073	37183.61876677039	6.356052012781642e-06
53.90390390390391	0.11917638783264517	37081.86828564444	5.249055573815253e-06
54.17917917917918	0.11972274321522461	36980.395935136665	4.330586030746713e-06
54.454454454454456	0.12032052327965932	36879.20100325448	3.568986106935069e-06
54.729729729729726	0.12097647673763169	36778.28277164703	2.937864033512073e-06
55.005005005005	0.12166025383126493	36677.640516677355	2.4153726359662932e-06
55.28028028028028	0.1223221607406377	36577.27351933905	1.9835667562150837e-06
55.55555555555556	0.12289629832296259	36477.1810569746	1.6274520285656733e-06
55.830830830830834	0.12336473442920423	36377.36239828572	1.3342696282195495e-06
56.10610610610611	0.12382272430549912	36277.81681108792	1.0931029960073516e-06
56.38138138138139	0.12429979365282973	36178.54356236809	8.948454748354075e-07
56.65665665665666	0.12472383728703668	36079.54191851758	7.3205431544279e-07
56.931931931931935	0.12515048740647813	35980.81114607329	5.984758561427344e-07
57.20720720720721	0.125724742031892	35882.35051205823	4.888273856642028e-07
57.48248248248248	0.12639020108198445	35784.15928390337	3.9884857830734747e-07
57.75775775775776	0.12700927209690988	35686.23672973402	3.2511761215898915e-07
58.033033033033036	0.1275573862915958	35588.582118768994	2.647935955602395e-07
58.30830830830831	0.12806136520062458	35491.194721500964	2.1549920977794723e-07
58.58358358358358	0.12859449955892888	35394.07380981424	1.7524323620238646e-07
58.85885885885886	0.12915529872363787	35297.21865702748	1.423912141046565e-07
59.134134134134136	0.12961049593853372	35200.62853795129	1.1562637948380333e-07
59.40940940940941	0.12999996378795575	35104.3027290433	9.384740303936632e-08
59.68468468468468	0.1305341278625312	35008.24050848083	7.611907930488778e-08
59.95995995995996	0.1311779970765879	34912.44115612929	6.168993614626766e-08
60.23523523523524	0.1317550362737671	34816.903953581445	4.9964131301110586e-08
60.510510510510514	0.1322147192907081	34721.628184229645	4.045211679824269e-08
60.78578578578579	0.1325866930064492	34626.61313329848	3.2746545562768114e-08
61.06106106106106	0.13301006878801047	34531.85808786529	2.6506083769180782e-08
61.33633633633634	0.13357115495868277	34437.36233686183	2.1451051647197392e-08
61.611611611611615	0.13419428553900384	34343.12517107716	1.7358459200166352e-08
61.88688688688689	0.13479388752201388	34249.14588317248	1.4049124196614302e-08
62.16216216216216	0.1353028819958973	34155.42376769188	1.1377534257885097e-08
62.43743743743744	0.13573296327908446	34061.958121069765	9.22384215278525e-09
62.712712712712715	0.13615664193387644	33968.74824163325	7.489055524105412e-09
62.98798798798799	0.1366409515591261	33875.79342960149	6.092206559843245e-09
63.26326326326326	0.1372077107146516	33783.09298708426	4.96785058329421e-09
63.53853853853854	0.1376885687226233	33690.64621807951	4.064291608416631e-09
63.813813813813816	0.137984719590178	33598.45242847418	3.3397263871853966e-09
64.0890890890891	0.1383228597532545	33506.51092604459	2.758917988559917e-09
64.36436436436436	0.13885586349551357	33414.82102045138	2.2931104164455432e-09
64.63963963963964	0.13953263633344085	33323.3820232347	1.919615689821879e-09
64.91491491491492	0.1402535069481903	33232.19324781121	1.6204943435897068e-09
65.1901901901902	0.14089636569943592	33141.25400947052	1.381448349435943e-09
65.46546546546547	0.14141796169452164	33050.5636253717	1.1908696542468378e-09
65.74074074074073	0.14183480599139697	32960.12141453909	1.0392704094629956e-09
66.01601601601601	0.14223030608148926	32869.926697857954	9.188850194330899e-10
66.29129129129129	0.14268084087065205	32779.97879806969	8.23424711964208e-10
66.56656656656656	0.14315865651837642	32690.277039766952	7.478829138831916e-10
66.84184184184184	0.14363321080154487	32600.820749389088	6.882644508269724e-10
67.11711711711712	0.14411247083406734	32511.609255217332	6.413629115058986e-10
67.3923923923924	0.14462768181597835	32422.64188737018	6.046034753194657e-10
67.66766766766767	0.14522303940251857	32333.917977798494	5.759227293647664e-10
67.94294294294295	0.14580134044823345	32245.436860280446	5.536924050369267e-10
68.21821821821823	0.14619305454788312	32157.19787041657	5.366244791083807e-10
68.4934934934935	0.1464907011334258	32069.200345625304	5.236667861602559e-10
68.76876876876878	0.14686260177395857	31981.44362513808	5.139658416300159e-10
69.04404404404404	0.1472834626174702	31893.927049994236	5.068485111904426e-10
69.31931931931932	0.14771709441978625	31806.649963036067	5.01782705619154e-10
69.5945945945946	0.14822820556803537	31719.611708904136	4.98344362666237e-10
69.86986986986987	0.1487755809714013	31632.811634032143	4.96198839147319e-10
70.14514514514515	0.14914804556783803	31546.24908664193	4.950820930382422e-10
70.42042042042041	0.14939629129322177	31459.923416738922	4.947814637594986e-10
70.69569569569569	0.1497982426278246	31373.833976107482	4.95127679252259e-10
70.97097097097097	0.15033539760643638	31287.980118305775	4.959884314274005e-10
71.24624624624624	0.15084194080874044	31202.36119866071	4.97258749744981e-10
71.52152152152152	0.15130460341079496	31116.97657426324	4.988551153061654e-10
71.7967967967968	0.15175141501345693	31031.82560396371	5.00711529479802e-10
72.07207207207207	0.15217385628810184	30946.90764836689	5.02775683923257e-10
72.34734734734735	0.15256463967128195	30862.222069827258	5.050061332905251e-10
72.62262262262263	0.15293364776683135	30777.76823244417	5.073702797914644e-10
72.8978978978979	0.1533296466985744	30693.54550205723	5.098431344652546e-10
73.17317317317318	0.1538314621423781	30609.553246241463	5.124062659575297e-10
73.44844844844846	0.15434993739262415	30525.79083430244	5.150439408595122e-10
73.72372372372374	0.15471739657767802	30442.25763727139	5.177411860759545e-10
73.998998998999	0.1550681982034057	30358.953027900898	5.204882695428566e-10
74.27427427427428	0.15557814150009666	30275.87638066022	5.232803869349463e-10
74.54954954954955	0.15605888427033426	30193.02707173016	5.261108053363599e-10
74.82482482482483	0.15637206952525973	30110.404478998382	5.289719881161927e-10
75.1001001001001	0.15671162782618914	30028.007982055256	5.318611977129231e-10
75.37537537537537	0.15714698394556542	29945.836962188972	5.347774706372786e-10
75.65065065065065	0.15751099247934705	29863.890802380607	5.377173073919046e-10
75.92592592592592	0.15781696113611124	29782.168887299737	5.406782048559211e-10
76.2012012012012	0.15822962569893448	29700.670603300016	5.436609914341556e-10
76.47647647647648	0.15868881688638195	29619.395338414266	5.466653299917357e-10
76.75175175175175	0.15904715280817994	29538.342482349744	5.496884841643844e-10
77.02702702702703	0.15935310535460379	29457.511426483838	5.527291581813565e-10
77.30230230230231	0.15968916755830115	29376.901563859585	5.557877676428454e-10
77.57757757757759	0.16004969919802237	29296.51228918092	5.588645626535216e-10
77.85285285285286	0.1604211328430405	29216.34299880819	5.619595274361967e-10
78.12812812812814	0.16080422013647522	29136.393090753594	5.650726845846443e-10
78.40340340340342	0.16117998868697977	29056.661964676627	5.682037456486973e-10
78.67867867867868	0.16151351100463923	28977.149021879606	5.713519020539564e-10
78.95395395395396	0.1618596160214413	28897.853665303228	5.745174997598561e-10
79.22922922922923	0.16230916218687694	28818.775299522218	5.777024152691202e-10
79.50450450450451	0.1627846167399872	28739.913330740575	5.809067725222364e-10
79.77977977977977	0.16317506301137394	28661.267166787045	5.841287435830864e-10
80.05505505505505	0.16350604150676076	28582.836217110904	5.873673823749081e-10
80.33033033033033	0.1638213348180233	28504.61989277753	5.906227500175623e-10
80.6056056056056	0.16413328864476845	28426.617606463955	5.938951340623506e-10
80.88088088088088	0.16447030205349114	28348.82877245448	5.971852836039221e-10
81.15615615615616	0.16488420848882596	28271.252806636287	6.004947250463649e-10
81.43143143143143	0.16535712820043516	28193.889126494953	6.038243437596717e-10
81.70670670670671	0.16581260556835248	28116.73715111003	6.071734777733211e-10
81.98198198198199	0.16618581146146186	28039.79630115064	6.105404745181976e-10
82.25725725725727	0.16644371383660947	27963.065998871225	6.139234864798e-10
82.53253253253254	0.16667440354586605	27886.54566810734	6.173227020910185e-10
82.80780780780782	0.16695769304198838	27810.23473427137	6.207397354977493e-10
83.0830830830831	0.16724709866257856	27734.132624347963	6.24175008675455e-10
83.35835835835836	0.1675330338294691	27658.238766889852	6.276286953792526e-10
83.63363363363364	0.16790049515907096	27582.552592013657	6.311025114077486e-10
83.90890890890891	0.16831739647899657	27507.073531395472	6.34597214522301e-10
84.18418418418419	0.168637545521497	27431.801018266342	6.381107170166985e-10
84.45945945945945	0.16890999558917374	27356.7344874084	6.416423448975913e-10
84.73473473473473	0.1692840386717355	27281.873375150713	6.451943763202736e-10
85.01001001001	0.16973066896605105	27207.217119364832	6.487680481900057e-10
85.28528528528528	0.1701674782740924	27132.765159460425	6.523627970438913e-10
85.56056056056056	0.1705700952052886	27058.516936381187	6.559777601780912e-10
85.83583583583584	0.17092195675071994	26984.471892600664	6.596119910584337e-10
86.11111111111111	0.17119774001310947	26910.629472118024	6.632643125056946e-10
86.38638638638639	0.17145814831612274	26836.989120454055	6.66934995513982e-10
86.66166166166167	0.17186079678259217	26763.550284647135	6.706272642076316e-10
86.93693693693695	0.17232541971290743	26690.312413248714	6.743420853947657e-10
87.21221221221222	0.17261713372739704	26617.27495631888	6.78075739667684e-10
87.4874874874875	0.1728256631469962	26544.437365422807	6.818271293551461e-10
87.76276276276278	0.17313887412506648	26471.799093626778	6.85599052089097e-10
88.03803803803804	0.17346039858370144	26399.359595493603	6.893918124275996e-10
88.31331331331332	0.1737066613183857	26327.118327078555	6.93204051812263e-10
88.58858858858859	0.1740430438318069	26255.074745925707	6.970379733106233e-10
88.86386386386387	0.1745110654203806	26183.228311063656	7.008960965540215e-10
89.13913913913915	0.1748969810336582	26111.57848300099	7.047761910414546e-10
89.41441441441442	0.17516117912230886	26040.124723722558	7.086758093701863e-10
89.68968968968969	0.17544455630659253	25968.866496685754	7.125958897245599e-10
89.96496496496496	0.1757406107409735	25897.803266816212	7.165370448806153e-10
90.24024024024024	0.1759824407241026	25826.934500503685	7.204984421560398e-10
90.51551551551552	0.1763027444570376	25756.2596655984	7.244821166865002e-10
90.7907907907908	0.1768167104810364	25685.778231407054	7.284919468146399e-10
91.06606606606607	0.17733390206823207	25615.489668688224	7.325270946602178e-10
91.34134134134135	0.17771710424139991	25545.393449648545	7.365841985826906e-10
91.61661661661662	0.1780624773386256	25475.489047939107	7.406626798401225e-10
91.8918918918919	0.1784244680661903	25405.7759386515	7.447632305876975e-10
92.16716716716716	0.1787779043186267	25336.25359831368	7.488858942912313e-10
92.44244244244244	0.1791716248220637	25266.921504886162	7.530317279702741e-10
92.71771771771772	0.1796827909159061	25197.779137758225	7.572031370369705e-10
92.992992992993	0.18015051522971867	25128.825977743458	7.613986775657985e-10
93.26826826826827	0.18039776061517607	25060.06150707592	7.656136580767441e-10
93.54354354354355	0.18065226450229566	24991.48520940695	7.698492582267545e-10
93.81881881881883	0.18110991361991075	24923.096569801273	7.741104440050295e-10
94.0940940940941	0.18161319287525235	24854.895074732452	7.7839772737798e-10
94.36936936936937	0.18203475748687778	24786.880212079086	7.827088803748594e-10
94.64464464464464	0.1823758942935527	24719.051471121165	7.870422868733946e-10
94.91991991991992	0.18264527403778907	24651.408342536335	7.913969446863339e-10
95.1951951951952	0.18285241953070103	24583.950318396008	7.957723297126976e-10
95.47047047047047	0.1830466805884296	24516.67689216165	8.001691148961725e-10
95.74574574574575	0.18329457101735705	24449.587558681033	8.045892407954456e-10
96.02102102102103	0.18363061656414567	24382.681814184336	8.090349313051007e-10
96.2962962962963	0.1840360949158711	24315.9591562803	8.135074946655016e-10
96.57157157157158	0.18435917995899517	24249.419083952147	8.180047047608985e-10
96.84684684684684	0.18455305497059532	24183.06109755406	8.22523921103353e-10
97.12212212212212	0.18481416882630997	24116.88469880791	8.270674232188157e-10
97.3973973973974	0.1851967640098953	24050.889390799224	8.316381270246268e-10
97.67267267267268	0.1855661993855705	23985.07467797308	8.362353354172091e-10
97.94794794794795	0.1858831818345262	23919.440066130574	8.408577080819044e-10
98.22322322322323	0.1861811181211671	23853.985062425236	8.45505007195739e-10
98.4984984984985	0.18647020926284807	23788.709175359323	8.501773135435966e-10
98.77377377377378	0.18675060657471707	23723.611914780082	8.548747259585388e-10
99.04904904904905	0.1870255053739963	23658.69279187608	8.595974241181574e-10
99.32432432432432	0.18730087454314912	23593.95131917354	8.643457101239252e-10
99.5995995995996	0.18758703027420462	23529.38701053269	8.691200752656414e-10
99.87487487487488	0.18787646077777373	23464.99938114407	8.739207554724756e-10
100.15015015015015	0.18813783841579917	23400.78794752485	8.787472616150084e-10
100.42542542542543	0.18838997550398126	23336.752227515302	8.835996886256214e-10
100.70070070070071	0.18868826554028484	23272.891740275274	8.884793956297679e-10
100.97597597597598	0.18899839683365122	23209.20600628035	8.933866565244133e-10
101.25125125125126	0.18925443457882532	23145.694547318202	8.98320213535947e-10
101.52652652652652	0.18948443817324706	23082.356886485213	9.032798085064996e-10
101.8018018018018	0.18973338146464866	23019.192548182902	9.082663177608047e-10
102.07707707707708	0.1900048435553816	22956.201058114304	9.132805141906745e-10
102.35235235235236	0.19027716481329826	22893.38194328032	9.183225115907816e-10
102.62762762762763	0.1905005059030332	22830.73473197612	9.233912771353498e-10
102.90290290290291	0.19070945882144755	22768.258953787772	9.284868871191372e-10
103.17817817817819	0.19102369203265795	22705.95413958894	9.336122374559565e-10
103.45345345345346	0.19142625172807856	22643.819821537	9.387691245970274e-10
103.72872872872873	0.19181798148402104	22581.855533069385	9.43956589076153e-10
104.004004004004	0.1921914959281287	22520.060808900245	9.491737889695123e-10
104.27927927927928	0.19256610158651194	22458.435185017075	9.544206023019745e-10
104.55455455455456	0.19291623798967472	22396.97819867706	9.596963726543672e-10
104.82982982982983	0.1932142809380229	22335.68938840363	9.649999960571e-10
105.10510510510511	0.19345310242001496	22274.568293983048	9.7033052552281e-10
105.38038038038039	0.19366988074533326	22213.614456461033	9.756881947400977e-10
105.65565565565566	0.19395076452516047	22152.827418139477	9.810752981146118e-10
105.93093093093094	0.19425189247607244	22092.206722572657	9.864925089594878e-10
106.2062062062062	0.19443868107470874	22031.75191456357	9.91937088334686e-10
106.48148148148148	0.1945676048494858	21971.462540161043	9.974084333213177e-10
106.75675675675676	0.1947645844788576	21911.33814665644	1.0029092288036353e-09
107.03203203203203	0.19500460735918373	21851.378282579924	1.0084408824421605e-09
107.30730730730731	0.1952438876421753	21791.58249769701	1.0140033939070224e-09
107.58258258258259	0.19551617233819682	21731.95034300536	1.0195976485708906e-09
107.85785785785787	0.19581455142056306	21672.481370731355	1.0252241743140346e-09
108.13313313313314	0.1960441370712667	21613.175134326444	1.0308810277804086e-09
108.4084084084084	0.1962071215378857	21554.031188464083	1.0365668762333566e-09
108.68368368368368	0.19641025724684857	21495.049089036645	1.0422834791657048e-09
108.95895895895896	0.19669497516301368	21436.228393151934	1.048033229959342e-09
109.23423423423424	0.19705170307918435	21377.568659129705	1.053817696716953e-09
109.50950950950951	0.1974349643805423	21319.069446498277	1.0596369210394846e-09
109.78478478478479	0.19780671378346096	21260.730315991215	1.0654900077985376e-09
110.06006006006007	0.19820465391236566	21202.550829544267	1.0713773230150656e-09
110.33533533533534	0.19864742921085465	21144.530550292	1.0772996686626243e-09
110.61061061061062	0.19907757760739309	21086.669042564296	1.0832561917030375e-09
110.88588588588588	0.19945203731107775	21028.965871883178	1.0892451965434375e-09
111.16116116116116	0.19975980043445296	20971.420604959574	1.0952652040780761e-09
111.43643643643644	0.20000429468111094	20914.03280969011	1.1013152690732501e-09
111.71171171171171	0.20020551510657514	20856.802055153952	1.1073952705486806e-09
111.98698698698699	0.20043832594048047	20799.72791160968	1.1135071415407106e-09
112.26226226226227	0.20076160282872357	20742.809950492036	1.1196539044403464e-09
112.53753753753755	0.20103792861846795	20686.04774440818	1.125834159479513e-09
112.81281281281282	0.2011810240001598	20629.440867134577	1.132044626110061e-09
113.08808808808809	0.20139062448354506	20572.98889361463	1.1382883152568595e-09
113.36336336336336	0.20177387170119787	20516.69139995523	1.1445703649131272e-09
113.63863863863864	0.20221357690862163	20460.547963422934	1.1508914114608066e-09
113.91391391391392	0.20259319680016855	20404.558162440782	1.1572488113309104e-09
114.1891891891892	0.20282852596303258	20348.72157658522	1.163638398310533e-09
114.46446446446447	0.20296106188386145	20293.037786583303	1.1700583227091707e-09
114.73973973973975	0.20310775982671442	20237.506374309774	1.1765104936545156e-09
115.01501501501502	0.20338225878662647	20182.126922783933	1.1829994838905385e-09
115.2902902902903	0.2038263348630889	20126.899016166284	1.1895298375431568e-09
115.56556556556556	0.20424399444944918	20071.822239754718	1.1960994706131877e-09
115.84084084084084	0.20451791236743205	20016.896179981588	1.2027036532808669e-09
116.11611611611612	0.20478733050735012	19962.120424411412	1.2093429072734857e-09
116.3913913913914	0.2051228351820007	19907.494561737563	1.2160196502687611e-09
116.66666666666667	0.20547483514149184	19853.018181778807	1.222734293055065e-09
116.94194194194195	0.20581662442828955	19798.690875476306	1.2294864349662074e-09
117.21721721721723	0.20613321588344782	19744.51223489058	1.2362754172831624e-09
117.4924924924925	0.2063234967233731	19690.481853198155	1.243097931900568e-09
117.76776776776778	0.20631847240249754	19636.59932468862	1.2499496525783616e-09
118.04304304304304	0.20636194396412055	19582.864244762553	1.2568344992668079e-09
118.31831831831832	0.20664670654739278	19529.276209928343	1.2637609354029115e-09
118.5935935935936	0.20702384311901292	19475.83481779808	1.2707308334579326e-09
118.86886886886887	0.20738528278558846	19422.53966708468	1.2777424657485357e-09
119.14414414414415	0.20776399327383363	19369.390357599255	1.2847956151035073e-09
119.41941941941943	0.20815581167134414	19316.38649024806	1.291890067641254e-09
119.6946946946947	0.20851352113957716	19263.527667029317	1.2990243402936136e-09
119.96996996996998	0.20882008991800063	19210.813491030323	1.3061969214239646e-09
120.24524524524524	0.20908370667080442	19158.243566424575	1.3134070243694669e-09
120.52052052052052	0.2093501606892742	19105.81749846889	1.3206555062281388e-09
120.7957957957958	0.2096666342880336	19053.534893500473	1.3279444569589345e-09
121.07107107107107	0.21004305119701946	19001.395358933823	1.3352757432041751e-09
121.34634634634635	0.21044141636292837	18949.398503257642	1.3426496279185788e-09
121.62162162162163	0.21075079528984683	18897.543936031652	1.3500630066223732e-09
121.8968968968969	0.21097650683892022	18845.831267883997	1.3575138724752254e-09
122.17217217217218	0.21125868881617246	18794.260110508854	1.3650051188997875e-09
122.44744744744746	0.2116029762851192	18742.83007666301	1.3725390590349353e-09
122.72272272272272	0.21192332271089745	18691.540780162675	1.3801147737163544e-09
122.997997997998	0.2122105942696813	18640.39183588081	1.387731387738711e-09
123.27327327327328	0.2124899118997723	18589.38285974437	1.3953891165768593e-09
123.54854854854855	0.21278509553450511	18538.513468731424	1.40308892039043e-09
123.82382382382383	0.2130990662940306	18487.783280868207	1.4108316447107953e-09
124.0990990990991	0.21338669976697003	18437.191915226053	1.4186165478308631e-09
124.37437437437438	0.21364340671530077	18386.738991918708	1.4264430210752727e-09
124.64964964964966	0.21392732885884524	18336.424132099695	1.4343125321849772e-09
124.92492492492492	0.21418644062387743	18286.246957959076	1.4422245475254325e-09
125.2002002002002	0.21429498009686598	18236.207092720317	1.4501747436889515e-09
125.47547547547548	0.21439945970250232	18186.304160638476	1.4581647730449807e-09
125.75075075075075	0.21471456628660768	18136.537786997644	1.466202777876979e-09
126.02602602602603	0.21502243263178847	18086.907598106525	1.4742876229458175e-09
126.30130130130131	0.21511631770794393	18037.413221295683	1.4824118699616146e-09
126.57657657657658	0.21524795860185073	17988.054284916405	1.4905784623958453e-09
126.85185185185186	0.2155381279621754	17938.830418337475	1.4987935178588694e-09
127.12712712712714	0.21572686768130095	17889.74125194094	1.5070529419897138e-09
127.4024024024024	0.21580642458774815	17840.786417120275	1.5153536263001458e-09
127.67767767767768	0.21606859765526346	17791.965546278763	1.5237030888574036e-09
127.95295295295296	0.2165173129845333	17743.278272825642	1.5321069052529179e-09
128.22822822822823	0.2169664555212985	17694.724231172655	1.5405629174174785e-09
128.5035035035035	0.21734651344099204	17646.303056731686	1.5490673426533663e-09
128.7787787787788	0.2176584673760177	17598.01438591232	1.5576176043583089e-09
129.05405405405406	0.21798279278932284	17549.85785611944	1.5662146668856435e-09
129.32932932932934	0.21834790583587083	17501.833105750273	1.5748602546116932e-09
129.60460460460462	0.21862500838404106	17453.93977419108	1.5835512830641567e-09
129.87987987987987	0.2188096682394269	17406.177501814927	1.5922854853971953e-09
130.15515515515517	0.21908256329773426	17358.54592997971	1.6010675228076289e-09
130.43043043043042	0.21937360728978422	17311.044701024504	1.6098983608163414e-09
130.70570570570572	0.21943675777179153	17263.673458266097	1.618770245709139e-09
130.98098098098097	0.21944639115032483	17216.43184599808	1.6276837985290672e-09
131.25625625625628	0.21969867236899326	17169.319509488603	1.6366498605662342e-09
131.53153153153153	0.21999943409196143	17122.33609497583	1.6456693953913642e-09
131.80680680680683	0.2201315160219113	17075.481249665052	1.6547355230416636e-09
132.08208208208208	0.22024167826580385	17028.75462172761	1.6638486370459312e-09
132.35735735735736	0.22043057794914633	16982.155860298026	1.6730126680012896e-09
132.63263263263264	0.22061324791422696	16935.68461547065	1.6822274472527342e-09
132.9079079079079	0.22076077128030727	16889.340538297223	1.6914919001979242e-09
133.1831831831832	0.2209217198540249	16843.123280784584	1.7008070971071363e-09
133.45845845845847	0.22114179533169756	16797.03249589207	1.7101755339288557e-09
133.73373373373374	0.221454957739548	16751.067837528833	1.7196003027363414e-09
134.00900900900902	0.22184766590385574	16705.228960551078	1.7290831921536286e-09
134.2842842842843	0.22228286233724187	16659.515520759345	1.7386242050732549e-09
134.55955955955955	0.22270539937212105	16613.927174895834	1.7482214101863318e-09
134.83483483483485	0.22308230295083584	16568.463580641917	1.757872321886077e-09
135.1101101101101	0.2234346768924789	16523.124396615858	1.7675760628804814e-09
135.3853853853854	0.2237140742716934	16477.90928236983	1.7773302996152196e-09
135.66066066066065	0.22378862106180852	16432.817898387115	1.7871285426358542e-09
135.93593593593596	0.22377968246605498	16387.849906080577	1.7969708411952405e-09
136.2112112112112	0.2239747368414494	16343.004967790961	1.8068681267508184e-09
136.4864864864865	0.22431577025494914	16298.282746782732	1.8168259878069698e-09
136.76176176176176	0.22458715120765166	16253.682907240896	1.8268402573497909e-09
137.03703703703704	0.22464138152676116	16209.205114268718	1.8369024630718799e-09
137.31231231231232	0.22449062366413414	16164.849033885961	1.8470071782953754e-09
137.5875875875876	0.2245175544334155	16120.614333028092	1.8571653916129696e-09
137.86286286286287	0.2248438532509352	16076.500679542602	1.867389644183803e-09
138.13813813813815	0.22508471440327743	16032.507742184127	1.877673887497916e-09
138.41341341341342	0.22516226711562098	15988.635190613391	1.888010924258438e-09
138.6886886886887	0.22532751657759584	15944.882695396276	1.8984056529741293e-09
138.96396396396398	0.22558800906399062	15901.249928000227	1.908861911392136e-09
139.23923923923923	0.22581569612532137	15857.736560791085	1.919377419055272e-09
139.51451451451453	0.22601757458306176	15814.342267031298	1.9299509556166157e-09
139.78978978978978	0.22623018545252022	15771.066720877652	1.9405832258794883e-09
140.06506506506508	0.22641874218058575	15727.90959737839	1.95127342268117e-09
140.34034034034033	0.22659285640279828	15684.870572471063	1.9620214641838594e-09
140.61561561561564	0.2268785476963954	15641.949322980623	1.9728325055767517e-09
140.8908908908909	0.22727678727598777	15599.145526616445	1.9837103078041427e-09
141.1661661661662	0.22762554058973586	15556.458861969026	1.9946509863076026e-09
141.44144144144144	0.22788441443786533	15513.889008508217	2.0056502729606843e-09
141.71671671671672	0.22811274856245115	15471.435646581274	2.0167077317836543e-09
141.991991991992	0.22836394251644954	15429.098457410473	2.027825366284358e-09
142.26726726726727	0.22867464724181177	15386.8771230906	2.039006201074286e-09
142.54254254254255	0.22902555074436587	15344.771326586328	2.0502516483355126e-09
142.81781781781783	0.22937284293042756	15302.78075172965	2.0615609664187696e-09
143.0930930930931	0.22965047664167804	15260.905083217434	2.0729309663165083e-09
143.36836836836838	0.22985958678051177	15219.144006609362	2.0843595760337684e-09
143.64364364364366	0.2301042670979027	15177.497208326135	2.0958498671772333e-09
143.9189189189189	0.23038453985977506	15135.96437564658	2.1074040817329384e-09
144.1941941941942	0.23060501434693267	15094.545196704756	2.119019804304421e-09
144.46946946946946	0.23078314793223317	15053.239360488269	2.1306962064888015e-09
144.74474474474476	0.23098870738474436	15012.046556836161	2.142435823142258e-09
145.02002002002	0.2312043600577721	14970.966476436168	2.1542397706441406e-09
145.29529529529532	0.231397310280082	14929.998810822248	2.1661075047392644e-09
145.57057057057057	0.23158306259291822	14889.143252372613	2.1780394320291508e-09
145.84584584584587	0.23175718442166804	14848.399494307203	2.1900357471706112e-09
146.12112112112112	0.23186185939828707	14807.767230685187	2.202094138313904e-09
146.3963963963964	0.23193521010600407	14767.24615640313	2.2142147877391003e-09
146.67167167167167	0.23212331564771885	14726.83596719334	2.2264044332817954e-09
146.94694694694695	0.23241920805662925	14686.53635962072	2.2386675661127774e-09
147.22222222222223	0.23271507978664605	14646.347031079944	2.2510025883084826e-09
147.4974974974975	0.2330071963119629	14606.267679793726	2.2634083513445143e-09
147.77277277277278	0.23331952810619647	14566.29800481075	2.2758852715905566e-09
148.04804804804806	0.2335977206460583	14526.437706002942	2.288431285664715e-09
148.32332332332334	0.23379842873616144	14486.68648406328	2.3010431006664622e-09
148.59859859859858	0.23395288271482984	14447.044040503963	2.3137199810403013e-09
148.8738738738739	0.23409124657015246	14407.510077654173	2.3264629139444755e-09
149.14914914914914	0.2342249965162767	14368.084298657763	2.339273220439067e-09
149.42442442442444	0.23434110575974187	14328.766407470815	2.352151317170121e-09
149.6996996996997	0.23441691120024039	14289.556108859453	2.3650965410932184e-09
149.974974974975	0.23453399577832273	14250.453108398144	2.3781123780939393e-09
150.25025025025025	0.23479507224132107	14211.457112467715	2.3912062170281197e-09
150.52552552552555	0.235110532826739	14172.56782825195	2.4043790587766366e-09
150.8008008008008	0.23537353930580296	14133.784963735283	2.4176266449837557e-09
151.07607607607608	0.23561666435956516	14095.108227701428	2.4309477276750805e-09
151.35135135135135	0.235882362495411	14056.537329731289	2.4443436160143335e-09
151.62662662662663	0.23618216995259256	14018.071980200582	2.4578159018018285e-09
151.9019019019019	0.23649425129126256	13979.71189027744	2.4713647584046285e-09
152.17717717717719	0.2367660242816533	13941.456771920068	2.4849878789817078e-09
152.45245245245246	0.2369787862199448	13903.306337874776	2.498682888687417e-09
152.72772772772774	0.23714575641639277	13865.260301674014	2.5124489224220263e-09
153.00300300300302	0.23733133397683337	13827.318377634561	2.5262886787235994e-09
153.2782782782783	0.2375760576630764	13789.480280855241	2.5402061486515242e-09
153.55355355355357	0.23774716916672223	13751.745727213662	2.5541976047199168e-09
153.82882882882885	0.23777549968900016	13714.114433364473	2.568257145896003e-09
154.10410410410412	0.23782809231440888	13676.586116738772	2.5823892059266965e-09
154.37937937937937	0.23796562918414826	13639.16049554132	2.596600014771164e-09
154.65465465465465	0.238066224063067	13601.837288747207	2.6108878107521597e-09
154.92992992992993	0.2381535963657489	13564.616216100701	2.625252722375455e-09
155.2052052052052	0.23835998195908617	13527.496998113882	2.6397017487788503e-09
155.48048048048048	0.23858113045628804	13490.479356062959	2.6542344907387813e-09
155.75575575575576	0.23866274005298133	13453.56301198586	2.6688428416490506e-09
156.03103103103103	0.23882305562542253	13416.747688682577	2.68353270305582e-09
156.3063063063063	0.23921891628542788	13380.033109712758	2.698316468975269e-09
156.5815815815816	0.23950434398041012	13343.418999390204	2.7131846750273153e-09
156.85685685685687	0.23952900003829353	13306.905082782088	2.7281230588904616e-09
157.13213213213214	0.239620495853602	13270.491085710148	2.7431392855615573e-09
157.40740740740742	0.23987337743332524	13234.176734747076	2.7582437686258506e-09
157.6826826826827	0.24009969272957343	13197.961757212537	2.773433767771483e-09
157.95795795795797	0.24025721273387313	13161.84588117208	2.788705291603486e-09
158.23323323323325	0.24041218146702567	13125.82883543584	2.8040593177656836e-09
158.50850850850853	0.24066133418974256	13089.910349556767	2.8195019000356348e-09
158.7837837837838	0.24104375474039363	13054.090153828189	2.8350394730091363e-09
159.05905905905905	0.24134810511009153	13018.36797927998	2.8506650661578877e-09
159.33433433433433	0.24145001343803565	12982.743557677148	2.8663672469566402e-09
159.6096096096096	0.2415312409089604	12947.216621520016	2.8821483426107926e-09
159.88488488488488	0.2417028504815235	12911.78690404173	2.8980162187450206e-09
160.16016016016016	0.2419316890324765	12876.45413920522	2.9139745586132496e-09
160.43543543543544	0.242176904443963	12841.218061701127	2.930023760037055e-09
160.7107107107107	0.24240320518062658	12806.078406945855	2.946162278346755e-09
160.985985985986	0.24260785815125127	12771.034911079825	2.962389064719807e-09
161.26126126126127	0.24281725510749827	12736.087310965697	2.9787050543407895e-09
161.53653653653654	0.24311875713891629	12701.23534418687	2.9951160155021987e-09
161.81181181181182	0.24354204838976123	12666.478749045098	3.011627751949077e-09
162.0870870870871	0.2439145934385687	12631.817264556958	3.028234502921659e-09
162.36236236236238	0.24413641502785915	12597.250630452445	3.044926763157793e-09
162.63763763763765	0.24428029952340757	12562.778587174327	3.061702425876699e-09
162.91291291291293	0.2444302318351013	12528.400875876281	3.07856507242935e-09
163.1881881881882	0.24465748690974823	12494.11723842088	3.0955214431663505e-09
163.46346346346348	0.2449446110040098	12459.927417376968	3.112575265477221e-09
163.73873873873873	0.245224519174809	12425.83115601733	3.129725301576407e-09
164.014014014014	0.24545890917254728	12391.828198316975	3.1469686209759176e-09
164.2892892892893	0.24562749318915528	12357.918288951363	3.1643021943276013e-09
164.56456456456456	0.24573448373630016	12324.101173294683	3.1817243693299658e-09
164.83983983983984	0.2458201282781866	12290.376597418212	3.1992365803387965e-09
165.11511511511512	0.2459846988143625	12256.744308088919	3.216845988689599e-09
165.3903903903904	0.2462501175879613	12223.20405276693	3.2345589577305237e-09
165.66566566566567	0.24653527098195718	12189.755579602805	3.2523750702212076e-09
165.94094094094095	0.24680224353615265	12156.398637435981	3.270291922213825e-09
166.21621621621622	0.24704847252863998	12123.132975793182	3.288307913379201e-09
166.4914914914915	0.24725062845294657	12089.958344886343	3.3064207021517363e-09
166.76676676676678	0.24738635540863968	12056.87449561075	3.3246274899095396e-09
167.04204204204206	0.24748206832419278	12023.881179543585	3.3429281813429797e-09
167.31731731731733	0.24758622117873033	11990.978148942237	3.3613258921608233e-09
167.5925925925926	0.24776809129237112	11958.165156742638	3.3798272453147306e-09
167.8678678678679	0.24802711481245623	11925.441956556815	3.3984368792956e-09
168.14314314314316	0.24825425767665096	11892.808302670128	3.41715123154035e-09
168.4184184184184	0.24841991344735598	11860.26395004006	3.435966202880488e-09
168.6936936936937	0.24857692388455987	11827.808654295097	3.4548825783838862e-09
168.96896896896897	0.2487606413117526	11795.442171732771	3.473903337605579e-09
169.24424424424424	0.2489880069662774	11763.164259317655	3.4930317754428274e-09
169.51951951951952	0.24924069466947102	11730.974674679224	3.512269129033248e-09
169.7947947947948	0.24948476425478175	11698.87317610992	3.5316142269905167e-09
170.07007007007007	0.24967567563492798	11666.859522563216	3.551063564850998e-09
170.34534534534535	0.24979613822296137	11634.933473652036	3.570613828365684e-09
170.62062062062063	0.24988559070828054	11603.094789647468	3.590265555424609e-09
170.8958958958959	0.24999810161621325	11571.343231477118	3.6100228635101556e-09
171.17117117117118	0.2501928434301254	11539.678560723341	3.6298926579303805e-09
171.44644644644646	0.25046660487665284	11508.100539620924	3.6498795906219524e-09
171.72172172172174	0.25077037501318383	11476.608931054849	3.669983725670925e-09
171.996996996997	0.2510536877427472	11445.20349855851	3.6902019217584216e-09
172.2722722722723	0.2512826084612694	11413.88400631206	3.7105299771239244e-09
172.54754754754757	0.25149225587241525	11382.650219141302	3.73096765873078e-09
172.82282282282284	0.2517210679340621	11351.501902515949	3.751517637053202e-09
173.0980980980981	0.2519727390346523	11320.43882254756	3.772182164647956e-09
173.37337337337337	0.2522594974885394	11289.46074598782	3.79296381026918e-09
173.64864864864865	0.25260776094897136	11258.567440226981	3.8138663491750725e-09
173.92392392392392	0.25293451177805926	11227.75867329104	3.834886762016137e-09
174.1991991991992	0.25308494357720335	11197.034213839288	3.85601242120869e-09
174.47447447447448	0.25316915336121926	11166.393831165105	3.877242773590377e-09
174.74974974974975	0.2533816003203687	11135.837295195108	3.898591336704012e-09
175.02502502502503	0.2535787339171932	11105.364376484122	3.92005721090979e-09
175.3003003003003	0.2536185213295498	11074.974846213434	3.9416298919227246e-09
175.57557557557558	0.2537032982107966	11044.668476192475	3.9633169907337985e-09
175.85085085085086	0.25394175273249625	11014.44503885623	3.98513162319319e-09
176.12612612612614	0.2541584009035871	10984.304307260676	4.0070701465377925e-09
176.40140140140142	0.25429887330180284	10954.246055082256	4.029126410870566e-09
176.6766766766767	0.2544747487831458	10924.270056617885	4.051304649328141e-09
176.95195195195197	0.25476458629867876	10894.37608678291	4.0736136770307585e-09
177.22722722722725	0.2551846913317196	10864.563921108826	4.0960608442859284e-09
177.50250250250252	0.2555233913815164	10834.833335739208	4.1186356914123e-09
177.77777777777777	0.2555667044230503	10805.184107427984	4.141315600703264e-09
178.05305305305305	0.2554604022304136	10775.616013541454	4.164096498423829e-09
178.32832832832833	0.2553908201112595	10746.128832057071	4.186989739718314e-09
178.6036036036036	0.25543593437772383	10716.722341560715	4.2100089525096136e-09
178.87887887887888	0.2556073127126771	10687.396321244292	4.23316435868157e-09
179.15415415415416	0.2558458491759557	10658.150550903365	4.256458568930404e-09
179.42942942942943	0.25609800851508796	10628.984810935504	4.27988951488608e-09
179.7047047047047	0.25632077795980884	10599.898882338772	4.3034527816059054e-09
179.97997997998	0.25648294395382387	10570.892546710182	4.327143266926669e-09
180.25525525525526	0.2565730265767548	10541.965586244258	4.35095690862575e-09
180.53053053053054	0.2566478057127875	10513.117783732167	4.374895633659638e-09
180.80580580580582	0.2567506498307663	10484.34892255994	4.398964339284799e-09
181.0810810810811	0.2568262323548758	10455.658786705759	4.423162170636214e-09
181.35635635635637	0.25687458257575857	10427.047160738963	4.447488789360595e-09
181.63163163163165	0.2570161592596664	10398.513829819745	4.4719537766459836e-09
181.90690690690693	0.25724505146497456	10370.058579696173	4.496563316748772e-09
182.1821821821822	0.2574204378682225	10341.681196701025	4.521310513283647e-09
182.45745745745745	0.25753660155383457	10313.381467751718	4.546190573500908e-09
182.73273273273273	0.2576561456093802	10285.159180349454	4.571205621314827e-09
183.008008008008	0.2576858666666574	10257.01412257587	4.596349720764251e-09
183.28328328328328	0.2575858447456706	10228.94608309204	4.621615861471004e-09
183.55855855855856	0.25773708601416506	10200.954851141785	4.647030922501333e-09
183.83383383383384	0.25831358338371635	10173.040216547752	4.6726275078207e-09
184.1091091091091	0.25884312609901305	10145.201969702286	4.698388453326706e-09
184.3843843843844	0.2590886947230284	10117.439901568468	4.724282923327896e-09
184.65965965965967	0.2592249710559957	10089.753803683436	4.750305343061336e-09
184.93493493493494	0.2593222318734848	10062.143468155593	4.77645813914209e-09
185.21021021021022	0.25935123265926846	10034.608687661892	4.8027406602483915e-09
185.4854854854855	0.259348519668578	10007.149255447046	4.829155780014015e-09
185.76076076076077	0.25938177085079833	9979.764965322369	4.855711395004042e-09
186.03603603603605	0.2595046266040339	9952.45561166409	4.88241760084886e-09
186.31131131131133	0.2597380606081197	9925.220989411404	4.909283205049214e-09
186.5865865865866	0.26002594667177514	9898.060894063981	4.936309515026519e-09
186.86186186186188	0.2603199692405885	9870.975121680525	4.9634935176309615e-09
187.13713713713713	0.2606047835665054	9843.96346887763	4.990832187422642e-09
187.4124124124124	0.26084555827261513	9817.025732827995	5.018320762321754e-09
187.68768768768768	0.2609951788534006	9790.161711258754	5.045952216581744e-09
187.96296296296296	0.2611204040024758	9763.371202451382	5.073728071347525e-09
188.23823823823824	0.26133640440835904	9736.654005240842	5.101659842794833e-09
188.51351351351352	0.26162257563233976	9710.00991901233	5.129753602380019e-09
188.7887887887888	0.26191626068860113	9683.438743699237	5.1580080530427515e-09
189.06406406406407	0.26218551739841245	9656.94027978202	5.186419769592014e-09
189.33933933933935	0.2624332099345255	9630.514328287147	5.214987051747149e-09
189.61461461461462	0.2627178294781553	9604.160690786344	5.243714395640199e-09
189.8898898898899	0.26304048815310904	9577.87916939436	5.272605174864703e-09
190.16516516516518	0.2633257968264017	9551.669566766459	5.301655009040948e-09
190.44044044044045	0.2635471565804595	9525.53168609758	5.330858863730502e-09
190.71571571571573	0.26372295490562686	9499.465331121444	5.360215409631442e-09
190.990990990991	0.2639004491048571	9473.470306109486	5.389728441108328e-09
191.26626626626629	0.2641261289053592	9447.546415869378	5.419405085951304e-09
191.54154154154156	0.26438562239587343	9421.693465742761	5.44924899822986e-09
191.8168168168168	0.2646550717906517	9395.911261603638	5.4792606574622595e-09
192.0920920920921	0.2649294890325618	9370.19960985717	5.509440232500018e-09
192.36736736736736	0.26521248174791445	9344.558317438337	5.53978850252774e-09
192.64264264264264	0.2655133469826428	9318.98719181058	5.5703071936229105e-09
192.91791791791792	0.265778537902209	9293.486040963462	5.600992633193678e-09
193.1931931931932	0.2659090722369475	9268.054673410574	5.631833193253842e-09
193.46846846846847	0.26595955046532355	9242.692898190244	5.6628267984657e-09
193.74374374374375	0.26605212738117867	9217.400524865094	5.693984215944983e-09
194.01901901901903	0.2661742585705626	9192.177363518716	5.725311577694162e-09
194.2942942942943	0.26628081914572616	9167.023224753759	5.756808794799985e-09
194.56956956956958	0.26637591110019526	9141.937919691221	5.788476531266281e-09
194.84484484484486	0.2664789086497445	9116.92125996924	5.820317462877013e-09
195.12012012012013	0.2666192426619585	9091.97305774185	5.852336608021746e-09
195.3953953953954	0.26682404835773327	9067.093125677524	5.88454032669846e-09
195.6706706706707	0.26710904591865936	9042.281276957629	5.9169347450474836e-09
195.94594594594597	0.2673881747814361	9017.537325273492	5.949515566064878e-09
196.22122122122124	0.26753013753585964	8992.8610848243	5.982267013369051e-09
196.4964964964965	0.2676131976871137	8968.252370318825	6.015187060603992e-09
196.77177177177177	0.26776533944598324	8943.710996974805	6.048287801426778e-09
197.04704704704704	0.2679322828404621	8919.236780514844	6.081571899746752e-09
197.32232232232232	0.2680662241231947	8894.829537165082	6.115036503203186e-09
197.5975975975976	0.2682482135964108	8870.489083655793	6.148688520855408e-09
197.87287287287288	0.2684826037969202	8846.215237218858	6.182533293584705e-09
198.14814814814815	0.26864223510749924	8822.007815584328	6.216561343718538e-09
198.42342342342343	0.2687678714614709	8797.866636981658	6.25077112846446e-09
198.6986986986987	0.26903376497478565	8773.79152014045	6.2851804547733294e-09
198.97397397397398	0.269345770937456	8749.782284284911	6.319791327490559e-09
199.24924924924926	0.2695125727020795	8725.83874913089	6.354584997978516e-09
199.52452452452454	0.2696355504871806	8701.960734889164	6.389560475830435e-09
199.7997997997998	0.26985038176309817	8678.148062264683	6.424732095968365e-09
200.0750750750751	0.2700993035714074	8654.400552452133	6.460103322344625e-09
200.35035035035037	0.27032626287737377	8630.71802713459	6.495670702109531e-09
200.62562562562564	0.27054571432941044	8607.100308483325	6.531433953133371e-09
200.90090090090092	0.27077243322973715	8583.547219156482	6.567394897195551e-09
201.17617617617617	0.27100961168311416	8560.058582297557	6.603555457971999e-09
201.45145145145145	0.2712150764146156	8536.634221533297	6.639912597726551e-09
201.72672672672672	0.2713357350011799	8513.27396097221	6.676458798992489e-09
202.002002002002	0.2714563690422688	8489.977625205527	6.713199011871618e-09
202.27727727727728	0.2716649861711699	8466.745039305979	6.750146718875665e-09
202.55255255255256	0.2718355841280289	8443.576028822867	6.787296849309449e-09
202.82782782782783	0.2718983273997094	8420.470419781665	6.824638564131367e-09
203.1031031031031	0.27202852962645746	8397.428038686909	6.862185178166684e-09
203.3783783783784	0.272273135191886	8374.448712518753	6.899951125983125e-09
203.65365365365366	0.272461753615393	8351.532268727884	6.937926594671281e-09
203.92892892892894	0.27256950678376024	8328.678535236704	6.976102745754077e-09
204.20420420420422	0.2726991300476378	8305.8873404403	7.014486171730851e-09
204.4794794794795	0.2728528303595697	8283.158513203398	7.0530818049608536e-09
204.75475475475477	0.27299542358052686	8260.491882858418	7.091889126507417e-09
205.03003003003005	0.2731809509052165	8237.887279205772	7.1309145946176155e-09
205.30530530530532	0.2734467837013184	8215.344532512318	7.170167269615679e-09
205.5805805805806	0.2737014700589828	8192.863473507748	7.209642592281273e-09
205.85585585585588	0.27387198219372494	8170.443933383642	7.249329315456252e-09
206.13113113113113	0.27395886604748176	8148.085743793486	7.289220624596662e-09
206.4064064064064	0.27400895705313033	8125.788736852281	7.329318133159871e-09
206.68168168168168	0.2741040400311719	8103.552745135959	7.369633187240922e-09
206.95695695695696	0.27424846611157333	8081.377601678697	7.410174081435649e-09
207.23223223223223	0.27440042072865645	8059.263139970812	7.45094150760072e-09
207.5075075075075	0.27455587980687457	8037.209193958206	7.491935871262782e-09
207.7827827827828	0.27472951517144983	8015.215598041457	7.533159705850996e-09
208.05805805805807	0.27494808264587506	7993.28218707483	7.574618442735111e-09
208.33333333333334	0.2751752316429665	7971.4087963638185	7.616311526135412e-09
208.60860860860862	0.27523731727474166	7949.595261661275	7.658217245147711e-09
208.8838838838839	0.2751611408239734	7927.841419169964	7.70032532682192e-09
209.15915915915917	0.27524332123065615	7906.147105546598	7.742667103049635e-09
209.43443443443445	0.27549128063597883	7884.512157895089	7.785264241658946e-09
209.70970970970973	0.2756914066775131	7862.936413760982	7.828103906214652e-09
209.984984984985	0.27588044980455817	7841.419711135075	7.871183042991121e-09
210.26026026026028	0.2761776686227628	7819.961888453876	7.91451560483446e-09
210.53553553553556	0.2764868588102598	7798.562784594128	7.958098611739284e-09
210.8108108108108	0.2766913667267791	7777.222238871141	8.001915423115037e-09
211.08608608608608	0.27679364724570305	7755.94009103994	8.045956092723491e-09
211.36136136136136	0.27688720322819	7734.7161812959275	8.090226941090218e-09
211.63663663663664	0.2771696079288664	7713.550350275848	8.134758639172943e-09
211.91191191191191	0.277560207018986	7692.442439050965	8.179560752606366e-09
212.1871871871872	0.2777257747258564	7671.392289120597	8.224595474404705e-09
212.46246246246247	0.2777544495312667	7650.399742419543	8.26985076346745e-09
212.73773773773775	0.2779414553110049	7629.464641321258	8.315359078019092e-09
213.01301301301302	0.27820345268238544	7608.586828628856	8.361130500165252e-09
213.2882882882883	0.2783749521774671	7587.766147572167	8.407149519771119e-09
213.56356356356358	0.2785018503225038	7567.002441810946	8.45341293468937e-09
213.83883883883885	0.2786618706042555	7546.295555434414	8.499929838176057e-09
214.11411411411413	0.27890198886875317	7525.6453329594715	8.546713062061113e-09
214.3893893893894	0.2791982359439829	7505.051619328012	8.593768070752804e-09
214.66466466466468	0.27944723065992855	7484.514259904026	8.641084526934314e-09
214.93993993993996	0.2796137519068965	7464.033100473868	8.688651397069877e-09
215.21521521521524	0.27972138096031324	7443.6079872463815	8.736465402657525e-09
215.4904904904905	0.27981062043436855	7423.2387668521305	8.784530621322766e-09
215.76576576576576	0.27991387303522725	7402.9252863420825	8.832854736503565e-09
216.04104104104104	0.27999544133200266	7382.667393184968	8.881438074405943e-09
216.31631631631632	0.28005064260225987	7362.464935266801	8.930280667285605e-09
216.5915915915916	0.28020194235810003	7342.317760892605	8.979400695647747e-09
216.86686686686687	0.2804978332624064	7322.22571878367	9.028817421896398e-09
217.14214214214215	0.28084226850739963	7302.1886580731225	9.078529848942714e-09
217.41741741741743	0.2811705624270297	7282.206428305475	9.128528514407005e-09
217.6926926926927	0.2814625869074943	7262.278879436488	9.17880501018734e-09
217.96796796796798	0.281724650035989	7242.405861832635	9.229355459691335e-09
218.24324324324326	0.2819709835858393	7222.587226270192	9.280180042292456e-09
218.51851851851853	0.2821780681710085	7202.822823933214	9.331275914796937e-09
218.7937937937938	0.28231516436904314	7183.112506412253	9.38263719385724e-09
219.0690690690691	0.28237221332177365	7163.456125703718	9.434259106690464e-09
219.34434434434436	0.28240289687710485	7143.853534210267	9.486147168435673e-09
219.61961961961964	0.2825709213909931	7124.304584742379	9.538330218495046e-09
219.89489489489492	0.28287829940060993	7104.809130513427	9.59082759044311e-09
220.17017017017017	0.28313420257948446	7085.367025133917	9.643623080636325e-09
220.44544544544544	0.2833405588553266	7065.9781226149535	9.696707280733827e-09
220.72072072072072	0.28361854691693605	7046.642277370095	9.750093508034137e-09
220.995995995996	0.2838647773840489	7027.35934420878	9.80377481809534e-09
221.27127127127127	0.2839368648250711	7008.129178334211	9.857725181803164e-09
221.54654654654655	0.283953775769415	6988.951635348706	9.911947152131605e-09
221.82182182182183	0.28406435025437315	6969.826571253436	9.966466269034445e-09
222.0970970970971	0.28432221254517565	6950.753842445026	1.0021307877347106e-08
222.37237237237238	0.2846929801370696	6931.7333057122705	1.0076483342398021e-08
222.64764764764766	0.2850381478793752	6912.764818232394	1.0131978500279776e-08
222.92292292292294	0.2853042394600151	6893.848237572062	1.0187776455262772e-08
223.1981981981982	0.2855183388324274	6874.983421688364	1.0243871460650022e-08
223.4734734734735	0.28566529450242095	6856.170228926674	1.030025799983028e-08
223.74874874874877	0.2857253921450224	6837.40851801945	1.0356929914400069e-08
224.02402402402404	0.2857897488519274	6818.698148088076	1.0413898692582756e-08
224.29929929929932	0.285937844099624	6800.038978641548	1.0471185234930687e-08
224.5745745745746	0.28609984029028157	6781.430869571514	1.0528791934074983e-08
224.84984984984985	0.2862457952073788	6762.873681152244	1.0586716005728055e-08
225.12512512512512	0.2864677228664476	6744.367274042809	1.064497166796087e-08
225.4004004004004	0.2867529527074399	6725.911509283292	1.0703566519092838e-08
225.67567567567568	0.2869650774868051	6707.506248290384	1.0762483158887822e-08
225.95095095095095	0.2870811492409943	6689.151352859333	1.082170734693879e-08
226.22622622622623	0.2871608213858904	6670.846685165169	1.0881240779671776e-08
226.5015015015015	0.2872564666075724	6652.592107761506	1.0941094048257456e-08
226.77677677677679	0.2873987245112986	6634.38748357893	1.1001279741020654e-08
227.05205205205206	0.28754776097450274	6616.232675922046	1.1061799646937236e-08
227.32732732732734	0.28768638398158114	6598.127548469045	1.1122652610702109e-08
227.60260260260262	0.2878866190005843	6580.0719652731805	1.1183851119486507e-08
227.8778778778779	0.2881032295385203	6562.065790758479	1.1245395893069114e-08
228.15315315315317	0.2881279045971353	6544.108889714056	1.1307251509085622e-08
228.42842842842845	0.28807194721957974	6526.20112730211	1.136941578002579e-08
228.70370370370372	0.28827456313559685	6508.342369063511	1.1431948076756846e-08
228.978978978979	0.288547767845925	6490.532480901818	1.1494853222534897e-08
229.25425425425428	0.28853255021934665	6472.771329077139	1.1558070729370241e-08
229.52952952952953	0.28843579845122236	6455.058780221443	1.1621600193816201e-08
229.8048048048048	0.2885102408870312	6437.394701339026	1.1685487661752366e-08
230.08008008008008	0.2886242752955859	6419.7789597943565	1.174973903089304e-08
230.35535535535536	0.288705242857968	6402.211423312722	1.1814345509304568e-08
230.63063063063063	0.2888975081687328	6384.691959985676	1.1879328848253878e-08
230.9059059059059	0.2891959835464938	6367.220438265634	1.1944702679688762e-08
231.1811811811812	0.28942920384675297	6349.796726959894	1.2010444626631342e-08
231.45645645645646	0.2896233498996373	6332.4206952355	1.2076546241917696e-08
231.73173173173174	0.28989977498039665	6315.092212621205	1.214302569418931e-08
232.00700700700702	0.29011567196778393	6297.811148998458	1.2209868333616942e-08
232.2822822822823	0.2901303065071003	6280.5773746004015	1.2277039037583546e-08
232.55755755755757	0.29020278617087414	6263.390760023197	1.2344565527893302e-08
232.83283283283285	0.2905012037491292	6246.251176222406	1.2412498087616706e-08
233.10810810810813	0.290797706775459	6229.158494499722	1.2480825536775084e-08
233.3833833833834	0.2909775565483095	6212.112586505387	1.2549519567870332e-08
233.65865865865868	0.29114004224524165	6195.113324243947	1.2618582359457644e-08
233.93393393393396	0.29131141094876095	6178.160580071039	1.2688021127827257e-08
234.2092092092092	0.2914516253149954	6161.25422669032	1.2757833338172143e-08
234.48448448448448	0.2915682220375555	6144.394137154012	1.2828019624728069e-08
234.75975975975976	0.2916924320318989	6127.580184862736	1.2898587298486945e-08
235.03503503503504	0.29184996282267767	6110.812243564391	1.296954683040108e-08
235.3103103103103	0.2920538313532269	6094.09018735282	1.3040908215222801e-08
235.5855855855856	0.29228648589886547	6077.4138906658545	1.311267507161697e-08
235.86086086086087	0.2924996226864955	6060.78322828335	1.3184840812766786e-08
236.13613613613614	0.2926081801993663	6044.198075324966	1.3257384928748074e-08
236.41141141141142	0.29265072237502054	6027.658307253329	1.3330303125920793e-08
236.6866866866867	0.29278123454263566	6011.163799877004	1.3403624877759681e-08
236.96196196196198	0.2930037596287151	5994.71442934461	1.3477370344239294e-08
237.23723723723725	0.29323286464332565	5978.3100721408355	1.355153546711674e-08
237.51251251251253	0.2934298983330719	5961.950605087045	1.3626110595522286e-08
237.7877877877878	0.2935891061535017	5945.63590534146	1.3701089342183872e-08
238.06306306306308	0.2937560906103782	5929.36585040001	1.3776478073406688e-08
238.33833833833836	0.2939641133169277	5913.140318095023	1.385228861451732e-08
238.61361361361364	0.29419773968579344	5896.959186592628	1.392852599837517e-08
238.88888888888889	0.29442815411936785	5880.822334391354	1.4005188167313532e-08
239.16416416416416	0.29461917922301606	5864.729640320934	1.4082267016395445e-08
239.43943943943944	0.2947636234959088	5848.6809835424	1.415975679390564e-08
239.71471471471472	0.29488333087763235	5832.676243548209	1.4237659427818852e-08
239.98998998999	0.2950484340061077	5816.715300163095	1.4315992117121813e-08
240.26526526526527	0.2953137029748842	5800.798033542672	1.4394778412825495e-08
240.54054054054055	0.29556481875516466	5784.924324166415	1.4474009053124724e-08
240.81581581581582	0.29570590895561566	5769.094052837355	1.4553658177214428e-08
241.0910910910911	0.2958105828598763	5753.307100687329	1.4633726708091022e-08
241.36636636636638	0.29594054319811275	5737.563349175707	1.471422971066372e-08
241.64164164164166	0.2960968296846829	5721.862680086316	1.479517770158599e-08
241.91691691691693	0.2962823297080687	5706.204975526604	1.4876578821310583e-08
242.1921921921922	0.2965027084532029	5690.590117926874	1.4958440387810053e-08
242.4674674674675	0.2967213422823686	5675.0179900377925	1.5040759686250696e-08
242.74274274274276	0.296897075327246	5659.488474929316	1.5123526664532854e-08
243.01801801801804	0.2971068031425883	5644.001455994279	1.5206753520549143e-08
243.29329329329332	0.29742111279508054	5628.556816947359	1.5290464988594714e-08
243.56856856856857	0.2977521737582507	5613.154441818131	1.5374657320028185e-08
243.84384384384384	0.2980402610873305	5597.7942149512055	1.545931543686535e-08
244.11911911911912	0.2983410411868723	5582.476021009831	1.5544443879665278e-08
244.3943943943944	0.29863077879789124	5567.199744971949	1.5630040933762723e-08
244.66966966966967	0.29878501724344936	5551.965272125339	1.5716077389804084e-08
244.94494494494495	0.2988157150809195	5536.772488072051	1.5802538787444544e-08
245.22022022022023	0.2988374669829998	5521.621278731674	1.5889443980909893e-08
245.4954954954955	0.29894714907817027	5506.511530339871	1.5976828512824457e-08
245.77077077077078	0.29918829061785823	5491.443129445462	1.6064725854449287e-08
246.04604604604606	0.2994185034948159	5476.4159629020405	1.615312378229913e-08
246.32132132132134	0.29953496403839547	5461.429917868624	1.624199103076837e-08
246.5965965965966	0.29964968811422216	5446.484881817518	1.6331336294326784e-08
246.8718718718719	0.2998232837463454	5431.580742531462	1.6421180691604644e-08
247.14714714714717	0.29999586733528305	5416.717388097845	1.6511523736046282e-08
247.42242242242244	0.30016838612905034	5401.894706910345	1.6602366425265126e-08
247.69769769769772	0.30039579860329024	5387.11258767035	1.669372401542128e-08
247.972972972973	0.30063151827789536	5372.370919381906	1.6785595518530206e-08
248.24824824824825	0.3008007917678553	5357.669591349627	1.687796280384138e-08
248.52352352352352	0.30099062409529154	5343.0084931847005	1.697083747701789e-08
248.7987987987988	0.3012795073406787	5328.38751480378	1.706424753931584e-08
249.07407407407408	0.301551787010843	5313.8065464198535	1.715818224804079e-08
249.34934934934935	0.30173829192013757	5299.265478543338	1.7252618543067316e-08
249.62462462462463	0.3019210936459966	5284.764201987761	1.7347564155613337e-08
249.8998998998999	0.3020854108446876	5270.302607864794	1.744302112157304e-08
250.17517517517518	0.3021095292037026	5255.880587578701	1.753896039897115e-08
250.45045045045046	0.3021450792232135	5241.498032837523	1.7635404198219486e-08
250.72572572572574	0.3024664966992431	5227.15483565789	1.773243863379569e-08
251.00100100100101	0.3028447977739411	5212.850888341928	1.783005839217832e-08
251.2762762762763	0.30297209103729017	5198.586083472646	1.7928180718214126e-08
251.55155155155157	0.30307738407885054	5184.360313937136	1.8026816026311968e-08
251.82682682682685	0.30334040152384717	5170.173472923784	1.812601938732956e-08
252.10210210210212	0.30352390534448986	5156.025453902551	1.8225762810232235e-08
252.3773773773774	0.30355767812435525	5141.916150631596	1.8326011407075867e-08
252.65265265265268	0.3036758306813019	5127.845457170526	1.842680760095356e-08
252.92792792792793	0.30389589058471494	5113.813267869754	1.8528183401785067e-08
253.2032032032032	0.3040474174229946	5099.819477360923	1.8630113529531377e-08
253.47847847847848	0.30413850184045427	5085.863980564324	1.8732585812211476e-08
253.75375375375376	0.30425922353571583	5071.946672692008	1.883561856835862e-08
254.02902902902903	0.3044163598942281	5058.067449243138	1.8939226120150804e-08
254.3043043043043	0.30457623123178695	5044.226206001265	1.9043409198205536e-08
254.5795795795796	0.30466580301049956	5030.422839031619	1.9148149166512663e-08
254.85485485485486	0.30470977552388123	5016.657244684969	1.9253442616532097e-08
255.13013013013014	0.30490767957692444	5002.929319605392	1.9359344674364823e-08
255.40540540540542	0.30524983247878823	4989.238960719483	1.9465887869322206e-08
255.6806806806807	0.3055002643413646	4975.586065224421	1.9573026707317282e-08
255.95595595595597	0.3056304268169766	4961.970530597189	1.9680726438739103e-08
256.2312312312313	0.30574161793073296	4948.392254600252	1.9788995899696408e-08
256.5065065065065	0.30583561382591584	4934.851135275923	1.9897842169836667e-08
256.7817817817818	0.30589887234688995	4921.347070944823	2.0007266845092405e-08
257.0570570570571	0.3060127173311056	4907.879960209908	2.0117295731999675e-08
257.3323323323324	0.30622692927116923	4894.449701954195	2.022796051793028e-08
257.60760760760763	0.30647429370411283	4881.056195334081	2.033926234160054e-08
257.8828828828829	0.30669090777443986	4867.699339778655	2.0451184486814754e-08
258.15815815815813	0.306839695199552	4854.379034990274	2.0563707079645218e-08
258.43343343343344	0.3069145814749488	4841.095180945361	2.0676817389509386e-08
258.70870870870874	0.30694203622291627	4827.847677895385	2.079051670821497e-08
258.983983983984	0.3070208845719462	4814.636426369914	2.090483672405654e-08
259.25925925925924	0.30723562611328337	4801.461327175248	2.1019823729118472e-08
259.53453453453454	0.3074311162400926	4788.322281381027	2.1135460441002696e-08
259.80980980980985	0.30750040373720555	4775.219190321882	2.1251705058963356e-08
260.0850850850851	0.3076636181025001	4762.1519556141275	2.1368600830894156e-08
260.36036036036035	0.30798526519108954	4749.1204791468945	2.1486195546366195e-08
260.63563563563565	0.30819100714957853	4736.124663063061	2.1604435023569856e-08
260.91091091091096	0.3082573208614488	4723.164409771889	2.1723280231956087e-08
261.1861861861862	0.3084294477801916	4710.23962196299	2.1842785263729287e-08
261.46146146146145	0.308736721026199	4697.350202594025	2.1962993812992656e-08
261.73673673673676	0.30907296385342714	4684.496054882458	2.208390063516559e-08
262.01201201201206	0.3093811200038187	4671.677082307451	2.2205486022599132e-08
262.2872872872873	0.3096384421832586	4658.893188610975	2.2327732221966973e-08
262.56256256256256	0.3098742132391478	4646.144277799999	2.2450639213832896e-08
262.8378378378378	0.3100828395072182	4633.430254143853	2.2574206593527987e-08
263.1131131131131	0.3101666627742598	4620.751022168221	2.2698403956463617e-08
263.3883883883884	0.3101536121139274	4608.106486661539	2.2823223073107712e-08
263.66366366366367	0.31023284662101824	4595.496552683584	2.294872179105543e-08
263.9389389389389	0.3104168084403924	4582.921125554783	2.307494086690617e-08
264.2142142142142	0.31058373549708584	4570.380110847686	2.320186663522247e-08
264.48948948948953	0.3107068585922345	4557.873414391641	2.3329483486136433e-08
264.7647647647648	0.31081762363521814	4545.400942275501	2.3457793870640335e-08
265.04004004004	0.31099748130680405	4532.96260084992	2.3586828012431717e-08
265.31531531531533	0.3112808486063265	4520.558296723961	2.371661748988259e-08
265.59059059059064	0.3115443794951819	4508.187936754979	2.3847141596319388e-08
265.8658658658659	0.31170857587065276	4495.851428050401	2.3978362437584987e-08
266.14114114114113	0.3118035228926029	4483.5486779735475	2.411026872637474e-08
266.41641641641644	0.3118863143510621	4471.2795941446375	2.42428745491028e-08
266.69169169169174	0.3120190023639357	4459.04408444049	2.4376211261045887e-08
266.966966966967	0.31213910361043307	4446.842056986239	2.4510277867550932e-08
267.24224224224224	0.3121522556029611	4434.673420152575	2.4645042517348702e-08
267.5175175175175	0.312208782407192	4422.538082570162	2.478053981624124e-08
267.7927927927928	0.31245308402618427	4410.435953128807	2.491684309166933e-08
268.0680680680681	0.31272107934499077	4398.366940957546	2.5053940832173658e-08
268.34334334334335	0.3128978353810868	4386.330955426821	2.519178713835491e-08
268.6186186186186	0.313087430113994	4374.327906161591	2.5330392926751964e-08
268.8938938938939	0.31334799565047095	4362.357703037861	2.5469787296791607e-08
269.1691691691692	0.31365106860383396	4350.420256176525	2.5609979415496023e-08
269.44444444444446	0.3139512369159359	4338.515475941547	2.575096023580391e-08
269.7197197197197	0.31420432534706094	4326.643272939289	2.58927100219783e-08
269.994994994995	0.31444064349210077	4314.803558022666	2.6035229576364338e-08
270.2702702702703	0.3146926575823549	4302.996242290658	2.617853294264773e-08
270.54554554554556	0.31486018819662726	4291.221237078928	2.6322593453890674e-08
270.8208208208208	0.3148846561440325	4279.478453961759	2.646737492315289e-08
271.0960960960961	0.31489502876118736	4267.767804763861	2.6612904766737044e-08
271.3713713713714	0.3149857936573643	4256.089201557586	2.675923630778715e-08
271.6466466466467	0.3151533481240222	4244.442556655783	2.69064021713339e-08
271.9219219219219	0.3152974526368728	4232.827782604542	2.7054386162214806e-08
272.19719719719717	0.31525652535606746	4221.244792178189	2.7203119033795963e-08
272.4724724724725	0.31506499573137936	4209.69349839186	2.7352573470076015e-08
272.7477477477478	0.3148668468038691	4198.173814508489	2.7502789306419837e-08
273.02302302302303	0.31479222653629496	4186.68565403742	2.7653842223827692e-08
273.2982982982983	0.3149010424081672	4175.2289307290575	2.7805803169935285e-08
273.5735735735736	0.3150509727464286	4163.803558560072	2.7958661844375405e-08
273.8488488488489	0.3151569545928486	4152.409451736578	2.811238085892331e-08
274.12412412412414	0.31531049932499333	4141.046524705894	2.8266975668902457e-08
274.3993993993994	0.31554540247586355	4129.714692151917	2.8422471027336442e-08
274.6746746746747	0.3158097528508581	4118.413868988407	2.8578863338151014e-08
274.94994994995	0.31607287428561237	4107.143970359774	2.8736140253806056e-08
275.22522522522524	0.3163186235993883	4095.904911641473	2.8894289862573454e-08
275.5005005005005	0.3165052371022269	4084.6966084374294	2.9053290079614343e-08
275.7757757757758	0.31661282232192645	4073.51897658099	2.9213121363732988e-08
276.0510510510511	0.31675213321344037	4062.3719321438944	2.937381878414756e-08
276.32632632632635	0.3169718231884595	4051.2553914312134	2.9535425245196615e-08
276.6016016016016	0.31710396252964745	4040.169270964648	2.96978995455188e-08
276.87687687687685	0.3171138000337396	4029.113487491597	2.9861204370636714e-08
277.15215215215215	0.3171883978273436	4018.0879580012133	3.0025396629309117e-08
277.42742742742746	0.3173531256540627	4007.092599711854	3.019052308897987e-08
277.7027027027027	0.3174940523473644	3996.127330059863	3.0356566216480696e-08
277.97797797797796	0.3176451445435247	3985.1920667100753	3.0523531856343754e-08
278.25325325325326	0.3178883824395052	3974.286727558977	3.0691460360277425e-08
278.52852852852857	0.31813439994212084	3963.411230720947	3.086034016036613e-08
278.8038038038038	0.31830569060287167	3952.5654945284004	3.103013331640745e-08
279.07907907907907	0.31851885919283857	3941.749437546249	3.120086918757146e-08
279.35435435435437	0.3188090321302085	3930.9629785650977	3.1372582684078186e-08
279.6296296296297	0.3190124753479852	3920.206036584929	3.154522593561214e-08
279.9049049049049	0.3191246067568812	3909.4785308268793	3.1718770271603246e-08
280.1801801801802	0.31931978549956164	3898.7803807469577	3.189327677473119e-08
280.4554554554555	0.3195969904502186	3888.111506021653	3.206878375816736e-08
280.7307307307308	0.31984181104484705	3877.4718265381293	3.2245265891918563e-08
281.00600600600603	0.32000242449348526	3866.8612623984955	3.2422687178604264e-08
281.2812812812813	0.320070022882982	3856.2797339226454	3.260102413569849e-08
281.5565565565566	0.32009918992936826	3845.7271616528665	3.27802890340226e-08
281.83183183183183	0.32013572164998105	3835.203466352645	3.296051174350028e-08
282.10710710710714	0.32017525103141725	3824.708569001947	3.3141710188622895e-08
282.3823823823824	0.3202806716840594	3814.2423908022715	3.3323925891636644e-08
282.6576576576577	0.3205971541600149	3803.804853183076	3.35072525830574e-08
282.93293293293294	0.32099481032379246	3793.3958777781977	3.3691689328337444e-08
283.20820820820825	0.3211598641276264	3783.0153864093127	3.387709319948286e-08
283.4834834834835	0.32119156096314777	3772.663301120117	3.406342696874917e-08
283.75875875875874	0.3213372709958654	3762.3395441887183	3.425078567584208e-08
284.03403403403405	0.3215375992971727	3752.044038100984	3.443920050540216e-08
284.3093093093093	0.32169868880264846	3741.7767055468353	3.4628648263798736e-08
284.5845845845846	0.3218859841872835	3731.5374694334073	3.4819148412339937e-08
284.85985985985985	0.32211766259495095	3721.3262528804526	3.501072360325105e-08
285.13513513513516	0.3222922938609865	3711.1429792092013	3.520334131530565e-08
285.4104104104104	0.32241174699413755	3700.9875719507954	3.53969853547494e-08
285.6856856856857	0.3225847297096862	3690.8599548552497	3.5591700764712617e-08
285.96096096096096	0.3228013728484152	3680.760051880472	3.578751202114298e-08
286.23623623623627	0.3229892125890636	3670.6877871859756	3.5984400899612076e-08
286.5115115115115	0.3231710506134338	3660.643085140846	3.618237013771044e-08
286.7867867867868	0.3233871607915213	3650.625870324793	3.6381443609888166e-08
287.06206206206207	0.3236101612846443	3640.6360675214723	3.6581624502980667e-08
287.3373373373374	0.3237994516649276	3630.673601716626	3.678289705758477e-08
287.6126126126126	0.32391874888932604	3620.738398097849	3.6985236206651904e-08
287.8878878878879	0.32395980765113486	3610.8303820565557	3.7188625166098356e-08
288.1631631631632	0.32395161967059277	3600.9494791909306	3.739307069769599e-08
288.4384384384384	0.32395992281169866	3591.0956153088964	3.7598612282243706e-08
288.71371371371373	0.32406680290137424	3581.268716429242	3.780531761436758e-08
288.988988988989	0.32426957919495714	3571.4687087731545	3.801322834227076e-08
289.2642642642643	0.3245196479891321	3561.69551875922	3.822234714308942e-08
289.53953953953953	0.3247457486906623	3551.9490730005855	3.8432641647243013e-08
289.81481481481484	0.3249311723281249	3542.2292983095326	3.864408666920952e-08
290.0900900900901	0.32521597121665363	3532.5361217122268	3.885674299430824e-08
290.3653653653654	0.3255979096965407	3522.8694704344935	3.907064836197268e-08
290.64064064064064	0.3258216576264165	3513.2292718762906	3.928569358253087e-08
290.91591591591595	0.3258634380020598	3503.61545363356	3.950180386481628e-08
291.1911911911912	0.3259284571780503	3494.0279435205166	3.9719046100218643e-08
291.4664664664665	0.3260353819104355	3484.4666695508604	3.9937472259446186e-08
291.74174174174175	0.3261049845343832	3474.9315599274014	4.015707318660334e-08
292.01701701701705	0.32617155152328353	3465.422543052818	4.037786453254221e-08
292.2922922922923	0.3262898310745917	3455.9395475313167	4.059988793187969e-08
292.5675675675676	0.3264454607903164	3446.4825021611127	4.082316306612872e-08
292.84284284284286	0.32661859607940447	3437.0513359333	4.104769364436639e-08
293.1181181181181	0.3268067510439494	3427.645978033063	4.12734834240909e-08
293.3933933933934	0.3270053562162064	3418.266357838913	4.150053502591373e-08
293.66866866866866	0.32720575578794037	3408.912404921747	4.1728848101734805e-08
293.94394394394396	0.3274114645273427	3399.5840490455566	4.195842730855815e-08
294.2192192192192	0.3276261459566275	3390.281220166941	4.218928035925502e-08
294.4944944944945	0.32778540945486195	3381.0038484273255	4.2421378376496875e-08
294.76976976976977	0.32783547038904826	3371.7518641534307	4.265467652753974e-08
295.0450450450451	0.3278985861115115	3362.525197875586	4.288922049382161e-08
295.3203203203203	0.3280870947282728	3353.3237803264615	4.312510434507e-08
295.5955955955956	0.32837229646295124	3344.147542425426	4.3362370320933736e-08
295.8708708708709	0.32866268655217873	3334.996415271071	4.360099378641445e-08
296.1461461461462	0.3288121720572079	3325.87033013443	4.384087851441922e-08
296.4214214214214	0.3288173074072482	3316.769218473929	4.408196846235635e-08
296.69669669669673	0.3288077497317673	3307.69301194969	4.432430902183664e-08
296.971971971972	0.3288871884023925	3298.6416424204654	4.456799071844021e-08
297.2472472472473	0.32911335833186955	3289.615041938199	4.481310430732684e-08
297.52252252252254	0.3293897097795103	3280.613142730177	4.5059649304061507e-08
297.7977977977978	0.32960523106728706	3271.635877196597	4.53075624266431e-08
298.0730730730731	0.32976691187616897	3262.6831779232916	4.555681377130318e-08
298.34834834834834	0.3298998989621978	3253.754977683356	4.5807403913219904e-08
298.62362362362364	0.33002000342042653	3244.8512094356174	4.605934574433493e-08
298.8988988988989	0.33013670549073476	3235.971806323463	4.6312655631794555e-08
299.1741741741742	0.3302521169508224	3227.1167016734753	4.656734756083256e-08
299.44944944944945	0.330351164494202	3218.285828992928	4.682342357153808e-08
299.72472472472475	0.3304068753129097	3209.479121967828	4.708087122928748e-08
300.0	0.33039202657807304	3200.6965144623223	4.733966922467435e-08
