0.005552987922256437	7.813437553696789	6383.053879529525	8.790842347170525	0.009555177192590856
25.0	0.045727574750830564	33212.0	10.0
25.275275275275277	0.046556052691645665	33897.344412353785	8.934534594392284
25.55055055055055	0.0473770621376994	34510.06055179779	7.966747081519747
25.825825825825827	0.04816140896959979	35054.92033072394	7.0903196730908045
26.1011011011011	0.04893666455504221	35537.01176984045	6.2984813524377925
26.376376376376378	0.04969284297094987	35961.13069818821	5.5848456431497375
26.65165165165165	0.05036112161903573	36331.30700509775	4.944065022966371
26.926926926926928	0.050977786870446254	36651.93248521283	4.370278256700531
27.2022022022022	0.05165870281869501	36928.041108659745	3.8567225498357387
27.47747747747748	0.05236936997967678	37163.90529158522	3.3976671384135773
27.75275275275275	0.053023770102943686	37362.96374206316	2.9885155604775484
28.02802802802803	0.05369369457092983	37528.85985032794	2.624376603519392
28.303303303303302	0.05445670650787103	37665.23019905391	2.3003552313324507
28.57857857857858	0.055257839859546666	37775.06526735527	2.0124342807741127
28.853853853853856	0.05601596168417075	37860.82046555236	1.757323674475265
29.12912912912913	0.05665289223584591	37924.6141115168	1.5321893263351722
29.404404404404403	0.05725379901434784	37968.73363095387	1.3339562448167643
29.67967967967968	0.05805558091968026	37995.77238181568	1.159119217610615
29.954954954954957	0.058989781639033685	38007.77302612928	1.0049231082193204
30.23023023023023	0.05981625428988323	38006.13041542029	0.8694987901110075
30.505505505505504	0.060545943338201104	37992.221276452256	0.7509970739274159
30.78078078078078	0.06126532516448274	37967.45592794659	0.6475174462784565
31.056056056056057	0.061957460147803345	37933.09411796575	0.55736193511715
31.33133133133133	0.06262281800657919	37890.28018082462	0.47898716908904926
31.606606606606608	0.0633521013073162	37840.113621358	0.4109074501637426
31.88188188188188	0.06415406079398217	37783.55794294117	0.3518206555115047
32.15715715715716	0.06491848393122886	37721.3936196219	0.30067358961200635
32.432432432432435	0.06565652184055407	37654.33336557326	0.25650367506790794
32.70770770770771	0.06646797136612898	37583.05548889451	0.21839319847555635
32.98298298298298	0.06728796042583973	37508.1262975236	0.18557644913949148
33.25825825825826	0.06800193017980082	37430.01564792171	0.15741868183977925
33.533533533533536	0.06866666488369028	37349.167830638384	0.13331870494140147
33.808808808808806	0.06936124049451944	37265.994522329966	0.1127186932924845
34.08408408408408	0.0700823950545087	37180.852118195566	0.09513556867871467
34.35935935935936	0.0707954147796812	37094.04489771886	0.08015683451540787
34.63463463463464	0.07144123162968756	37005.83211695157	0.06743098374015648
34.90990990990991	0.0720661149756542	36916.44820846465	0.056639803347618416
35.18518518518518	0.07280923127858954	36826.10885043535	0.04749009423048993
35.46046046046046	0.0736067224489337	36734.990706141965	0.039741681799369204
35.73573573573574	0.07430191827736445	36643.235750866486	0.033201590251229436
36.01101101101101	0.07497912727138957	36550.97433978935	0.02769235413994526
36.286286286286284	0.07576124670360986	36458.324083365245	0.023053611580691902
36.56156156156156	0.07657896971051854	36365.38127855885	0.01915396832684381
36.83683683683684	0.07734333393049259	36272.22562869728	0.01588456576893901
37.112112112112115	0.07801460804977327	36178.92553629496	0.01315184153100283
37.38738738738739	0.07860103479045637	36085.54083182351	0.01087380708415066
37.66266266266266	0.07916116813428256	35992.12415243053	0.00897817739243903
37.93793793793794	0.07970825037418917	35898.72035341978	0.007403208745547507
38.213213213213216	0.08023042860015901	35805.367166895674	0.00609681868423783
38.488488488488485	0.08082208090300305	35712.097256700064	0.00501377771970129
38.76376376376376	0.08157650513415379	35618.93830252162	0.004115611738065838
39.03903903903904	0.08234853077292047	35525.91196971526	0.0033720411491955466
39.314314314314316	0.08302707741360675	35433.035881220436	0.0027582832140202536
39.58958958958959	0.08376615582958231	35340.325688520395	0.0022522102644074215
39.86486486486486	0.08458213127918887	35247.794348478135	0.0018353720454882838
40.14014014014014	0.08522006520868325	35155.45180642838	0.0014933760203446223
40.41541541541542	0.08574229676414556	35063.30673871555	0.0012135726062467225
40.690690690690694	0.08650070218329929	34971.367019832076	0.0009843865518241
40.965965965965964	0.08738348879724307	34879.63866481732	0.0007967784292773841
41.24124124124124	0.08806553130546425	34788.12611301194	0.0006438600737031161
41.51651651651652	0.08864810748691261	34696.833204055256	0.0005195542404977985
41.791791791791795	0.08931334711308027	34605.763197552216	0.00041856968450329604
42.06706706706707	0.0899957483330855	34514.91859179344	0.0003366532794338065
42.34234234234234	0.090652541212571	34424.30131091249	0.00027033466665170726
42.61761761761762	0.09138491813583474	34333.912875926995	0.0002166924834269211
42.892892892892895	0.09219648018134348	34243.75440864561	0.00017335044507072063
43.168168168168165	0.09295837448468312	34153.826674805794	0.00013841929376292978
43.44344344344344	0.0936263168075201	34064.13019416555	0.00011034647685704763
43.71871871871872	0.0942273912180997	33974.66529769375	8.783828874265413e-05
43.993993993993996	0.09480457748767111	33885.43215422614	6.982376094206238e-05
44.26926926926927	0.0954019007725581	33796.43079266291	5.542473457467768e-05
44.54454454454455	0.09604027780714092	33707.66112171337	4.392926037712932e-05
44.81981981981982	0.09674736986616314	33619.122946080504	3.475200164946422e-05
45.0950950950951	0.09758074276651164	33530.81599615581	2.7435147089893817e-05
45.37037037037037	0.09847990334282607	33442.73993156611	2.1610635666161457e-05
45.645645645645644	0.09921326200103697	33354.89435381029	1.699163127920152e-05
45.92092092092092	0.0998047182195477	33267.27882996859	1.3340079973743673e-05
46.1961961961962	0.10049833880687144	33179.89290121687	1.0455072740151236e-05
46.471471471471475	0.10124422680562718	33092.73607852769	8.1786131339181e-06
46.74674674674675	0.1018692552878282	33005.807848407865	6.38752238270669e-06
47.02202202202202	0.1024702306095307	32919.10768208024	4.980719985433459e-06
47.2972972972973	0.10316596061190354	32832.63503737837	3.876412386707789e-06
47.572572572572575	0.10385379350616325	32746.389360157864	3.011093394265832e-06
47.847847847847845	0.10445635976712156	32660.3700893708	2.33482085271803e-06
48.12312312312312	0.10502414386743096	32574.576658434235	1.8073595638747635e-06
48.3983983983984	0.10558817818338577	32489.00849626859	1.3966623881719596e-06
48.673673673673676	0.10614465094299091	32403.665028284464	1.0774399726714593e-06
48.94894894894895	0.10673705870615947	32318.54567755506	8.296656523444294e-07
49.22422422422423	0.10741990575295038	32233.649881234527	6.377831643900561e-07
49.4994994994995	0.10807867229088643	32148.97706281981	4.895000995472872e-07
49.77477477477478	0.10859555279741966	32064.52664347019	3.752351454664759e-07
50.05005005005005	0.10913254884554469	31980.29804451168	2.872848846821243e-07
50.32532532532532	0.10979798108821147	31896.290687592475	2.1961086134581104e-07
50.6006006006006	0.11041144387907567	31812.503994821847	1.6764887223594005e-07
50.87587587587588	0.11089197937982011	31728.93738909268	1.2785600537237887e-07
51.151151151151154	0.11135343546789483	31645.59029428447	9.742427957939971e-08
51.42642642642643	0.11181003488924131	31562.4621353341	7.417980914272037e-08
51.70170170170171	0.11219385382714978	31479.552338324476	5.645608683091002e-08
51.97697697697698	0.11260881014535018	31396.860330583288	4.295185930710952e-08
52.252252252252255	0.11320368349196878	31314.385540731826	3.2659034392266436e-08
52.527527527527525	0.11387212282275638	31232.127398711407	2.4821489627562077e-08
52.8028028028028	0.11447527692331758	31150.085335828724	1.886691671010335e-08
53.07807807807808	0.11502169849536126	31068.25878479149	1.4352038640702994e-08
53.353353353353356	0.11554131021700582	30986.647179725147	1.093440487028801e-08
53.62862862862863	0.11605298721472561	30905.24995618441	8.351103450474802e-09
53.90390390390391	0.11655861534458042	30824.06655116213	6.401257631061651e-09
54.17917917917918	0.11704503900839142	30743.096403095697	4.931818123707957e-09
54.454454454454456	0.11752649019423382	30662.33895187158	3.8260089321114725e-09
54.729729729729726	0.11803054546855386	30581.793638827618	2.9949012035344018e-09
55.005005005005	0.11854757571317745	30501.459906753575	2.3711752008384255e-09
55.28028028028028	0.11906168860865483	30421.33719989115	1.9038923316290966e-09
55.55555555555556	0.11959089711726968	30341.424963933136	1.5544169377245416e-09
55.830830830830834	0.12012733652274962	30261.72264602154	1.2935735259246223e-09
56.10610610610611	0.12059045452299663	30182.229694745372	1.0994433068174198e-09
56.38138138138139	0.12100335485361123	30102.945560138367	9.553784389676165e-10
56.65665665665666	0.12153151279630914	30023.869693676184	8.486846999835403e-10
56.931931931931935	0.12216086469496558	29945.001548273038	7.69914826659291e-10
57.20720720720721	0.12273422982455463	29866.340578278352	7.120797630520683e-10
57.48248248248248	0.12322622925800149	29787.886239473595	6.699091522669526e-10
57.75775775775776	0.12368943130205366	29709.637989068946	6.39417017366304e-10
58.033033033033036	0.12421611303315733	29631.595285699772	6.176035145837029e-10
58.30830830830831	0.12484360415493768	29553.757589423007	6.022350029801862e-10
58.58358358358358	0.12542331613628163	29476.124361713366	5.916658435720063e-10
58.85885885885886	0.12587554683629135	29398.695065459782	5.846669631221796e-10
59.134134134134136	0.1262884620231177	29321.469164961956	5.803129033087651e-10
59.40940940940941	0.12670729840425551	29244.446125926668	5.779148510439976e-10
59.68468468468468	0.12711877878281444	29167.62541546407	5.769632082273469e-10
59.95995995995996	0.12753772026233778	29091.00650208401	5.770809772775538e-10
60.23523523523524	0.1279907935432674	29014.588855692455	5.779900096513759e-10
60.510510510510514	0.12845603678390846	28938.37194758775	5.794852532905646e-10
60.78578578578579	0.1289018989365731	28862.355250456996	5.814151636332381e-10
61.06106106106106	0.12932972704189227	28786.53823837244	5.836679752144076e-10
61.33633633633634	0.1297633642122452	28710.920386787835	5.8616179144071e-10
61.611611611611615	0.1302561326075642	28635.50117253488	5.888374417010364e-10
61.88688688688689	0.13077585529497204	28560.28007381952	5.916510607131476e-10
62.16216216216216	0.13118637908482134	28485.256570218207	5.945678886578912e-10
62.43743743743744	0.13151052763956264	28410.43014267447	5.975627774002335e-10
62.712712712712715	0.13188673930881956	28335.800273495468	6.006200840845048e-10
62.98798798798799	0.13232574420886095	28261.36644634828	6.037286869403146e-10
63.26326326326326	0.13279045694485864	28187.128146256237	6.068797677120618e-10
63.53853853853854	0.13331485600582535	28113.084859595485	6.100676332781447e-10
63.813813813813816	0.13390940174971142	28039.23607409139	6.132883867050945e-10
64.0890890890891	0.13446913272030359	27965.581278814876	6.165370177820409e-10
64.36436436436436	0.13491736556515427	27892.119964178914	6.198082926255151e-10
64.63963963963964	0.13525851682235568	27818.85162193506	6.230985314484709e-10
64.91491491491492	0.13563508944039637	27745.77574517014	6.264081057741506e-10
65.1901901901902	0.13627870218365734	27672.89182830281	6.297422135563528e-10
65.46546546546547	0.13700213789548635	27600.19936707961	6.331006491330583e-10
65.74074074074073	0.13744663742234772	27527.69785857126	6.36475662925218e-10
66.01601601601601	0.13774663326205205	27455.386801169763	6.398645813349872e-10
66.29129129129129	0.13814134975167536	27383.26569458505	6.432706098523251e-10
66.56656656656656	0.1386174088811972	27311.334039841196	6.466957872399694e-10
66.84184184184184	0.13912220138784054	27239.591339272964	6.501404750499302e-10
67.11711711711712	0.1396303457085429	27168.037096522385	6.53604414441504e-10
67.3923923923924	0.14010940617078743	27096.67081653532	6.570867522900972e-10
67.66766766766767	0.1405183437910481	27025.492005557997	6.605860283405134e-10
67.94294294294295	0.14087192262948522	26954.50017113369	6.641015499329124e-10
68.21821821821823	0.14122688998129626	26883.694822099336	6.676340755404005e-10
68.4934934934935	0.1416370537233931	26813.07546858217	6.711853345970547e-10
68.76876876876878	0.1421298096207215	26742.64162199626	6.747571771266668e-10
69.04404404404404	0.14262700202492964	26672.392795039057	6.783492511898359e-10
69.31931931931932	0.14304657986253275	26602.328501687953	6.819595558013963e-10
69.5945945945946	0.1433686763032396	26532.44825719705	6.855862732220416e-10
69.86986986986987	0.1436448822261756	26462.751578093874	6.892292710961098e-10
70.14514514514515	0.14401240051083633	26393.237982176102	6.92891480017937e-10
70.42042042042041	0.14445379056029659	26323.90698850809	6.965746201374048e-10
70.69569569569569	0.14481874027757743	26254.758117417357	7.002766401397779e-10
70.97097097097097	0.14513377945506065	26185.790890491477	7.039967066869968e-10
71.24624624624624	0.14550046450556778	26117.00483057488	7.077365004008878e-10
71.52152152152152	0.1458589741937035	26048.39946176534	7.114959149831758e-10
71.7967967967968	0.14614509255939095	25979.97430941068	7.152734849432597e-10
72.07207207207207	0.14645641617650754	25911.728900105685	7.19070376605793e-10
72.34734734734735	0.14687880754794053	25843.662761688836	7.228893526316967e-10
72.62262262262263	0.14741428148904634	25775.77542323889	7.267324300221533e-10
72.8978978978979	0.14801034162047225	25708.066415071622	7.305998782284384e-10
73.17317317317318	0.14856649288819598	25640.535268736458	7.344896631570088e-10
73.44844844844846	0.14903775766298977	25573.18151701331	7.383993874489434e-10
73.72372372372374	0.14942677707721655	25506.004693909425	7.423274739895991e-10
73.998998998999	0.1497794366498273	25439.0043346562	7.462738915709624e-10
74.27427427427428	0.1501534219509836	25372.179975706014	7.502399526749735e-10
74.54954954954955	0.15058008483564828	25305.53115472894	7.54227312343657e-10
74.82482482482483	0.1510656751758203	25239.057410609552	7.582372962029957e-10
75.1001001001001	0.15157349418027813	25172.758283443665	7.622700254703032e-10
75.37537537537537	0.15208919757531494	25106.633314535167	7.66325291603184e-10
75.65065065065065	0.1526346943777364	25040.682046392936	7.704034823726795e-10
75.92592592592592	0.15314779830227856	24974.904022727518	7.745034823485521e-10
76.2012012012012	0.15351441307439875	24909.298788447915	7.786219545366289e-10
76.47647647647648	0.15385172530564345	24843.86588965875	7.827593160686618e-10
76.75175175175175	0.15434356307761452	24778.60487365722	7.869201023724682e-10
77.02702702702703	0.15486319689662617	24713.515288929568	7.911045609769522e-10
77.30230230230231	0.1552683043936949	24648.596685147866	7.953096246381554e-10
77.57757757757759	0.1556691046634133	24583.84861316731	7.995357653925261e-10
77.85285285285286	0.1561088067599005	24519.27062502301	8.037843421582795e-10
78.12812812812814	0.15643266746023868	24454.862273926592	8.080527429274655e-10
78.40340340340342	0.15661181777679664	24390.623114263304	8.123385454846828e-10
78.67867867867868	0.15677445555550917	24326.552701589135	8.166431043381797e-10
78.95395395395396	0.15701182338113429	24262.650592627706	8.209695086550486e-10
79.22922922922923	0.1573691212437337	24198.91634526714	8.253209712033478e-10
79.50450450450451	0.1577875319031128	24135.349518556846	8.296983509853113e-10
79.77977977977977	0.1581764749286335	24071.94967270443	8.341001418981728e-10
80.05505505505505	0.15848558386081615	24008.7163690727	8.38524165574219e-10
80.33033033033033	0.15874199745576206	23945.64917017673	8.429696174204774e-10
80.6056056056056	0.1591207935531991	23882.74763968109	8.474401470237187e-10
80.88088088088088	0.15965738227447598	23820.011342396603	8.519391253331893e-10
81.15615615615616	0.16017686381656318	23757.439844277014	8.564647076727103e-10
81.43143143143143	0.1606076559913635	23695.03271241616	8.610139689131333e-10
81.70670670670671	0.16097982320661527	23632.78951504509	8.655856891899783e-10
81.98198198198199	0.16134380818840302	23570.70982152914	8.701802962432208e-10
82.25725725725727	0.1617486870749466	23508.793202364956	8.747993030637358e-10
82.53253253253254	0.1621937102956338	23447.03922917741	8.79443756184347e-10
82.80780780780782	0.1626738341342378	23385.447474716693	8.841142823583734e-10
83.0830830830831	0.16321372382148683	23324.017512855346	8.888119444177827e-10
83.35835835835836	0.16377163439547765	23262.748918585232	8.935364845453058e-10
83.63363363363364	0.1641919219392969	23201.64126801441	8.982839834339614e-10
83.90890890890891	0.16448384416004988	23140.69413836447	9.030520816538815e-10
84.18418418418419	0.16483042015754415	23079.907107967887	9.078437132820606e-10
84.45945945945945	0.16531233316650906	23019.27975626491	9.126628664061698e-10
84.73473473473473	0.16590854412936007	22958.81166380055	9.175117395311819e-10
85.01001001001	0.16640503567931578	22898.502412221307	9.223865779785843e-10
85.28528528528528	0.1666240013154175	22838.35158427236	9.272805369775509e-10
85.56056056056056	0.1667822268217562	22778.358763795317	9.321944493385734e-10
85.83583583583584	0.16706566552671856	22718.52353572528	9.371335189575601e-10
86.11111111111111	0.1674094743405832	22658.84548608759	9.420996508502517e-10
86.38638638638639	0.16776599548100946	22599.324201994954	9.470929740777815e-10
86.66166166166167	0.1681485527656731	22539.95927164473	9.521139561033937e-10
86.93693693693695	0.16853891213924596	22480.75028431597	9.571624986954624e-10
87.21221221221222	0.1688968535625639	22421.696830366607	9.622375723634944e-10
87.4874874874875	0.16923375968300325	22362.798501230667	9.67338828263578e-10
87.76276276276278	0.16957424292309356	22304.054889415453	9.724667054014417e-10
88.03803803803804	0.16988706576665777	22245.465588498664	9.776207497902659e-10
88.31331331331332	0.17016720241447547	22187.030193125604	9.82800579967064e-10
88.58858858858859	0.17052038877184622	22128.7482990066	9.88008691376726e-10
88.86386386386387	0.170961052758489	22070.619502914	9.932471558032719e-10
89.13913913913915	0.17133498359838736	22012.643402679147	9.98513433116133e-10
89.41441441441442	0.17162621449579257	21954.81959718978	1.0038054853062216e-09
89.68968968968969	0.1719573967639941	21897.14768638753	1.0091251849236663e-09
89.96496496496496	0.17231614444875404	21839.62727126493	1.0144734958200907e-09
90.24024024024024	0.1726272880864978	21782.257953862503	1.0198491508817668e-09
90.51551551551552	0.1729506643258689	21725.039337266287	1.025252926346315e-09
90.7907907907908	0.1733547667677913	21667.971025605093	1.0306871752793317e-09
91.06606606606607	0.17376989412031438	21611.052624047516	1.0361516701567914e-09
91.34134134134135	0.17412595055685903	21554.2837387992	1.0416444727243692e-09
91.61661661661662	0.17441100271363907	21497.6639771002	1.0471640503302363e-09
91.8918918918919	0.17464052747016243	21441.192947222346	1.0527098580492076e-09
92.16716716716716	0.1748544243697174	21384.870258466573	1.0582826453238808e-09
92.44244244244244	0.17508401308075208	21328.695521160185	1.0638837854176907e-09
92.71771771771772	0.17535298526856044	21272.668346654173	1.0695148622994485e-09
92.992992992993	0.17568487539048477	21216.788347320475	1.0751775992004915e-09
93.26826826826827	0.17607733873748707	21161.055136549327	1.080873118175344e-09
93.54354354354355	0.17641644980815624	21105.468328746287	1.0865991363455266e-09
93.81881881881883	0.17664152006277833	21050.027539329745	1.0923525780636638e-09
94.0940940940941	0.17689925350218125	20994.732384728602	1.0981354748186521e-09
94.36936936936937	0.17725256261713745	20939.582482379472	1.1039509196586183e-09
94.64464464464464	0.17759331573136686	20884.577450723726	1.1097980292395379e-09
94.91991991991992	0.17790010850959498	20829.716909205014	1.1156757008128643e-09
95.1951951951952	0.17823979772442014	20775.00047826678	1.1215851151383148e-09
95.47047047047047	0.17861659222165288	20720.427779349528	1.1275272140477441e-09
95.74574574574575	0.17899990509687125	20665.998434888133	1.1335018219065034e-09
96.02102102102103	0.17937731181217276	20611.71206830929	1.1395085403955526e-09
96.2962962962963	0.17973960523683283	20557.56830402886	1.1455469156053217e-09
96.57157157157158	0.1800677336237232	20503.566767449305	1.1516161819183482e-09
96.84684684684684	0.1803726376110742	20449.707084957132	1.1577162101546086e-09
97.12212212212212	0.1807230755271679	20395.988883920414	1.1638489074754956e-09
97.3973973973974	0.18111338042316777	20342.41179268609	1.1700154055565926e-09
97.67267267267268	0.1814512955648806	20288.975440577196	1.1762138889581881e-09
97.94794794794795	0.18173918895851926	20235.6794578905	1.1824433175634506e-09
98.22322322322323	0.18204213874218786	20182.523475894064	1.1887049325112968e-09
98.4984984984985	0.18236368727975116	20129.507126824596	1.1949996938454913e-09
98.77377377377378	0.1826807031432711	20076.630043884805	1.2013276191843457e-09
99.04904904904905	0.1829730222833351	20023.891861240918	1.2076882040401704e-09
99.32432432432432	0.18322876348754571	19971.292214020123	1.2140808447495466e-09
99.5995995995996	0.18345409350571018	19918.830738308105	1.2205053932099055e-09
99.87487487487488	0.18366947146226495	19866.507071146552	1.2269624078897124e-09
100.15015015015015	0.18391141046223894	19814.320850530687	1.2334533710343658e-09
100.42542542542543	0.18420329247488557	19762.271715406725	1.2399799804064195e-09
100.70070070070071	0.1845482014724737	19710.359305669343	1.2465434820199683e-09
100.97597597597598	0.18487893311641232	19658.583262159034	1.2531427654180493e-09
101.25125125125126	0.1851120357194943	19606.94322665957	1.2597747259699643e-09
101.52652652652652	0.18527726440998288	19555.43884189579	1.26643832621699e-09
101.8018018018018	0.18544095065542202	19504.06975153118	1.2731349350100764e-09
102.07707707707708	0.18566763962970564	19452.835600165443	1.2798674146216267e-09
102.35235235235236	0.1859254759885274	19401.73603333181	1.2866367049351595e-09
102.62762762762763	0.18602041577543565	19350.77069749422	1.293437634809788e-09
102.90290290290291	0.18601665768157297	19299.939240045456	1.3002689026381906e-09
103.17817817817819	0.18625111075473275	19249.241309305315	1.3071399588122928e-09
103.45345345345346	0.18669052639976447	19198.67655451736	1.314055895671861e-09
103.72872872872873	0.1870816295751903	19148.244625845975	1.3210122928557447e-09
104.004004004004	0.18744766263917764	19097.945174374578	1.3280071345062631e-09
104.27927927927928	0.1878771327420881	19047.777852103358	1.3350419420066371e-09
104.55455455455456	0.1882664606429958	18997.742311946422	1.3421145567960024e-09
104.82982982982983	0.18856319342115024	18947.838207729495	1.3492220633554235e-09
105.10510510510511	0.18892945535353345	18898.065194188053	1.3563677247790948e-09
105.38038038038039	0.18940092197151454	18848.422926964646	1.3635547870403692e-09
105.65565565565566	0.18980954262397295	18798.911062605996	1.3707801251803224e-09
105.93093093093094	0.19012807465990111	18749.529258560968	1.3780409935670772e-09
106.2062062062062	0.19044937499245004	18700.277173178518	1.3853386537828213e-09
106.48148148148148	0.19077045165329942	18651.154465705036	1.3926738776355036e-09
106.75675675675676	0.19104126178200945	18602.160796281954	1.4000456419115287e-09
107.03203203203203	0.19123363913423433	18553.295825943373	1.40745248141496e-09
107.30730730730731	0.19135747328586866	18504.55921661386	1.4148938560938603e-09
107.58258258258259	0.19151050814778578	18455.950631106287	1.4223726138854875e-09
107.85785785785787	0.19175405506095902	18407.46973311946	1.4298925839973603e-09
108.13313313313314	0.19206046034411525	18359.116187235544	1.4374553635394704e-09
108.4084084084084	0.19237309960905485	18310.889658917647	1.4450602098788427e-09
108.68368368368368	0.19262478084102	18262.789814507523	1.4527045607568794e-09
108.95895895895896	0.19287207854819194	18214.81632122353	1.4603887338672446e-09
109.23423423423424	0.19322320370717577	18166.968847158507	1.4681165464901755e-09
109.50950950950951	0.19360694307209897	18119.247061276983	1.4758881358711476e-09
109.78478478478479	0.19393051700148511	18071.650633412843	1.483700620867921e-09
110.06006006006007	0.19427573035287296	18024.179234267496	1.4915549888064214e-09
110.33533533533534	0.194692983238553	17976.83253540752	1.499453608630818e-09
110.61061061061062	0.19508475111038553	17929.61020926199	1.507394801565012e-09
110.88588588588588	0.19542621865793877	17882.511929120414	1.5153767828888192e-09
111.16116116116116	0.1958014299221493	17835.537369130743	1.5234013369093398e-09
111.43643643643644	0.1961447292281785	17788.68620429674	1.5314674548009587e-09
111.71171171171171	0.19630548945113632	17741.958110475487	1.5395695280142316e-09
111.98698698698699	0.19646506743706768	17695.35276437604	1.5477102712659042e-09
112.26226226226227	0.19687381634319637	17648.869843557386	1.5558999268180158e-09
112.53753753753755	0.19734586561864212	17602.509026425032	1.5641386169041707e-09
112.81281281281282	0.19767352028798474	17556.269992228707	1.5724194307305378e-09
113.08808808808809	0.197926907073398	17510.15242106091	1.5807405866300259e-09
113.36336336336336	0.19817669452113387	17464.155993854692	1.5891034920434094e-09
113.63863863863864	0.19842289070486335	17418.280392381243	1.5975090988048151e-09
113.91391391391392	0.19871405827939262	17372.525299247864	1.6059597593149144e-09
114.1891891891892	0.19913037087809488	17326.89039789583	1.6144597982298423e-09
114.46446446446447	0.19950579059621262	17281.37537259752	1.6230061981145177e-09
114.73973973973975	0.19960354505293312	17235.979908454014	1.6315889284166788e-09
115.01501501501502	0.19966372933067794	17190.70369139426	1.6402103056507842e-09
115.2902902902903	0.19997397321293978	17145.54640817309	1.648881951333344e-09
115.56556556556556	0.20038815806370708	17100.507746367777	1.657605953000178e-09
115.84084084084084	0.2007602387633663	17055.587394375856	1.6663785217642766e-09
116.11611611611612	0.20112704761069727	17010.78504141353	1.6751987461410566e-09
116.3913913913914	0.20146721746754756	16966.100377513332	1.6840654039909832e-09
116.66666666666667	0.20167202169138515	16921.533093521724	1.6929739499479548e-09
116.94194194194195	0.2017904502034014	16877.08288109741	1.7019234476939786e-09
117.21721721721723	0.201978533842632	16832.749432709526	1.7109190312517544e-09
117.4924924924925	0.2022636080493606	16788.532441635176	1.7199649241194307e-09
117.76776776776778	0.20259880764354574	16744.431601957032	1.7290621099495576e-09
118.04304304304304	0.20287936845838075	16700.44660856107	1.7382074736516842e-09
118.31831831831832	0.2030557127624852	16656.577157134598	1.7473973988509206e-09
118.5935935935936	0.20325520933466326	16612.822944164727	1.7566344538096491e-09
118.86886886886887	0.20352349874163958	16569.183666935987	1.7659219851808726e-09
119.14414414414415	0.2037448676837285	16525.65902352776	1.7752578485506175e-09
119.41941941941943	0.2039010954028013	16482.24871281249	1.7846401597045382e-09
119.6946946946947	0.20407257373685042	16438.952434453884	1.7940708682432722e-09
119.96996996996998	0.20428123339262	16395.76988890467	1.8035520821323817e-09
120.24524524524524	0.20451393512174593	16352.70077740443	1.8130846948323816e-09
120.52052052052052	0.20476322794173163	16309.744801977511	1.8226690769270663e-09
120.7957957957958	0.20503781555622116	16266.901665431058	1.8323058943372723e-09
121.07107107107107	0.2053907046745911	16224.17107135307	1.84199768369005e-09
121.34634634634635	0.20581080161982532	16181.552724110163	1.8517456753567057e-09
121.62162162162163	0.20615213834007298	16139.046328845068	1.861545131500877e-09
121.8968968968969	0.20637347674929557	16096.651591474942	1.871391709628939e-09
122.17217217217218	0.20656669660196358	16054.368218689759	1.8812864320767476e-09
122.44744744744746	0.2067386485903456	16012.195917949995	1.891230277757045e-09
122.72272272272272	0.20685173476826363	15970.13439748449	1.9012224706949407e-09
122.997997997998	0.20702791693395572	15928.183366288918	1.9112674067611023e-09
123.27327327327328	0.20739495128277	15886.342534123842	1.9213728710501287e-09
123.54854854854855	0.20781715401681056	15844.611611511791	1.931538345349296e-09
123.82382382382383	0.2081517001218381	15802.990309735247	1.9417579975321723e-09
124.0990990990991	0.20839987899065404	15761.478340835109	1.9520284866311705e-09
124.37437437437438	0.20859961401728927	15720.07541760884	1.9623494203571607e-09
124.64964964964966	0.20880856051003538	15678.781253608553	1.972722970336292e-09
124.92492492492492	0.20903190168562005	15637.595563138839	1.9831507579485427e-09
125.2002002002002	0.20922829750012076	15596.518061254641	1.9936322048831604e-09
125.47547547547548	0.20937230661572015	15555.54846375933	2.0041660457145647e-09
125.75075075075075	0.2094703807460279	15514.68648720285	2.0147518878817073e-09
126.02602602602603	0.2096454314126883	15473.93184888016	2.0253946157368667e-09
126.30130130130131	0.20996754103272391	15433.284266829125	2.0361001568900572e-09
126.57657657657658	0.21023450170299401	15392.743459827567	2.0468638859995563e-09
126.85185185185186	0.21035647574205604	15352.309147391725	2.0576794477287127e-09
127.12712712712714	0.21053258409772588	15311.981049775337	2.068551400746654e-09
127.4024024024024	0.2108331848013818	15271.75888796728	2.079485523559974e-09
127.67767767767768	0.2111568480986291	15231.642383688986	2.090481169011067e-09
127.95295295295296	0.21144931869724115	15191.631259392703	2.1015358090130163e-09
128.22822822822823	0.21169895413042786	15151.725238259716	2.112647572413365e-09
128.5035035035035	0.21192307850867434	15111.924044198537	2.1238161974021494e-09
128.7787787787788	0.21214659496622748	15072.22740184304	2.1350427047030244e-09
129.05405405405406	0.212378734926205	15032.6350365505	2.14632821850927e-09
129.32932932932934	0.21262033377992937	14993.146674399628	2.1576735704310716e-09
129.60460460460462	0.21286262923900842	14953.762042188675	2.1690790081973526e-09
129.87987987987987	0.2131313498553474	14914.48086743365	2.1805459183837337e-09
130.15515515515517	0.2134932038943706	14875.302878366614	2.1920781462181265e-09
130.43043043043042	0.21387612371699508	14836.22780393328	2.2036749885779254e-09
130.70570570570572	0.21411333331735494	14797.255373790696	2.2153289035459782e-09
130.98098098098097	0.2142610998816657	14758.38531830633	2.2270380043960253e-09
131.25625625625628	0.21446299413410755	14719.617368556452	2.2388075875286224e-09
131.53153153153153	0.21471401373030555	14680.951256323791	2.2506406973379064e-09
131.80680680680683	0.21497240037358514	14642.38671409546	2.2625374272388168e-09
132.08208208208208	0.21522248216516238	14603.923475061276	2.2744972759815796e-09
132.35735735735736	0.21544368239227946	14565.561273111798	2.286519167075648e-09
132.63263263263264	0.21560221118160838	14527.29984283652	2.298601084152973e-09
132.9079079079079	0.21573896488592714	14489.138919522295	2.3107437993527798e-09
133.1831831831832	0.21596504244370632	14451.078239151799	2.322952913174137e-09
133.45845845845847	0.2162812102712302	14413.117538401257	2.3352319149647095e-09
133.73373373373374	0.21661242679834983	14375.256554638318	2.347579605470226e-09
134.00900900900902	0.2168700877784222	14337.495025920167	2.359991384365964e-09
134.2842842842843	0.21701376288520907	14299.83269099191	2.3724628292208057e-09
134.55955955955955	0.21719454315724213	14262.269289285567	2.3849984168422326e-09
134.83483483483485	0.217504308338113	14224.80456091801	2.397605166326593e-09
135.1101101101101	0.21781844372307735	14187.43824668831	2.4102815810455845e-09
135.3853853853854	0.21808166359556358	14150.170088076164	2.4230243632020027e-09
135.66066066066065	0.21835806858869583	14112.999827240666	2.4358347215512178e-09
135.93593593593596	0.21860539636336232	14075.927207018027	2.4487115298017694e-09
136.2112112112112	0.2187187037898149	14038.951970919567	2.4616493268645866e-09
136.4864864864865	0.21883368575464887	14002.073863130916	2.474651454895927e-09
136.76176176176176	0.21912562105021846	13965.292628510504	2.4877283359246314e-09
137.03703703703704	0.21940073529824644	13928.608012586115	2.5008769997030885e-09
137.31231231231232	0.21949623352630976	13892.019761553309	2.514088071513359e-09
137.5875875875876	0.2196180990803362	13855.527622275242	2.5273661033337663e-09
137.86286286286287	0.2198667333816828	13819.131342280496	2.5407187506121797e-09
138.13813813813815	0.22007853821390064	13782.83066976014	2.554142721652157e-09
138.41341341341342	0.2202038709803608	13746.62535356649	2.5676338337034084e-09
138.6886886886887	0.2203239397079997	13710.515143211938	2.5811937591630132e-09
138.96396396396398	0.22045000944730028	13674.499788866959	2.5948241738571636e-09
139.23923923923923	0.22056198812645725	13638.579041358189	2.608525216260766e-09
139.51451451451453	0.22072948820894442	13602.752652167144	2.622300574334809e-09
139.78978978978978	0.2210063117202154	13567.020373428422	2.6361552509136167e-09
140.06506506506508	0.2212792031185817	13531.3819579272	2.650086683494063e-09
140.34034034034033	0.22148261501733713	13495.837159097786	2.6640902641718924e-09
140.61561561561564	0.2217172245804529	13460.38573102262	2.6781685483131467e-09
140.8908908908909	0.22202998200186888	13425.027428430383	2.692325566473918e-09
141.1661661661662	0.22237593031803787	13389.76200669384	2.706561555881605e-09
141.44144144144144	0.22269355517117695	13354.589221828079	2.7208736971914864e-09
141.71671671671672	0.22292715102050145	13319.508830488825	2.7352576765777746e-09
141.991991991992	0.223129735815544	13284.520589971298	2.749713875408466e-09
142.26726726726727	0.22337087469945044	13249.624258208612	2.7642462584429257e-09
142.54254254254255	0.22357200898163945	13214.81959376938	2.7788532216204436e-09
142.81781781781783	0.223698623987521	13180.106355856247	2.793532204325515e-09
143.0930930930931	0.22392771632376468	13145.484304305282	2.8082911201365043e-09
143.36836836836838	0.22428928034643517	13110.953199583588	2.8231363015599724e-09
143.64364364364366	0.22454786769638346	13076.512802786328	2.838059217808859e-09
143.9189189189189	0.22466919571270827	13042.16287563607	2.853053308535525e-09
144.1941941941942	0.22482275897299261	13007.903180482128	2.868123927194094e-09
144.46946946946946	0.22510216803007577	12973.73348029861	2.8832793166910983e-09
144.74474474474476	0.22552162920190008	12939.653538682309	2.8985251878434444e-09
145.02002002002	0.22592440834338554	12905.663119850253	2.9138566267034716e-09
145.29529529529532	0.22617622099144014	12871.761988638142	2.9292637738048165e-09
145.57057057057057	0.22640464009466973	12837.949910500076	2.9447480301754433e-09
145.84584584584587	0.2266842767407022	12804.226651506662	2.9603144169569435e-09
146.12112112112112	0.22689275747724397	12770.591978342389	2.9759593352424873e-09
146.3963963963964	0.22703586173166565	12737.045658304634	2.9916812083267116e-09
146.67167167167167	0.227280230044075	12703.587459302958	3.0074884470816347e-09
146.94694694694695	0.22758986064618084	12670.217149856397	3.0233840849922943e-09
147.22222222222223	0.22779846828733252	12636.93449909119	3.0393608628644014e-09
147.4974974974975	0.22790623041585625	12603.739276740038	3.0554148149037385e-09
147.77277277277278	0.22800368274632285	12570.631253141013	3.0715488829724125e-09
148.04804804804806	0.22824594794153522	12537.610199236315	3.0877736197930783e-09
148.32332332332334	0.22865807647233652	12504.675886570001	3.1040966897635173e-09
148.59859859859858	0.22891876213823562	12471.828087284523	3.120504553741397e-09
148.8738738738739	0.22892375929519312	12439.066574120268	3.1369837623618813e-09
149.14914914914914	0.22894929260737898	12406.391120416152	3.1535425027949356e-09
149.42442442442444	0.22912508098474205	12373.801500107189	3.1701930361139535e-09
149.6996996996997	0.22941467040255348	12341.297487722075	3.1869404879986862e-09
149.974974974975	0.22970616966306673	12308.878858381167	3.2037815594796473e-09
150.25025025025025	0.22989131557409725	12276.545387794942	3.2207083166410765e-09
150.52552552552555	0.2300827281596122	12244.29685226368	3.237722989426534e-09
150.8008008008008	0.230395478145666	12212.133028675964	3.2548337726635663e-09
151.07607607607608	0.23073289885349338	12180.053694505912	3.2720398829557724e-09
151.35135135135135	0.23104598698881432	12148.058627811917	3.289338214299706e-09
151.62662662662663	0.2314380225741067	12116.14760723597	3.306733322737279e-09
151.9019019019019	0.2318467870268241	12084.320412001198	3.324224326104692e-09
152.17717717717719	0.23203551472580025	12052.576821909293	3.3417968616055988e-09
152.45245245245246	0.23210728095458938	12020.916617340965	3.3594491337239043e-09
152.72772772772774	0.2323513310383684	11989.339579255537	3.3771976337436473e-09
153.00300300300302	0.23269450261351488	11957.845489187313	3.3950475116536218e-09
153.2782782782783	0.2329680177296308	11926.434129243475	3.4129917183456814e-09
153.55355355355357	0.23322206163359877	11895.10528210389	3.4310295382115014e-09
153.82882882882885	0.2335119604556534	11863.858731019609	3.4491641535525135e-09
154.10410410410412	0.23378510740903458	11832.694259810762	3.4673943677687644e-09
154.37937937937937	0.23401080471239727	11801.611652865151	3.485717843511392e-09
154.65465465465465	0.23420840574453214	11770.610695137088	3.504134668504423e-09
154.92992992992993	0.23438870464000472	11739.691172145851	3.522645769705321e-09
155.2052052052052	0.23455409248117032	11708.85286997413	3.5412520293269236e-09
155.48048048048048	0.23472450160609862	11678.095575266681	3.5599554027095144e-09
155.75575575575576	0.23492736016809415	11647.419075228901	3.578758932459259e-09
156.03103103103103	0.23518113567479573	11616.823157625282	3.5976657284793904e-09
156.3063063063063	0.23548598362188544	11586.307610777838	3.616677796354111e-09
156.5815815815816	0.23579781199964284	11555.87222356437	3.6357937182068175e-09
156.85685685685687	0.2360804221698986	11525.516785417023	3.6550106412621347e-09
157.13213213213214	0.23632548211683851	11495.24108632104	3.6743266712833438e-09
157.40740740740742	0.23654821580504387	11465.044916813426	3.693741952838278e-09
157.6826826826827	0.2367839889778808	11434.928067981655	3.7132590728271315e-09
157.95795795795797	0.23704710721614974	11404.890331462077	3.732880640645926e-09
158.23323323323325	0.2373324267051857	11374.931499438362	3.75260802782916e-09
158.50850850850853	0.23760230074696917	11345.051364639845	3.772439797683182e-09
158.7837837837838	0.2378208534683902	11315.249720340093	3.792373045837003e-09
159.05905905905905	0.23800481280859173	11285.526360355818	3.812407483765994e-09
159.33433433433433	0.23819461844134124	11255.881079045621	3.832545847993443e-09
159.6096096096096	0.2384530459182954	11226.313671308717	3.852794064223219e-09
159.88488488488488	0.23873600641077006	11196.823932582824	3.873152765414816e-09
160.16016016016016	0.23887579668636896	11167.411658841851	3.893611367901338e-09
160.43543543543544	0.23901869703890374	11138.07664659666	3.914174014023378e-09
160.7107107107107	0.23949660316816881	11108.818692894944	3.934865603428504e-09
160.985985985986	0.24002267466357724	11079.637595315573	3.95568090123674e-09
161.26126126126127	0.24016511843806473	11050.533151966163	3.976588027759971e-09
161.53653653653654	0.2402541873441994	11021.505161486917	3.997591993003567e-09
161.81181181181182	0.24061872739140694	10992.553423049305	4.018718252375521e-09
162.0870870870871	0.24098553365386946	10963.677736350459	4.039962463064481e-09
162.36236236236238	0.24119175935553205	10934.877901612514	4.061311295484701e-09
162.63763763763765	0.2414118334939591	10906.153719583626	4.082769677470095e-09
162.91291291291293	0.24171658676230512	10877.50499153587	4.10434550310719e-09
163.1881881881882	0.24204428653373325	10848.93151926292	4.126039115680629e-09
163.46346346346348	0.2423536795581906	10820.433105078824	4.147848105325004e-09
163.73873873873873	0.24261913421279432	10792.009551816722	4.169769621021796e-09
164.014014014014	0.24281154504583713	10763.660662827473	4.191800305515982e-09
164.2892892892893	0.2429578506454812	10735.3862419787	4.213940462597344e-09
164.56456456456456	0.24328062319028854	10707.186093654895	4.236206321389362e-09
164.83983983983984	0.24381810977732865	10679.0600227547	4.2586098501604896e-09
165.11511511511512	0.2441604463444468	10651.007834686236	4.281128638053728e-09
165.3903903903904	0.24423432419864244	10623.029335368194	4.3037454054485675e-09
165.66566566566567	0.24442522743731934	10595.124331231995	4.326478661860637e-09
165.94094094094095	0.2447506680672677	10567.292629217676	4.34934009832589e-09
166.21621621621622	0.24496902366265438	10539.534036770594	4.372318881628801e-09
166.4914914914915	0.24518638173502738	10511.848361842722	4.395417096324942e-09
166.76676676676678	0.24558317497442303	10484.235412891925	4.418649387986761e-09
167.04204204204206	0.24593920317282475	10456.694998877521	4.442007910749665e-09
167.31731731731733	0.2460950129235208	10429.226929259428	4.465476920429561e-09
167.5925925925926	0.2463228493020102	10401.831014000192	4.489068238139667e-09
167.8678678678679	0.24670152652803068	10374.507063562192	4.5127944701761935e-09
168.14314314314316	0.24691944983591244	10347.25488890326	4.536639563260226e-09
168.4184184184184	0.24689021626976848	10320.074301477098	4.560588561366509e-09
168.6936936936937	0.24677384046207462	10292.96511323393	4.584645537117637e-09
168.96896896896897	0.24674158698889564	10265.92713661935	4.608825865405988e-09
169.24424424424424	0.2469215519348149	10238.960184572688	4.6331479868541314e-09
169.51951951951952	0.24719410199203293	10212.064070523717	4.6576132101063465e-09
169.7947947947948	0.24740087759239585	10185.23860839101	4.682210465017566e-09
170.07007007007007	0.24753823061623303	10158.483612581922	4.7069337654997955e-09
170.34534534534535	0.24763861024726086	10131.798897991577	4.731782660545993e-09
170.62062062062063	0.2477429760120585	10105.184280001693	4.756760382136249e-09
170.8958958958959	0.24786906297837796	10078.639574479108	4.781870381446228e-09
171.17117117117118	0.24800631980025356	10052.16459777427	4.8071140292280105e-09
171.44644644644646	0.2481458865103631	10025.759166719967	4.832491698925212e-09
171.72172172172174	0.24828402430513052	9999.42309863013	4.858003624217896e-09
171.996996996997	0.24843670145367902	9973.156211298703	4.883651531291973e-09
172.2722722722723	0.24862041882704516	9946.958322998411	4.909438013387761e-09
172.54754754754757	0.24881800504021107	9920.829252479209	4.935363444061491e-09
172.82282282282284	0.24898538392519673	9894.768818966797	4.961424811827499e-09
173.0980980980981	0.24903785178510648	9868.776842161002	4.987613937946154e-09
173.37337337337337	0.24905064554289108	9842.8531422359	5.01393279129867e-09
173.64864864864865	0.24931976391460742	9816.99753984057	5.040406970073516e-09
173.92392392392392	0.24974116800925697	9791.209856094349	5.067042221936318e-09
174.1991991991992	0.2498909416672499	9765.489912582701	5.09380709397573e-09
174.47447447447448	0.24988134034888615	9739.837531360718	5.120694161901337e-09
174.74974974974975	0.25003856642015887	9714.252534953848	5.147726815869215e-09
175.02502502502503	0.2502148418865179	9688.73474635244	5.174905714433059e-09
175.3003003003003	0.25024632155663934	9663.283989010333	5.202217804634174e-09
175.57557557557558	0.2503971551903733	9637.90008684752	5.229678629018466e-09
175.85085085085086	0.2507528032158209	9612.582864247344	5.257304223554851e-09
176.12612612612614	0.2509385726083866	9587.332146051036	5.285071777365853e-09
176.40140140140142	0.25089898839847263	9562.147757559396	5.312964563936444e-09
176.6766766766767	0.2509651365664884	9537.029524535195	5.341002248980587e-09
176.95195195195197	0.2511674909645649	9511.97727319922	5.3691984334463205e-09
177.22722722722725	0.25134217196499187	9486.990830227218	5.397546657295767e-09
177.50250250250252	0.2515100998830936	9462.070022750433	5.42604564079351e-09
177.77777777777777	0.25173948119070866	9437.214678354867	5.454701039148066e-09
178.05305305305305	0.25197585197599753	9412.424625078907	5.483511509130074e-09
178.32832832832833	0.2521876374260891	9387.699691412365	5.51247392916998e-09
178.6036036036036	0.2524605072189743	9363.039706296415	5.54159458837139e-09
178.87887887887888	0.25275737453448976	9338.444499121226	5.570873966208374e-09
179.15415415415416	0.25286426019406155	9313.913899723046	5.600293596757607e-09
179.42942942942943	0.2528327013221904	9289.447738385581	5.629848490020614e-09
179.7047047047047	0.25292070344476253	9265.04584584091	5.65955949931363e-09
179.97997997998	0.2531039686205053	9240.708053265535	5.689436014547661e-09
180.25525525525526	0.2532527711192308	9216.434192278148	5.7194717013308885e-09
180.53053053053054	0.2534675644230719	9192.224094940771	5.749672745167278e-09
180.80580580580582	0.25382238273089286	9168.077593757333	5.780049691559981e-09
181.0810810810811	0.2541101493942591	9143.994521669667	5.8105895615733285e-09
181.35635635635637	0.25423182868769173	9119.974712057416	5.841276646223539e-09
181.63163163163165	0.25435672437149426	9096.017998739635	5.8721186078289255e-09
181.90690690690693	0.2545636784362989	9072.124215972723	5.903127271494415e-09
182.1821821821822	0.2548061079153108	9048.293198447998	5.934305015532334e-09
182.45745745745745	0.25501796744087263	9024.524781290347	5.965647321508338e-09
182.73273273273273	0.25514590920294905	9000.818800057186	5.997147135347038e-09
183.008008008008	0.25527411927409027	8977.175090738772	6.028809054671995e-09
183.28328328328328	0.25548923782371397	8953.593489757122	6.06064419304343e-09
183.55855855855856	0.25568855713188676	8930.073833962877	6.092649082522971e-09
183.83383383383384	0.2558059531013369	8906.615960634519	6.124815931307499e-09
184.1091091091091	0.25594646410418825	8883.219707479111	6.157151122725132e-09
184.3843843843844	0.2561862351700371	8859.884912630863	6.189665871108264e-09
184.65965965965967	0.2565296890124204	8836.611414649253	6.222367051445217e-09
184.93493493493494	0.2569044427790855	8813.399052517067	6.255251725005515e-09
185.21021021021022	0.257196817671127	8790.247665638824	6.288307631775625e-09
185.4854854854855	0.2574355118620405	8767.157093841193	6.3215315174465476e-09
185.76076076076077	0.25770021211653293	8744.127177372486	6.35492995290968e-09
186.03603603603605	0.2579752595761325	8721.157756900477	6.388505299042263e-09
186.31131131131133	0.25822927933719186	8698.24867351115	6.422256117924059e-09
186.5865865865866	0.25846417915805187	8675.399768707948	6.456182273626616e-09
186.86186186186188	0.25867016160005885	8652.610884410535	6.490283139809382e-09
187.13713713713713	0.2588112683016112	8629.881862953436	6.5245551763055695e-09
187.4124124124124	0.2588978962243913	8607.212547085428	6.558997965530605e-09
187.68768768768768	0.2589902327450294	8584.60277996907	6.593617815687724e-09
187.96296296296296	0.25915723476648894	8562.052405179704	6.628425556779415e-09
188.23823823823824	0.2594459143100256	8539.561266704146	6.663432243406751e-09
188.51351351351352	0.2597467290088837	8517.129208937791	6.698632934476121e-09
188.7887887887888	0.2599522810961345	8494.7560766835	6.734014386598841e-09
189.06406406406407	0.26016320095668444	8472.441715153003	6.769580538403769e-09
189.33933933933935	0.2604470640046443	8450.18596996544	6.8053409934982635e-09
189.61461461461462	0.26071381692667117	8427.988687144421	6.841291856568917e-09
189.8898898898899	0.26090298730017175	8405.849713117304	6.877425182752787e-09
190.16516516516518	0.2610186920161293	8383.768894714894	6.913737666054138e-09
190.44044044044045	0.26112433504927013	8361.746079171106	6.9502347248377354e-09
190.71571571571573	0.26130830731870985	8339.781114122237	6.9869290973179485e-09
190.990990990991	0.26152203734314117	8317.873847604244	7.023822782135755e-09
191.26626626626629	0.2616896606251923	8296.024128051336	7.060909169452715e-09
191.54154154154156	0.2619001093720136	8274.231804296964	7.098194895285588e-09
191.8168168168168	0.26218708922184	8252.496725572104	7.1356876220123314e-09
192.0920920920921	0.2623292167376435	8230.818741501012	7.1733677465824865e-09
192.36736736736736	0.2622702863166228	8209.197702102229	7.211219257702586e-09
192.64264264264264	0.2622629223357182	8187.633457791419	7.2492619178823255e-09
192.91791791791792	0.26238618537238045	8166.125859378229	7.287515311256948e-09
193.1931931931932	0.2625371042831006	8144.674758062917	7.325978827705724e-09
193.46846846846847	0.26270243311254105	8123.280005436443	7.364651225826923e-09
193.74374374374375	0.2629126137158071	8101.941453480024	7.403535822868557e-09
194.01901901901903	0.26312266497212733	8080.658954563127	7.442629841915729e-09
194.2942942942943	0.26328687890852337	8059.432361442415	7.481927190170656e-09
194.56956956956958	0.2634439423430054	8038.261527261841	7.521429587916295e-09
194.84484484484486	0.2636215032965264	8017.146305551502	7.56114160808112e-09
195.12012012012013	0.2637937398917784	7996.086550225902	7.601063210734305e-09
195.3953953953954	0.2639588114627467	7975.082115583272	7.641194693421065e-09
195.6706706706707	0.26414892949090496	7954.132856305015	7.681540473424609e-09
195.94594594594597	0.2643764711613864	7933.238627454437	7.722104849172969e-09
196.22122122122124	0.2646387481638732	7912.39928447555	7.762890320235309e-09
196.4964964964965	0.2649394187831105	7891.614683192155	7.8038991978309e-09
196.77177177177177	0.2652633514685189	7870.884679806574	7.845131488725555e-09
197.04704704704704	0.2655052253610877	7850.209130897426	7.886575326540959e-09
197.32232232232232	0.2656170952710479	7829.587893419387	7.928219371784564e-09
197.5975975975976	0.26574472390188464	7809.020824704894	7.970075562778516e-09
197.87287287287288	0.26595136959602195	7788.507782462058	8.012158202013503e-09
198.14814814814815	0.26614038576142796	7768.048624771417	8.054463691478305e-09
198.42342342342343	0.26627055325526744	7747.643210085732	8.09698575003363e-09
198.6986986986987	0.2663683327287372	7727.291397229946	8.139724855544565e-09
198.97397397397398	0.2665173471010344	7706.993045401042	8.182691982775275e-09
199.24924924924926	0.266797604111196	7686.7480141670485	8.225903224115919e-09
199.52452452452454	0.2671077419305669	7666.556163463449	8.269355130414454e-09
199.7997997997998	0.2673237257735147	7646.417353591858	8.313031240483177e-09
200.0750750750751	0.2674370354416953	7626.3314452207005	8.3569225316908e-09
200.35035035035037	0.26750618559896794	7606.29829938525	8.401032120764993e-09
200.62562562562564	0.2676661677269825	7586.3177774878095	8.445379030080784e-09
200.90090090090092	0.26789767772286704	7566.389741294499	8.489971306401661e-09
201.17617617617617	0.2680139969976898	7546.514052931778	8.534790195863734e-09
201.45145145145145	0.2680149514127682	7526.690574888256	8.579826520499839e-09
201.72672672672672	0.2680249717947307	7506.919170015607	8.625091873386166e-09
202.002002002002	0.2680937773658676	7487.199701526543	8.670599177120548e-09
202.27727727727728	0.2682412335611556	7467.532032993425	8.716358314686319e-09
202.55255255255256	0.26849712626380595	7447.916028347456	8.762378944187558e-09
202.82782782782783	0.26884401201537017	7428.351551877046	8.80866451993608e-09
203.1031031031031	0.26915187831738524	7408.838468225098	8.855200595795246e-09
203.3783783783784	0.2693322720297318	7389.376642388685	8.901968800010923e-09
203.65365365365366	0.26938310447532	7369.965939719448	8.948959949027572e-09
203.92892892892894	0.2694253296205056	7350.6062259246055	8.996185777138402e-09
204.20420420420422	0.2696467866925772	7331.297367067113	9.043677829052606e-09
204.4794794794795	0.2699366032830821	7312.0392295600595	9.091438316497068e-09
204.75475475475477	0.2700847463423909	7292.831680164095	9.139440992205092e-09
205.03003003003005	0.27017935871146515	7273.674585991253	9.187684797976001e-09
205.30530530530532	0.27035114774272956	7254.567814504744	9.236187430786388e-09
205.5805805805806	0.270583298947651	7235.511233515681	9.284956392521809e-09
205.85585585585588	0.2708353910177312	7216.504711181783	9.333990746918384e-09
206.13113113113113	0.2710726365276459	7197.548116006535	9.383285958317716e-09
206.4064064064064	0.2712753078668365	7178.6413168385	9.432837666937568e-09
206.68168168168168	0.2714429418594141	7159.7841828707515	9.482644224683096e-09
206.95695695695696	0.27162087582898287	7140.976583640726	9.532711710040925e-09
207.23223223223223	0.2718692715179399	7122.218389029573	9.583052284727747e-09
207.5075075075075	0.2721537907616505	7103.509469259694	9.633668108628904e-09
207.7827827827828	0.2724010454275213	7084.849694893165	9.684550722018202e-09
208.05805805805807	0.2725327796101743	7066.238936830718	9.735685457631453e-09
208.33333333333334	0.27254829569423866	7047.677066312173	9.787065313222108e-09
208.60860860860862	0.2726144504950252	7029.16395491843	9.838710986034137e-09
208.8838838838839	0.2728047028576347	7010.699474569016	9.890644239346637e-09
209.15915915915917	0.27304315579053606	6992.283497518636	9.94286610199175e-09
209.43443443443445	0.27329359848461005	6973.915896356937	9.995372669642117e-09
209.70970970970973	0.2735513730942919	6955.596544008174	1.0048162038947088e-08
209.984984984985	0.27373531309761506	6937.325313728976	1.010122218508369e-08
210.26026026026028	0.273773734259315	6919.102079107609	1.0154537183397958e-08
210.53553553553556	0.27382171458886023	6900.926714067141	1.0208122239996782e-08
210.8108108108108	0.2740110088465803	6882.799092864193	1.026200520315243e-08
211.08608608608608	0.27422871984959163	6864.719090083718	1.0316184375565929e-08
211.36136136136136	0.27442928913821946	6846.686580639283	1.0370652921804996e-08
211.63663663663664	0.27473875493685607	6828.701439775348	1.0425426960173546e-08
211.91191191191191	0.2751382857866871	6810.763543063773	1.0480512700822568e-08
212.1871871871872	0.2754571135742931	6792.872766400146	1.0535888443429083e-08
212.46246246246247	0.2756391837585231	6775.02898600499	1.0591535464783334e-08
212.73773773773775	0.2757219330842064	6757.232078424629	1.0647450601246312e-08
213.01301301301302	0.27585033021890304	6739.481920532387	1.0703654964269912e-08
213.2882882882883	0.276130110247809	6721.778389527021	1.0760176196474399e-08
213.56356356356358	0.2763933998257446	6704.121362926755	1.0817003381281513e-08
213.83883883883885	0.2765208538080067	6686.510718569261	1.087411337803992e-08
214.11411411411413	0.2766128457460318	6668.946334614998	1.0931510722359886e-08
214.3893893893894	0.2767443349436489	6651.428089545907	1.098921009539541e-08
214.66466466466468	0.2769210305898743	6633.955862163278	1.104722061396962e-08
214.93993993993996	0.27708983306711704	6616.529531585748	1.1105539379053486e-08
215.21521521521524	0.27717428957931073	6599.148977247998	1.1164153657392652e-08
215.4904904904905	0.27724525462420885	6581.814078902777	1.122306898263054e-08
215.76576576576576	0.2774139759243493	6564.524716620907	1.1282306658656234e-08
216.04104104104104	0.2776608182252529	6547.280770787895	1.1341875199687377e-08
216.31631631631632	0.27792453501419867	6530.082122102261	1.1401769976168852e-08
216.5915915915916	0.2781314320785137	6512.928651574437	1.1461977633667288e-08
216.86686686686687	0.27826512790201263	6495.8202405270695	1.1522489589689544e-08
217.14214214214215	0.2783994752651006	6478.756770596028	1.1583314309420981e-08
217.41741741741743	0.2785723825284042	6461.738123728881	1.1644463068774976e-08
217.6926926926927	0.2787803724427707	6444.764182183256	1.170594184293539e-08
217.96796796796798	0.27902530377188717	6427.834828526124	1.1767754841197174e-08
218.24324324324326	0.27931037055720714	6410.949945633016	1.182990562055734e-08
218.51851851851853	0.27962283530506526	6394.109416686876	1.1892394767969459e-08
218.7937937937938	0.27993476515999705	6377.313125176942	1.1955218824715236e-08
219.0690690690691	0.28018741834783933	6360.560954897264	1.2018367092879882e-08
219.34434434434436	0.2803703859176495	6343.852789946907	1.2081833291079461e-08
219.61961961961964	0.28057642990171844	6327.188514731346	1.2145630763793047e-08
219.89489489489492	0.28081993693001234	6310.568013960018	1.220976951157194e-08
220.17017017017017	0.2810158611173462	6293.991172643411	1.2274240947624878e-08
220.44544544544544	0.2811838736128137	6277.457876094468	1.2339045005507792e-08
220.72072072072072	0.2814007889898678	6260.968009929065	1.2404195732465459e-08
220.995995995996	0.28156695083515626	6244.521460061395	1.2469683861540416e-08
221.27127127127127	0.28156839810212775	6228.11811270281	1.2535485829890686e-08
221.54654654654655	0.28156306357634886	6211.757854366991	1.2601618105855823e-08
221.82182182182183	0.281690078966998	6195.440571868832	1.2668114147094944e-08
222.0970970970971	0.28187042032507675	6179.166152318836	1.2734977799886098e-08
222.37237237237238	0.2820386501630405	6162.934483122605	1.2802200437167133e-08
222.64764764764766	0.2821952008726182	6146.74545198151	1.2869778796650429e-08
222.92292292292294	0.28230192543889826	6130.59894689105	1.2937705377485378e-08
223.1981981981982	0.28229827409942804	6114.494856139533	1.3005966446014112e-08
223.4734734734735	0.2822922348507409	6098.433068311156	1.3074575403986403e-08
223.74874874874877	0.28243986391760095	6082.413472286392	1.3143568130831911e-08
224.02402402402404	0.28264722005830817	6066.435957235496	1.321294654647317e-08
224.29929929929932	0.2827891400251186	6050.5004126169715	1.3282689797606076e-08
224.5745745745746	0.28290178072816097	6034.606728180504	1.3352795090801243e-08
224.84984984984985	0.2830349717996187	6018.754793966565	1.3423271179033504e-08
225.12512512512512	0.2832055200556823	6002.944500304864	1.3494126537627148e-08
225.4004004004004	0.28339368678041255	5987.175737812763	1.3565362746985633e-08
225.67567567567568	0.28354881959065803	5971.448397393751	1.363697214481905e-08
225.95095095095095	0.28370083477152275	5955.7623702385945	1.3708957527219801e-08
226.22622622622623	0.28392130910018193	5940.117547825625	1.37813348087015e-08
226.5015015015015	0.28417407594105043	5924.51382191739	1.385410612633665e-08
226.77677677677679	0.2843866372620604	5908.951084559009	1.392725981185118e-08
227.05205205205206	0.2845241796824577	5893.42922807831	1.4000784418600438e-08
227.32732732732734	0.28460461764149386	5877.948145086369	1.4074678640074762e-08
227.60260260260262	0.28474417639539684	5862.507728479215	1.4148965197277832e-08
227.8778778778779	0.28499584601058175	5847.1078714355845	1.4223666717324888e-08
228.15315315315317	0.2853042921255776	5831.748467413479	1.429878482586909e-08
228.42842842842845	0.28559731315177184	5816.429410148977	1.4374307374087663e-08
228.70370370370372	0.285802991849799	5801.150593655453	1.4450215320973884e-08
228.978978978979	0.2859205125548639	5785.911912224649	1.4526500072320562e-08
229.25425425425428	0.2859885801537308	5770.713260426927	1.4603165967053664e-08
229.52952952952953	0.2860550813140148	5755.5545331108215	1.4680225622765722e-08
229.8048048048048	0.286144131470271	5740.435625401702	1.4757691122494377e-08
230.08008008008008	0.2862035560563408	5725.356432699095	1.4835559038911866e-08
230.35535535535536	0.2862464295965694	5710.316850677621	1.491383136538079e-08
230.63063063063063	0.28641639090263826	5695.3167752897225	1.4992539321940063e-08
230.9059059059059	0.28668749462349735	5680.3561027605365	1.5071694321807394e-08
231.1811811811812	0.2868534264931902	5665.4347295823645	1.515126103574693e-08
231.45645645645646	0.28688492212285543	5650.55255251857	1.5231217063880828e-08
231.73173173173174	0.28688155383955677	5635.709468606321	1.5311572844496538e-08
232.00700700700702	0.28698183146947465	5620.905375156972	1.539236330710267e-08
232.2822822822823	0.28727963813482454	5606.140169754238	1.5473626542991232e-08
232.55755755755757	0.28764943490818173	5591.413750247534	1.5555356440761165e-08
232.83283283283285	0.28794876871616026	5576.726014750743	1.563752134078664e-08
233.10810810810813	0.28811030937700194	5562.076861643477	1.5720092602247285e-08
233.3833833833834	0.2881276976188341	5547.466189572053	1.5803055777370486e-08
233.65865865865868	0.28806523931306927	5532.893897450755	1.5886418332372325e-08
233.93393393393396	0.2880376956756939	5518.35988446258	1.5970209446688695e-08
234.2092092092092	0.2881733765339971	5503.864050059003	1.605447228473006e-08
234.48448448448448	0.2884000081111411	5489.40629395366	1.6139213868022392e-08
234.75975975975976	0.28859064919108346	5474.986516120058	1.6224411441356482e-08
235.03503503503504	0.28883715649299746	5460.604616797067	1.631007514378504e-08
235.3103103103103	0.2892082239262674	5446.260496487616	1.6396226340759253e-08
235.5855855855856	0.2895323608549664	5431.954055951111	1.6482839142316875e-08
235.86086086086087	0.28972356103540275	5417.685196205113	1.656988309371623e-08
236.13613613613614	0.289899105995622	5403.453818530556	1.665737040063464e-08
236.41141141141142	0.29007421357193197	5389.259824468138	1.6745311587688812e-08
236.6866866866867	0.29015815563073927	5375.103115814517	1.6833692682235932e-08
236.96196196196198	0.29024751849858865	5360.983594627138	1.6922529672851164e-08
237.23723723723725	0.29051155148228813	5346.901163225791	1.7011869873581857e-08
237.51251251251253	0.2908296597340589	5332.855724183336	1.7101710541518917e-08
237.7877877877878	0.29103273252196427	5318.847180323484	1.7192013205340904e-08
238.06306306306308	0.29116475685393123	5304.875434726484	1.728277034189257e-08
238.33833833833836	0.29128101022035957	5290.940390728823	1.7373992142787098e-08
238.61361361361364	0.29136606192972786	5277.0419519204415	1.7465681226025974e-08
238.88888888888889	0.2914633090907322	5263.180022145845	1.7557850159118173e-08
239.16416416416416	0.2916902946112791	5249.354505505783	1.7650533803411955e-08
239.43943943943944	0.29200318680453546	5235.565306351634	1.7743740410758023e-08
239.71471471471472	0.2922478890608489	5221.812329281249	1.783743926523937e-08
239.98998998999	0.29241952448934266	5208.09547914289	1.793161557708057e-08
240.26526526526527	0.2925811450096573	5194.414661036728	1.8026278343141912e-08
240.54054054054055	0.2927765179596072	5180.769780313609	1.812144366675482e-08
240.81581581581582	0.2930156648015212	5167.160742573348	1.8217123168140298e-08
241.0910910910911	0.29323603641354995	5153.587453661757	1.8313308902136363e-08
241.36636636636638	0.2934039603848509	5140.049819670879	1.8409990254956074e-08
241.64164164164166	0.29354920449322147	5126.547746940372	1.8507170592646288e-08
241.91691691691693	0.29370981435506605	5113.081142057162	1.8604862139728453e-08
242.1921921921922	0.29392048900529827	5099.649911854709	1.8703080718351825e-08
242.4674674674675	0.2941534223152964	5086.25396341032	1.8801828656912892e-08
242.74274274274276	0.29435815208001737	5072.893204043738	1.8901096109264827e-08
243.01801801801804	0.29456643311462816	5059.567541319206	1.9000887582833924e-08
243.29329329329332	0.2947990075393055	5046.27688304448	1.9101211859314546e-08
243.56856856856857	0.2949446789406402	5033.021137265764	1.9202046867095466e-08
243.84384384384384	0.2949643351961004	5019.800212269431	1.930337340677548e-08
244.11911911911912	0.29500836236891603	5006.614016587817	1.940522129896097e-08
244.3943943943944	0.29512234728410786	4993.462458995118	1.9507617934523608e-08
244.66966966966967	0.29520808716088454	4980.345448501835	1.9610553106195673e-08
244.94494494494495	0.29526681293273027	4967.26289435751	1.971402364385374e-08
245.22022022022023	0.29537104367841566	4954.214706052577	1.9818048110240036e-08
245.4954954954955	0.29553187733742264	4941.200793315646	1.9922639921208744e-08
245.77077077077078	0.29573058103502775	4928.221066111833	2.0027802331707465e-08
246.04604604604606	0.29594214593563595	4915.27543464191	2.013353201914473e-08
246.32132132132134	0.29614804062630007	4902.363809341878	2.0239824114845923e-08
246.5965965965966	0.2963491063269692	4889.486100883039	2.034667804337886e-08
246.8718718718719	0.2965257914742708	4876.642220170647	2.0454089899896893e-08
247.14714714714717	0.2966280680018483	4863.832078342175	2.056204601784072e-08
247.42242242242244	0.29668344055805873	4851.055586769475	2.0670548537848142e-08
247.69769769769772	0.2967807724987212	4838.312657060422	2.0779623722131018e-08
247.972972972973	0.2968949433841246	4825.603201054204	2.0889279053969252e-08
248.24824824824825	0.29696384985317126	4812.9271308193165	2.0999502939293046e-08
248.52352352352352	0.29707818090362054	4800.284358658565	2.1110315974229102e-08
248.7987987987988	0.29730769417501207	4787.6747971077575	2.1221748817795513e-08
249.07407407407408	0.2974992006853423	4775.0983589268035	2.1333776022886383e-08
249.34934934934935	0.29758987470900045	4762.554957102383	2.1446369654167215e-08
249.62462462462463	0.2977579864074536	4750.044504856421	2.1559567109593236e-08
249.8998998998999	0.29805228246947485	4737.566915640712	2.167340166217516e-08
250.17517517517518	0.29834882062388857	4725.122103129749	2.1787856558876888e-08
250.45045045045046	0.29856474316266507	4712.7099812216	2.190290226422172e-08
250.72572572572574	0.29867444109614527	4700.330464039471	2.201851895890848e-08
251.00100100100101	0.2988047279887072	4687.983465936996	2.2134734458718637e-08
251.2762762762763	0.299074099298503	4675.668901497446	2.2251597428555853e-08
251.55155155155157	0.29931460518432723	4663.3866855219785	2.236908516535181e-08
251.82682682682685	0.2994173881267787	4651.136733031241	2.248715730870946e-08
252.10210210210212	0.2995716226519428	4638.918959276507	2.26058504842241e-08
252.3773773773774	0.29987689019790914	4626.733279735691	2.272521277742362e-08
252.65265265265268	0.30024828697311634	4614.579610105446	2.2845244525685795e-08
252.92792792792793	0.30059892162192714	4602.457866300417	2.2965922494345217e-08
253.2032032032032	0.3008603354188972	4590.3679644533395	2.308721736207464e-08
253.47847847847848	0.3010381508957376	4578.309820917415	2.3209118434577742e-08
253.75375375375376	0.30117329104297313	4566.2833522672	2.3331634252954527e-08
254.02902902902903	0.3012872101738874	4554.288475297246	2.3454776853477656e-08
254.3043043043043	0.3013917969266683	4542.3251070211645	2.3578557182293527e-08
254.5795795795796	0.30148978638269336	4530.393164670663	2.3702983000737102e-08
254.85485485485486	0.30162609198983736	4518.492565696753	2.3828073281441196e-08
255.13013013013014	0.3019149201547479	4506.623227772121	2.39538734657903e-08
255.40540540540542	0.3022837446394425	4494.785068782765	2.4080385344701244e-08
255.6806806806807	0.30247937685090714	4482.978006819694	2.420753476582324e-08
255.95595595595597	0.3025778819629326	4471.201960192187	2.433531137215209e-08
256.2312312312313	0.3028255495648682	4459.456847434602	2.4463787492934448e-08
256.5065065065065	0.3031150584585099	4447.7425872908125	2.459296645359031e-08
256.7817817817818	0.3032561667003298	4436.0590987099	2.4722792920826073e-08
257.0570570570571	0.3032827182308709	4424.406300855218	2.4853252797458566e-08
257.3323323323324	0.3032827271602725	4412.784113106251	2.498436843793042e-08
257.60760760760763	0.30334699242912205	4401.192455058237	2.511618069308617e-08
257.8828828828829	0.3035107945686968	4389.631246519255	2.524872210970697e-08
258.15815815815813	0.30373176642999616	4378.100407506227	2.5381996883349883e-08
258.43343343343344	0.30391179821359193	4366.599858241835	2.551597789282154e-08
258.70870870870874	0.3039404581336694	4355.129519153318	2.5650618861974916e-08
258.983983983984	0.3039542730469751	4343.6893108829945	2.5785943385228786e-08
259.25925925925924	0.30414428335068167	4332.279154290324	2.592202625614231e-08
259.53453453453454	0.3043670239765727	4320.898970436252	2.6058858653952667e-08
259.80980980980985	0.3044790512720104	4309.548680582521	2.6196391776266872e-08
260.0850850850851	0.3046110510045954	4298.228206203648	2.6334647206357823e-08
260.36036036036035	0.30484168767640524	4286.937468984092	2.64736630932047e-08
260.63563563563565	0.30508760384043787	4275.676390810237	2.66134321616893e-08
260.91091091091096	0.30529662377270106	4264.444893771222	2.6753935799889845e-08
261.1861861861862	0.3054650855436969	4253.242900160644	2.6895166021618898e-08
261.46146146146145	0.30560331390624923	4242.070332476674	2.703712448516763e-08
261.73673673673676	0.3057269276774202	4230.927113421795	2.7179819201489813e-08
262.01201201201206	0.3058384700656653	4219.813165901655	2.732325682276546e-08
262.2872872872873	0.3059470327804445	4208.728413024852	2.7467445617709414e-08
262.56256256256256	0.3061019324304702	4197.672778104347	2.761240841549338e-08
262.8378378378378	0.3063222918866885	4186.646184655533	2.775816478280076e-08
263.1131131131131	0.30654759933946796	4175.648556391808	2.7904705432033174e-08
263.3883883883884	0.30674967394257446	4164.6798172255785	2.8052018476763682e-08
263.66366366366367	0.30695079983211304	4153.739891270212	2.820010821723097e-08
263.9389389389389	0.30713113445590684	4142.828702837421	2.8348971927559455e-08
264.2142142142142	0.3072467849816057	4131.9461764355365	2.8498595072320615e-08
264.48948948948953	0.30734426482637567	4121.092236773476	2.864898921089702e-08
264.7647647647648	0.30749249775110477	4110.266808761412	2.8800186270593678e-08
265.04004004004	0.3076660182319815	4099.469817505523	2.8952194524805314e-08
265.31531531531533	0.30781864218195165	4088.701188306383	2.910500369888389e-08
265.59059059059064	0.3079204901929105	4077.9608466592485	2.9258600475301182e-08
265.8658658658659	0.30801579898627574	4067.2487182573213	2.9412996667645182e-08
266.14114114114113	0.30825179547628634	4056.564728996632	2.9568253371097087e-08
266.41641641641644	0.3085820880513772	4045.90880496559	2.9724385010855236e-08
266.69169169169174	0.30878663481389906	4035.280872435314	2.9881320617814414e-08
266.966966966967	0.30887929850820983	4024.680857871198	3.003903416145652e-08
267.24224224224224	0.30899056112428813	4014.108687938612	3.019756350430126e-08
267.5175175175175	0.30909452180174707	4003.564289494213	3.035691904972979e-08
267.7927927927928	0.3091407039005396	3993.0475895840864	3.0517089170948626e-08
268.0680680680681	0.3091837454452431	3982.5585154488576	3.0678091009860374e-08
268.34334334334335	0.3092598707638004	3972.096994522243	3.083994850551607e-08
268.6186186186186	0.30932835283379717	3961.662954426393	3.1002659946434835e-08
268.8938938938939	0.3093949264570072	3951.2563229738957	3.116622910823015e-08
269.1691691691692	0.3095248126351512	3940.877028170548	3.133068505715802e-08
269.44444444444446	0.3096869624591662	3930.524998209621	3.149603212877187e-08
269.7197197197197	0.30979581943674406	3920.2001614682877	3.166224201679872e-08
269.994994994995	0.3099106971807969	3909.9024465151133	3.1829326792302024e-08
270.2702702702703	0.3101187919775944	3899.6317821112198	3.1997328461905215e-08
270.54554554554556	0.310346478429393	3889.3880972007973	3.21662406695115e-08
270.8208208208208	0.3105096715494658	3879.1713209099476	3.23360301262115e-08
271.0960960960961	0.31060384695399057	3868.9813825506053	3.25066818995429e-08
271.3713713713714	0.3106677114544955	3858.8182116225607	3.267820661096384e-08
271.6466466466467	0.3107851719169079	3848.6817378156	3.285064493865035e-08
271.9219219219219	0.3110175912408502	3838.5718910078285	3.3024043042023464e-08
272.19719719719717	0.31138069944170016	3828.488601262587	3.319843168706465e-08
272.4724724724725	0.311679955791634	3818.4317988156736	3.337374988632568e-08
272.7477477477478	0.3116920217726121	3808.4014140729278	3.35498815304338e-08
273.02302302302303	0.31167555377680606	3798.397377638	3.3726879417581115e-08
273.2982982982983	0.3118947153415949	3788.4196203125302	3.390487826270772e-08
273.5735735735736	0.31212563145417366	3778.468073066821	3.408385214161323e-08
273.8488488488489	0.31224002812998963	3768.5426670448032	3.426373899309931e-08
274.12412412412414	0.3124556214924149	3758.643333584303	3.444460250759724e-08
274.3993993993994	0.31280844632367	3748.7700042058227	3.462649018548968e-08
274.6746746746747	0.31309619301528874	3738.922610597542	3.480934277977364e-08
274.94994994995	0.31325671295311597	3729.101084623196	3.4993109465208275e-08
275.22522522522524	0.3133310468855448	3719.3053583278997	3.5177786311206255e-08
275.5005005005005	0.31332882732831985	3709.5353639357795	3.536337787976999e-08
275.7757757757758	0.31327918050697967	3699.791033850743	3.554990096198304e-08
276.0510510510511	0.31334530495679147	3690.07230066446	3.573743553751276e-08
276.32632632632635	0.3136121566217568	3680.3790971511658	3.592605832724645e-08
276.6016016016016	0.3139073728688743	3670.711356251002	3.611573408340099e-08
276.87687687687685	0.3141301084641217	3661.069011073855	3.6306405938573685e-08
277.15215215215215	0.3143299738274965	3651.4519949084065	3.6498071915940156e-08
277.42742742742746	0.3145279225746116	3641.8602412199134	3.6690743038176465e-08
277.7027027027027	0.3147134184956197	3632.293683647727	3.6884422625180556e-08
277.97797797797796	0.3149066775130616	3622.7522560068196	3.707912396432281e-08
278.25325325325326	0.31512783816245	3613.235892287358	3.7274865031212596e-08
278.52852852852857	0.3153099941288351	3603.744526648547	3.7471627400088346e-08
278.8038038038038	0.31539345535935237	3594.2780934185544	3.7669378744871105e-08
279.07907907907907	0.31542096148190146	3584.8365271007824	3.786812588368364e-08
279.35435435435437	0.31544018618568437	3575.4197623738096	3.806789607755135e-08
279.6296296296297	0.3154744284262756	3566.027734089375	3.826871529426651e-08
279.9049049049049	0.3155413980598604	3556.6603772715725	3.847060659228586e-08
280.1801801801802	0.3156567323784123	3547.317627116284	3.867359092669678e-08
280.4554554554555	0.31585179247639694	3537.999418991815	3.8877695670115225e-08
280.7307307307308	0.3161451528639307	3528.705688437625	3.9082945453065204e-08
281.00600600600603	0.3164025254170862	3519.4363711533706	3.9289292825796616e-08
281.2812812812813	0.31648836998137403	3510.1914029981617	3.94966559000458e-08
281.5565565565566	0.31649287919559993	3500.9707200056628	3.97050417005292e-08
281.83183183183183	0.3165321408918059	3491.7742583856175	3.991451068154798e-08
282.10710710710714	0.3166615236053311	3482.6019545192885	4.012511997288557e-08
282.3823823823824	0.3168737352374965	3473.4537449546715	4.033689590108868e-08
282.6576576576577	0.3170918137111417	3464.329566401055	4.054981742204283e-08
282.93293293293294	0.3172928834583997	3455.2293557323615	4.076386724448715e-08
283.20820820820825	0.31749926060051825	3446.153049989913	4.097905139086735e-08
283.4834834834835	0.31770270485408086	3437.1005863798296	4.1195371909984815e-08
283.75875875875874	0.31788459703598826	3428.071902271829	4.141282395404851e-08
284.03403403403405	0.3180541113170376	3419.066935200787	4.163141296839902e-08
284.3093093093093	0.31823585812889005	3410.0856228674766	4.185115673278035e-08
284.5845845845846	0.31847293804488996	3401.127903139518	4.207208794997134e-08
284.85985985985985	0.3187262364008222	3392.1937140449154	4.229420580943995e-08
285.13513513513516	0.3188242351446962	3383.2829937617003	4.2517428256254334e-08
285.4104104104104	0.31881903978563586	3374.3956806339975	4.274174647200772e-08
285.6856856856857	0.31897535379068026	3365.531713187714	4.296729187815859e-08
285.96096096096096	0.3192282441070507	3356.691030105567	4.319409583731858e-08
286.23623623623627	0.3193586264692731	3347.8735702147787	4.342206578289494e-08
286.5115115115115	0.3195195009653346	3339.079272514813	4.365124022719431e-08
286.7867867867868	0.31987891769903876	3330.308076178346	4.388172606506006e-08
287.06206206206207	0.3201562142785741	3321.559920516414	4.4113432524665527e-08
287.3373373373374	0.32019056343266084	3312.8347449868315	4.434623882303864e-08
287.6126126126126	0.3202706002415546	3304.132489228676	4.458024154761669e-08
287.8878878878879	0.32052134001817306	3295.4530930495034	4.481555317644772e-08
288.1631631631632	0.3207921830835905	3286.796496403347	4.505215064256388e-08
288.4384384384384	0.32097437387309313	3278.1626393933466	4.5289970269473534e-08
288.71371371371373	0.3210224272895335	3269.551462276211	4.552896242537488e-08
288.988988988989	0.32102217831996277	3260.9629054723064	4.576915280742793e-08
289.2642642642643	0.32108395755335545	3252.3969095673474	4.601061495790967e-08
289.53953953953953	0.32114827678538255	3243.853415298408	4.6253354407849307e-08
289.81481481481484	0.321184293357153	3235.332363555723	4.649736081057445e-08
290.0900900900901	0.32135906560835154	3226.833695398467	4.674272318236766e-08
290.3653653653654	0.32169697681124193	3218.357352042853	4.6989499612045045e-08
290.64064064064064	0.32195672241871376	3209.903274839768	4.723758975377691e-08
290.91591591591595	0.32209525657100774	3201.471405290429	4.748692815268583e-08
291.1911911911912	0.32227189114972715	3193.0616850628858	4.773757579825901e-08
291.4664664664665	0.32250845167588965	3184.674055980324	4.7989576273887474e-08
291.74174174174175	0.32274134917317066	3176.3084600134753	4.824291822962887e-08
292.01701701701705	0.3229187821853355	3167.964839281086	4.849757160216049e-08
292.2922922922923	0.3230300890135079	3159.643136052954	4.875352043835695e-08
292.5675675675676	0.32318502121915044	3151.3432927598756	4.9010822618908986e-08
292.84284284284286	0.32340009332790265	3143.0652519853725	4.9269517712618446e-08
293.1181181181181	0.3234668624497001	3134.808956445787	4.9529509817865665e-08
293.3933933933934	0.32341121965461295	3126.574349009961	4.979077346295069e-08
293.66866866866866	0.32354178208336776	3118.3613727237266	5.005347680686344e-08
293.94394394394396	0.3237304607619161	3110.1699707715443	5.031762717105279e-08
294.2192192192192	0.3236015011312904	3102.0000864538715	5.058301525299228e-08
294.4944944944945	0.3234541113115101	3093.8516632462693	5.0849722285019625e-08
294.76976976976977	0.323718283304173	3085.7246448113397	5.111803979591135e-08
295.0450450450451	0.32406795082119627	3077.61897493097	5.1387914653552976e-08
295.3203203203203	0.32416760459344324	3069.534597504442	5.165913010450044e-08
295.5955955955956	0.3241549998409486	3061.471456590508	5.193167277351383e-08
295.8708708708709	0.32418674241414175	3053.4294964090495	5.2205633063052276e-08
296.1461461461462	0.324334919640411	3045.408661333205	5.2481099154462507e-08
296.4214214214214	0.324562964666143	3037.40889587906	5.2758093763483174e-08
296.69669669669673	0.3247482904896229	3029.4301446971695	5.30365579672552e-08
296.971971971972	0.3248455303311085	3021.4723525791624	5.331644183593693e-08
297.2472472472473	0.3248643351893572	3013.535464462452	5.3597732482223906e-08
297.52252252252254	0.32486501457029715	3005.6194254346706	5.3880464686831554e-08
297.7977977977978	0.32491610773052987	2997.7241807341948	5.416470035275473e-08
298.0730730730731	0.3250577439702281	2989.8496757471876	5.445049680310287e-08
298.34834834834834	0.32521532451476726	2981.9958559962715	5.473783849766091e-08
298.62362362362364	0.32512311761383417	2974.1626671215427	5.502655713539609e-08
298.8988988988989	0.3248629643758713	2966.3500549134005	5.5316630870678546e-08
299.1741741741742	0.3249039152754878	2958.557965350119	5.560834886278062e-08
299.44944944944945	0.3252748773140876	2950.786344555293	5.59018661658572e-08
299.72472472472475	0.32567768705470007	2943.035138765217	5.619706923298429e-08
300.0	0.32580730897009963	2935.304294327208	5.6493716912934915e-08
