0.0024850728759895956	8.005815447874184	9146.208621038411	1.550728790623531	0.0070367421123737695
25.0	0.035255813953488375	33212.0	10.0
25.275275275275277	0.035932616008315196	34044.62258843792	9.847782275346695
25.55055055055055	0.03656445811682946	34877.392040966086	9.695266228432015
25.825825825825827	0.03717327419982912	35709.2472185281	9.542631901083487
26.1011011011011	0.037835618284312235	36540.9793796222	9.389745300432635
26.376376376376378	0.03857271848569215	37373.796413939905	9.236401464761375
26.65165165165165	0.039317195351298725	38207.2568678655	9.082674957309303
26.926926926926928	0.040013978734387	39039.68002543074	8.928850809938181
27.2022022022022	0.040638658953730415	39868.932177140414	8.775291486910938
27.47747747747748	0.041295082681528726	40695.25634168929	8.621956782624785
27.75275275275275	0.0421089836609232	41521.53381529165	8.468358652236926
28.02802802802803	0.04296778346779462	42348.05282235987	8.314448192507998
28.303303303303302	0.0437298923679778	43172.13604517273	8.160679707352408
28.57857857857858	0.04439348895876156	43991.23562651251	8.00748640814388
28.853853853853856	0.044997280147475414	44803.73670805536	7.855143997504201
29.12912912912913	0.04560475194273857	45609.36048802414	7.703701957512246
29.404404404404403	0.046244325234826626	46408.37413682249	7.553117201437838
29.67967967967968	0.04690251997034726	47200.75626698317	7.403395528313776
29.954954954954957	0.047551601116493925	47985.96347542609	7.2546313388124
30.23023023023023	0.04816687218359972	48763.03782920853	7.106989564436016
30.505505505505504	0.0487973203463937	49531.94310141667	6.960479022692004
30.78078078078078	0.04949131624517889	50293.46199853114	6.814969556667941
31.056056056056057	0.050182726817260576	51047.186133381314	6.670532900672518
31.33133133133133	0.05082450942059141	51791.95277971115	6.52736894642312
31.606606606606608	0.051470491742618134	52527.550476550365	6.3855165225907005
31.88188188188188	0.05214650152378764	53254.180667757966	6.2449444507754235
32.15715715715716	0.052822717158578995	53971.55723285226	6.105704234124388
32.432432432432435	0.053469817127006776	54678.96769864113	5.9679198288119935
32.70770770770771	0.054069923611969425	55375.492219281165	5.831750619556785
32.98298298298298	0.054671833853737854	56060.988523236105	5.697224326192461
33.25825825825826	0.05533395074691818	56736.141294296416	5.564228367574163
33.533533533533536	0.055998230121644496	57400.772841947706	5.4327962967124455
33.808808808808806	0.05661761416031123	58054.08840342813	5.303066452211681
34.08408408408408	0.05727270655861196	58696.4148374402	5.174987076355249
34.35935935935936	0.05800095837686793	59328.52035254628	5.048431399905477
34.63463463463464	0.05873296320112042	59950.232867802704	4.923431983774497
34.90990990990991	0.0594459428055897	60561.115320498444	4.800066417135441
35.18518518518518	0.06017015678246376	61161.12522729367	4.678345466222249
35.46046046046046	0.06087469586030076	61749.866022147384	4.558340004838641
35.73573573573574	0.06150509750487256	62326.37102215534	4.440217795142543
36.01101101101101	0.062111289636270134	62890.31846115272	4.324037463986187
36.286286286286284	0.06276473813595054	63442.18279389105	4.209722612347396
36.56156156156156	0.06347087154101166	63982.450185392765	4.097194697995614
36.83683683683684	0.06419121093213401	64511.1726423867	3.9864487027475444
37.112112112112115	0.0648289456542366	65027.45483257213	3.877640370164811
37.38738738738739	0.06538568427738395	65530.51997889583	3.7709056171604285
37.66266266266266	0.06599199375645563	66020.89229530054	3.6661598165422995
37.93793793793794	0.06669036912085066	66499.43202634066	3.5632611391367166
38.213213213213216	0.06744134307467915	66966.56920569023	3.4621404870227064
38.488488488488485	0.06815840174874103	67421.95980936018	3.3628599912134773
38.76376376376376	0.06876927681689057	67864.71241609206	3.265574797954417
39.03903903903904	0.0693641805859277	68294.76964398452	3.1702987962863287
39.314314314314316	0.07001018183303882	68712.61598814621	3.0769539287965224
39.58958958958959	0.07059399590509902	69117.84427180141	2.9856133101150863
39.86486486486486	0.0710949964226342	69509.96195325875	2.8963646765791853
40.14014014014014	0.07167837535868561	69889.72338524526	2.8090843080135666
40.41541541541542	0.07235520166308625	70257.88989621664	2.723647052602852
40.690690690690694	0.07298184661144805	70614.19457181625	2.6401020180340096
40.965965965965964	0.07354057571045304	70958.30602250168	2.5585093421815923
41.24124124124124	0.0741047458145905	71290.41153018655	2.478841244798842
41.51651651651652	0.07481368701768117	71611.5391693988	2.40092718793513
41.791791791791795	0.0757141928771992	71922.88167127174	2.3245683510510275
42.06706706706707	0.07646763857676936	72223.57687509395	2.2499142705381203
42.34234234234234	0.07693262663857567	72512.11004256041	2.177225519095098
42.61761761761762	0.07750692709790437	72789.29072024705	2.106368697857442
42.892892892892895	0.07830178821673014	73056.42099073445	2.037126550651366
43.168168168168165	0.07902152294429741	73313.18862061288	1.9695553694593912
43.44344344344344	0.07959670132686164	73559.00751464507	1.9037580276881312
43.71871871871872	0.08013623736804693	73793.89592059408	1.8397350243741997
43.993993993993996	0.08067910939973698	74018.07067146982	1.7774531494083965
44.26926926926927	0.0812384621252031	74231.80378969865	1.716869754927168
44.54454454454455	0.08186155545376783	74435.55485013446	1.6579102730060191
44.81981981981982	0.08255795005686942	74629.78524165838	1.6004996769047337
45.0950950950951	0.08322238319324972	74814.50763528288	1.5446389431400462
45.37037037037037	0.08382561546507156	74989.6463215234	1.4903440437096476
45.645645645645644	0.08447365361146153	75155.54431986336	1.4375599102981034
45.92092092092092	0.08517231651115371	75312.5423019197	1.386231760399239
46.1961961961962	0.08583101394903	75460.65231801073	1.3363604720694537
46.471471471471475	0.08642630573779808	75599.83273477467	1.2879560304306423
46.74674674674675	0.08698013382956846	75730.14215616114	1.2410114223703617
47.02202202202202	0.08754157553601019	75851.80577350965	1.195491342907644
47.2972972972973	0.08815155864928738	75965.16257632824	1.151341099671261
47.572572572572575	0.08879628868224355	76070.4906450946	1.1085162262185186
47.847847847847845	0.0894023487577763	76167.85591809996	1.0670081688163062
48.12312312312312	0.08981317297667744	76256.93593322318	1.0268742700757858
48.3983983983984	0.09011466166211837	76337.69816668809	0.9881227712013365
48.673673673673676	0.09065075248635669	76410.96940830459	0.9506160843178566
48.94894894894895	0.09135988082954014	76477.3412709538	0.9142562633941999
49.22422422422423	0.0919311445125567	76536.65354966986	0.879072764052009
49.4994994994995	0.09239780620112059	76588.86515501804	0.845074878667013
49.77477477477478	0.09291126733590574	76634.27735330338	0.8122138096561394
50.05005005005005	0.09349205257008936	76673.21292332005	0.7804370105451028
50.32532532532532	0.0941088808520115	76705.91109189221	0.749706006770651
50.6006006006006	0.0946885016104906	76732.46572181396	0.7200069170297646
50.87587587587588	0.0952536945935424	76753.01960983146	0.6913175242867207
51.151151151151154	0.09595808724445475	76767.97382796419	0.6635717309733753
51.42642642642643	0.09669315830586946	76777.51516219226	0.6367396757010435
51.70170170170171	0.09716032424621679	76781.36298613403	0.6108707634399764
51.97697697697698	0.09751715765721387	76779.53671764118	0.585963568822334
52.252252252252255	0.09808745476295475	76772.53631289437	0.561935104693967
52.527527527527525	0.09876294634859936	76760.65913804123	0.5387366025977177
52.8028028028028	0.0993702633418166	76743.95078543817	0.5163619266402115
53.07807807807808	0.09995623751394858	76722.5287160889	0.49479272864097507
53.353353353353356	0.1005659071544693	76696.56630731004	0.4740011319002736
53.62862862862863	0.10116943891993248	76666.19544935196	0.45396624382363815
53.90390390390391	0.10174590066302591	76631.52400224634	0.43467120683011595
54.17917917917918	0.10229406322881852	76592.66120072299	0.41609889460335125
54.454454454454456	0.1028330575345308	76549.73781097804	0.3982284906952793
54.729729729729726	0.10338600483894618	76502.9052776808	0.38103562621917336
55.005005005005	0.10391604817703398	76452.2757388088	0.36450255355410416
55.28028028028028	0.10439376959663005	76397.93622622994	0.3486157491790509
55.55555555555556	0.10491021718573978	76340.05501590666	0.33334787248665726
55.830830830830834	0.10550766151222883	76278.8248073869	0.3186673824959433
56.10610610610611	0.10605914407815535	76214.32615049	0.3045617086410598
56.38138138138139	0.10652422721704309	76146.61378792269	0.2910226338064025
56.65665665665666	0.10700641807832914	76075.82334536944	0.278028195679221
56.931931931931935	0.10755124592949748	76002.11509393205	0.2655522046482198
57.20720720720721	0.10814345764643189	75925.62855757539	0.253571939596968
57.48248248248248	0.10873467321344926	75846.4654015248	0.24207105885155294
57.75775775775776	0.10926641124645849	75764.69093063705	0.23103935832006822
58.033033033033036	0.10970886142331233	75680.35783850025	0.2204687528108397
58.30830830830831	0.11009302178654745	75593.54155401017	0.21034728125431018
58.58358358358358	0.11059384846425574	75504.4081462868	0.20064757460299598
58.85885885885886	0.11125074609439428	75413.12793873104	0.19134148722914793
59.134134134134136	0.11184146686092716	75319.75225700506	0.18242101351476533
59.40940940940941	0.11232611572690103	75224.31880783653	0.17388044235266886
59.68468468468468	0.11286506490521056	75126.93867275194	0.16570159728358347
59.95995995995996	0.11345743185600474	75027.71543332646	0.15786753822861593
60.23523523523524	0.1140029720901112	74926.70820436145	0.15036883786257998
60.510510510510514	0.11446084805586744	74823.96263676304	0.14319833449956593
60.78578578578579	0.11483828996922162	74719.53060572276	0.13634779509103823
61.06106106106106	0.11522991996692554	74613.49750382305	0.12980328106616815
61.33633633633634	0.11569172694416856	74505.9622044329	0.12354853787834488
61.611611611611615	0.11615874075445091	74396.99724849054	0.1175717475716904
61.88688688688689	0.11659534017958491	74286.66237343644	0.11186324133774012
62.16216216216216	0.11702256091562795	74175.02224076127	0.10641249504763987
62.43743743743744	0.117455079977918	74062.14330268503	0.10120865941323406
62.712712712712715	0.11790331777702198	73948.09186300442	0.09624088850648865
62.98798798798799	0.11840774843747605	73832.94047115542	0.09149725462292617
63.26326326326326	0.11898618109105757	73716.76079851335	0.08696595524596307
63.53853853853854	0.11948662526821081	73599.58772797661	0.08264140796742496
63.813813813813816	0.11982688118196257	73481.44151025123	0.0785205022647762
64.0890890890891	0.12023476546319242	73362.38967276858	0.07459209726705886
64.36436436436436	0.1208061404716409	73242.51198992279	0.07084295138974075
64.63963963963964	0.12135197127337993	73121.84832263512	0.067266570866297
64.91491491491492	0.12179886365790081	73000.4261206352	0.06385855523825174
65.1901901901902	0.12221441072614324	72878.28486783187	0.06061245261583344
65.46546546546547	0.12269400048132555	72755.47710452894	0.05751958223291787
65.74074074074073	0.12330881815215021	72632.0614826464	0.0545702088086634
66.01601601601601	0.12391107947281747	72508.07201192067	0.051758760016993845
66.29129129129129	0.12435825217541195	72383.52422953682	0.049082787490007725
66.56656656656656	0.12479161325064585	72258.45300668488	0.046536556424522826
66.84184184184184	0.1253143692522693	72132.90352661087	0.044112570414628974
67.11711711711712	0.12583810448727575	72006.90812896134	0.041805498004894234
67.3923923923924	0.1263415109001375	71880.49576116624	0.03961057283797577
67.66766766766767	0.12690266116059304	71753.7019621712	0.03752190034226686
67.94294294294295	0.12746141505303468	71626.55452882373	0.03553488824914635
68.21821821821823	0.1278801435883207	71499.06858031728	0.03364708679912055
68.4934934934935	0.12825575051652774	71371.2685021633	0.0318544685980425
68.76876876876878	0.12874513668058452	71243.1901153012	0.030151057429452857
69.04404404404404	0.12929759009336925	71114.86251105196	0.02853200744471007
69.31931931931932	0.12983255913492137	70986.30729872528	0.026993733083555835
69.5945945945946	0.13033501489374802	70857.5444637876	0.025532917285781612
69.86986986986987	0.1308254225069814	70728.59478378904	0.024146101993346433
70.14514514514515	0.13135719840590698	70599.48135087758	0.02282942948600895
70.42042042042041	0.1318752447066849	70470.2228482318	0.021579782748793467
70.69569569569569	0.1322408479032389	70340.83018809407	0.020395357524522595
70.97097097097097	0.13251420756315943	70211.31813324874	0.019273692458572786
71.24624624624624	0.13285181136703242	70081.70869534429	0.018211091054985678
71.52152152152152	0.1333019487336947	69952.02436492614	0.01720376829820248
71.7967967967968	0.13385207652011882	69822.28517256644	0.016248349287352432
72.07207207207207	0.13441595557963712	69692.50616959587	0.015342297628348423
72.34734734734735	0.13493237125787996	69562.69942693759	0.014483577828815652
72.62262262262263	0.13541397677726016	69432.87724355614	0.013670111728499435
72.8978978978979	0.1358609738143427	69303.05158789206	0.012899873226302209
73.17317317317318	0.1362545516274811	69173.23350049571	0.01217098977858946
73.44844844844846	0.1366392389441342	69043.43507677082	0.011481406177916452
73.72372372372374	0.13708714963497864	68913.66982464817	0.010828823491441451
73.998998998999	0.1375400125498751	68783.9487710968	0.010211359433709148
74.27427427427428	0.1379210105134538	68654.280523917	0.009627538704678518
74.54954954954955	0.13830764085703595	68524.67547093872	0.009075591222025949
74.82482482482483	0.13875820970580138	68395.14447551034	0.008553641160150081
75.1001001001001	0.1391947369863171	68265.69612543249	0.008060206708191459
75.37537537537537	0.1395842599090708	68136.3380028762	0.007593973907517352
75.65065065065065	0.13998268041223869	68007.07847677165	0.0071534927822913975
75.92592592592592	0.1403807219867245	67877.92529342297	0.006737416278483562
76.2012012012012	0.14071930731217216	67748.88485277344	0.006344623298970619
76.47647647647648	0.14106817148632034	67619.96443940289	0.0059738405064265
76.75175175175175	0.14153333060488874	67491.17241296436	0.005623609712040949
77.02702702702703	0.14204147833767675	67362.51540105445	0.0052927639416827715
77.30230230230231	0.14248686425568555	67233.99825484057	0.004980435536193834
77.57757757757759	0.14284095438805813	67105.62538673445	0.004685829708436231
77.85285285285286	0.14315439162451732	66977.401734234	0.00440806110626134
78.12812812812814	0.14358679260628482	66849.3337048797	0.004145993262876412
78.40340340340342	0.14412812422173943	66721.42701248449	0.0038986053444706936
78.67867867867868	0.14458531726557672	66593.68507658216	0.003665264022832215
78.95395395395396	0.14494954110634867	66466.11120555905	0.0034453537119309976
79.22922922922923	0.1453285838406623	66338.70955206569	0.0032381144519705697
79.50450450450451	0.1457342770903311	66211.48409428431	0.003042814530003957
79.77977977977977	0.14613896549751854	66084.43834033298	0.0028588007061749335
80.05505505505505	0.14651788191139856	65957.57542659077	0.002685481681118258
80.33033033033033	0.14688932936252888	65830.89845190395	0.002522271496188662
80.6056056056056	0.14736315825264365	65704.41104672913	0.0023684918376714777
80.88088088088088	0.1479308433053875	65578.11635063686	0.0022235485380275475
81.15615615615616	0.1484162204513247	65452.016343351075	0.00208704231300447
81.43143143143143	0.14880599289829458	65326.112905720394	0.0019585900087213553
81.70670670670671	0.1492180741705982	65200.40843678387	0.0018377199100186323
81.98198198198199	0.14963571201477516	65074.905089544845	0.001724001269888679
82.25725725725727	0.14999775350317474	64949.60462437856	0.0016170692686436948
82.53253253253254	0.15037442998193207	64824.50899580732	0.0015165255596331123
82.80780780780782	0.15083655684903896	64699.62026861494	0.001421952442227617
83.0830830830831	0.1513435355289211	64574.94017346002	0.001332988243419805
83.35835835835836	0.15183661504604948	64450.47011063749	0.0012493267888264133
83.63363363363364	0.15226251091108847	64326.21123567284	0.00117070298449294
83.90890890890891	0.15264737183613286	64202.16473136588	0.0010968467283008717
84.18418418418419	0.1530850437723843	64078.331956786235	0.0010274576152430658
84.45945945945945	0.15350515583319968	63954.7139728753	0.0009622853896524792
84.73473473473473	0.15376970083404773	63831.31145387409	0.0009011450738530523
85.01001001001	0.15398966323591948	63708.12531868731	0.0008438099468625847
85.28528528528528	0.1543194113931497	63585.15673172228	0.0007900113226964787
85.56056056056056	0.15472198128692086	63462.406649488155	0.0007395154155689165
85.83583583583584	0.1551190362387752	63339.8757842906	0.0006921295687116322
86.11111111111111	0.1554380206890187	63217.56466719114	0.0006476916490937539
86.38638638638639	0.15570140003503172	63095.47383425465	0.0006060384996513356
86.66166166166167	0.1560423185586865	62973.60397149907	0.0005669813403160152
86.93693693693695	0.15642806337585047	62851.95563196934	0.0005303537318694623
87.21221221221222	0.15671830663518957	62730.52912370868	0.0004960306289807487
87.4874874874875	0.1570189533045904	62609.32485974418	0.0004638690695197041
87.76276276276278	0.15748102382453932	62488.3433647522	0.0004337070115354143
88.03803803803804	0.15790614496238928	62367.58486806536	0.00040543235722200556
88.31331331331332	0.15812282102133776	62247.04940579249	0.0003789657169461247
88.58858858858859	0.15829642226470655	62126.73717532991	0.00035420032012238025
88.86386386386387	0.15854580039782612	62006.64844180263	0.0003310178406371482
89.13913913913915	0.15883036380989735	61886.78338224606	0.00030931481192530773
89.41441441441442	0.15918142199840937	61767.1421534894	0.00028899113894209085
89.68968968968969	0.15969039398737492	61647.72492878606	0.0002699438933545285
89.96496496496496	0.16018185371879226	61528.531711889205	0.00025209884276989133
90.24024024024024	0.16039934705172723	61409.562332371104	0.0002354112879940232
90.51551551551552	0.1605738669989016	61290.81676684101	0.00021981165945851575
90.7907907907908	0.16098094443530653	61172.29511362777	0.0002052097770908627
91.06606606606607	0.16144463796677433	61053.99732812226	0.00019153967071182634
91.34134134134135	0.1618065228293494	60935.92326595344	0.0001787523001865776
91.61661661661662	0.16213333504589617	60818.07280395685	0.00016679508007060408
91.8918918918919	0.16250220583730807	60700.44583389499	0.0001556129397999124
92.16716716716716	0.16296275499004306	60583.04224271059	0.00014515166760832097
92.44244244244244	0.16345458427136864	60465.861870716035	0.0001353649964126664
92.71771771771772	0.16385173230517733	60348.904500222794	0.0001262165414522571
92.992992992993	0.16415257142102432	60232.16990739721	0.00011767103176241174
93.26826826826827	0.16441055561577603	60115.657877109676	0.00010969179823709757
93.54354354354355	0.16466641637114432	59999.368194169394	0.00010224225719754777
93.81881881881883	0.1649462420090467	59883.30063656565	9.528705599579193e-05
94.0940940940941	0.1652480262334136	59767.45496787031	8.879336144919508e-05
94.36936936936937	0.16555808081956172	59651.83093602984	8.27310681381551e-05
94.64464464464464	0.16585450600586352	59536.42827372027	7.707274218837827e-05
94.91991991991992	0.16617473229204002	59421.246711343985	7.179142789112529e-05
95.1951951951952	0.16659745076463525	59306.28598219571	6.685977724181242e-05
95.47047047047047	0.16705221279609536	59191.54579520858	6.225465530441058e-05
95.74574574574575	0.16741362872505539	59077.025832085026	5.7957627419639064e-05
96.02102102102103	0.16773308719771798	58962.72577851797	5.394969260967071e-05
96.2962962962963	0.16808060788833215	58848.645323931174	5.021132920964894e-05
96.57157157157158	0.1683915881021586	58734.78414263017	4.6725674162209284e-05
96.84684684684684	0.1686523743988391	58621.14190269225	4.347702605013937e-05
97.12212212212212	0.1689915025204283	58507.718281300695	4.044826532192659e-05
97.3973973973974	0.16940430269461648	58394.51294755604	3.7623749613755484e-05
97.67267267267268	0.16972556698785998	58281.52554911264	3.499156008367548e-05
97.94794794794795	0.16995163081334247	58168.75573136569	3.254027577073453e-05
98.22322322322323	0.17019011632413028	58056.20314605163	3.0257532096148133e-05
98.4984984984985	0.17047013076697054	57943.86744264776	2.8131466718482284e-05
98.77377377377378	0.17078381975884713	57831.74826553538	2.615119592698543e-05
99.04904904904905	0.17111636526934057	57719.84525418588	2.430678350410844e-05
99.32432432432432	0.17144652501328625	57608.158043482996	2.2589186431518698e-05
99.5995995995996	0.17174317895243435	57496.68626391639	2.0990221655911233e-05
99.87487487487488	0.1720358522078187	57385.42954542576	1.9501925487744413e-05
100.15015015015015	0.17243281983899472	57274.38752068535	1.8116010666147667e-05
100.42542542542543	0.1728485178541956	57163.55981510208	1.68255285906044e-05
100.70070070070071	0.17305605416559464	57052.94604281626	1.562552352449299e-05
100.97597597597598	0.1731676459350219	56942.545826020876	1.451039513955351e-05
101.25125125125126	0.1734225135395839	56832.35879289722	1.347338225270305e-05
101.52652652652652	0.17374306592959174	56722.38456454894	1.2508767093407098e-05
101.8018018018018	0.1739987870507954	56612.62275627432	1.1611944102114633e-05
102.07707707707708	0.17421051871440946	56503.07298330605	1.0778445043696119e-05
102.35235235235236	0.17442802649837735	56393.7348613644	1.0003844892935027e-05
102.62762762762763	0.17469956414113133	56284.60800623087	9.283834245048975e-06
102.90290290290291	0.17500155904258394	56175.69203190744	8.614532585463965e-06
103.17817817817819	0.17524172483087086	56066.98654959536	7.992662719350508e-06
103.45345345345346	0.17545340547545465	55958.49117085359	7.415014217038784e-06
103.72872872872873	0.17573737936580808	55850.20550856769	6.878278416591365e-06
104.004004004004	0.17605763430735274	55742.12917417524	6.379520171838814e-06
104.27927927927928	0.17634378403360143	55634.261777515756	5.916203906387675e-06
104.55455455455456	0.17661131412689446	55526.602928508095	5.485908721569794e-06
104.82982982982983	0.17686777658962066	55419.15223701196	5.086351955725177e-06
105.10510510510511	0.17705875234137258	55311.909312107884	4.715511738240118e-06
105.38038038038039	0.1772109997281261	55204.873763284166	4.371425297538954e-06
105.65565565565566	0.17746396354495372	55098.045201496934	4.052008430236454e-06
105.93093093093094	0.1777967799743045	54991.42323716347	3.7553964778354094e-06
106.2062062062062	0.17806861254360534	54885.007479292704	3.480092535401087e-06
106.48148148148148	0.17833105973746086	54778.797537593244	3.224609190960399e-06
106.75675675675676	0.17869365182952776	54672.793022767495	2.9874182564884552e-06
107.03203203203203	0.17905284066156382	54566.993544756246	2.7672491606817306e-06
107.30730730730731	0.17930707186314623	54461.39871309844	2.563028018014951e-06
107.58258258258259	0.17954477802580038	54356.008138343255	2.373637469129734e-06
107.85785785785787	0.1798161992389976	54250.82143163549	2.197986906815823e-06
108.13313313313314	0.18005394336389507	54145.83820403418	2.0351282311497413e-06
108.4084084084084	0.1802788029446056	54041.05806710018	1.8841559175072713e-06
108.68368368368368	0.1806049595689896	53936.48063328697	1.7441403315204016e-06
108.95895895895896	0.1810245928018617	53832.105515278505	1.614240133640333e-06
109.23423423423424	0.1814514146669945	53727.93232575379	1.4937422606364112e-06
109.50950950950951	0.18181834066839692	53623.96067761732	1.3820227455992706e-06
109.78478478478479	0.18208845166606838	53520.190184203224	1.2785118963180082e-06
110.06006006006007	0.18230488585720245	53416.620459563535	1.182645124422738e-06
110.33533533533534	0.18253060716280683	53313.25111847263	1.0938619324661085e-06
110.61061061061062	0.18282994774163674	53210.081776372266	1.0116150465013683e-06
110.88588588588588	0.18317440175621505	53107.112049107476	9.354151364216449e-07
111.16116116116116	0.1834254951832902	53004.341552737096	8.648629321747156e-07
111.43643643643644	0.18360616780688757	52901.76990399219	7.995711542339419e-07
111.71171171171171	0.18385553917753014	52799.39672047442	7.39130536939747e-07
111.98698698698699	0.18415864970778087	52697.22162029503	6.831709775529231e-07
112.26226226226227	0.18445142932363676	52595.24422202456	6.31369926139668e-07
112.53753753753755	0.18479825626863317	52493.464144935344	5.834109692460585e-07
112.81281281281282	0.18520934428812666	52391.88100889911	5.390010424776524e-07
113.08808808808809	0.18545354398008965	52290.4944340908	4.979206143520333e-07
113.36336336336336	0.18544915603718717	52189.30404128502	4.59973160970685e-07
113.63863863863864	0.1854141372128237	52088.309452206886	4.2492526565703224e-07
113.91391391391392	0.1854747962083812	51987.51028934126	3.9253877976726003e-07
114.1891891891892	0.1856407983710025	51886.90617578318	3.6259600565031266e-07
114.46446446446447	0.18593187972634564	51786.49673525501	3.348965831955727e-07
114.73973973973975	0.18634305475825666	51686.281592091844	3.092597734957091e-07
115.01501501501502	0.1866687151110479	51586.26037110924	2.855467622785645e-07
115.2902902902903	0.18675904864687942	51486.43269770644	2.636429269081765e-07
115.56556556556556	0.1869021629024431	51386.798198172924	2.434055194854093e-07
115.84084084084084	0.18728369343166557	51287.3564995556	2.2468594983946625e-07
116.11611611611612	0.18770018101217983	51188.10722941994	2.0737017917303665e-07
116.3913913913914	0.18802497149954514	51089.05001593899	1.913634033515625e-07
116.66666666666667	0.18828572560127957	50990.18448798879	1.7657362568628615e-07
116.94194194194195	0.1885565670780192	50891.51027516162	1.6290917199170814e-07
117.21721721721723	0.18892097241020336	50793.0270077576	1.502798884054407e-07
117.4924924924925	0.1893187853941841	50694.734316723916	1.3860724194169893e-07
117.76776776776778	0.18964776968681052	50596.63183365291	1.2782443349630596e-07
118.04304304304304	0.18991222360756282	50498.719190828255	1.17868327868678e-07
118.31831831831832	0.1901592342644185	50400.99602123564	1.0867742039581363e-07
118.5935935935936	0.190469037399863	50303.46195856556	1.0019112283708857e-07
118.86886886886887	0.19083094575277007	50206.11663718462	9.235442269774781e-08
119.14414414414415	0.19109720284857215	50108.95969210852	8.512223675064227e-08
119.41941941941943	0.1913061711299755	50011.99075905247	7.84506378951503e-08
119.6946946946947	0.19165650237687631	49915.2094744563	7.22923623054743e-08
119.96996996996998	0.19208960169254166	49818.61547542639	6.660643281360245e-08
120.24524524524524	0.19242800467974092	49722.20839972288	6.13601133685472e-08
120.52052052052052	0.19268217537705165	49625.987885797986	5.652217466218053e-08
120.7957957957958	0.1929238778923622	49529.9535728024	5.206160459396879e-08
121.07107107107107	0.1932105232250126	49434.10510057865	4.794848437227408e-08
121.34634634634635	0.1935220923016192	49338.44210964938	4.415575943531958e-08
121.62162162162163	0.19370297532624348	49242.964241204354	4.066122386428418e-08
121.8968968968969	0.19377356546189514	49147.671137123056	3.744345464832124e-08
122.17217217217218	0.193958623542571	49052.56243999034	3.4478942741024625e-08
122.44744744744746	0.19423840907351073	48957.63779306794	3.1746697025013034e-08
122.72272272272272	0.19444128117571408	48862.896840283945	2.9229790856556473e-08
122.997997997998	0.19462950707570284	48768.33922625359	2.6911629947161222e-08
123.27327327327328	0.1949195662191483	48673.96459627986	2.477562608447898e-08
123.54854854854855	0.19522512039128606	48579.77259633812	2.2807569993502172e-08
123.82382382382383	0.19546312930692672	48485.76287307788	2.0995106811370194e-08
124.0990990990991	0.19568143703187427	48391.93507383016	1.9326275542311047e-08
124.37437437437438	0.19589985446352506	48298.288846604184	1.7789844274396508e-08
124.64964964964966	0.1960746124283596	48204.82384008343	1.6375751614975408e-08
124.92492492492492	0.19624471575153635	48111.53970362862	1.507439015870284e-08
125.2002002002002	0.19651055342850401	48018.436087278154	1.3876305167514218e-08
125.47547547547548	0.19681339987788957	47925.512641740635	1.2773234425916874e-08
125.75075075075075	0.19703716643895633	47832.76901839315	1.1758174816675994e-08
126.02602602602603	0.19722875768939713	47740.20486928614	1.0824347285775603e-08
126.30130130130131	0.19747234985409204	47647.81984714267	9.965110509123373e-09
126.57657657657658	0.19780292271705696	47555.61360535523	9.174261447662475e-09
126.85185185185186	0.1982045008784892	47463.58579798346	8.446217207105877e-09
127.12712712712714	0.19858754428144165	47371.73607975181	7.77617442072938e-09
127.4024024024024	0.19889834417332547	47280.06410604989	7.159837120950115e-09
127.67767767767768	0.19913356552998826	47188.56953293255	6.5931904495620924e-09
127.95295295295296	0.19931896569325236	47097.25201711911	6.0724126767454364e-09
128.22822822822823	0.19949541125876022	47006.111215992234	5.593855930156217e-09
128.5035035035035	0.19968358251870383	46915.1467875962	5.154112034328033e-09
128.7787787787788	0.1998889968524242	46824.358390635454	4.750038620037866e-09
129.05405405405406	0.20009139626959926	46733.74568447325	4.378786803254389e-09
129.32932932932934	0.20026066865183234	46643.308329130356	4.037780924834346e-09
129.60460460460462	0.20036037357445288	46553.04598528403	3.7246905009841675e-09
129.87987987987987	0.20043748610692874	46462.95831426766	3.4372800074401885e-09
130.15515515515517	0.20064548934688836	46373.04497807017	3.1732925299796338e-09
130.43043043043042	0.20098547756655624	46283.30563933341	2.930694142878481e-09
130.70570570570572	0.20133305021900622	46193.73996134998	2.7077832346620946e-09
130.98098098098097	0.20165299936468073	46104.34760806312	2.5030265970784902e-09
131.25625625625628	0.20194667191002624	46015.12824406566	2.315001928181837e-09
131.53153153153153	0.2021570843088894	45926.08153459871	2.142438838081344e-09
131.80680680680683	0.20228011888445085	45837.20714555059	1.984152568289656e-09
132.08208208208208	0.20251114455345046	45748.50474345674	1.8389017109210616e-09
132.35735735735736	0.20288206843673914	45659.97399549726	1.7055443099295466e-09
132.63263263263264	0.20309824482893882	45571.61456949458	1.5832225926575994e-09
132.9079079079079	0.20315171933405246	45483.42613391358	1.4711267938110552e-09
133.1831831831832	0.20334279698247978	45395.40835786157	1.3683442281553137e-09
133.45845845845847	0.2036718945067356	45307.560911085624	1.2740542514966653e-09
133.73373373373374	0.20396240035067553	45219.88346397096	1.1875900938176762e-09
134.00900900900902	0.2042072518214277	45132.375687540334	1.1083361341866238e-09
134.2842842842843	0.20444934116863314	45045.037253452996	1.0357066736243359e-09
134.55955955955955	0.20466843210396132	44957.86783400328	9.691691143183862e-10
134.83483483483485	0.20486711909723732	44870.86710211943	9.082310921476452e-10
135.1101101101101	0.20512477383875172	44784.03473136268	8.524177849720562e-10
135.3853853853854	0.2054316715379203	44697.370395925594	8.012992525730938e-10
135.66066066066065	0.2056603346974047	44610.87377063088	7.545110928664792e-10
135.93593593593596	0.2058538204180307	44524.544530930405	7.117049347953836e-10
136.2112112112112	0.2061643587827426	44438.382352904235	6.725310362430559e-10
136.4864864864865	0.20646220971853932	44352.38691325883	6.366954620847635e-10
136.76176176176176	0.20655829194962466	44266.55788932597	6.039560663888506e-10
137.03703703703704	0.20663826967501786	44180.89495906194	5.740562250021592e-10
137.31231231231232	0.2068764256976469	44095.39780104644	5.46737993917108e-10
137.5875875875876	0.20712599236320667	44010.06609448083	5.217872664298736e-10
137.86286286286287	0.20732534202446595	43924.89951918709	4.990142369473125e-10
138.13813813813815	0.20762873246841185	43839.89775560691	4.782282964943217e-10
138.41341341341342	0.20802224731029825	43755.06048480025	4.592584263708514e-10
138.6886886886887	0.20832435005286265	43670.38738844403	4.419640704651093e-10
138.96396396396398	0.20856301156397034	43585.87814883115	4.26211841104211e-10
139.23923923923923	0.20887255404048735	43501.53244886941	4.1186905002781204e-10
139.51451451451453	0.20922780723658543	43417.34997208012	3.988167192291361e-10
139.78978978978978	0.20956627088462773	43333.330402597014	3.869497140387772e-10
140.06506506506508	0.20990083594561196	43249.47342516494	3.7617050190788294e-10
140.34034034034033	0.2102541897049673	43165.778725138945	3.663884017551024e-10
140.61561561561564	0.21063391988664967	43082.2459884828	3.575200505303023e-10
140.8908908908909	0.21096442532171591	42998.87490176799	3.4949193605069545e-10
141.1661661661662	0.21108795989597132	42915.66515217232	3.422411721273579e-10
141.44144144144144	0.2111134539660578	42832.61642747911	3.3570473434267745e-10
141.71671671671672	0.21131637657697974	42749.728416076	3.298166925990524e-10
141.991991991992	0.21165766938469538	42667.00080695367	3.2451917851036895e-10
142.26726726726727	0.2119691967223556	42584.43328970445	3.1976383695155477e-10
142.54254254254255	0.21216697916088564	42502.02555452129	3.1550769089245667e-10
142.81781781781783	0.21225127716000244	42419.77729219668	3.1171058794536436e-10
143.0930930930931	0.21237586465397665	42337.688194121605	3.083327558342047e-10
143.36836836836838	0.21262985241787688	42255.75795228428	3.053368387702021e-10
143.64364364364366	0.21296365090773556	42173.98625926897	3.0268987996085983e-10
143.9189189189189	0.2132601188314759	42092.372808254695	3.003632592895472e-10
144.1941941941942	0.2133702481755446	42010.91729301417	2.983319348497296e-10
144.46946946946946	0.21335656242665052	41929.61940791272	2.965717685274462e-10
144.74474474474476	0.21338425925967053	41848.47884790726	2.950591554740554e-10
145.02002002002	0.2134998441392305	41767.49530854505	2.93772412778446e-10
145.29529529529532	0.2137055623086076	41686.66848596251	2.9269197805697206e-10
145.57057057057057	0.21399520949217837	41605.99807688412	2.918002250050715e-10
145.84584584584587	0.21431608950841102	41525.483778621165	2.9108138908880837e-10
146.12112112112112	0.21453478984572358	41445.125289070624	2.9052142898791134e-10
146.3963963963964	0.21466177692161628	41364.92230671409	2.901072552640772e-10
146.67167167167167	0.2148735628591306	41284.87453061679	2.8982650341784654e-10
146.94694694694695	0.21517251224351683	41204.981660426325	2.8966801287102016e-10
147.22222222222223	0.21544082289491226	41125.24339637142	2.896217304821596e-10
147.4974974974975	0.2156527679026693	41045.65943926091	2.896784012420777e-10
147.77277277277278	0.21582647724876028	40966.22949048265	2.898294955971955e-10
148.04804804804806	0.21598902603884873	40886.953252002364	2.9006719841491934e-10
148.32332332332334	0.21618671049597252	40807.830426362576	2.9038442106228574e-10
148.59859859859858	0.2165041800678073	40728.86071668153	2.9077486695546865e-10
148.8738738738739	0.2169129294195858	40650.04382665193	2.9123282938596235e-10
149.14914914914914	0.2172210656341846	40571.3794605398	2.9175271905311696e-10
149.42442442442444	0.217402928859898	40492.867323183375	2.923292752326511e-10
149.6996996996997	0.21758481266751895	40414.50711999231	2.9295794871912096e-10
149.974974974975	0.2178112169280556	40336.29855694624	2.9363471760214313e-10
150.25025025025025	0.21807671974800577	40258.24134059388	2.943559178803625e-10
150.52552552552555	0.21836624099126645	40180.335178051755	2.951181724916502e-10
150.8008008008008	0.21865623933411568	40102.57977700323	2.9591832430904707e-10
151.07607607607608	0.2189070433316975	40024.974845697296	2.96753343209825e-10
151.35135135135135	0.21911837525689928	39947.520092947525	2.976204435057761e-10
151.62662662662663	0.21936388356381833	39870.21522813109	2.9851735483840243e-10
151.9019019019019	0.21964341688534486	39793.05996118753	2.994420164590557e-10
152.17717717717719	0.21987399418807768	39716.05400261767	3.0039221497846004e-10
152.45245245245246	0.22006985966314496	39639.1970634826	3.013659758343057e-10
152.72772772772774	0.2203039601907074	39562.488855402626	3.023618038779398e-10
153.00300300300302	0.22057445634743103	39485.92909055611	3.033783374194512e-10
153.2782782782783	0.22085059858557426	39409.517481678355	3.044142049991587e-10
153.55355355355357	0.22111195859235172	39333.253742060595	3.054680636634675e-10
153.82882882882885	0.22133782614713654	39257.137585548895	3.0653859001297054e-10
154.10410410410412	0.22150291262777702	39181.16872654307	3.076244527932962e-10
154.37937937937937	0.221660111140804	39105.34687999566	3.0872468013361134e-10
154.65465465465465	0.22195983602910507	39029.67176141093	3.098391085522951e-10
154.92992992992993	0.22236359138756523	38954.14308684369	3.1096742432333195e-10
155.2052052052052	0.222691731319279	38878.760572898114	3.121084754172364e-10
155.48048048048048	0.22299196388885265	38803.52393672682	3.1326143791811763e-10
155.75575575575576	0.22337990810057595	38728.43289602992	3.144261344446682e-10
156.03103103103103	0.22370792381518279	38653.48716905367	3.1560167171083607e-10
156.3063063063063	0.22386062310847352	38578.68647458952	3.1678664644284033e-10
156.5815815815816	0.2240465728800916	38504.03053197326	3.1798082740470785e-10
156.85685685685687	0.22435399679254403	38429.519061083905	3.1918446111958766e-10
157.13213213213214	0.224575288743659	38355.151782342415	3.2039671284295305e-10
157.40740740740742	0.22471268284989604	38280.928416710754	3.216168284336889e-10
157.6826826826827	0.22499335022814795	38206.848685691104	3.228453018342654e-10
157.95795795795797	0.2253309406866911	38132.912311324515	3.2408214188727063e-10
158.23323323323325	0.22548712811908853	38059.11901618972	3.253261055296872e-10
158.50850850850853	0.22560036389412977	37985.46852340247	3.2657678424477275e-10
158.7837837837838	0.22586463660062725	37911.96055661451	3.278348377490387e-10
159.05905905905905	0.22613363542472262	37838.59484001222	3.291000953027468e-10
159.33433433433433	0.2262873460007542	37765.371098315685	3.303717590556362e-10
159.6096096096096	0.2264271660482538	37692.28905677771	3.316496449361291e-10
159.88488488488488	0.22662500764098037	37619.34844118294	3.3293397590311727e-10
160.16016016016016	0.22687349612648292	37546.548977846665	3.3422491968603373e-10
160.43543543543544	0.22710799349524557	37473.89039361372	3.3552228055527773e-10
160.7107107107107	0.22724091197955118	37401.3724158575	3.368254017567849e-10
160.985985985986	0.2273418560312081	37328.99477247905	3.381340654508781e-10
161.26126126126127	0.2275289735000563	37256.75719190605	3.3944872589174377e-10
161.53653653653654	0.22778295716450128	37184.65940309179	3.4076969532717375e-10
161.81181181181182	0.2280610348430183	37112.70113551396	3.420970249347206e-10
162.0870870870871	0.22836495339388999	37040.882119173846	3.4343077387761513e-10
162.36236236236238	0.22865974579604761	36969.202084595156	3.4477080315933413e-10
162.63763763763765	0.22884441849146928	36897.66076282302	3.461164207459982e-10
162.91291291291293	0.2289442905172486	36826.257885423074	3.4746713742503496e-10
163.1881881881882	0.2291061510100043	36754.99318448056	3.4882333654399554e-10
163.46346346346348	0.22935779918844676	36683.86639259921	3.5018552875981085e-10
163.73873873873873	0.22965092431922982	36612.8772429002	3.5155390901759955e-10
164.014014014014	0.22994092664742102	36542.025469021086	3.529284035235138e-10
164.2892892892893	0.2301846429822833	36471.31080511491	3.5430869989729523e-10
164.56456456456456	0.23033812105567855	36400.73298584908	3.556942620536303e-10
164.83983983983984	0.23041799065557236	36330.291746404524	3.570846971725337e-10
165.11511511511512	0.23056064831017792	36259.98682247482	3.5848043560459666e-10
165.3903903903904	0.23079345906271423	36189.81795026497	3.5988203144469203e-10
165.66566566566567	0.2309991583308003	36119.78486649043	3.612893117377339e-10
165.94094094094095	0.23118266551996022	36049.88730837614	3.62702149031964e-10
166.21621621621622	0.23143204163532527	35980.125013655655	3.6412094400156586e-10
166.4914914914915	0.23170024966365982	35910.49772057002	3.6554578908061383e-10
166.76676676676678	0.23190588712404847	35841.00516786677	3.669762917606425e-10
167.04204204204206	0.23209829381816496	35771.64709479909	3.6841238663696344e-10
167.31731731731733	0.23231664963244733	35702.42324112473	3.698542479467145e-10
167.5925925925926	0.23248394766369165	35633.33334710503	3.713015794888697e-10
167.8678678678679	0.2325940676756467	35564.37715350399	3.7275407601673136e-10
168.14314314314316	0.23277100677920468	35495.554401587375	3.7421220143281297e-10
168.4184184184184	0.2329971153108531	35426.86483312166	3.75676275734061e-10
168.6936936936937	0.23313294739466517	35358.308190372896	3.771457547977856e-10
168.96896896896897	0.23327536680244007	35289.88421610602	3.7862072767936353e-10
169.24424424424424	0.23360454513700676	35221.592653583895	3.801023678433831e-10
169.51951951951952	0.2339757301259679	35153.43324656615	3.8159087100776155e-10
169.7947947947948	0.23420701427099067	35085.40573930808	3.830853111160128e-10
170.07007007007007	0.2343653994159994	35017.50987655998	3.845852539513393e-10
170.34534534534535	0.23455696280120628	34949.74540356621	3.8609095455760026e-10
170.62062062062063	0.23486161952977308	34882.11206606417	3.876031385232223e-10
170.8958958958959	0.2352125297184473	34814.6096102833	3.8912205870633095e-10
171.17117117117118	0.23538942275718788	34747.23778294388	3.906465876988333e-10
171.44644644644646	0.23538453498503792	34679.99633125634	3.9217565081824163e-10
171.72172172172174	0.23534738231890337	34612.885002920484	3.9370919767262574e-10
171.996996996997	0.23540051279917376	34545.90354612444	3.952479470447356e-10
172.2722722722723	0.23560837636759657	34479.05170954378	3.967929595389598e-10
172.54754754754757	0.23585131037955268	34412.32924234027	3.98344454838233e-10
172.82282282282284	0.23603533009328176	34345.73589416097	3.9990204442167956e-10
173.0980980980981	0.23624159640065212	34279.2714151376	4.014658882396702e-10
173.37337337337337	0.23650425169268552	34212.93555588538	4.030363506802304e-10
173.64864864864865	0.23675307222870054	34146.72806750209	4.046133206373468e-10
173.92392392392392	0.2369509744899409	34080.648701567196	4.0619646294142267e-10
174.1991991991992	0.2371012023927715	34014.697210140854	4.077854948558136e-10
174.47447447447448	0.2372358111653467	33948.87334576308	4.093803660029171e-10
174.74974974974975	0.2373988351163941	33883.176861452834	4.109813155029927e-10
175.02502502502503	0.23761739630327214	33817.60751070706	4.1258873844154715e-10
175.3003003003003	0.23787665949062572	33752.16504749971	4.1420290147177167e-10
175.57557557557558	0.23805201810400137	33686.84922628072	4.158232417319436e-10
175.85085085085086	0.23810600732921594	33621.65980197519	4.174490044591338e-10
176.12612612612614	0.23819395716177547	33556.596529982635	4.190805172856671e-10
176.40140140140142	0.23838626166611265	33491.659166175996	4.2071854176450744e-10
176.6766766766767	0.23863285882451277	33426.84746690061	4.223634456441812e-10
176.95195195195197	0.2388451293482828	33362.161188973245	4.240149827076891e-10
177.22722722722725	0.23893695032618198	33297.60008968116	4.256723616452787e-10
177.50250250250252	0.238990808840194	33233.16392678143	4.273354101481131e-10
177.77777777777777	0.23912276430501947	33168.852458500034	4.290047449947551e-10
178.05305305305305	0.2393052821398196	33104.66544353078	4.3068074676537493e-10
178.32832832832833	0.23947575648372024	33040.6026410344	4.323633455941546e-10
178.6036036036036	0.23957308664271532	32976.66381063765	4.3405206977475736e-10
178.87887887887888	0.23961209222200575	32912.84871243245	4.3574659128714445e-10
179.15415415415416	0.23970823377899095	32849.15710697514	4.3744739350822945e-10
179.42942942942943	0.23990784479389982	32785.588755285455	4.3915523341709243e-10
179.7047047047047	0.24019110568580881	32722.143418845604	4.408706687050442e-10
179.97997997998	0.2405318764946001	32658.820859599335	4.4259403203965935e-10
180.25525525525526	0.2408846121986546	32595.620839951058	4.4432531762226653e-10
180.53053053053054	0.24111821603721376	32532.543122764815	4.460636227949941e-10
180.80580580580582	0.2411822943858748	32469.587471363484	4.4780778120303836e-10
181.0810810810811	0.24133267660338256	32406.753649528266	4.4955850074905106e-10
181.35635635635637	0.24166950316067295	32344.041421497597	4.513171223498401e-10
181.63163163163165	0.24193751276992304	32281.45055196588	4.530830948233507e-10
181.90690690690693	0.24203509948700713	32218.98080608276	4.5485521076028815e-10
182.1821821821822	0.24206227328731644	32156.631949452476	4.566330730007479e-10
182.45745745745745	0.24214101478716696	32094.40374813302	4.5841717766602745e-10
182.73273273273273	0.24237713168239378	32032.295968635204	4.6020872317089714e-10
183.008008008008	0.24272148777995575	31970.30837792167	4.6200845606199386e-10
183.28328328328328	0.2430776120322888	31908.440743405892	4.63816375465369e-10
183.55855855855856	0.24339945368556065	31846.69283295143	4.6563215654538205e-10
183.83383383383384	0.24366132490638315	31785.064414871013	4.674553238720009e-10
184.1091091091091	0.24385704356648846	31723.55525792571	4.692854038031313e-10
184.3843843843844	0.24400599548237412	31662.16513132415	4.711221072088647e-10
184.65965965965967	0.2441560923479039	31600.893804721614	4.729655179568199e-10
184.93493493493494	0.24432837132538918	31539.741048219188	4.748158662886929e-10
185.21021021021022	0.24451771208754997	31478.70663236284	4.766733269419419e-10
185.4854854854855	0.24469597153631698	31417.79032814255	4.785378571840754e-10
185.76076076076077	0.24484466684400666	31356.991906991443	4.804092862380886e-10
186.03603603603605	0.2450423498267552	31296.31114078509	4.822880346248359e-10
186.31131131131133	0.2453345240974831	31235.747801840553	4.841748203634192e-10
186.5865865865866	0.2456008451932092	31175.3016629154	4.860694153717484e-10
186.86186186186188	0.2457746509621385	31114.972497206832	4.879711244560698e-10
187.13713713713713	0.24592108204719215	31054.76007835108	4.898797998209916e-10
187.4124124124124	0.24608320211807305	30994.664180422435	4.91795628723243e-10
187.68768768768768	0.24627127302196672	30934.684577932472	4.937188600924383e-10
187.96296296296296	0.24651279828340508	30874.82104582912	4.956499278118649e-10
188.23823823823824	0.24682634941255907	30815.07335949587	4.975893678154889e-10
188.51351351351352	0.24710707612246324	30755.44129475077	4.995368836758144e-10
188.7887887887888	0.24725215424524352	30695.924627845554	5.014914359270831e-10
189.06406406406407	0.24732445720505797	30636.523135465053	5.034525577285515e-10
189.33933933933935	0.24741557826814542	30577.236594726342	5.054205204601969e-10
189.61461461461462	0.24760054152282882	30518.064783177953	5.073961423084161e-10
189.8898898898899	0.24787460551376764	30459.007478798892	5.093801328776881e-10
190.16516516516518	0.24814067564151132	30400.06445999766	5.11372397978425e-10
190.44044044044045	0.2483663500245195	30341.23550561159	5.133726070716575e-10
190.71571571571573	0.24857401110709967	30282.520394906	5.153806352065231e-10
190.990990990991	0.24878982878779976	30223.91890757344	5.17396573654076e-10
191.26626626626629	0.2490290073112057	30165.430823732782	5.194206257613247e-10
191.54154154154156	0.24925349370236	30107.055923928398	5.214526840249265e-10
191.8168168168168	0.24944001007894684	30048.79398912929	5.234924729080587e-10
192.0920920920921	0.24964027530711025	29990.644800728413	5.255401488262049e-10
192.36736736736736	0.24988250529233036	29932.6081405418	5.275960773802257e-10
192.64264264264264	0.25014227999803723	29874.6837908077	5.29660401629074e-10
192.91791791791792	0.25043558720786024	29816.87153418577	5.317333803830616e-10
193.1931931931932	0.25080420179697005	29759.171153756328	5.33815581427982e-10
193.46846846846847	0.2511149458588931	29701.582433019306	5.359064685327568e-10
193.74374374374375	0.2511893564062614	29644.10515589336	5.380041421657536e-10
194.01901901901903	0.25117804159717005	29586.73910671551	5.401080827034565e-10
194.2942942942943	0.2512763178234844	29529.484070240374	5.422193810239056e-10
194.56956956956958	0.25144788845822186	29472.339831639078	5.443387374204983e-10
194.84484484484486	0.2516490773360046	29415.306176498427	5.464664385440421e-10
195.12012012012013	0.25190982023456404	29358.382890820212	5.48602988771683e-10
195.3953953953954	0.25217329075481737	29301.569761020244	5.507483890716571e-10
195.6706706706707	0.2522868415469845	29244.86657392748	5.529014054461235e-10
195.94594594594597	0.2523256266928814	29188.27311678349	5.55061534019829e-10
196.22122122122124	0.2524970342636939	29131.789177241862	5.5723001339705e-10
196.4964964964965	0.25272842303041637	29075.41454336703	5.594073741708375e-10
196.77177177177177	0.25288743649791134	29019.149003633363	5.615930132860585e-10
197.04704704704704	0.2531160635783003	28962.99234692478	5.637875575631283e-10
197.32232232232232	0.2534997917754425	28906.944362533883	5.659922849680712e-10
197.5975975975976	0.2538170028696218	28851.004840160713	5.682065195779438e-10
197.87287287287288	0.25395147402717455	28795.173569912124	5.704286867309038e-10
198.14814814814815	0.254007060874241	28739.450342301287	5.726582299642528e-10
198.42342342342343	0.25407202715367233	28683.834948246895	5.748953862512259e-10
198.6986986986987	0.25419227722256604	28628.32717907234	5.77140757874641e-10
198.97397397397398	0.2542951502943971	28572.926826504714	5.793942812498221e-10
199.24924924924926	0.25428681890959576	28517.63368267405	5.816551089209279e-10
199.52452452452454	0.25430764171971487	28462.44754011283	5.839236650355216e-10
199.7997997997998	0.2544940494030507	28407.368191755242	5.862014964595457e-10
200.0750750750751	0.25473271581500884	28352.395430936016	5.884890410717229e-10
200.35035035035037	0.25495706307932664	28297.529051389734	5.907861294912436e-10
200.62562562562564	0.2552677007544689	28242.76884725029	5.930934762250358e-10
200.90090090090092	0.25562363347614003	28188.114613049882	5.954113791490357e-10
201.17617617617617	0.25582258050709433	28133.56614371806	5.977383642224004e-10
201.45145145145145	0.25588378444413695	28079.123234581224	6.000732680050437e-10
201.72672672672672	0.25597002161072646	28024.78568136213	6.024164558220187e-10
202.002002002002	0.25613438170794656	27970.553280178898	6.047687241838882e-10
202.27727727727728	0.2563626431733275	27916.425827544208	6.071306728230513e-10
202.55255255255256	0.2565625421220864	27862.403120364375	6.095020382336228e-10
202.82782782782783	0.25669100576360027	27808.48495593868	6.118822063731568e-10
203.1031031031031	0.25685882511607677	27754.671131958836	6.142716038656808e-10
203.3783783783784	0.25708550903306915	27700.96144650808	6.166707930730671e-10
203.65365365365366	0.2572423264064481	27647.35569806023	6.190791419615421e-10
203.92892892892894	0.25734573452638687	27593.85368547909	6.214962291710386e-10
204.20420420420422	0.2575231254879487	27540.455208017906	6.23922816706399e-10
204.4794794794795	0.2576938553580819	27487.1600653183	6.26358873422069e-10
204.75475475475477	0.25771995994888725	27433.968057409398	6.288031322599386e-10
205.03003003003005	0.25773539572939563	27380.878984707502	6.312556602670517e-10
205.30530530530532	0.2578844180189943	27327.892648015404	6.337178284375369e-10
205.5805805805806	0.2580949150433279	27275.008848521255	6.361902246051709e-10
205.85585585585588	0.2582943654530652	27222.227387797822	6.386727227561379e-10
206.13113113113113	0.25847673234050605	27169.548067801898	6.411651577473613e-10
206.4064064064064	0.25863693000300414	27116.970690873455	6.436673374958686e-10
206.68168168168168	0.25876653171409664	27064.495059735007	6.461790144722227e-10
206.95695695695696	0.25888893030166144	27012.120977490868	6.487001847540092e-10
207.23223223223223	0.2590339663296678	26959.848247626433	6.512311251466229e-10
207.5075075075075	0.259137607185912	26907.67667400728	6.537714936901406e-10
207.7827827827828	0.25914357346192696	26855.606060878457	6.563204591533852e-10
208.05805805805807	0.25916134666068313	26803.636212864007	6.588782984296761e-10
208.33333333333334	0.259276919678907	26751.76693496621	6.614460731584825e-10
208.60860860860862	0.2594427931420086	26699.99803256463	6.640242989624445e-10
208.8838838838839	0.25960138951955436	26648.329311415364	6.666129012559695e-10
209.15915915915917	0.2597094169842731	26596.760577650337	6.692114056043474e-10
209.43443443443445	0.25979865528201845	26545.291637776685	6.718196897426533e-10
209.70970970970973	0.25994305484148095	26493.922298676134	6.744383539202871e-10
209.984984984985	0.2600636236204655	26442.652367604005	6.770671869070931e-10
210.26026026026028	0.26006009504409877	26391.481652188417	6.797050363491079e-10
210.53553553553556	0.2600946248156049	26340.409960430046	6.823524299985684e-10
210.8108108108108	0.2603169644786834	26289.437100701416	6.850113000154091e-10
211.08608608608608	0.26063236845463933	26238.562881745685	6.876824761444263e-10
211.36136136136136	0.26095901506369207	26187.78711267602	6.903659149994995e-10
211.63663663663664	0.26130241500844187	26137.109602974975	6.930616365678088e-10
211.91191191191191	0.261634817490084	26086.530162493782	6.957693915268452e-10
212.1871871871872	0.26189263201220014	26036.048601451497	6.984883333889648e-10
212.46246246246247	0.2620776761525926	25985.66473043446	7.012177207606021e-10
212.73773773773775	0.26223323926851255	25935.37836039562	7.039573178243519e-10
213.01301301301302	0.2624008123272409	25885.18930265388	7.067073282321161e-10
213.2882882882883	0.2626067666120969	25835.09736889328	7.094682027788601e-10
213.56356356356358	0.2628282531999718	25785.102371162262	7.1224012387942e-10
213.83883883883885	0.26305026447444624	25735.204121872986	7.150231099125775e-10
214.11411411411413	0.2632951482195172	25685.402433800653	7.178174069032678e-10
214.3893893893894	0.2635682182448632	25635.697120082783	7.206232949966306e-10
214.66466466466468	0.2638447182892726	25586.087994218477	7.234407808013497e-10
214.93993993993996	0.26405352431907586	25536.57487006762	7.262691524374013e-10
215.21521521521524	0.2641205617582002	25487.157561850167	7.291070176116179e-10
215.4904904904905	0.26421847605838583	25437.83588414593	7.319548892770972e-10
215.76576576576576	0.2645468665468341	25388.609651893898	7.34815280239891e-10
216.04104104104104	0.26490775336998684	25339.47868039083	7.376884243923214e-10
216.31631631631632	0.26509673482909085	25290.442785290525	7.40572429105708e-10
216.5915915915916	0.26517740285894703	25241.50178260367	7.434662513901587e-10
216.86686686686687	0.26524219026214696	25192.655488697153	7.463699142913013e-10
217.14214214214215	0.26535968217677797	25143.90372029338	7.492841560206286e-10
217.41741741741743	0.26554454944340167	25095.24629446944	7.522097989797614e-10
217.6926926926927	0.26575836798919744	25046.683028656375	7.551471861513852e-10
217.96796796796798	0.26592764988084977	24998.213740638337	7.580958587887054e-10
218.24324324324326	0.2659851656398226	24949.838248552023	7.610546989050931e-10
218.51851851851853	0.26600991764435156	24901.556370886203	7.640235384575856e-10
218.7937937937938	0.2661080132765786	24853.367926481114	7.670033556275962e-10
219.0690690690691	0.26630481847870513	24805.272734527607	7.699953062290858e-10
219.34434434434436	0.2665744275044565	24757.27061456639	7.730001600554279e-10
219.61961961961964	0.26682405686048866	24709.36138648723	7.760176215389077e-10
219.89489489489492	0.26697241949711953	24661.544870528272	7.790465555029879e-10
220.17017017017017	0.2669752233780089	24613.820887275444	7.820854659762742e-10
220.44544544544544	0.266987181873483	24566.189257662172	7.851346832578199e-10
220.72072072072072	0.26724449401073463	24518.64980296889	7.881970738579532e-10
220.995995995996	0.26751961853265144	24471.20234482142	7.91272746148478e-10
221.27127127127127	0.2675175507715133	24423.846705190215	7.943585781270948e-10
221.54654654654655	0.2675301760746676	24376.582706390807	7.974549629166006e-10
221.82182182182183	0.267821677331507	24329.41017108311	8.00565165908387e-10
222.0970970970971	0.26821645098968044	24282.32892226989	8.036901951237444e-10
222.37237237237238	0.2685641856515793	24235.33878329614	8.068292995824304e-10
222.64764764764766	0.2688492526461727	24188.43957784865	8.099816357385118e-10
222.92292292292294	0.2690753063303826	24141.631129955455	8.13146490903481e-10
223.1981981981982	0.2692603835728111	24094.91326398513	8.163234307194835e-10
223.4734734734735	0.26948663060295525	24048.285804646326	8.195129905210551e-10
223.74874874874877	0.26982064996883426	24001.74857698703	8.227164061929406e-10
224.02402402402404	0.27005555476609233	23955.30140639338	8.259324607868639e-10
224.29929929929932	0.27002746344896195	23908.944118589094	8.29158210561529e-10
224.5745745745746	0.2699849184836549	23862.67653963563	8.323938327746947e-10
224.84984984984985	0.27010526333700746	23816.498495931442	8.356415093003174e-10
225.12512512512512	0.270290271439742	23770.40981421073	8.389020848028961e-10
225.4004004004004	0.2704398305451009	23724.410321542786	8.421751765609968e-10
225.67567567567568	0.27049596625233785	23678.49984533144	8.454597784066885e-10
225.95095095095095	0.2705433758070139	23632.678213314688	8.487559667873294e-10
226.22622622622623	0.27073732030375935	23586.945253564234	8.520656124457806e-10
226.5015015015015	0.2710449724743912	23541.30079448442	8.553900224838984e-10
226.77677677677679	0.27136163207980646	23495.74466481144	8.587291586563088e-10
227.05205205205206	0.27161491615571587	23450.276693612752	8.620821467108073e-10
227.32732732732734	0.271779937904883	23404.89671028656	8.654479148113717e-10
227.60260260260262	0.27192264055169424	23359.604544561334	8.688262806557564e-10
227.8778778778779	0.2721177658194742	23314.400026495237	8.722179675808694e-10
228.15315315315317	0.2724239438116128	23269.28298647542	8.756243253653564e-10
228.42842842842845	0.27270954573185446	23224.253255216983	8.790450096673576e-10
228.70370370370372	0.27272660309263164	23179.31066376208	8.824767627757376e-10
228.978978978979	0.27264954102339956	23134.45504348019	8.859187465650817e-10
229.25425425425428	0.27279568060325154	23089.68622606784	8.893740159761035e-10
229.52952952952953	0.27306422948134074	23045.004043547055	8.928441086462879e-10
229.8048048048048	0.27328309742735457	23000.40832826451	8.963283352624435e-10
230.08008008008008	0.2734566315548977	22955.898912891367	8.998261352333043e-10
230.35535535535536	0.2736298096453556	22911.475630422676	9.0333755703959e-10
230.63063063063063	0.2738590223141686	22867.13831417681	9.068633371449521e-10
230.9059059059059	0.27410425426465357	22822.886797794603	9.104036537855185e-10
231.1811811811812	0.2742402207243693	22778.72091523855	9.139571364663805e-10
231.45645645645646	0.2743688797567843	22734.6405007927	9.175238145099842e-10
231.73173173173174	0.2746877173286038	22690.64538906222	9.21106157410173e-10
232.00700700700702	0.275022704299751	22646.735414971972	9.247042337895376e-10
232.2822822822823	0.2751444030259641	22602.910413765734	9.28315262117229e-10
232.55755755755757	0.2751695775179182	22559.170221006378	9.319382063027635e-10
232.83283283283285	0.2752304958672579	22515.5146725753	9.355737938700727e-10
233.10810810810813	0.27531869915840324	22471.94360467148	9.392225760539278e-10
233.3833833833834	0.27542042298780794	22428.45685381085	9.428848793216641e-10
233.65865865865868	0.27553822729465977	22385.05425682573	9.46561034243106e-10
233.93393393393396	0.2756562410775349	22341.73565086415	9.502511419684597e-10
234.2092092092092	0.27575400969783265	22298.500873389243	9.53955038829356e-10
234.48448448448448	0.2759074269469638	22255.349762178867	9.576735512630475e-10
234.75975975975976	0.27619161239017187	22212.28215532499	9.614083885055129e-10
235.03503503503504	0.27644871400058096	22169.297891232527	9.651590653099833e-10
235.3103103103103	0.2765527400599614	22126.396808618803	9.689235304930737e-10
235.5855855855856	0.27665298649697756	22083.578746513616	9.727018784450823e-10
235.86086086086087	0.2768210103144446	22040.843544258427	9.764951269697914e-10
236.13613613613614	0.27692974070553705	21998.19104150532	9.803025424033443e-10
236.41141141141142	0.2769952573283936	21955.621078216707	9.84123681974791e-10
236.6866866866867	0.27717671897410795	21913.133494665093	9.879602378835637e-10
236.96196196196198	0.2774002480968597	21870.728131431904	9.918127640969162e-10
237.23723723723725	0.27749269439861574	21828.40482940665	9.956794819407876e-10
237.51251251251253	0.2775894428419574	21786.16342978707	9.995605923014257e-10
237.7877877877878	0.2778443435440195	21744.00377407862	1.0034583227912314e-09
238.06306306306308	0.27806903465300636	21701.925704092995	1.007372170637041e-09
238.33833833833836	0.278174294392623	21659.92906194777	1.0113005002284968e-09
238.61361361361364	0.2784211324311456	21618.013690066735	1.0152453490115923e-09
238.88888888888889	0.27882898212358787	21576.17943117867	1.0192088120449626e-09
239.16416416416416	0.2790812485186159	21534.42612831587	1.0231885053579046e-09
239.43943943943944	0.27918555996173383	21492.75362481445	1.027182403281765e-09
239.71471471471472	0.27938488394540234	21451.161764314296	1.0311919942734227e-09
239.98998998999	0.2796583382592839	21409.650390757826	1.0352183339902302e-09
240.26526526526527	0.27989039557291767	21368.219348389175	1.0392607974582285e-09
240.54054054054055	0.2801153039007574	21326.86848175396	1.0433193011358712e-09
240.81581581581582	0.2803714421766918	21285.597635698756	1.0473943045247941e-09
241.0910910910911	0.28059954806961074	21244.40665537022	1.0514854091990492e-09
241.36636636636638	0.2807521285146421	21203.295386214562	1.055591608598083e-09
241.64164164164166	0.28082693509629253	21162.263673977068	1.0597119765205578e-09
241.91691691691693	0.2808775689123186	21121.31136470165	1.063846434811481e-09
242.1921921921922	0.2809959766264897	21080.43830473045	1.0679962021146869e-09
242.4674674674675	0.28115305874019786	21039.64434070285	1.0721619679229516e-09
242.74274274274276	0.2812691930594424	20998.929319554813	1.076343237203778e-09
243.01801801801804	0.28139214781838645	20958.293088518647	1.0805402464386158e-09
243.29329329329332	0.28157411305052776	20917.73549512242	1.0847539520371796e-09
243.56856856856857	0.28173236566945553	20877.256387189045	1.0889840433042804e-09
243.84384384384384	0.28179670466481177	20836.855612835727	1.0932292492674033e-09
244.11911911911912	0.2817773432151602	20796.53302047362	1.0974885835658842e-09
244.3943943943944	0.2817563546720776	20756.288458807463	1.101762344092733e-09
244.66966966966967	0.2818725593367764	20716.121776835156	1.1060527995447121e-09
244.94494494494495	0.28201460089494657	20676.032823846497	1.1103603809019883e-09
245.22022022022023	0.2819457601982282	20636.021449422304	1.1146820517842562e-09
245.4954954954955	0.2818855776819365	20596.087503435072	1.11901828889486e-09
245.77077077077078	0.28214472482574027	20556.230836048704	1.1233740573118734e-09
246.04604604604606	0.2825505322155413	20516.451297716587	1.1277512851566393e-09
246.32132132132134	0.2828717047810379	20476.74873918086	1.1321483110139092e-09
246.5965965965966	0.28304624039265536	20437.123011472322	1.136562743237212e-09
246.8718718718719	0.28311319073285957	20397.573965910142	1.1409930268052013e-09
247.14714714714717	0.283216901596758	20358.10145410165	1.14543991818728e-09
247.42242242242244	0.2833751908669284	20318.705327941378	1.1499043661790405e-09
247.69769769769772	0.2834930966537356	20279.38543961021	1.1543858086586724e-09
247.972972972973	0.28357878618216437	20240.14164157511	1.1588838720842252e-09
248.24824824824825	0.28369483154858793	20200.973786588707	1.1633991698882038e-09
248.52352352352352	0.2838718097849437	20161.881727688684	1.1679327194821827e-09
248.7987987987988	0.284116370612841	20122.865318197153	1.1724855398150347e-09
249.07407407407408	0.2843946066925407	20083.924411719974	1.1770580360397231e-09
249.34934934934935	0.2846390818264548	20045.058862146092	1.1816495517527672e-09
249.62462462462463	0.2847400973692655	20006.2685236469	1.186257831320477e-09
249.8998998998999	0.28473347560024875	19967.553250676076	1.1908814142815266e-09
250.17517517517518	0.28481292608916003	19928.912897969538	1.1955219814953187e-09
250.45045045045046	0.2850183968688127	19890.347320544457	1.200181659515178e-09
250.72572572572574	0.28527527928896984	19851.856373698338	1.2048612021492639e-09
251.00100100100101	0.2855023326153502	19813.439913008464	1.2095600293465964e-09
251.2762762762763	0.28564104822678904	19775.09779433143	1.2142767187077635e-09
251.55155155155157	0.28573003210396963	19736.82987380288	1.2190106106240963e-09
251.82682682682685	0.2858271688231749	19698.636007837045	1.22376203120902e-09
252.10210210210212	0.2859782712262287	19660.51605312616	1.2285320006547826e-09
252.3773773773774	0.28617627026806786	19622.46986663979	1.2333213268950226e-09
252.65265265265268	0.2863444830664793	19584.497305624005	1.2381295243742472e-09
252.92792792792793	0.28644399899969764	19546.598227601055	1.2429555482509523e-09
253.2032032032032	0.2864808649204289	19508.772490368883	1.2477985686151032e-09
253.47847847847848	0.2865305271874946	19471.019952000897	1.2526590587296568e-09
253.75375375375376	0.2866732729644327	19433.34047084538	1.2575387387751653e-09
254.02902902902903	0.28683079794567357	19395.733905524517	1.2624378911495231e-09
254.3043043043043	0.28693100421922074	19358.200114933825	1.267355609804251e-09
254.5795795795796	0.2870654643934283	19320.738958242207	1.2722925800997024e-09
254.85485485485486	0.28725381142887857	19283.350294891152	1.2772497426300489e-09
255.13013013013014	0.2873445343645863	19246.033984593658	1.282225469353116e-09
255.40540540540542	0.28734639412719265	19208.789887334256	1.2872184571235448e-09
255.6806806806807	0.2874409789921063	19171.617863368978	1.2922305376387386e-09
255.95595595595597	0.28759613829279135	19134.517773224223	1.2972628240940129e-09
256.2312312312313	0.28766320590051175	19097.489477695777	1.3023138551748593e-09
256.5065065065065	0.287695752528441	19060.53283784902	1.307383224181957e-09
256.7817817817818	0.2877977428250197	19023.64771501853	1.3124723105923724e-09
257.0570570570571	0.2879555462673797	18986.83397080715	1.317582126871741e-09
257.3323323323324	0.28812896671999916	18950.091467085465	1.3227129110649462e-09
257.60760760760763	0.28828042675183346	18913.420065991224	1.3278642514030295e-09
257.8828828828829	0.2884018592247234	18876.819629928912	1.3330356527174379e-09
258.15815815815813	0.28852212708543695	18840.2900215694	1.3382271717554715e-09
258.43343343343344	0.2886396509659142	18803.831103849294	1.3434388409092374e-09
258.70870870870874	0.288729081634092	18767.44273997041	1.3486702641211923e-09
258.983983983984	0.28879393660429314	18731.12479339925	1.353921156275904e-09
259.25925925925924	0.28885684355933366	18694.877127866625	1.3591916603214417e-09
259.53453453453454	0.2889603652987065	18658.699607367198	1.3644826475030532e-09
259.80980980980985	0.28912270888141234	18622.592096158885	1.3697952203967764e-09
260.0850850850851	0.28927911806543866	18586.554458762097	1.3751292461562403e-09
260.36036036036035	0.2893894732255594	18550.58655995925	1.380483915120784e-09
260.63563563563565	0.28947871390571484	18514.688264794502	1.3858589504506874e-09
260.91091091091096	0.28959422844575816	18478.859438573378	1.3912549469694694e-09
261.1861861861862	0.28978801758640327	18443.099946862247	1.3966733624545412e-09
261.46146146146145	0.289976879091379	18407.40965548729	1.402114034993496e-09
261.73673673673676	0.2900330574631002	18371.788430533943	1.4075745601486871e-09
262.01201201201206	0.29007772937463056	18336.236138347183	1.413054960774863e-09
262.2872872872873	0.29026272191965347	18300.752645531193	1.4185579816680567e-09
262.56256256256256	0.29051573132279807	18265.33781894803	1.4240847843784799e-09
262.8378378378378	0.2907371667476398	18229.99152571705	1.4296346224688178e-09
263.1131131131131	0.29087531686819706	18194.71363321457	1.4352059061417534e-09
263.3883883883884	0.29097622147031654	18159.504009073746	1.4407980616994511e-09
263.66366366366367	0.29118956966794163	18124.36252118438	1.4464133100404783e-09
263.9389389389389	0.2914790297720456	18089.28903769184	1.4520529789537383e-09
264.2142142142142	0.29168245220834554	18054.28342699604	1.4577152937879211e-09
264.48948948948953	0.2918340298051649	18019.345557751723	1.463399311173569e-09
264.7647647647648	0.2920208793777861	17984.475298868103	1.4691058057977313e-09
265.04004004004	0.29214018709810846	17949.672519507687	1.474833576230207e-09
265.31531531531533	0.29212826992392943	17914.937089085954	1.4805803785557376e-09
265.59059059059064	0.29216056327431134	17880.26887727173	1.4863474860032251e-09
265.8658658658659	0.2923266146658792	17845.66775398641	1.4921377143461427e-09
266.14114114114113	0.29252383648709096	17811.133589402703	1.4979516604599822e-09
266.41641641641644	0.2927035027977061	17776.66625394438	1.503788950590259e-09
266.69169169169174	0.2928777964497126	17742.26561828605	1.5096494921815344e-09
266.966966966967	0.29298113704349715	17707.931553352293	1.5155319711101617e-09
267.24224224224224	0.292939561605315	17673.66393031722	1.5214338197978563e-09
267.5175175175175	0.2929062764343203	17639.4626206048	1.5273556777292326e-09
267.7927927927928	0.2930369149635506	17605.327495888432	1.5333010999576513e-09
268.0680680680681	0.2932267953267928	17571.258428089448	1.5392712554287026e-09
268.34334334334335	0.2933635768260263	17537.255289376615	1.5452650326745425e-09
268.6186186186186	0.293426753966663	17503.317952165988	1.5512810551672757e-09
268.8938938938939	0.2934541085683314	17469.446289120628	1.5573188384008098e-09
269.1691691691692	0.2935329055296625	17435.64017315042	1.563379658412597e-09
269.44444444444446	0.29364377908171196	17401.89947741108	1.569464283680532e-09
269.7197197197197	0.29370867432398523	17368.22407530347	1.5755718787055575e-09
269.994994994995	0.2938171887897148	17334.61384047383	1.581703471983836e-09
270.2702702702703	0.2940685917567532	17301.068646813306	1.5878619514404086e-09
270.54554554554556	0.2942810797282275	17267.588368456363	1.5940463002639218e-09
270.8208208208208	0.29433700267494356	17234.17287978056	1.6002532852189299e-09
271.0960960960961	0.294455590806043	17200.82205540743	1.606484410420901e-09
271.3713713713714	0.2946950887792191	17167.535770201383	1.6127421925247393e-09
271.6466466466467	0.2948129939194401	17134.31389926802	1.619024013160076e-09
271.9219219219219	0.294838547854951	17101.156317954745	1.6253281405815572e-09
272.19719719719717	0.2950388815030495	17068.062901851248	1.6316584457038487e-09
272.4724724724725	0.2953483980727238	17035.03352678773	1.6380170560523922e-09
272.7477477477478	0.29555601835488765	17002.06806883383	1.6444015804187904e-09
273.02302302302303	0.29570821826142735	16969.166404299198	1.6508108522260343e-09
273.2982982982983	0.295897460096258	16936.328409733214	1.6572457399727687e-09
273.5735735735736	0.29608740134759054	16903.55396192402	1.6637062805303127e-09
273.8488488488489	0.29624758560835274	16870.842937898058	1.670191889757338e-09
274.12412412412414	0.29640458905335704	16838.195214919877	1.6767026093410936e-09
274.3993993993994	0.2965803390025946	16805.61067049162	1.6832389429766e-09
274.6746746746747	0.2967810969341469	16773.08918235249	1.6898014807220235e-09
274.94994994995	0.2969691550883903	16740.630628478153	1.6963899708112173e-09
275.22522522522524	0.29708873410086445	16708.234887080194	1.7030030307102198e-09
275.5005005005005	0.29716958719954706	16675.901836605954	1.709640067558251e-09
275.7757757757758	0.2972606529522987	16643.631355738227	1.71630159735388e-09
276.0510510510511	0.29734155819477914	16611.423323394523	1.7229876572366549e-09
276.32632632632635	0.2974263963385394	16579.277618726694	1.7296985899309954e-09
276.6016016016016	0.2976461551302858	16547.194121121025	1.7364375057459974e-09
276.87687687687685	0.2979858273848869	16515.17271019717	1.7432068628193935e-09
277.15215215215215	0.2982171112502292	16483.21326580673	1.7500039579460005e-09
277.42742742742746	0.29839456767775324	16451.31566803407	1.7568275769665703e-09
277.7027027027027	0.2987861746826685	16419.47979719676	1.7636824462598733e-09
277.97797797797796	0.2992299107308115	16387.705533843313	1.7705692667223976e-09
278.25325325325326	0.2994180408443528	16355.992758751998	1.7774819822248113e-09
278.52852852852857	0.29949247340673335	16324.34135293244	1.784418322882703e-09
278.8038038038038	0.29964552931808575	16292.751197625374	1.7913804919588884e-09
279.07907907907907	0.29979683637780036	16261.222174300998	1.7983686919211078e-09
279.35435435435437	0.2998738293125488	16229.754164658558	1.8053815149544962e-09
279.6296296296297	0.29990654192245825	16198.34705062638	1.812418384175936e-09
279.9049049049049	0.2999668650472217	16167.000714361597	1.819480390269726e-09
280.1801801801802	0.3001505738056616	16135.715038249828	1.8265706432050149e-09
280.4554554554555	0.3004312235247841	16104.489904904163	1.8336913280343664e-09
280.7307307307308	0.30069906488083425	16073.325197164399	1.840841941752321e-09
281.00600600600603	0.30083803664830827	16042.220798096492	1.8480194438554466e-09
281.2812812812813	0.30080265273387613	16011.17659099245	1.8552201208191345e-09
281.5565565565566	0.30081831285853194	15980.1924593712	1.8624457819226235e-09
281.83183183183183	0.30101779145468	15949.268286977702	1.869701057223513e-09
282.10710710710714	0.3011949267424753	15918.403957780929	1.8769853764228614e-09
282.3823823823824	0.30127946067128436	15887.599355974071	1.8842966407610067e-09
282.6576576576577	0.3014326343526231	15856.85436597516	1.891636695856054e-09
282.93293293293294	0.3016452945211491	15826.168872425884	1.899006982906143e-09
283.20820820820825	0.30177273115879455	15795.542760190468	1.9064054546628167e-09
283.4834834834835	0.30183048313985733	15764.975914356024	1.9138306661096506e-09
283.75875875875874	0.3019032398364073	15734.468220232431	1.9212833139107837e-09
284.03403403403405	0.3020079112796636	15704.019563351592	1.9287644223562617e-09
284.3093093093093	0.3021467419830656	15673.629829466965	1.9362749657759786e-09
284.5845845845846	0.30233712621129877	15643.298904553156	1.9438162311313965e-09
284.85985985985985	0.30253035575005494	15613.02667480523	1.9513882274778738e-09
285.13513513513516	0.30257395079891214	15582.8130266377	1.9589873715439845e-09
285.4104104104104	0.3025616305021532	15552.657846685343	1.966612717779514e-09
285.6856856856857	0.3028084147739411	15522.561021803882	1.974270938141534e-09
285.96096096096096	0.30316812040698427	15492.522439067316	1.9819644775810395e-09
286.23623623623627	0.3032857935881092	15462.541985766353	1.989687014217887e-09
286.5115115115115	0.30335611899647924	15432.619549410814	1.997437635388192e-09
286.7867867867868	0.3036498825132854	15402.755017729547	2.005222078617189e-09
287.06206206206207	0.30396441678781627	15372.948278667669	2.013040542212363e-09
287.3373373373374	0.30413702739455456	15343.199220386305	2.020889266532856e-09
287.6126126126126	0.30430342535780164	15313.507731263713	2.0287682397042435e-09
287.8878878878879	0.30455424489922056	15283.873699894591	2.03667968102114e-09
288.1631631631632	0.3048724952266841	15254.297015089167	2.044625156327405e-09
288.4384384384384	0.30518914531866875	15224.777565872484	2.052604371143373e-09
288.71371371371373	0.30541749089113385	15195.315241483879	2.06061494067013e-09
288.988988988989	0.3056124214996909	15165.909931377344	2.06865612616977e-09
289.2642642642643	0.3058627343286586	15136.56152522121	2.076729492853592e-09
289.53953953953953	0.30610283526398224	15107.26991289703	2.0848348074971933e-09
289.81481481481484	0.3062523984440093	15078.03498449898	2.0929698706694026e-09
290.0900900900901	0.3063076808858248	15048.856630333938	2.1011326537835772e-09
290.3653653653654	0.3063325207011826	15019.734740921365	2.1093229767844466e-09
290.64064064064064	0.30647078193595345	14990.669206993369	2.1175443213498727e-09
290.91591591591595	0.3067174936771906	14961.659919493468	2.1257996589706424e-09
291.1911911911912	0.3069278059181675	14932.706769575474	2.1340879575148294e-09
291.4664664664665	0.3070792921419182	14903.809648603705	2.1424077468739897e-09
291.74174174174175	0.3072105970592739	14874.968448152926	2.1507587277104634e-09
292.01701701701705	0.3072690016029582	14846.183060007399	2.1591392958497642e-09
292.2922922922923	0.3072272741845001	14817.4533761607	2.167547341271481e-09
292.5675675675676	0.3072521964391112	14788.779288816273	2.1759853129136945e-09
292.84284284284286	0.30743570476559834	14760.160690386714	2.1844577750993178e-09
293.1181181181181	0.30764382217268066	14731.597473492075	2.1929653019442585e-09
293.3933933933934	0.3077447954384401	14703.089530959476	2.201504979845062e-09
293.66866866866866	0.30765765460391953	14674.636755822985	2.2100721216169416e-09
293.94394394394396	0.30753506383919244	14646.239041324494	2.2186665968181645e-09
294.2192192192192	0.3076533174235182	14617.89628091407	2.2272955870179406e-09
294.4944944944945	0.3079281702957322	14589.608368247475	2.2359632406753927e-09
294.76976976976977	0.3081525752072421	14561.375197185134	2.2446677515798136e-09
295.0450450450451	0.3082983595625913	14533.19666179269	2.2534067875419256e-09
295.3203203203203	0.3083831904853295	14505.072656340906	2.262178772412374e-09
295.5955955955956	0.3084206813002502	14477.003075305205	2.2709826905200544e-09
295.8708708708709	0.3084534717897981	14448.98781336547	2.2798188044226143e-09
296.1461461461462	0.30856527689105145	14421.026765405846	2.288689623477802e-09
296.4214214214214	0.3087771578253571	14393.119826514085	2.297597957362278e-09
296.69669669669673	0.3090466907777399	14365.266891980653	2.3065451575078086e-09
296.971971971972	0.30930620989987817	14337.467857298312	2.31553059141874e-09
297.2472472472473	0.30949521323735874	14309.722618161693	2.3245520601363536e-09
297.52252252252254	0.30966280299173554	14282.031070467565	2.333608985811167e-09
297.7977977977978	0.30985219520208795	14254.393110314375	2.342702066425442e-09
298.0730730730731	0.3099728061840429	14226.808634001132	2.3518294284750275e-09
298.34834834834834	0.3100152251377123	14199.277538027474	2.3609891684937425e-09
298.62362362362364	0.3101643869434704	14171.79971909438	2.370184771115463e-09
298.8988988988989	0.31045452176219346	14144.375074103003	2.3794202928015092e-09
299.1741741741742	0.3107296790797515	14117.003500153045	2.3886949648920898e-09
299.44944944944945	0.31091390683272635	14089.684894542892	2.398005988833483e-09
299.72472472472475	0.31099533876986185	14062.419154769586	2.4073505723615186e-09
300.0	0.3109634551495017	14035.206178528484	2.4167259626358507e-09
