0.008575668730291681	5.28117217352624	7920.545422497999	8.021462533090933	0.009881385502764005
25.0	0.04931561461794021	33212.0	10.0
25.275275275275277	0.0500492621220416	34153.43550963057	8.953735610297025
25.55055055055055	0.05082432909043116	34997.892898062324	8.00322941997021
25.825825825825827	0.05170463833803675	35754.260015520944	7.139734738648549
26.1011011011011	0.052490596053526906	36427.59847546217	6.358360938245206
26.376376376376378	0.053156619657934306	37022.993649569864	5.654179368850823
26.65165165165165	0.05396108666296051	37548.67210551245	5.019061605081422
26.926926926926928	0.0548818228162031	38011.50024035292	4.446236023969886
27.2022022022022	0.05566545227448438	38415.321937740126	3.9319774913928187
27.47747747747748	0.05636493652044138	38764.68894082788	3.471832378804832
27.75275275275275	0.05715822319319714	39065.29992602998	3.060171299360791
28.02802802802803	0.05799776733991795	39321.8904904281	2.69232590394768
28.303303303303302	0.05879693587243709	39538.302870995925	2.3645208287492205
28.57857857857858	0.059567605810470624	39718.25425920358	2.073096937010865
28.853853853853856	0.06032943378088337	39865.31314163952	1.814535657741855
29.12912912912913	0.06108470605654153	39982.78411610473	1.5855762139842238
29.404404404404403	0.06185777099853164	40073.77924166897	1.3831439867778863
29.67967967967968	0.06269252836983324	40141.2342670039	1.2043345866550332
29.954954954954957	0.06355611372717364	40187.68269216473	1.0466434861227116
30.23023023023023	0.06437568750843495	40215.26747451254	0.9079552574922188
30.505505505505504	0.06515840809033768	40225.99792637812	0.7862841048526442
30.78078078078078	0.06593345011721588	40221.77038536606	0.6797532667466835
31.056056056056057	0.06668976012121444	40204.2893254452	0.5866753387177629
31.33133133133133	0.06742480777962241	40175.09840017872	0.5055213178109482
31.606606606606608	0.06817442078166747	40135.6279969309	0.43487281643024583
31.88188188188188	0.0689177653277067	40087.13430307387	0.37348417418532504
32.15715715715716	0.06956027490866012	40030.6758936631	0.3203066836650177
32.432432432432435	0.0701620936907226	39967.264802368016	0.2743359184990118
32.70770770770771	0.0708891560568858	39897.89200755954	0.23458601330264647
32.98298298298298	0.07167466593367926	39823.3713312094	0.2002480408245527
33.25825825825826	0.07236777791456135	39744.354778221415	0.17067494381656143
33.533533533533536	0.07299180971656204	39661.44397047706	0.14526896427249492
33.808808808808806	0.07362144661836151	39575.19877338224	0.1234730332079285
34.08408408408408	0.07432669047026111	39486.124336104906	0.10478402980117174
34.35935935935936	0.07509645364644417	39394.65150421021	0.0887727981992469
34.63463463463464	0.07579047922858315	39301.128338829236	0.0750929541120401
34.90990990990991	0.07638253856654825	39205.86244697668	0.06343818139746157
35.18518518518518	0.07697111434403878	39109.1403685586	0.05352268111277172
35.46046046046046	0.07759526376196241	39011.21419368709	0.045094802588817574
35.73573573573574	0.07825794894603691	38912.300262499586	0.037938457225925926
36.01101101101101	0.07899497102036823	38812.58638546954	0.03186589425161231
36.286286286286284	0.07982241119783501	38712.23313158175	0.02671647302166692
36.56156156156156	0.08064122417531894	38611.37187169522	0.02235872275130947
36.83683683683684	0.08136350350688881	38510.11312916926	0.018681953815773904
37.112112112112115	0.0819801367601242	38408.55421376446	0.015588572866252072
37.38738738738739	0.08256966461998394	38306.78281003277	0.012990479875082344
37.66266266266266	0.08329672574072595	38204.878017291405	0.010808039921113349
37.93793793793794	0.08412516150970155	38102.90471112607	0.00897582565724166
38.213213213213216	0.08487992807326511	38000.9143832368	0.007441804902472077
38.488488488488485	0.08557833847102586	37898.951969012815	0.006160452882253397
38.76376376376376	0.08629926134299122	37797.05698207596	0.00509161963535702
39.03903903903904	0.08697203614654861	37695.262094892714	0.0042019846808767315
39.314314314314316	0.08755268076296313	37593.594838471516	0.0034633520794558645
39.58958958958959	0.08817768135785949	37492.07961347485	0.002850624803066727
39.86486486486486	0.08889859973059337	37390.73695354508	0.002342583312195549
40.14014014014014	0.0895906828991019	37289.583201632704	0.0019221470664151452
40.41541541541542	0.0902239526195776	37188.63199399197	0.0015749660579715253
40.690690690690694	0.09086918409021591	37087.89499040566	0.0012886571814817779
40.965965965965964	0.09152251009923146	36987.38180872927	0.0010528760564114217
41.24124124124124	0.09214494218832435	36887.100291211	0.0008590525385889935
41.51651651651652	0.09276950863683574	36787.05695184302	0.0006999419397896579
41.791791791791795	0.09344131091405596	36687.257149480065	0.0005694531230655756
42.06706706706707	0.09415799902935025	36587.70518291297	0.0004625552724318877
42.34234234234234	0.09487442270855473	36488.40444262656	0.0003751269051456283
42.61761761761762	0.09548468486160742	36389.35755685663	0.0003038102407389534
42.892892892892895	0.09602030360774298	36290.56664382798	0.00024575750471338224
43.168168168168165	0.09667160128037089	36192.03343363334	0.00019850877272718364
43.44344344344344	0.09740134430433516	36093.75917942211	0.00016008310398790416
43.71871871871872	0.09802891290935742	35995.7447216491	0.00012891482240028068
43.993993993993996	0.09863023124026737	35897.9906640819	0.0001036762683113213
44.26926926926927	0.09934625437504846	35800.49740471291	8.324704315444848e-05
44.54454454454455	0.10008942495169847	35703.26511605495	6.673460916695644e-05
44.81981981981982	0.10075319405924897	35606.29379850621	5.342094097426591e-05
45.0950950950951	0.10133612658036546	35509.583331682	4.2711105033161034e-05
45.37037037037037	0.10186692627071023	35413.13348563041	3.410001525558575e-05
45.645645645645644	0.10239434867759967	35316.943955141454	2.719219751129713e-05
45.92092092092092	0.10294585352687752	35221.01435977379	2.1656456183727316e-05
46.1961961961962	0.10353085902142772	35125.34425781338	1.72246877568171e-05
46.471471471471475	0.10419071278854657	35029.93315883402	1.3679261513627972e-05
46.74674674674675	0.10495662714372878	34934.780532003104	1.0844652672208195e-05
47.02202202202202	0.10570258047416671	34839.88581071627	8.58267868439683e-06
47.2972972972973	0.10632704369363256	34745.248402359684	6.78250154760141e-06
47.572572572572575	0.10697341000155611	34650.86769727042	5.3515329464055714e-06
47.847847847847845	0.10772593145615297	34556.743069381795	4.214633372585924e-06
48.12312312312312	0.10847149873431008	34462.87387912962	3.313017861284612e-06
48.3983983983984	0.10918584362441107	34369.25947817404	2.5995079801606584e-06
48.673673673673676	0.1099586643634105	34275.89921142996	2.035618701122271e-06
48.94894894894895	0.11070996423058445	34182.79241740836	1.590929642564155e-06
49.22422422422423	0.11127021845299709	34089.93842962617	1.2414549779312538e-06
49.4994994994995	0.11172009778301434	33997.33658425472	9.675545612880192e-07
49.77477477477478	0.1122121872218345	33904.98622566414	7.532682294529779e-07
50.05005005005005	0.11275115461857911	33812.88668328311	5.857471587636052e-07
50.32532532532532	0.1132970796785036	33721.03728562548	4.5494041042717214e-07
50.6006006006006	0.11379481231675496	33629.437360904616	3.529687079361048e-07
50.87587587587588	0.11427964778708341	33538.086237570285	2.7357476221093555e-07
51.151151151151154	0.114905778809448	33446.98324466253	2.1176058975426643e-07
51.42642642642643	0.11559179367745896	33356.127711916946	1.6368121409499118e-07
51.70170170170171	0.11608047073122699	33265.518970001	1.264012029582712e-07
51.97697697697698	0.11647930802082182	33175.156350848614	9.754746322808451e-08
52.252252252252255	0.11703575795139808	33085.039187755225	7.520916795482908e-08
52.527527527527525	0.11768582569753636	32995.16681538775	5.792519639293467e-08
52.8028028028028	0.11831658805353665	32905.53856988813	4.4574212817316074e-08
53.07807807807808	0.11896770118819285	32816.15378896669	3.4274928413861275e-08
53.353353353353356	0.11964228085069419	32727.011811942386	2.6340572992561e-08
53.62862862862863	0.12023237838044949	32638.11197977496	2.024165767317672e-08
53.90390390390391	0.12072378397503901	32549.45363510192	1.5563559687610442e-08
54.17917917917918	0.12121738367738924	32461.036122260477	1.1979448025497032e-08
54.454454454454456	0.1218218450177455	32372.858787298515	9.234550914598373e-09
54.729729729729726	0.12260418056823025	32284.920977982976	7.1327549519449305e-09
55.005005005005	0.12334672970351139	32197.22204380448	5.526937768607596e-09
55.28028028028028	0.12382175764001734	32109.761335986557	4.304680773510296e-09
55.55555555555556	0.12420108215355063	32022.538207493035	3.376180652608756e-09
55.830830830830834	0.12467868631608993	31935.552013026452	2.671116695049886e-09
56.10610610610611	0.12528435520283485	31848.80210902586	2.135986072489798e-09
56.38138138138139	0.12589541746817667	31762.28785366536	1.730548907176209e-09
56.65665665665666	0.12623772149202828	31676.008606852476	1.424549645273243e-09
56.931931931931935	0.12644946574305216	31589.96373022733	1.1941581293316173e-09
57.20720720720721	0.1269593354057251	31504.152587159573	1.0205827655160174e-09
57.48248248248248	0.12765319156269303	31418.574542743278	8.899697268582519e-10
57.75775775775776	0.12820169038857163	31333.228963793244	7.921151284274212e-10
58.033033033033036	0.12860143429257603	31248.115218841973	7.191467647863668e-10
58.30830830830831	0.12895755688072075	31163.232678135642	6.649808522333068e-10
58.58358358358358	0.12940001847667054	31078.58071362984	6.249640643600191e-10
58.85885885885886	0.12996901539001526	30994.15869898505	5.955921129830421e-10
59.134134134134136	0.1305489949297078	30909.966009562213	5.742528046639561e-10
59.40940940940941	0.131071076246566	30826.00202241827	5.589758519202923e-10
59.68468468468468	0.13153280470837597	30742.26611630189	5.482651520289517e-10
59.95995995995996	0.13196363686808044	30658.75767164897	5.409859813227078e-10
60.23523523523524	0.13240324200915382	30575.476070578174	5.362813141678473e-10
60.510510510510514	0.13284018078883114	30492.420696886344	5.335077098603271e-10
60.78578578578579	0.1332534638417938	30409.59093604399	5.321821867460396e-10
61.06106106106106	0.13365844641540592	30326.986175190857	5.319419940406377e-10
61.33633633633634	0.1340846873349533	30244.605803131373	5.325154815483123e-10
61.611611611611615	0.13457273698788952	30162.449210330236	5.337000422977602e-10
61.88688688688689	0.13509637696504864	30080.51578890776	5.353444944073699e-10
62.16216216216216	0.1355529759702941	29998.804932635387	5.373347213249742e-10
62.43743743743744	0.1360085122767272	29917.316036931352	5.395860806069257e-10
62.712712712712715	0.13663112537251879	29836.048498856355	5.420381254793146e-10
62.98798798798799	0.13730250254443396	29755.00171710878	5.446443305744428e-10
63.26326326326326	0.1378278384405558	29674.17509202012	5.473667196742479e-10
63.53853853853854	0.1383025334763237	29593.56802555094	5.501784928802385e-10
63.813813813813816	0.13884115171857622	29513.179921286446	5.530617992030002e-10
64.0890890890891	0.13939007745419077	29433.010184431867	5.560024921325634e-10
64.36436436436436	0.13990847450723773	29353.058221808107	5.589893567695774e-10
64.63963963963964	0.14041777098326966	29273.323441847388	5.620145088161825e-10
64.91491491491492	0.14090141536199846	29193.805254588846	5.650718328634936e-10
65.1901901901902	0.14130935371296036	29114.50307167416	5.681558874417285e-10
65.46546546546547	0.14168968696338133	29035.416306343264	5.712636012681466e-10
65.74074074074073	0.1421294424755553	28956.544373430075	5.743944088617853e-10
66.01601601601601	0.1425907350779468	28877.886689358016	5.775471956685687e-10
66.29129129129129	0.1430010474160454	28799.44267213566	5.807197710493071e-10
66.56656656656656	0.14332496119729005	28721.211741352465	5.839098695134241e-10
66.84184184184184	0.1435835135898061	28643.19331817454	5.871162654238406e-10
67.11711711711712	0.14389104811857517	28565.386825340498	5.903403116745885e-10
67.3923923923924	0.14425585833108834	28487.79168715704	5.935831861970272e-10
67.66766766766767	0.14455754866278767	28410.407329494534	5.968434200747614e-10
67.94294294294295	0.14486999058471506	28333.23317978301	6.001214172332981e-10
68.21821821821823	0.14537567431483017	28256.268667008084	6.034210929440925e-10
68.4934934934935	0.1459289694177434	28179.513221706296	6.067424522481646e-10
68.76876876876878	0.14630215562643928	28102.96627596079	6.100810196409333e-10
69.04404404404404	0.1465659848393943	28026.6272633975	6.134349745269968e-10
69.31931931931932	0.14685998753916724	27950.49561918102	6.168057951165171e-10
69.5945945945946	0.14729313436443892	27874.57078001046	6.201967538153455e-10
69.86986986986987	0.14787312560022234	27798.852184115098	6.236104058045343e-10
70.14514514514515	0.14846602665445402	27723.339271250028	6.270459440053238e-10
70.42042042042041	0.14901518728573376	27648.031482692128	6.305016738516721e-10
70.69569569569569	0.14954331298048187	27572.928261236026	6.339768568262931e-10
70.97097097097097	0.15003764227483846	27498.02905118996	6.374707332101771e-10
71.24624624624624	0.1504759384574321	27423.33329837159	6.409823385789254e-10
71.52152152152152	0.15090531062648083	27348.84045010408	6.445119619850993e-10
71.7967967967968	0.15137997683736967	27274.549955211944	6.480609382759227e-10
72.07207207207207	0.15190104618529193	27200.46126401692	6.516302773622374e-10
72.34734734734735	0.15243378853259276	27126.573828333883	6.552200271052537e-10
72.62262262262263	0.15289743254885796	27052.88710146667	6.588286090369553e-10
72.8978978978979	0.15325711487255886	26979.400538204132	6.624542165323609e-10
73.17317317317318	0.15354377005309283	26906.11359481619	6.660962224612509e-10
73.44844844844846	0.15388229314669236	26833.025729049943	6.697567659738801e-10
73.72372372372374	0.1544172183960546	26760.1364001257	6.734403721916639e-10
73.998998998999	0.15497505334615097	26687.445068732504	6.771467295462547e-10
74.27427427427428	0.1553405976780666	26614.951197024086	6.808712107786051e-10
74.54954954954955	0.1556876413582659	26542.654248615432	6.846141484925708e-10
74.82482482482483	0.15618068162293866	26470.55368857884	6.883792182004731e-10
75.1001001001001	0.15672999827510797	26398.648983439565	6.921671996471946e-10
75.37537537537537	0.15722547193618108	26326.93960117183	6.959763871234417e-10
75.65065065065065	0.15758883969335769	26255.425011194973	6.998039754637007e-10
75.92592592592592	0.15790229347455983	26184.104684369708	7.036497307737216e-10
76.2012012012012	0.15835708328481216	26112.978092994446	7.075175255431132e-10
76.47647647647648	0.15885986819849257	26042.044710800896	7.114081708977351e-10
76.75175175175175	0.1592240453727666	25971.304012950066	7.153183475471437e-10
77.02702702702703	0.15959125736273544	25900.75547602885	7.192487368614169e-10
77.30230230230231	0.16010316605439442	25830.398578046195	7.232028488339652e-10
77.57757757757759	0.16058528740932895	25760.23279842873	7.271794911197484e-10
77.85285285285286	0.16094129915892832	25690.257618017014	7.311758151169372e-10
78.12812812812814	0.16131577470318847	25620.47251906212	7.35192934028486e-10
78.40340340340342	0.16178461093241078	25550.876985221657	7.392332849649612e-10
78.67867867867868	0.16231309883150702	25481.470501555807	7.432978702448585e-10
78.95395395395396	0.16276379175885072	25412.252554523307	7.473844802623837e-10
79.22922922922923	0.16298236212351483	25343.22263197765	7.514882893906007e-10
79.50450450450451	0.16313991930417482	25274.38022316383	7.556096441106891e-10
79.77977977977977	0.1634567031477375	25205.724818714618	7.597535800666253e-10
80.05505505505505	0.16383236152726713	25137.25591064628	7.639214788945963e-10
80.33033033033033	0.16415642411952636	25068.97299235482	7.681119403342022e-10
80.6056056056056	0.16446605788503374	25000.875558612443	7.723248359778045e-10
80.88088088088088	0.164800524536422	24932.96310556386	7.765609741535076e-10
81.15615615615616	0.1651705910711819	24865.23513072248	7.808211940770679e-10
81.43143143143143	0.16551410262092767	24797.691132966585	7.851047500061032e-10
81.70670670670671	0.1657331310839707	24730.33061253553	7.894089959641496e-10
81.98198198198199	0.16593566232758286	24663.153071026456	7.937345216103753e-10
82.25725725725727	0.16627537842645734	24596.15801139063	7.980851954834487e-10
82.53253253253254	0.16660983562481674	24529.344937929272	8.024605667754693e-10
82.80780780780782	0.1668307214634552	24462.71335628997	8.06857934731982e-10
83.0830830830831	0.167177334705416	24396.262773463575	8.112808460322048e-10
83.35835835835836	0.16771497180201056	24329.99269778033	8.15733278655858e-10
83.63363363363364	0.16812571496144887	24263.90263890546	8.202108359839328e-10
83.90890890890891	0.16839216883875413	24197.992107836148	8.247101237171445e-10
84.18418418418419	0.16881952425624772	24132.260616898464	8.292357838775835e-10
84.45945945945945	0.16939234363788164	24066.7076797432	8.337907126229068e-10
84.73473473473473	0.16991072040899793	24001.332811341897	8.383723738767754e-10
85.01001001001	0.1703685484915908	23936.13552798367	8.429789249257431e-10
85.28528528528528	0.17081434696075412	23871.115347271665	8.476102582392213e-10
85.56056056056056	0.17121972008404146	23806.271788119397	8.522656892489799e-10
85.83583583583584	0.17157030122309497	23741.60437074718	8.569444599086823e-10
86.11111111111111	0.17191653112601094	23677.112616678718	8.61647261734788e-10
86.38638638638639	0.17226641239492352	23612.7960487375	8.663747974480257e-10
86.66166166166167	0.17256868758162186	23548.654191043104	8.711263973293507e-10
86.93693693693695	0.17286442549953868	23484.686569007914	8.759026055884746e-10
87.21221221221222	0.17325484979528025	23420.892709333686	8.807062122364792e-10
87.4874874874875	0.1737071461864248	23357.272140007815	8.855384001270438e-10
87.76276276276278	0.17411525575476763	23293.824390299687	8.903975227373054e-10
88.03803803803804	0.17434050413911453	23230.548990757117	8.952792223772738e-10
88.31331331331332	0.17434578995332922	23167.44547320308	9.001796846359562e-10
88.58858858858859	0.1743866015949429	23104.513370732828	9.051024199344133e-10
88.86386386386387	0.17462251740303364	23041.75221771025	9.100536796509288e-10
89.13913913913915	0.1749833380387548	22979.161549763976	9.150360981292832e-10
89.41441441441442	0.17540080336135494	22916.74090378395	9.20049881654269e-10
89.68968968968969	0.1758302856576755	22854.489817918027	9.250941441634879e-10
89.96496496496496	0.1762422510292085	22792.40783156861	9.301676176109625e-10
90.24024024024024	0.17661901120114137	22730.49448538925	9.352690605320254e-10
90.51551551551552	0.17696211147951157	22668.749321281277	9.403977180871578e-10
90.7907907907908	0.17728100996017754	22607.17188239045	9.455533591985356e-10
91.06606606606607	0.1775883628827129	22545.761713103562	9.507361868877306e-10
91.34134134134135	0.17789480126580406	22484.518359045098	9.559466494817039e-10
91.61661661661662	0.17820560687283518	22423.441367073814	9.611852304599204e-10
91.8918918918919	0.17852696325526798	22362.53028527943	9.664524606695726e-10
92.16716716716716	0.17886325229149133	22301.784662979262	9.717488593959828e-10
92.44244244244244	0.1791653909334045	22241.204050714765	9.770736021080304e-10
92.71771771771772	0.17936403068549983	22180.78800024818	9.824244426915838e-10
92.992992992993	0.1795425360777893	22120.53606455955	9.878020105109483e-10
93.26826826826827	0.179817547002563	22060.447797843448	9.93209725681175e-10
93.54354354354355	0.18014469812038336	22000.522755505383	9.986488232729653e-10
93.81881881881883	0.18046150699424915	21940.760494158447	1.0041186009195386e-09
94.0940940940941	0.1807690677991946	21881.160571620156	1.00961866941225e-09
94.36936936936937	0.18106019351621683	21821.722546909183	1.0151486374563244e-09
94.64464464464464	0.1813040680188285	21762.445980242024	1.0207075025949875e-09
94.91991991991992	0.18154693631759766	21703.33043302994	1.0262958381507645e-09
95.1951951951952	0.1818914500141256	21644.375467875816	1.0319167450157009e-09
95.47047047047047	0.18226458747988536	21585.58064857054	1.037570462606901e-09
95.74574574574575	0.18253670960902632	21526.945540089655	1.04325382497135e-09
96.02102102102103	0.18283213281585373	21468.4697085907	1.0489680243094849e-09
96.2962962962963	0.18326784911483365	21410.152721409995	1.054716991998127e-09
96.57157157157158	0.18365947909609318	21351.994147058733	1.0604985536720185e-09
96.84684684684684	0.18390993796655067	21293.993555220004	1.0663087470951438e-09
97.12212212212212	0.18419585074147046	21236.150516746253	1.0721496721193236e-09
97.3973973973974	0.18457516557978676	21178.464603655804	1.0780243300045853e-09
97.67267267267268	0.18494015658254628	21120.93538912933	1.0839319020502534e-09
97.94794794794795	0.18527683245000984	21063.562447506883	1.0898715284310459e-09
98.22322322322323	0.1856408127945622	21006.34535428495	1.0958441936583747e-09
98.4984984984985	0.18605736351782756	20949.283686113216	1.101851295290761e-09
98.77377377377378	0.18652282590260216	20892.377020791366	1.107893724822266e-09
99.04904904904905	0.18697242747294482	20835.62493726581	1.1139703775123396e-09
99.32432432432432	0.18734141040483435	20779.02701562657	1.1200788210026641e-09
99.5995995995996	0.18760342057305776	20722.582837104266	1.1262167866672776e-09
99.87487487487488	0.18781259682195434	20666.291984067226	1.1323843132962098e-09
100.15015015015015	0.18812155949081136	20610.154040018606	1.1385856789473904e-09
100.42542542542543	0.18851342159514484	20554.16858959292	1.1448233084945446e-09
100.70070070070071	0.18883735767199009	20498.335218552646	1.1510946928493839e-09
100.97597597597598	0.1891614527944577	20442.65351378565	1.157400132499508e-09
101.25125125125126	0.18961801548090235	20387.123063302373	1.1637435798165464e-09
101.52652652652652	0.19003823945261475	20331.743456231947	1.1701229848553568e-09
101.8018018018018	0.19025120923064281	20276.51428281919	1.1765322702398282e-09
102.07707707707708	0.19037381928694705	20221.43513442228	1.18297078709023e-09
102.35235235235236	0.1905536655047518	20166.50560350985	1.1894423307206646e-09
102.62762762762763	0.1908915690241501	20111.725283657805	1.1959523201227629e-09
102.90290290290291	0.191337624626896	20057.093769545965	1.2025029696675935e-09
103.17817817817819	0.19169457913537666	20002.61065695468	1.209090169472732e-09
103.45345345345346	0.19192734363165223	19948.275542762236	1.2157102878637535e-09
103.72872872872873	0.19210810885112056	19894.088024942175	1.2223630849118704e-09
104.004004004004	0.19225434341933978	19840.047702560143	1.229048966281861e-09
104.27927927927928	0.19237638725149425	19786.154175770956	1.2357685554623839e-09
104.55455455455456	0.19254659716951897	19732.407045815766	1.2425244303525498e-09
104.82982982982983	0.19281702117369576	19678.805915019082	1.2493198734572752e-09
105.10510510510511	0.1931610726491446	19625.350386785612	1.2561563313377793e-09
105.38038038038039	0.1935552323448161	19572.04006559733	1.2630341368711277e-09
105.65565565565566	0.1939924340132909	19518.874557010597	1.2699533778853085e-09
105.93093093093094	0.1944261360388042	19465.853467653156	1.2769128071680055e-09
106.2062062062062	0.19478664300463086	19412.976405221085	1.283909611699263e-09
106.48148148148148	0.19510145528209616	19360.242978476243	1.2909428563588978e-09
106.75675675675676	0.1954301026297865	19307.652797243412	1.2980137896098577e-09
107.03203203203203	0.19574100847020895	19255.2054724072	1.3051223445312117e-09
107.30730730730731	0.19600067088538656	19202.9006159091	1.3122675379150541e-09
107.58258258258259	0.19624930562259205	19150.7378407449	1.3194500206607216e-09
107.85785785785787	0.19653294718721517	19098.716760961743	1.326671687106359e-09
108.13313313313314	0.19688240405336466	19046.836991655327	1.3339347828780721e-09
108.4084084084084	0.19725057403763	18995.098148966787	1.341239400034919e-09
108.68368368368368	0.19752394178630925	18943.499850079625	1.3485821869011376e-09
108.95895895895896	0.19774378180386873	18892.04171321739	1.3559623235391482e-09
109.23423423423424	0.19801840279779898	18840.723357641018	1.36338270761111e-09
109.50950950950951	0.198237035492024	18789.544403645366	1.3708418430496753e-09
109.78478478478479	0.19829404528941033	18738.504472556444	1.378335534970177e-09
110.06006006006007	0.1984101594591592	18687.60318672954	1.385868055567108e-09
110.33533533533534	0.19872621249796138	18636.84016954624	1.3934466786375852e-09
110.61061061061062	0.19906055748360163	18586.21504541066	1.401070449222861e-09
110.88588588588588	0.19932264724471796	18535.7274397469	1.408735965291886e-09
111.16116116116116	0.19959050265585823	18485.37697899684	1.4164436049102978e-09
111.43643643643644	0.19990641089671662	18435.16329061722	1.4241950488104524e-09
111.71171171171171	0.20026460914368835	18385.086003076776	1.4319912807648882e-09
111.98698698698699	0.20057357359043482	18335.144745853195	1.4398300702180354e-09
112.26226226226227	0.2007575136488888	18285.339149430423	1.447707614239675e-09
112.53753753753755	0.20100342104692656	18235.668845296776	1.4556276213780236e-09
112.81281281281282	0.2014356515123174	18186.13346594199	1.4635966132440702e-09
113.08808808808809	0.2018110365508338	18136.732644853386	1.4716109077600044e-09
113.36336336336336	0.2020012690273852	18087.46601651346	1.4796640210300785e-09
113.63863863863864	0.20215757966525316	18038.333216398092	1.4877568634431154e-09
113.91391391391392	0.20238255521077428	17989.33388097372	1.4958934883211831e-09
114.1891891891892	0.20270078343076695	17940.467647694375	1.5040773940259395e-09
114.46446446446447	0.20308480077367352	17891.734154998852	1.512309997596499e-09
114.73973973973975	0.20347252095715196	17843.133042307887	1.5205902227306706e-09
115.01501501501502	0.2037732770724548	17794.663950021437	1.5289144303607082e-09
115.2902902902903	0.2039310417969259	17746.326519516075	1.5372784973294832e-09
115.56556556556556	0.20404222452415693	17698.120393142886	1.5456831340993777e-09
115.84084084084084	0.2041950373528566	17650.04521422477	1.554131866630478e-09
116.11611611611612	0.20439561610259674	17602.10062705356	1.5626272372336397e-09
116.3913913913914	0.20461995411711162	17554.286276887266	1.5711701364739998e-09
116.66666666666667	0.204823555397989	17506.601809947384	1.5797596945809932e-09
116.94194194194195	0.2050269152406074	17459.046873416504	1.5883961608188115e-09
117.21721721721723	0.20529082902159493	17411.621115435828	1.597081901959929e-09
117.4924924924925	0.20559942165173192	17364.32418510232	1.6058179708761613e-09
117.76776776776778	0.20591130283708692	17317.15573246601	1.6146036901665653e-09
118.04304304304304	0.20623046022559566	17270.115408527578	1.623438871904117e-09
118.31831831831832	0.20657927296982764	17223.202865235788	1.6323242880467878e-09
118.5935935935936	0.2069938442573538	17176.417755485018	1.6412618093232384e-09
118.86886886886887	0.20742662327514447	17129.759733112372	1.6502510343919233e-09
119.14414414414415	0.2077106109788304	17083.22845289469	1.6592858579895534e-09
119.41941941941943	0.2079057616096797	17036.82357054678	1.668364662938109e-09
119.6946946946947	0.2082615266110547	16990.544742719594	1.6774954769044273e-09
119.96996996996998	0.20869158843496588	16944.391626996487	1.6866803580278277e-09
120.24524524524524	0.20896095039076476	16898.363881890084	1.695912210567042e-09
120.52052052052052	0.2091134387066851	16852.461166840818	1.7051882518205627e-09
120.7957957957958	0.20926153430418953	16806.683142214613	1.714510912972229e-09
121.07107107107107	0.20942639873743238	16761.029469300087	1.7238825875074422e-09
121.34634634634635	0.20961224480697913	16715.49981030597	1.7333050339478107e-09
121.62162162162163	0.20982523689221264	16670.09382835862	1.742779690214277e-09
121.8968968968969	0.2100550989068103	16624.811187499425	1.7523071879669714e-09
122.17217217217218	0.2102764665205738	16579.651552682306	1.7618870890786425e-09
122.44744744744746	0.21052216290553669	16534.614589771452	1.7715204545902292e-09
122.72272272272272	0.21084958974568144	16489.699965538937	1.7812102196094585e-09
122.997997997998	0.21118719039508638	16444.907347661738	1.79095564650437e-09
123.27327327327328	0.21144041580254286	16400.236404719224	1.8007528094151404e-09
123.54854854854855	0.21165244057534777	16355.686806191197	1.8106009952049666e-09
123.82382382382383	0.2118844773935588	16311.258222455543	1.8205021954045726e-09
124.0990990990991	0.21215590775573065	16266.950324785626	1.830458507540687e-09
124.37437437437438	0.21244287920736638	16222.762785347688	1.8404704409786416e-09
124.64964964964966	0.21267478435963325	16178.695277198232	1.8505357027181705e-09
124.92492492492492	0.21290930833266306	16134.747474282114	1.8606552061714186e-09
125.2002002002002	0.2132980357949194	16090.919051430514	1.870835536445186e-09
125.47547547547548	0.21376814940891095	16047.209684357622	1.8810780846391043e-09
125.75075075075075	0.21415072142219985	16003.619049657857	1.8913772230190216e-09
126.02602602602603	0.21442787140041605	15960.146824804067	1.901728866014399e-09
126.30130130130131	0.21463436383811219	15916.792688145353	1.912131953870756e-09
126.57657657657658	0.21481381474792055	15873.55631890475	1.922587657779965e-09
126.85185185185186	0.2149915645150715	15830.437397176765	1.9330978169486007e-09
127.12712712712714	0.21515833674319593	15787.435603924876	1.9436633116844474e-09
127.4024024024024	0.21533720359962805	15744.550620979307	1.9542857268210718e-09
127.67767767767768	0.21558077138427056	15701.78213103478	1.9649682865672523e-09
127.95295295295296	0.2158136428289346	15659.129817647661	1.9757100677252873e-09
128.22822822822823	0.21591138638424676	15616.593365233364	1.986505559347703e-09
128.5035035035035	0.21601570721897512	15574.172459065177	1.997357234930242e-09
128.7787787787788	0.2163110218035941	15531.866785272137	2.0082743132297777e-09
129.05405405405406	0.21672081083883932	15489.676030835582	2.019259502345137e-09
129.32932932932934	0.2171221798329038	15447.599883586598	2.0303095430367788e-09
129.60460460460462	0.21743125849256703	15405.638032203893	2.0414190765304114e-09
129.87987987987987	0.21764810910998172	15363.790166211866	2.0525849211783522e-09
130.15515515515517	0.21787540167378136	15322.055975978714	2.063809523304788e-09
130.43043043043042	0.2181308250466284	15280.435152713868	2.075095256248699e-09
130.70570570570572	0.21836284690059102	15238.927388465301	2.0864415381701776e-09
130.98098098098097	0.21859960877484755	15197.532376117673	2.0978493288312946e-09
131.25625625625628	0.21889941286682862	15156.249809390141	2.109321829309724e-09
131.53153153153153	0.21925955261414692	15115.079382833897	2.120861035040194e-09
131.80680680680683	0.21963630270921763	15074.020791829611	2.132466443947877e-09
132.08208208208208	0.21992373829689027	15033.07373258499	2.1441333335180036e-09
132.35735735735736	0.2200785018030793	14992.237902132732	2.1558570608330037e-09
132.63263263263264	0.220183169550503	14951.512998328924	2.1676384656526904e-09
132.9079079079079	0.2203410659008807	14910.898719850882	2.1794826729096724e-09
133.1831831831832	0.22064780978612658	14870.394766194924	2.191397143995347e-09
133.45845845845847	0.22100534361294466	14830.000837673202	2.2033823069926133e-09
133.73373373373374	0.22123529861296584	14789.716635411087	2.2154307139432694e-09
134.00900900900902	0.22144396888191006	14749.541861346353	2.227542643480406e-09
134.2842842842843	0.22177842811221662	14709.476218227144	2.2397249387627573e-09
134.55955955955955	0.22212874966707016	14669.519409608549	2.251977033137982e-09
134.83483483483485	0.22240466286839483	14629.671139850469	2.2642946880668883e-09
135.1101101101101	0.22267915027434065	14589.931114116282	2.2766787383386013e-09
135.3853853853854	0.22292552480712	14550.299038370104	2.2891286293593724e-09
135.66066066066065	0.22297828567634792	14510.77461937398	2.3016366551639236e-09
135.93593593593596	0.22295536913411906	14471.35756468707	2.3142035869560194e-09
136.2112112112112	0.22315986133564764	14432.04758266449	2.326843871691013e-09
136.4864864864865	0.22348174085899333	14392.844382453013	2.339561436320861e-09
136.76176176176176	0.22367392892911048	14353.747673988286	2.3523474431240823e-09
137.03703703703704	0.22380788927430192	14314.757167994227	2.3651999679017225e-09
137.31231231231232	0.22399999478482696	14275.872575981144	2.3781233978878087e-09
137.5875875875876	0.22423841655398472	14237.093610242995	2.391120005046138e-09
137.86286286286287	0.22450043975264602	14198.419983855121	2.404190267010927e-09
138.13813813813815	0.22477970332756456	14159.851410672258	2.4173343376508566e-09
138.41341341341342	0.2250593720357055	14121.387605326347	2.4305516758172393e-09
138.6886886886887	0.22531304103778407	14083.028283224388	2.443840857161322e-09
138.96396396396398	0.22553966607410803	14044.773160546438	2.457201122861792e-09
139.23923923923923	0.22576069060375428	14006.621954243645	2.470633193311315e-09
139.51451451451453	0.226037110882816	13968.574382036371	2.4841405980379973e-09
139.78978978978978	0.2264068954203005	13930.630162412008	2.4977274779888007e-09
140.06506506506508	0.22678008410608316	13892.789014622147	2.511392148358152e-09
140.34034034034033	0.22706575919202845	13855.050658680535	2.5251293325323825e-09
140.61561561561564	0.2272284392020622	13817.414815361266	2.5389342643143044e-09
140.8908908908909	0.22731645427039113	13779.881206197198	2.5528065749262955e-09
141.1661661661662	0.2274623956825621	13742.449553478347	2.566752714005705e-09
141.44144144144144	0.22764016613536522	13705.119580249007	2.580775438084551e-09
141.71671671671672	0.2277316246046667	13667.891010305102	2.59487069296686e-09
141.991991991992	0.22787295449319853	13630.763568193632	2.609042995431257e-09
142.26726726726727	0.22823522483183467	13593.736979210826	2.623303843637683e-09
142.54254254254255	0.22862073323013088	13556.810969398017	2.6376504000613313e-09
142.81781781781783	0.22884592977263848	13519.985265539679	2.652071850312095e-09
143.0930930930931	0.2290180206893825	13483.259595163048	2.6665673042129303e-09
143.36836836836838	0.22922836944615438	13446.633686536057	2.681141048950157e-09
143.64364364364366	0.22947478020708534	13410.107268664768	2.69579571914982e-09
143.9189189189189	0.22975638527344033	13373.68007129138	2.710533033454497e-09
144.1941941941942	0.23008240128155782	13337.351824892286	2.725354686766896e-09
144.46946946946946	0.23047580190322461	13301.122260676175	2.740263079784765e-09
144.74474474474476	0.23093740550612482	13264.991110581885	2.7552598887494104e-09
145.02002002002	0.23130065668603444	13228.95810727545	2.7703376013974847e-09
145.29529529529532	0.23145337227878943	13193.022984148389	2.7854860180230645e-09
145.57057057057057	0.2316440791178443	13157.185475317958	2.800712286306191e-09
145.84584584584587	0.23200516607190325	13121.445315624447	2.8160278483972226e-09
146.12112112112112	0.23231536671431952	13085.802240627134	2.831427982287972e-09
146.3963963963964	0.2325282635327291	13050.255986603319	2.8469075834883902e-09
146.67167167167167	0.23283033859871452	13014.806290547833	2.8624737684369293e-09
146.94694694694695	0.23316246751347228	12979.452890169592	2.878127792791618e-09
147.22222222222223	0.2333206017448869	12944.195523888737	2.8938595853650363e-09
147.4974974974975	0.23340744142057934	12909.033930836584	2.909668878518101e-09
147.77277277277278	0.23360993562226265	12873.96785085428	2.925565849514623e-09
148.04804804804806	0.23390060441194516	12838.997024489505	2.9415552508211323e-09
148.32332332332334	0.23418268889153795	12804.121192994118	2.9576348088045635e-09
148.59859859859858	0.2343291197570966	12769.340098322034	2.973796366430646e-09
148.8738738738739	0.23437822736694594	12734.653483128342	2.9900373711232867e-09
149.14914914914914	0.2345980514334564	12700.061090768968	3.0063713877425584e-09
149.42442442442444	0.23494430900038726	12665.562665296684	3.022804214956987e-09
149.6996996996997	0.23511631891639723	12631.157951457595	3.03932264194084e-09
149.974974974975	0.23519073511177313	12596.84669469165	3.055923341132839e-09
150.25025025025025	0.23540709375853827	12562.6286411319	3.072618081029364e-09
150.52552552552555	0.23574049608731137	12528.503537600824	3.0894126394526994e-09
150.8008008008008	0.23611399361821792	12494.47113160818	3.106306277909749e-09
151.07607607607608	0.2365567546286882	12460.531171349781	3.1233004639645288e-09
151.35135135135135	0.23701404042235255	12426.683405705084	3.1403931436272826e-09
151.62662662662663	0.23725275705865173	12392.9275842341	3.1575698652929133e-09
151.9019019019019	0.23729751600764776	12359.26345717728	3.1748237179473824e-09
152.17717717717719	0.2374559596932873	12325.690775455643	3.192168686934699e-09
152.45245245245246	0.23773545266445253	12292.209290666895	3.209613647761005e-09
152.72772772772774	0.23795293933992928	12258.81875508223	3.227153308565123e-09
153.00300300300302	0.23810115172709576	12225.518921645726	3.2447843354361405e-09
153.2782782782783	0.23824441522813944	12192.30954397301	3.2625087751851273e-09
153.55355355355357	0.23843502842845732	12159.190376349383	3.2803311526304537e-09
153.82882882882885	0.23868259318830967	12126.161173727682	3.298254930624909e-09
154.10410410410412	0.2389079510843623	12093.221691725834	3.3162776271720387e-09
154.37937937937937	0.23907912028993378	12060.371686625389	3.3343960790045372e-09
154.65465465465465	0.23924647640301355	12027.61091537028	3.3526116928062925e-09
154.92992992992993	0.23947290027073098	11994.939135565166	3.3709293413432028e-09
155.2052052052052	0.23981490103172506	11962.356105473567	3.389355580086944e-09
155.48048048048048	0.24022368427638954	11929.86158401534	3.4078915174332834e-09
155.75575575575576	0.2406008379280717	11897.455330764471	3.426531995764884e-09
156.03103103103103	0.24087414699198986	11865.137105947522	3.4452697729415354e-09
156.3063063063063	0.2410340918856356	11832.906670442273	3.4641002408225045e-09
156.5815815815816	0.2412256894521824	11800.763785777162	3.48302994475225e-09
156.85685685685687	0.24150834979222677	11768.708214128872	3.5020666505681613e-09
157.13213213213214	0.24175228670058072	11736.739718319144	3.5212069805187306e-09
157.40740740740742	0.24193062929049905	11704.858061813773	3.5404475016092126e-09
157.6826826826827	0.24213660179278035	11673.063008721803	3.5597923462749175e-09
157.95795795795797	0.2423709894979314	11641.354323793075	3.5792442123939274e-09
158.23323323323325	0.24257331489361045	11609.731772415988	3.5988010499515896e-09
158.50850850850853	0.2427001052548624	11578.195120615912	3.618459106546088e-09
158.7837837837838	0.24274779213333694	11546.744135053747	3.638216180778891e-09
159.05905905905905	0.24283210032283353	11515.378583025156	3.65807870197849e-09
159.33433433433433	0.24303334042318442	11484.098232458582	3.678055891436528e-09
159.6096096096096	0.2432984059983506	11452.902851912453	3.6981499224924327e-09
159.88488488488488	0.24358994105063864	11421.792210573612	3.718359888241788e-09
160.16016016016016	0.24391205822159012	11390.766078255916	3.738685812306592e-09
160.43543543543544	0.2442441859248241	11359.824225398346	3.75912661993118e-09
160.7107107107107	0.24454614429384175	11328.966423063146	3.779679282138828e-09
160.985985985986	0.24479920047669768	11298.192442934289	3.800341049461226e-09
161.26126126126127	0.24501293019238987	11267.502057316022	3.8211112189595585e-09
161.53653653653654	0.24527804361587818	11236.895039131869	3.8419957427580446e-09
161.81181181181182	0.2456466855851196	11206.371161922634	3.86300186321825e-09
162.0870870870871	0.24600420527463032	11175.930199843333	3.884126267673835e-09
162.36236236236238	0.24629147297991127	11145.57192766197	3.905363287722239e-09
162.63763763763765	0.24658233172849722	11115.296120758987	3.926714967965276e-09
162.91291291291293	0.24690190397872416	11085.102555125211	3.948184480071691e-09
163.1881881881882	0.24721195526625378	11054.991007359662	3.969771288864192e-09
163.46346346346348	0.2474471430181299	11024.961254667625	3.991470830944588e-09
163.73873873873873	0.24755917626535828	10995.013074859165	4.013277370364618e-09
164.014014014014	0.24769166110026405	10965.146246349148	4.035197864961756e-09
164.2892892892893	0.24796239381234533	10935.360548155411	4.057244847235738e-09
164.56456456456456	0.24815780713506508	10905.655759894198	4.079410774710653e-09
164.83983983983984	0.24819780616122136	10876.031661779693	4.101685904979115e-09
165.11511511511512	0.24840760767264164	10846.488034625982	4.124088011745577e-09
165.3903903903904	0.24881473761862863	10817.024659842851	4.146629596121035e-09
165.66566566566567	0.24904566467411887	10787.641319430515	4.169291371722966e-09
165.94094094094095	0.24914287326560003	10758.337795981715	4.1920656098723045e-09
166.21621621621622	0.24942751302746705	10729.113872682694	4.2149713780464164e-09
166.4914914914915	0.2497602493255209	10699.9693333074	4.238009797313761e-09
166.76676676676678	0.2498832250025143	10670.903962214761	4.2611629976850415e-09
167.04204204204206	0.24997794892658248	10641.917544351138	4.2844343060271e-09
167.31731731731733	0.25021648082699544	10613.009865248672	4.307838567649925e-09
167.5925925925926	0.25044087783657193	10584.180711020634	4.331372912820518e-09
167.8678678678679	0.2505905453977091	10555.429868360721	4.355031502997203e-09
168.14314314314316	0.25082679079395925	10526.757124543585	4.378823334594664e-09
168.4184184184184	0.2511602345279782	10498.162267421854	4.402754671379102e-09
168.6936936936937	0.25144679580984663	10469.645085423068	4.426818580260546e-09
168.96896896896897	0.2516063347139596	10441.205367548699	4.451005357418011e-09
169.24424424424424	0.2516389997357563	10412.84290337336	4.4753097460444495e-09
169.51951951951952	0.2517658915327599	10384.557483045404	4.499745866829261e-09
169.7947947947948	0.2521595147823591	10356.348897284968	4.52433532442811e-09
170.07007007007007	0.25258680953711204	10328.216937378416	4.549072876178024e-09
170.34534534534535	0.2528399841258545	10300.161395177003	4.573939837526652e-09
170.62062062062063	0.2529192097769251	10272.182063097365	4.598925895123993e-09
170.8958958958959	0.2529104660301355	10244.278734120864	4.624032126206041e-09
171.17117117117118	0.2529667296008036	10216.451201792752	4.649271365661638e-09
171.44644644644646	0.25315648675708124	10188.699260219797	4.674656618315034e-09
171.72172172172174	0.2534683928487614	10161.02270406798	4.700194757992922e-09
171.996996996997	0.25377800760285396	10133.421328559802	4.725880191935976e-09
172.2722722722723	0.25396776369445684	10105.894929472805	4.7517007227800055e-09
172.54754754754757	0.2541517013432798	10078.443303140451	4.7776588868490065e-09
172.82282282282284	0.2544246966930225	10051.06624645044	4.803764085167759e-09
173.0980980980981	0.2546921511356143	10023.763556841232	4.8300143545176135e-09
173.37337337337337	0.2548901290366009	9996.53503230085	4.856403739603406e-09
173.64864864864865	0.2550427040727289	9969.380471366305	4.882931155048362e-09
173.92392392392392	0.2552248406932043	9942.29967312268	4.9096024447813105e-09
174.1991991991992	0.2555295795500119	9915.292437201819	4.9364289180774e-09
174.47447447447448	0.25584524484616666	9888.358563778676	4.9634081257723825e-09
174.74974974974975	0.25600000985486565	9861.497853569153	4.990524794835784e-09
175.02502502502503	0.2561060327737086	9834.710107831672	5.01777996065753e-09
175.3003003003003	0.25629924318006786	9807.995128366012	5.045185901558947e-09
175.57557557557558	0.25650178655273514	9781.352717509513	5.0727433607871766e-09
175.85085085085086	0.25663123287324785	9754.782678135538	5.10044615456404e-09
176.12612612612614	0.2566739137307485	9728.284813652752	5.128289964045554e-09
176.40140140140142	0.2567112777480104	9701.858928004747	5.156279607962334e-09
176.6766766766767	0.25690977123315806	9675.504825669572	5.184432419428179e-09
176.95195195195197	0.2572709875404775	9649.222311656444	5.212758736520012e-09
177.22722722722725	0.25767609953111037	9623.01119150294	5.2412545529170645e-09
177.50250250250252	0.2579819444536442	9596.871271273243	5.2699056039998475e-09
177.77777777777777	0.25810253497846103	9570.802357557337	5.298696746235371e-09
178.05305305305305	0.25820967730861794	9544.804257472528	5.327634828561445e-09
178.32832832832833	0.25842740433501826	9518.876778661537	5.3567349448195766e-09
178.6036036036036	0.2586299376496194	9493.019729288146	5.385994846671198e-09
178.87887887887888	0.25874941805215856	9467.232918036449	5.4154076283757874e-09
179.15415415415416	0.2588443396508625	9441.516154110912	5.444974983533479e-09
179.42942942942943	0.25894816691580125	9415.869247234674	5.4747012172163095e-09
179.7047047047047	0.2590709391751852	9390.292007647868	5.504590025066868e-09
179.97997997998	0.2592752082699658	9364.784246106861	5.534649542311124e-09
180.25525525525526	0.25960493761106984	9339.345773882638	5.564888767346176e-09
180.53053053053054	0.25987246110393414	9313.97640275658	5.595296059180726e-09
180.80580580580582	0.2599416946098882	9288.675945019688	5.625852824451613e-09
181.0810810810811	0.26003029934375177	9263.444213475466	5.656569044311484e-09
181.35635635635637	0.26025012616568605	9238.281021437348	5.687461031895529e-09
181.63163163163165	0.26042906338685745	9213.18618272375	5.718522339145708e-09
181.90690690690693	0.2605583044284443	9188.159511658734	5.749748948738269e-09
182.1821821821822	0.2608136639906674	9163.20082307292	5.781155525082491e-09
182.45745745745745	0.2611593282151114	9138.309932299526	5.8127473406809545e-09
182.73273273273273	0.26143946499573273	9113.486655171426	5.8445130486630196e-09
183.008008008008	0.2616537159629678	9088.730808021748	5.876446716018946e-09
183.28328328328328	0.2618457033249069	9064.042207683091	5.908549602085537e-09
183.55855855855856	0.2619924428461908	9039.4206714853	5.940820599588814e-09
183.83383383383384	0.262097505444997	9014.86601725448	5.973259823386654e-09
184.1091091091091	0.26225264610270715	8990.37806331278	6.0058766129732465e-09
184.3843843843844	0.26248042720254877	8965.956628476173	6.038678799668429e-09
184.65965965965967	0.2626991012957144	8941.601532051749	6.071663219346184e-09
184.93493493493494	0.26284899254354227	8917.312593836634	6.104822702685448e-09
185.21021021021022	0.26290608384610326	8893.089634117123	6.138151303912286e-09
185.4854854854855	0.2629461561426758	8868.93247366868	6.17165360310452e-09
185.76076076076077	0.2630612847275951	8844.840933754867	6.205341719504277e-09
186.03603603603605	0.2631900033424964	8820.814836123958	6.23921669761804e-09
186.31131131131133	0.26328843588331274	8796.854003007842	6.2732751666869074e-09
186.5865865865866	0.2634812937074535	8772.958257122991	6.307528316663373e-09
186.86186186186188	0.2638114179901404	8749.127421668081	6.341987220633789e-09
187.13713713713713	0.26414379297395685	8725.361320320224	6.3766447876291755e-09
187.4124124124124	0.2643787372180648	8701.659777234081	6.411487381348685e-09
187.68768768768768	0.26447895855601056	8678.022617041452	6.446504057157048e-09
187.96296296296296	0.26452212319039226	8654.449664851576	6.481697163720709e-09
188.23823823823824	0.2646349896875168	8630.940746250539	6.517081555589148e-09
188.51351351351352	0.264820802487142	8607.495687298288	6.552666265043256e-09
188.7887887887888	0.26504174493848875	8584.11431452673	6.588452839129039e-09
189.06406406406407	0.26527825791903414	8560.796454938725	6.624440590078157e-09
189.33933933933935	0.26552744786336524	8537.541936007026	6.660629341617929e-09
189.61461461461462	0.2658117626390708	8514.350585673366	6.6970218891643714e-09
189.8898898898899	0.26613608515473547	8491.222232346949	6.733620812484982e-09
190.16516516516518	0.26647448260880297	8468.156704902716	6.77042527754354e-09
190.44044044044045	0.26672409251032925	8445.153832678943	6.807424272423143e-09
190.71571571571573	0.26676856721323605	8422.213445475722	6.844599624045204e-09
190.990990990991	0.2668367444073886	8399.335373558853	6.8819665330565296e-09
191.26626626626629	0.2671951503746223	8376.519447659246	6.919562893810333e-09
191.54154154154156	0.2675602509617943	8353.765498963396	6.957379116669813e-09
191.8168168168168	0.2676919843787668	8331.07335911272	6.995384088222655e-09
192.0920920920921	0.26784807184680454	8308.442860209829	7.033589623057463e-09
192.36736736736736	0.26815212883536693	8285.873834815335	7.072016413013176e-09
192.64264264264264	0.26840600920852825	8263.366115941664	7.110654300969091e-09
192.91791791791792	0.26854922763560196	8240.919537053898	7.149491467545402e-09
193.1931931931932	0.2686737632204017	8218.533932070899	7.188532239322091e-09
193.46846846846847	0.268819021720389	8196.209135363291	7.227783920834726e-09
193.74374374374375	0.2689783409357387	8173.944981751527	7.267250276415368e-09
194.01901901901903	0.26907958642468155	8151.741306503605	7.306925670643275e-09
194.2942942942943	0.2690802243308905	8129.597945334313	7.3468026296295065e-09
194.56956956956958	0.26910778610077757	8107.51473440673	7.386892196323784e-09
194.84484484484486	0.2692569029499123	8085.491510330514	7.427211900929686e-09
195.12012012012013	0.26949081695088983	8063.528110158611	7.467767687436733e-09
195.3953953953954	0.2697212831237642	8041.62437138519	7.508553125568291e-09
195.6706706706707	0.2698321769821819	8019.780131943925	7.549551644994975e-09
195.94594594594597	0.2699181241611931	7997.995230210266	7.590765852416245e-09
196.22122122122124	0.27018189847449564	7976.269505002068	7.632221743029995e-09
196.4964964964965	0.270482267007778	7954.602795572722	7.673917345431623e-09
196.77177177177177	0.27061384588652726	7932.994941608825	7.715827631596477e-09
197.04704704704704	0.2707444110100864	7911.445783235236	7.75795961139512e-09
197.32232232232232	0.27103190821882023	7889.9551610137905	7.800336722966951e-09
197.5975975975976	0.27137564098650074	7868.522915937756	7.842960183380036e-09
197.87287287287288	0.27166490782911956	7847.148889430444	7.885817818212052e-09
198.14814814814815	0.27183560848528127	7825.8329233448	7.928895749499877e-09
198.42342342342343	0.2719218211026977	7804.574859963923	7.972191126489835e-09
198.6986986986987	0.27203072782813903	7783.374542001168	8.01571611629734e-09
198.97397397397398	0.2721504595269833	7762.231812596962	8.059476418164277e-09
199.24924924924926	0.27222593449548205	7741.146515316856	8.103468845307331e-09
199.52452452452454	0.27233279218508616	7720.118494152671	8.147701697795897e-09
199.7997997997998	0.2725509031709619	7699.14759352145	8.192190154374002e-09
200.0750750750751	0.2728395067322136	7678.23365826217	8.236937998744229e-09
200.35035035035037	0.2731304056534442	7657.376533634089	8.281939316896438e-09
200.62562562562564	0.27335114329556837	7636.576065315485	8.327182314718302e-09
200.90090090090092	0.2735350104935603	7615.832099404419	8.3726654598435e-09
201.17617617617617	0.2738213943818836	7595.144482419562	8.418406448101463e-09
201.45145145145145	0.2741846155174601	7574.513061296068	8.464412217428738e-09
201.72672672672672	0.27449044269738204	7553.937683382414	8.510669800537725e-09
202.002002002002	0.27467187603859483	7533.418196440481	8.557164093886926e-09
202.27727727727728	0.2747323551993115	7512.954448645705	8.603887937645919e-09
202.55255255255256	0.2748364286700665	7492.546288589005	8.650859598470926e-09
202.82782782782783	0.27508498036295215	7472.193565274516	8.698102886287636e-09
203.1031031031031	0.2753447501466657	7451.896128114056	8.745613709457203e-09
203.3783783783784	0.27553853601879025	7431.653826927047	8.793380267028953e-09
203.65365365365366	0.2757106939393736	7411.4665119416695	8.84140276769143e-09
203.92892892892894	0.27587898403130123	7391.334033793294	8.889684346035117e-09
204.20420420420422	0.2760305406448432	7371.256243522778	8.938225598563582e-09
204.4794794794795	0.2761519848694818	7351.232992575349	8.987025673198435e-09
204.75475475475477	0.2762336675123582	7331.26413279957	9.036083425625171e-09
205.03003003003005	0.2762833534434832	7311.349516446582	9.085399921305279e-09
205.30530530530532	0.27633242214915715	7291.488996169493	9.134980678003731e-09
205.5805805805806	0.27646402638800066	7271.682425023327	9.184840844403536e-09
205.85585585585588	0.27670175886925863	7251.929656462781	9.234992614559886e-09
206.13113113113113	0.276951431170801	7232.230544338771	9.285430181962549e-09
206.4064064064064	0.27714654628640384	7212.584942897861	9.336141838594843e-09
206.68168168168168	0.2772719139395626	7192.992706782206	9.387119835925744e-09
206.95695695695696	0.27742450432222693	7173.453691030782	9.438374402901224e-09
207.23223223223223	0.27773045690944975	7153.9677510789625	9.489929708212942e-09
207.5075075075075	0.27803942024008516	7134.534742751758	9.54177803658748e-09
207.7827827827828	0.27816584911890657	7115.154522261935	9.593889359301433e-09
208.05805805805807	0.2781996191997536	7095.826946214666	9.646261152282184e-09
208.33333333333334	0.2782667176266605	7076.5518716072675	9.698910912876655e-09
208.60860860860862	0.2784310932193033	7057.329155826889	9.751858033414645e-09
208.8838838838839	0.2786413857923985	7038.158656647013	9.805106184755859e-09
209.15915915915917	0.2787185452661299	7019.040232223654	9.858631779754595e-09
209.43443443443445	0.27870334148314546	6999.973741098957	9.912428861010682e-09
209.70970970970973	0.27879771445163753	6980.959042203667	9.966524875346385e-09
209.984984984985	0.27899214861214305	6961.995994851578	1.0020933900977575e-08
210.26026026026028	0.27919144071736696	6943.084458736596	1.0075650044397064e-08
210.53553553553556	0.2794052094739344	6924.224293933969	1.0130672419078548e-08
210.8108108108108	0.2796379273990069	6905.415360899153	1.018600203448327e-08
211.08608608608608	0.2797962506403986	6886.657520464573	1.024162602338548e-08
211.36136136136136	0.27984947433698065	6867.95063383999	1.029753353684868e-08
211.63663663663664	0.2798948728999803	6849.294562614314	1.0353734377066506e-08
211.91191191191191	0.2799942792778574	6830.689168753842	1.0410244040567573e-08
212.1871871871872	0.2801603400314857	6812.134314600145	1.0467073574769804e-08
212.46246246246247	0.28038972107256843	6793.629862868685	1.05242292233788e-08
212.73773773773775	0.2806642587003963	6775.175676647456	1.0581712358669723e-08
213.01301301301302	0.2809281576630105	6756.771619395078	1.0639515811343375e-08
213.2882882882883	0.2811323645708575	6738.417554939936	1.0697628843951296e-08
213.56356356356358	0.2812998023495497	6720.113347480822	1.075605015485661e-08
213.83883883883885	0.28145177616646455	6701.858861585902	1.081478321279478e-08
214.11411411411413	0.2815755194660932	6683.6539621909305	1.0873828593347372e-08
214.3893893893894	0.28169904087114134	6665.4985145992105	1.0933191886514747e-08
214.66466466466468	0.2819016723190896	6647.392384481828	1.0992889709726057e-08
214.93993993993996	0.28218995986204404	6629.335437874966	1.105293286248444e-08
215.21521521521524	0.28251001873035797	6611.327541177445	1.1113319227532885e-08
215.4904904904905	0.28279560171179874	6593.368561149398	1.1174037739391654e-08
215.76576576576576	0.2830010708924356	6575.458364911762	1.1235075876105823e-08
216.04104104104104	0.28319473091250014	6557.596819948067	1.1296439086873526e-08
216.31631631631632	0.2834190253705977	6539.783794102864	1.1358138125985177e-08
216.5915915915916	0.2835700059973426	6522.019155577129	1.1420162213698119e-08
216.86686686686687	0.2836288097866329	6504.30277292935	1.1482503274046761e-08
217.14214214214215	0.2837394226904168	6486.634515078638	1.154518202602162e-08
217.41741741741743	0.28393642323646157	6469.014251301087	1.1608216165291308e-08
217.6926926926927	0.2841410077050834	6451.441851225929	1.1671602621685722e-08
217.96796796796798	0.2843251945101878	6433.917184835823	1.1735335925965089e-08
218.24324324324326	0.2845056082954201	6416.4401224670255	1.1799416939478608e-08
218.51851851851853	0.2847664182904613	6399.010534810191	1.1863861535165339e-08
218.7937937937938	0.28514561532056815	6381.628292908249	1.1928685659344777e-08
219.0690690690691	0.2854537707469408	6364.2932681495595	1.1993865827959818e-08
219.34434434434436	0.2855978663747046	6347.005332269348	1.2059374345480598e-08
219.61961961961964	0.2857576860384262	6329.764357355931	1.2125228927350288e-08
219.89489489489492	0.2860032540618237	6312.570215846951	1.2191452112615777e-08
220.17017017017017	0.28624309325698916	6295.422780524188	1.2258040565014981e-08
220.44544544544544	0.28646514012057706	6278.3219245146465	1.2324991343741599e-08
220.72072072072072	0.286708433570071	6261.267521291034	1.2392310813125274e-08
220.995995995996	0.2869082656786705	6244.259444668015	1.2459991681094373e-08
221.27127127127127	0.2869910039514028	6227.297568800986	1.25280177655537e-08
221.54654654654655	0.2870414525076659	6210.381768189467	1.2596396724546647e-08
221.82182182182183	0.2871294910557692	6193.511917675795	1.2665146146335316e-08
222.0970970970971	0.28719017599534213	6176.687892440518	1.2734264350178543e-08
222.37237237237238	0.2872683057572234	6159.909568004479	1.2803759622501258e-08
222.64764764764766	0.28758497354480006	6143.176820232863	1.2873678161405427e-08
222.92292292292294	0.2880760885950629	6126.489525326385	1.2944033565354977e-08
223.1981981981982	0.2884303907536233	6109.847559813317	1.3014776229996746e-08
223.4734734734735	0.28857868873234477	6093.250800555282	1.308586827022896e-08
223.74874874874877	0.28861489505435994	6076.699124750967	1.3157308305169956e-08
224.02402402402404	0.2887534614499927	6060.192409938761	1.3229136857814338e-08
224.29929929929932	0.28911757941239635	6043.730533993353	1.3301399524906181e-08
224.5745745745746	0.28942874362851984	6027.313375113183	1.3374068361407845e-08
224.84984984984985	0.28953425636429964	6010.940811823054	1.3447100649456831e-08
225.12512512512512	0.28964869509381574	5994.612722983944	1.3520516153126706e-08
225.4004004004004	0.28985934629850996	5978.328987788488	1.3594343002869234e-08
225.67567567567568	0.29006931950088627	5962.0894857546655	1.3668578209096796e-08
225.95095095095095	0.29022506096288925	5945.894096726125	1.3743210862934391e-08
226.22622622622623	0.2903239892349275	5929.742700872808	1.3818235781062743e-08
226.5015015015015	0.29045955135502516	5913.635178692957	1.3893669618941067e-08
226.77677677677679	0.290724591532981	5897.571411012278	1.3969540494363458e-08
227.05205205205206	0.2910516562501655	5881.5512789782215	1.4045850897219685e-08
227.32732732732734	0.2913232176764001	5865.57466405751	1.4122579911258211e-08
227.60260260260262	0.29140208611131574	5849.641448034574	1.419969028451444e-08
227.8778778778779	0.2913675383664906	5833.751513017317	1.4277179452335337e-08
228.15315315315317	0.2915806837837142	5817.904741445115	1.4355119955564829e-08
228.42842842842845	0.2919759843701558	5802.10101607478	1.4433537515499806e-08
228.70370370370372	0.2921578775460373	5786.340219969217	1.4512366168804702e-08
228.978978978979	0.2922393657400803	5770.622236512438	1.4591595853713533e-08
229.25425425425428	0.2925201448151235	5754.946949414736	1.467128403717653e-08
229.52952952952953	0.292853600175102	5739.314242697728	1.4751431501658344e-08
229.8048048048048	0.29305024826737164	5723.7240006919765	1.4832000562629013e-08
230.08008008008008	0.2932052934074688	5708.176108045263	1.4912992627266514e-08
230.35535535535536	0.29342119486867657	5692.670449722034	1.4994430970169105e-08
230.63063063063063	0.2937201477016573	5677.206910999988	1.5076333513931218e-08
230.9059059059059	0.2940319647044249	5661.785377466195	1.515869597241985e-08
231.1811811811812	0.29421031970268774	5646.40573501367	1.5241486304164522e-08
231.45645645645646	0.2942766387706739	5631.06786984602	1.532469358424295e-08
231.73173173173174	0.29435393782504915	5615.771668480029	1.5408339512459357e-08
232.00700700700702	0.29448934919690817	5600.5170177423515	1.549244656538937e-08
232.2822822822823	0.29468864214546947	5585.303804767309	1.5577028854306224e-08
232.55755755755757	0.2949192329514546	5570.131916994745	1.5662087901146325e-08
232.83283283283285	0.29515271742655247	5555.001242169302	1.5747619600018957e-08
233.10810810810813	0.2953893290641176	5539.911668340571	1.5833623166063837e-08
233.3833833833834	0.29564240180014434	5524.863083862708	1.592010240441428e-08
233.65865865865868	0.2959307642984887	5509.855377393807	1.6007064728548777e-08
233.93393393393396	0.2961603760340799	5494.888437891152	1.6094494359345903e-08
234.2092092092092	0.2961775095519794	5479.962154608209	1.6182350053677177e-08
234.48448448448448	0.29610743216733165	5465.0764171035635	1.627063962569701e-08
234.75975975975976	0.2961732580674638	5450.231115243714	1.6359418407915955e-08
235.03503503503504	0.29639401660787484	5435.426139195106	1.6448720568720805e-08
235.3103103103103	0.2966886823686868	5420.66137941973	1.6538546770268473e-08
235.5855855855856	0.2968708283175048	5405.936726670429	1.6628856176608894e-08
235.86086086086087	0.29692525309979056	5391.2520719961585	1.6719625563358334e-08
236.13613613613614	0.2971370627865631	5376.607306752185	1.6810910009592978e-08
236.41141141141142	0.2975425526379487	5362.002322590349	1.6902747680487365e-08
236.6866866866867	0.2979110135889537	5347.437011448415	1.699510597874609e-08
236.96196196196198	0.29816512132987144	5332.911265554775	1.7087951537777504e-08
237.23723723723725	0.2983339956478966	5318.424977431576	1.7181275379638928e-08
237.51251251251253	0.2984643015845178	5303.97803989462	1.727508511776155e-08
237.7877877877878	0.29859881046938597	5289.570346052465	1.736939601538847e-08
238.06306306306308	0.29874581295202624	5275.201789304352	1.746421916478025e-08
238.33833833833836	0.2989131824096524	5260.872263339411	1.755956349333936e-08
238.61361361361364	0.2991215312040424	5246.581662136359	1.7655439941809958e-08
238.88888888888889	0.29932465348795156	5232.32987996017	1.7751844399652795e-08
239.16416416416416	0.299401418494708	5218.116811358315	1.7848746767000025e-08
239.43943943943944	0.2993965020678922	5203.9423511663745	1.7946143783190535e-08
239.71471471471472	0.2994679542626154	5189.806394511755	1.8044073746619517e-08
239.98998998999	0.29962163526198254	5175.708836807031	1.8142559125271915e-08
240.26526526526527	0.2997917350264853	5161.649573746338	1.8241596665677197e-08
240.54054054054055	0.2999215301243025	5147.628501304894	1.8341172114266194e-08
240.81581581581582	0.2999984281444907	5133.645515739946	1.8441276472503815e-08
241.0910910910911	0.30011590803346666	5119.700513594295	1.8541930024391345e-08
241.36636636636638	0.30029602833821273	5105.793391692694	1.8643150190298136e-08
241.64164164164166	0.30042767250415475	5091.924047135691	1.8744919220520535e-08
241.91691691691693	0.3004964499872047	5078.09237730271	1.88472258474689e-08
242.1921921921922	0.3005866892304254	5064.298279855374	1.895008733035664e-08
242.4674674674675	0.3007251009009469	5050.541652734427	1.905352083683383e-08
242.74274274274276	0.3009014476667966	5036.82239415746	1.915753405000274e-08
243.01801801801804	0.30110345617418777	5023.140402618068	1.92621293085291e-08
243.29329329329332	0.30132260261770627	5009.495576885234	1.9367307193393195e-08
243.56856856856857	0.3015644368564366	4995.88781600318	1.947307106866297e-08
243.84384384384384	0.30182803119035106	4982.317019290336	1.957942401861564e-08
244.11911911911912	0.3020940744472676	4968.783086337822	1.9686364117654873e-08
244.3943943943944	0.3023374574569408	4955.285917008429	1.979388531006485e-08
244.66966966966967	0.3025316743408536	4941.825411435797	1.9901978999038583e-08
244.94494494494495	0.3026921396610404	4928.401470025473	2.0010646464021608e-08
245.22022022022023	0.3028625123556983	4915.013993455435	2.0119901628982337e-08
245.4954954954955	0.30306608277238173	4901.662882674504	2.0229759438494434e-08
245.77077077077078	0.3033024774364794	4888.348038900572	2.034022901809014e-08
246.04604604604606	0.30351169765010455	4875.069363617233	2.0451300272848257e-08
246.32132132132134	0.3036579602287673	4861.826758574057	2.05629598832413e-08
246.5965965965966	0.3038014661157515	4848.620125790168	2.0675219259685626e-08
246.8718718718719	0.30393040596466453	4835.449367550311	2.0788082487405105e-08
247.14714714714717	0.3039151977417631	4822.314386398765	2.090151709559546e-08
247.42242242242244	0.30382063360017003	4809.215085147381	2.101552613672179e-08
247.69769769769772	0.3038756291340884	4796.1513668824855	2.1130177014056685e-08
247.972972972973	0.3040935959690897	4783.123134954418	2.1245509511385845e-08
248.24824824824825	0.30436625372720183	4770.130292971174	2.13615150090177e-08
248.52352352352352	0.30460117451318663	4757.172744798304	2.1478164691224087e-08
248.7987987987988	0.30475430989731794	4744.2503945603885	2.159543313574235e-08
249.07407407407408	0.3049130651881209	4731.363146646504	2.1713334350467447e-08
249.34934934934935	0.30511979541213996	4718.510905707469	2.1831889380574544e-08
249.62462462462463	0.3052883254480779	4705.693576649035	2.1951085553646105e-08
249.8998998998999	0.3053645101187044	4692.911064632644	2.207090234864594e-08
250.17517517517518	0.30535565469846	4680.163275077624	2.219133311954093e-08
250.45045045045046	0.3053934821274388	4667.450113666549	2.231241494927774e-08
250.72572572572574	0.30564686968141663	4654.771486346496	2.2434218500784646e-08
251.00100100100101	0.3059543404565648	4642.127299312311	2.255673337475609e-08
251.2762762762763	0.3060929001963084	4629.517459002686	2.2679889535151323e-08
251.55155155155157	0.30615214416304753	4616.941872114745	2.280368037192725e-08
251.82682682682685	0.30625126934436275	4604.40044560494	2.29281402319507e-08
252.10210210210212	0.3063977702236326	4591.893086682888	2.3053290483556208e-08
252.3773773773774	0.30653670183463866	4579.419702807544	2.3179127001986576e-08
252.65265265265268	0.3065594133901952	4566.980201683733	2.3305616192016444e-08
252.92792792792793	0.3065685912267302	4554.574491272107	2.3432774499093825e-08
253.2032032032032	0.3068134687101229	4542.202479796107	2.3560689347288096e-08
253.47847847847848	0.3071782128763369	4529.864075722757	2.3689370858540883e-08
253.75375375375376	0.30741751297338277	4517.559187755107	2.3818749548746522e-08
254.02902902902903	0.3076282702542117	4505.2877248491195	2.3948822941286285e-08
254.3043043043043	0.30793364109703547	4493.049596214505	2.407963058768125e-08
254.5795795795796	0.30821694381078524	4480.844711301541	2.421115734730023e-08
254.85485485485486	0.30840033307709935	4468.672979802335	2.434337280564629e-08
255.13013013013014	0.3085499212834756	4456.53431165773	2.4476284701634883e-08
255.40540540540542	0.3087384920751624	4444.428617057074	2.4609922146043206e-08
255.6806806806807	0.3090190502919983	4432.35580643659	2.4744318828884855e-08
255.95595595595597	0.3093070903812828	4420.315790471306	2.4879466336412658e-08
256.2312312312313	0.30946757850949264	4408.3084800715515	2.5015318547124625e-08
256.5065065065065	0.3096267676474606	4396.333786396442	2.5151895606320347e-08
256.7817817817818	0.30992389027140577	4384.391620854082	2.528925532737467e-08
257.0570570570571	0.31015548881831356	4372.481895082132	2.5427361578532873e-08
257.3323323323324	0.31019643392134566	4360.604520951238	2.556615682766432e-08
257.60760760760763	0.310264164386912	4348.759410583414	2.570568656816604e-08
257.8828828828829	0.3104700265654885	4336.946476345691	2.5846012764121047e-08
258.15815815815813	0.3107251169885215	4325.165630838273	2.598713868485655e-08
258.43343343343344	0.31095642080667885	4313.416786894675	2.612904356341926e-08
258.70870870870874	0.3111230463532762	4301.699857582831	2.6271705330956443e-08
258.983983983984	0.31124859927208387	4290.014756208104	2.641512308675846e-08
259.25925925925924	0.3113787060061745	4278.361396313953	2.6559314037613184e-08
259.53453453453454	0.31151121571302004	4266.739691678569	2.6704288095560892e-08
259.80980980980985	0.31163590319879875	4255.149556313777	2.6850048790178356e-08
260.0850850850851	0.3117597220689	4243.590904465387	2.6996602448965836e-08
260.36036036036035	0.3118950779893311	4232.063650612883	2.7143958737641218e-08
260.63563563563565	0.31205639200629337	4220.567709468929	2.7292129760699907e-08
260.91091091091096	0.31220722748550533	4209.102995975727	2.7441110946391046e-08
261.1861861861862	0.3122698459566471	4197.6694253018495	2.759087465389666e-08
261.46146146146145	0.31228683482934494	4186.2669128487805	2.7741424374359843e-08
261.73673673673676	0.3123615485948142	4174.895374254027	2.789280095212203e-08
262.01201201201206	0.31249851693858927	4163.554725384635	2.804502862395914e-08
262.2872872872873	0.31265046244699074	4152.244882333348	2.81981047515188e-08
262.56256256256256	0.31272156212745045	4140.96576141494	2.8351995538247827e-08
262.8378378378378	0.3127083584669002	4129.7172791712	2.850668509420487e-08
263.1131131131131	0.3128148730029107	4118.4993523832545	2.866224263557119e-08
263.3883883883884	0.31305986365641325	4107.311898059628	2.8818711966201545e-08
263.66366366366367	0.3132098113165265	4096.154833419712	2.8976030795974258e-08
263.9389389389389	0.31324237228912993	4085.0280759062275	2.9134162233266597e-08
264.2142142142142	0.31330362895921343	4073.931543195325	2.9293144863500653e-08
264.48948948948953	0.31346637631310287	4062.865153191499	2.9453027581015406e-08
264.7647647647648	0.3137398482173222	4051.8288240229754	2.9613840741159885e-08
265.04004004004	0.3140147280345508	4040.822474033423	2.977556052796728e-08
265.31531531531533	0.3141912308941711	4029.8460217818133	2.9938139610484975e-08
265.59059059059064	0.31428152390795566	4018.8993860490223	3.010156156317595e-08
265.8658658658659	0.31435811670078523	4007.9824858412267	3.0265848416084e-08
266.14114114114113	0.31455211222285234	3997.0952403932897	3.043106422132427e-08
266.41641641641644	0.31482770240041924	3986.2375691572433	3.059722937620542e-08
266.69169169169174	0.31500290530880976	3975.4093917918326	3.0764285487270564e-08
266.966966966967	0.31510754168752364	3964.6106281759276	3.09322178844506e-08
267.24224224224224	0.31527593338217297	3953.8411984150357	3.110107472870755e-08
267.5175175175175	0.3154960268348286	3943.1010228309665	3.127087759138005e-08
267.7927927927928	0.3157035929141647	3932.3900219576476	3.144161419708268e-08
268.0680680680681	0.3158369975541872	3921.708116540607	3.1613256409129125e-08
268.34334334334335	0.31589363079369076	3911.0552275403875	3.1785791724889844e-08
268.6186186186186	0.3159823982606719	3900.4312761397146	3.195926037321794e-08
268.8938938938939	0.31612451678700515	3889.836183736959	3.213369337165203e-08
269.1691691691692	0.31623041363051296	3879.2698719377827	3.230907212649796e-08
269.44444444444446	0.31634699426512936	3868.732262564071	3.24854093663088e-08
269.7197197197197	0.3165999102668752	3858.2232776590095	3.26627659307685e-08
269.994994994995	0.31691178438458856	3847.7428394722183	3.284114269458362e-08
270.2702702702703	0.31715111715733046	3837.290870455144	3.3020488312872494e-08
270.54554554554556	0.31734835269089656	3826.8672932719705	3.320079300432503e-08
270.8208208208208	0.31753589065663107	3816.4720307992625	3.3382068198063345e-08
271.0960960960961	0.3176467147738171	3806.1050061181795	3.356429385558551e-08
271.3713713713714	0.31766888371783647	3795.7661425178526	3.374745756188164e-08
271.6466466466467	0.3176933479878858	3785.455363502401	3.39315943803896e-08
271.9219219219219	0.31778847465576215	3775.1725927888256	3.411675344114635e-08
272.19719719719717	0.31798745119321703	3764.917754303931	3.430297610962855e-08
272.4724724724725	0.31825747197595666	3754.690772178861	3.449027165939636e-08
272.7477477477478	0.3185280150148958	3744.4915707456153	3.467861715570137e-08
273.02302302302303	0.3187223948741525	3734.3200745359227	3.486797089361297e-08
273.2982982982983	0.31880650415625117	3724.1762082837827	3.5058300239526496e-08
273.5735735735736	0.3188843286946618	3714.059896935485	3.524963758303637e-08
273.8488488488489	0.3190148737419446	3703.9710656457546	3.5442027626756027e-08
274.12412412412414	0.3191269971340807	3693.9096397671997	3.563546353472383e-08
274.3993993993994	0.31922718633256075	3683.875544855681	3.582994777805396e-08
274.6746746746747	0.3194168340794293	3673.8687066772177	3.602553010227079e-08
274.94994994995	0.3196751683556043	3663.8890511979835	3.622222866513183e-08
275.22522522522524	0.3199055331622451	3653.936504577692	3.642001174808227e-08
275.5005005005005	0.3201066757204433	3644.0109931764932	3.6618866378340814e-08
275.7757757757758	0.320292678216877	3634.1124435556535	3.6818795660519996e-08
276.0510510510511	0.3203744124565675	3624.240782468737	3.7019763044602516e-08
276.32632632632635	0.32034358633169296	3614.3959368674523	3.722174953451089e-08
276.6016016016016	0.32043446527179276	3604.5778339208596	3.7424857336413683e-08
276.87687687687685	0.32066700937072445	3594.7864009976947	3.762914890869894e-08
277.15215215215215	0.3207313010525714	3585.021565638708	3.783451273975483e-08
277.42742742742746	0.32068500705666936	3575.2832555859623	3.8040924492527694e-08
277.7027027027027	0.320877726818619	3565.571398806753	3.824854086915276e-08
277.97797797797796	0.3212017047948791	3555.885923455425	3.845739058837014e-08
278.25325325325326	0.32137378128161237	3546.226757857851	3.866735579328497e-08
278.52852852852857	0.3214910615114347	3536.593830542557	3.887842891706271e-08
278.8038038038038	0.3217035904372172	3526.987070244898	3.90906818190604e-08
279.07907907907907	0.3219601090988413	3517.4064058895992	3.930412797041917e-08
279.35435435435437	0.32217560805898565	3507.8517665872173	3.9518735914054406e-08
279.6296296296297	0.32227494559877573	3498.323081634304	3.9734456788507626e-08
279.9049049049049	0.32230208180612635	3488.820280523104	3.9951291408117476e-08
280.1801801801802	0.3224120747661174	3479.3432929508563	4.0169319815788476e-08
280.4554554554555	0.32256209106886996	3469.8920488021467	4.0388562994901816e-08
280.7307307307308	0.3226186085569641	3460.466478140307	4.060896787491884e-08
281.00600600600603	0.3227429527275612	3451.0665112328165	4.08305929176127e-08
281.2812812812813	0.32308106557567373	3441.692078549745	4.1053543758374745e-08
281.5565565565566	0.32327480634362116	3432.3431107182246	4.127769405476081e-08
281.83183183183183	0.32313121680022305	3423.0195385361376	4.1502887479895706e-08
282.10710710710714	0.323072736172576	3413.7212930271376	4.172926680154387e-08
282.3823823823824	0.323279943727395	3404.448305418931	4.195699754311468e-08
282.6576576576577	0.3235080877647413	3395.2005071040444	4.2186037558238195e-08
282.93293293293294	0.3236289270547917	3385.9778296495538	4.2416303639856445e-08
283.20820820820825	0.3236476388029947	3376.7802048086965	4.2647761540267246e-08
283.4834834834835	0.32367553801623267	3367.6075645303235	4.288045624537038e-08
283.75875875875874	0.3238256462760688	3358.4598409587743	4.3114472664584846e-08
284.03403403403405	0.3239712454246131	3349.3369664109937	4.334978860290983e-08
284.3093093093093	0.32399315623178926	3340.2388733764574	4.358633346616246e-08
284.5845845845846	0.3239918169508016	3331.1654945373843	4.382413016323584e-08
284.85985985985985	0.32406202139435347	3322.116762767926	4.4063244270718963e-08
285.13513513513516	0.3242235271178059	3313.0926111266162	4.430372209177402e-08
285.4104104104104	0.32442428317595023	3304.092972848961	4.4545561801697775e-08
285.6856856856857	0.32455354306526224	3295.1177813410904	4.478870594971307e-08
285.96096096096096	0.32458615598991397	3286.166970187423	4.503311654292262e-08
286.23623623623627	0.3245644763967235	3277.2404731568	4.527880191751211e-08
286.5115115115115	0.32460264193581895	3268.3382242091966	4.552583287353995e-08
286.7867867867868	0.32477048609549014	3259.4601574910675	4.5774286539225894e-08
287.06206206206207	0.3248874032305803	3250.6062073099147	4.6024103134460464e-08
287.3373373373374	0.32486638553695096	3241.776308142812	4.627520853001293e-08
287.6126126126126	0.3249251010204296	3232.9703946666064	4.6527693710015385e-08
287.8878878878879	0.32513291783239473	3224.188401742821	4.678164619072331e-08
288.1631631631632	0.32532867440445645	3215.430264393726	4.703702041775174e-08
288.4384384384384	0.3254362980476369	3206.695917810221	4.7293754769191725e-08
288.71371371371373	0.3254646431523491	3197.985297359997	4.7551828337298604e-08
288.988988988989	0.3254739241899164	3189.2983385924367	4.781126955614077e-08
289.2642642642643	0.3255304647480502	3180.6349772389226	4.8072134619279564e-08
289.53953953953953	0.3256219341074662	3171.9951492042214	4.833444748869421e-08
289.81481481481484	0.32570610913258824	3163.378790562822	4.859819900389867e-08
290.0900900900901	0.32572181932956207	3154.7858375563396	4.886335251967489e-08
290.3653653653654	0.32567896928675	3146.216226600509	4.9129900042866496e-08
290.64064064064064	0.3256999242269445	3137.6698942968337	4.939791486608567e-08
290.91591591591595	0.32581608344036594	3129.1467774225753	4.966745556703139e-08
291.1911911911912	0.32596071837969276	3120.6468129196865	4.9938514566102835e-08
291.4664664664665	0.32606611537043595	3112.1699378940493	5.0211051446583376e-08
291.74174174174175	0.3260845554075436	3103.71608961708	5.048502166485834e-08
292.01701701701705	0.32607330912722776	3095.2852055367257	5.0760442822554973e-08
292.2922922922923	0.3261147240349066	3086.8772232799643	5.103737830563789e-08
292.5675675675676	0.3262488415889914	3078.4920806477953	5.1315887980877264e-08
292.84284284284286	0.32643586549041304	3070.12971560592	5.1595980572052325e-08
293.1181181181181	0.3265011844209165	3061.7900662689267	5.187755525712075e-08
293.3933933933934	0.32642284176482234	3053.4730709167534	5.216055357343432e-08
293.66866866866866	0.3263735897922619	3045.1786680164228	5.244506057194663e-08
293.94394394394396	0.32641499769360444	3036.9067962092604	5.273116069568483e-08
294.2192192192192	0.3265198137216797	3028.6573943003436	5.301888189107325e-08
294.4944944944945	0.3266805823017923	3020.4304012602415	5.330823771520869e-08
294.76976976976977	0.32687992348599265	3012.225756223397	5.35992283558385e-08
295.0450450450451	0.3270162755887772	3004.043398477753	5.3891792570130734e-08
295.3203203203203	0.3270363945171702	2995.8832674697496	5.418587042612005e-08
295.5955955955956	0.3270604001475161	2987.7453028243	5.448151611071277e-08
295.8708708708709	0.32715233985683734	2979.629444337996	5.477880237777722e-08
296.1461461461462	0.3272554971327591	2971.535631964333	5.507773128508487e-08
296.4214214214214	0.32735582491113063	2963.463805818258	5.5378299200665573e-08
296.69669669669673	0.3274802789279469	2955.4139061806472	5.5680527204343726e-08
296.971971971972	0.3275823913024698	2947.3858734889996	5.598439885410725e-08
297.2472472472473	0.32760988370983063	2939.3796483361507	5.628987540307296e-08
297.52252252252254	0.32771046051796365	2931.395171494346	5.659704336020259e-08
297.7977977977978	0.32798671424186343	2923.4323839096087	5.690601959039939e-08
298.0730730730731	0.32818920841534405	2915.491226657735	5.7216693995803485e-08
298.34834834834834	0.3282038628647624	2907.5716409601005	5.7528939677215754e-08
298.62362362362364	0.3282889948967618	2899.673568229819	5.7842879419386826e-08
298.8988988988989	0.3284963588049309	2891.7969500459167	5.815861310773348e-08
299.1741741741742	0.32861158062705487	2883.9417281191304	5.847604346150494e-08
299.44944944944945	0.3286320331748868	2876.1078443179686	5.879512671314982e-08
299.72472472472475	0.3287155300330987	2868.2952406889267	5.911595824417886e-08
300.0	0.3290232558139535	2860.503859456966	5.943870379394296e-08
