0.005297890259566065	7.80070118248897	7061.2664905724205	7.226260111542238	0.006051258244981108
25.0	0.04548837209302326	33212.0	10.0
25.275275275275277	0.04637520596417229	34017.087078901175	9.11877128185449
25.55055055055055	0.047153987992715474	34757.58343377015	8.30232735848643
25.825825825825827	0.04773386493861657	35433.98629079053	7.550269032996342
26.1011011011011	0.048385982355784916	36051.44237699314	6.85743396148837
26.376376376376378	0.049227229517364385	36615.966522496994	6.21776186888308
26.65165165165165	0.050087135603304266	37130.7014314928	5.628124047720006
26.926926926926928	0.05086586424991826	37597.686137924946	5.08651689002889
27.2022022022022	0.051556979680525535	38019.17351849948	4.590714286685311
27.47747747747748	0.05226803564163247	38398.49333623972	4.137383275287741
27.75275275275275	0.053113302435991785	38739.591534077175	3.722554086255894
28.02802802802803	0.053936263809464716	39044.863208514966	3.343838701000463
28.303303303303302	0.054584824163510015	39315.79112993851	2.999779483867287
28.57857857857858	0.05517508287525139	39554.7879687855	2.687963807814625
28.853853853853856	0.05580400447956023	39764.68240515425	2.405548827399048
29.12912912912913	0.056450390509322164	39947.95844236853	2.150039913522427
29.404404404404403	0.05715495440460955	40107.06037155115	1.918978876062731
29.67967967967968	0.058018944472539996	40244.52512364094	1.7098084670456615
29.954954954954957	0.05890377419603298	40362.116735688156	1.5207587606455162
30.23023023023023	0.05956745179274982	40460.84699125019	1.3508273316868116
30.505505505505504	0.0601593079860682	40542.25253717019	1.198472428603193
30.78078078078078	0.06090743536194998	40608.28963657451	1.0617198778926977
31.056056056056057	0.06173644545012511	40660.49511395156	0.9390217857928482
31.33133133133133	0.06252986940893988	40700.04852953919	0.8291935715840978
31.606606606606608	0.06324057098756578	40728.00464106818	0.7311764723134637
31.88188188188188	0.06391213362512631	40745.44251517024	0.6438850267890989
32.15715715715716	0.06468572389165893	40753.528048884546	0.5661429942478169
32.432432432432435	0.06550523935399297	40753.22749720217	0.4969766315707309
32.70770770770771	0.06618324572976013	40745.25144706239	0.43567242013894525
32.98298298298298	0.06686136146161088	40730.408236828065	0.381415504410464
33.25825825825826	0.0677574324521626	40709.57335869343	0.3333208650135616
33.533533533533536	0.06863937851039786	40683.35074375792	0.29078014076718783
33.808808808808806	0.0693006979915293	40652.19657148087	0.25333527778414305
34.08408408408408	0.0699820380942885	40616.6783631953	0.22041339880317865
34.35935935935936	0.07080045554848366	40577.34680951684	0.19145789684862802
34.63463463463464	0.07154447902961074	40534.60705872156	0.16606030013006137
34.90990990990991	0.07216106172778752	40488.821499771584	0.14385524246777115
35.18518518518518	0.07278348629712597	40440.36380888586	0.1244651776342465
35.46046046046046	0.07344529042013175	40389.573412658785	0.10754700238777944
35.73573573573574	0.07411564833736202	40336.74326910514	0.09280463055189205
36.01101101101101	0.07479134706066157	40282.133064993235	0.07997555464455204
36.286286286286284	0.07547721319220854	40225.97402664901	0.06882597509485215
36.56156156156156	0.07616771623495594	40168.47024970445	0.059149486814383215
36.83683683683684	0.07685646008681833	40109.801890535906	0.05076385661108671
37.112112112112115	0.07754030936196939	40050.12831718693	0.0435078366509352
37.38738738738739	0.07822612266870131	39989.59110090908	0.037238135788558634
37.66266266266266	0.07893152602438738	39928.31617108051	0.03182724272224469
37.93793793793794	0.07965182965911623	39866.41363776564	0.027163634462009655
38.213213213213216	0.08036546059871477	39803.97906876517	0.023150495297278053
38.488488488488485	0.08106109438568956	39741.09619080355	0.01970297486366353
38.76376376376376	0.08174634831135907	39677.83903352304	0.016746012318579567
39.03903903903904	0.08249121755043708	39614.2744690831	0.014211751632243296
39.314314314314316	0.08332266693567451	39550.46071702352	0.012041085261238885
39.58958958958959	0.08410898598643621	39486.445049937174	0.010186019002742597
39.86486486486486	0.08476579989598157	39422.26788570225	0.00860549910053554
40.14014014014014	0.08532777267668476	39357.96603077856	0.007262101886365823
40.41541541541542	0.08590544951556688	39293.57331851566	0.006121386122987939
40.690690690690694	0.08664781259801212	39229.12027452591	0.005152240817486412
40.965965965965964	0.08743502846390519	39164.63132559151	0.004329749826342095
41.24124124124124	0.08804800066476869	39100.125847723895	0.0036341288388695913
41.51651651651652	0.08863794126002064	39035.62211116104	0.003046693085727791
41.791791791791795	0.08938237567727282	38971.13671556057	0.0025504377163760926
42.06706706706707	0.090099021457564	38906.68270063897	0.002131984120625321
42.34234234234234	0.09067405898479994	38842.27091969073	0.0017801505056860233
42.61761761761762	0.0912736073385116	38777.91138737492	0.0014846072632942887
42.892892892892895	0.09195240548848736	38713.6127013848	0.0012364590413422693
43.168168168168165	0.0925971490762054	38649.3818282563	0.0010284665605968892
43.44344344344344	0.09318423324579667	38585.22467787772	0.0008544609393843414
43.71871871871872	0.09376149422870193	38521.14636499241	0.0007090776468370243
43.993993993993996	0.09435232037502714	38457.1512301041	0.0005877364505037991
44.26926926926927	0.09496966812218188	38393.242921563746	0.0004865586606738163
44.54454454454455	0.09563280654532648	38329.42449719757	0.0004022642191080407
44.81981981981982	0.09632563510030442	38265.69848323885	0.0003321123463747096
45.0950950950951	0.09694180757055772	38202.066919962424	0.00027385570588976096
45.37037037037037	0.09746867718980241	38138.531520113036	0.00022557896508102195
45.645645645645644	0.09805080145862814	38075.09377004224	0.00018559579839710585
45.92092092092092	0.09875454832629929	38011.75489502376	0.00015248480729308084
46.1961961961962	0.0995525846766817	37948.515867147136	0.0001250818641213647
46.471471471471475	0.10032657501113434	37885.37743900922	0.00010244604797677148
46.74674674674675	0.10094825812243156	37822.34019830392	8.380413335558597e-05
47.02202202202202	0.10150818412997425	37759.404636848325	6.848018845341964e-05
47.2972972972973	0.10211183345694289	37696.571158308456	5.5884233553930524e-05
47.572572572572575	0.10267752685117147	37633.840047484475	4.5552500071186344e-05
47.847847847847845	0.10318367033705537	37571.21151725399	3.709245780500218e-05
48.12312312312312	0.10378496364692885	37508.68572635304	3.0166672596660203e-05
48.3983983983984	0.10449820094376458	37446.2627738326	2.449855626298081e-05
48.673673673673676	0.10516627581143104	37383.942703003966	1.9868404243839178e-05
48.94894894894895	0.1057180522589801	37321.72551938736	1.6095098446978045e-05
49.22422422422423	0.10616569458125702	37259.61120039051	1.3026242161784149e-05
49.4994994994995	0.10663026752492372	37197.599701158324	1.0532202615321094e-05
49.77477477477478	0.10723316467514188	37135.69095584688	8.504825945594016e-06
50.05005005005005	0.10791140806316799	37073.88487731998	6.857722198287741e-06
50.32532532532532	0.1085719909943783	37012.181361777955	5.521551927888427e-06
50.6006006006006	0.10916151652083154	36950.58029339944	4.439793367780982e-06
50.87587587587588	0.10968762775014126	36889.08154717944	3.5656125115552428e-06
51.151151151151154	0.1102325250719758	36827.68499077821	2.8599179898002507e-06
51.42642642642643	0.11080214197857027	36766.39048501628	2.29083584056339e-06
51.70170170170171	0.1113412972554643	36705.19788490375	1.8326358137089757e-06
51.97697697697698	0.11189646225903702	36644.10704125536	1.4641336681291717e-06
52.252252252252255	0.11253173466885666	36583.117801412016	1.167971416333309e-06
52.527527527527525	0.11311330160758296	36522.23000934251	9.304060289839486e-07
52.8028028028028	0.11355107330236652	36461.44350661883	7.403274284328217e-07
53.07807807807808	0.11407192972894957	36400.75813353642	5.883156522610955e-07
53.353353353353356	0.1147715342450201	36340.17372895424	4.6673747228112314e-07
53.62862862862863	0.11541621890187655	36279.69013009759	3.69708005046204e-07
53.90390390390391	0.11594540587938107	36219.30717355004	2.9246841740554593e-07
54.17917917917918	0.11651074653360048	36159.02470208098	2.3111263918989092e-07
54.454454454454456	0.11710378442351768	36098.84255155544	1.8242163961541698e-07
54.729729729729726	0.11762005697154157	36038.76055745931	1.4385244132476902e-07
55.005005005005	0.11808142451534533	35978.778555083096	1.1334704209117731e-07
55.28028028028028	0.1185586343930603	35918.89637961164	8.92399856161641e-08
55.55555555555556	0.11910970362629966	35859.11386618333	7.019767237627582e-08
55.830830830830834	0.11974305091991767	35799.430849942786	5.516418823492157e-08
56.10610610610611	0.12036463669849845	35739.84716608801	4.331262486714594e-08
56.38138138138139	0.12090847295233555	35680.36264992577	3.3987325200581e-08
56.65665665665666	0.12136979268053329	35620.9771369111	2.6662812674165925e-08
56.931931931931935	0.12182542139727268	35561.69046267402	2.091570928577463e-08
57.20720720720721	0.1223918414903659	35502.502463036704	1.640699458665093e-08
57.48248248248248	0.12297089833943525	35443.41297402103	1.2873796990607342e-08
57.75775775775776	0.12340658238640692	35384.42183186555	1.0111422265747082e-08
58.033033033033036	0.12379790487505328	35325.528873043426	7.954453018408671e-09
58.30830830830831	0.12426373447861513	35266.73393426787	6.270746586760116e-09
58.58358358358358	0.12476248965999236	35208.036852495505	4.957509271326267e-09
58.85885885885886	0.12528615687847375	35149.437464932846	3.934189132268536e-09
59.134134134134136	0.12592494421114006	35090.935609041124	3.1370747913148096e-09
59.40940940940941	0.12665183867440216	35032.53112253835	2.5166844091010342e-09
59.68468468468468	0.12731504899064863	34974.22384340158	2.0348727013138627e-09
59.95995995995996	0.12783257030316683	34916.01360986959	1.6616673082275533e-09
60.23523523523524	0.1281966611354653	34857.90026044434	1.3732865849022772e-09
60.510510510510514	0.12856137545341004	34799.88363389215	1.150692680640231e-09
60.78578578578579	0.129071378484926	34741.96356924381	9.789079249320116e-10
61.06106106106106	0.12961783842051056	34684.13990579457	8.465175658305635e-10
61.33633633633634	0.13010678660094635	34626.412483104476	7.447205549980407e-10
61.611611611611615	0.13059350840498127	34568.78114099885	6.666046051628008e-10
61.88688688688689	0.1311202881138233	34511.24571956818	6.067822118895177e-10
62.16216216216216	0.13168301296051693	34453.806059167866	5.610864851840916e-10
62.43743743743744	0.13218871679647584	34396.46200041802	5.263152179593261e-10
62.712712712712715	0.13251748807192787	34339.21338420318	4.999965133880531e-10
62.98798798798799	0.13288120563720715	34282.06005167245	4.801658539685366e-10
63.26326326326326	0.13354177944224951	34225.001844239036	4.652883394471318e-10
63.53853853853854	0.13425481357027705	34168.038603579545	4.542239525236854e-10
63.813813813813816	0.13479818431068297	34111.17017163364	4.461053997808507e-10
64.0890890890891	0.1353881413600819	34054.39639060399	4.4024522144985794e-10
64.36436436436436	0.13610819375737168	33997.7171029559	4.361135571749352e-10
64.63963963963964	0.13672400206418928	33941.13215141646	4.3331039956701417e-10
64.91491491491492	0.1371531269289234	33884.641378974375	4.3152625683780814e-10
65.1901901901902	0.13749349710080636	33828.2446288797	4.3051995226440136e-10
65.46546546546547	0.13788064287192278	33771.94174464343	4.3010585628787215e-10
65.74074074074073	0.13842592419456276	33715.73257003703	4.3014299622142624e-10
66.01601601601601	0.13899305303593443	33659.616949091826	4.305246830376056e-10
66.29129129129129	0.1394358644829081	33603.59472609861	4.311689453383097e-10
66.56656656656656	0.13987623354488762	33547.6657456074	4.320134133258054e-10
66.84184184184184	0.1404048997654708	33491.82985242696	4.3301123457871925e-10
67.11711711711712	0.14094047504677865	33436.08689162431	4.3412643854815977e-10
67.3923923923924	0.1414414529055584	33380.43670852423	4.3533138144565987e-10
67.66766766766767	0.14193579749633686	33324.879148708984	4.366052578743571e-10
67.94294294294295	0.1423990640062973	33269.414058017785	4.379320935927706e-10
68.21821821821823	0.14278165439531001	33214.04128254641	4.392993587133659e-10
68.4934934934935	0.14316581465466124	33158.76066864678	4.406982650676789e-10
68.76876876876878	0.14364970252054954	33103.57206292669	4.421230560534525e-10
69.04404404404404	0.14413924301587908	33048.475312249095	4.435685849629256e-10
69.31931931931932	0.14454023837950486	32993.47026373175	4.4503013124824276e-10
69.5945945945946	0.1448870520757106	32938.556764746914	4.465044458441672e-10
69.86986986986987	0.14521625717985626	32883.73466292083	4.479894202227982e-10
70.14514514514515	0.14553886717159722	32829.003806133405	4.494835769393955e-10
70.42042042042041	0.1458831922836518	32774.364042517715	4.509860716428121e-10
70.69569569569569	0.14628349828264514	32719.81522045964	4.524965901856776e-10
70.97097097097097	0.146653491673773	32665.357188597307	4.5401411094374357e-10
71.24624624624624	0.1468886845279712	32610.98979582067	4.5553691586893195e-10
71.52152152152152	0.1471656277150234	32556.712891271327	4.5706535015942275e-10
71.7967967967968	0.14763279792205267	32502.5263243421	4.5860104161199777e-10
72.07207207207207	0.14804648073522256	32448.42994467623	4.60142959214771e-10
72.34734734734735	0.14830894607654416	32394.423602167124	4.616894392711087e-10
72.62262262262263	0.14873293651910924	32340.50714695829	4.63242137310005e-10
72.8978978978979	0.14936065811878713	32286.68042944269	4.648026733546387e-10
73.17317317317318	0.1498910393815927	32232.943300262017	4.663694656636331e-10
73.44844844844846	0.15030038990263647	32179.2956103065	4.6794112936228e-10
73.72372372372374	0.15075135619467706	32125.7372107147	4.69518149551866e-10
73.998998998999	0.1512275746007403	32072.267952872902	4.711007370359387e-10
74.27427427427428	0.15166748877956185	32018.8876884147	4.72688482844621e-10
74.54954954954955	0.1521472112258557	31965.596269220656	4.742817936785629e-10
74.82482482482483	0.1526965388587749	31912.393547417887	4.758812473572235e-10
75.1001001001001	0.15315675103796053	31859.279375379498	4.774858061029578e-10
75.37537537537537	0.15350208667246212	31806.253605724232	4.790944770549149e-10
75.65065065065065	0.15392483072676802	31753.31609131632	4.807083142729261e-10
75.92592592592592	0.15441851422620873	31700.466685264873	4.823280347601698e-10
76.2012012012012	0.15481406830352487	31647.705240923326	4.839526064730078e-10
76.47647647647648	0.15520214799142526	31595.031611889226	4.855821179752242e-10
76.75175175175175	0.15575420978308774	31542.445652003986	4.872182225863678e-10
77.02702702702703	0.15631372052933862	31489.94721535211	4.88860683413908e-10
77.30230230230231	0.15670286250894483	31437.536156260776	4.905076895765463e-10
77.57757757757759	0.15699740792146177	31385.212329299702	4.921586297437737e-10
77.85285285285286	0.1573046064096479	31332.975589280726	4.938140567329998e-10
78.12812812812814	0.15770061268313204	31280.82579125743	4.954750825313251e-10
78.40340340340342	0.15817375150682206	31228.762790524597	4.97142412545815e-10
78.67867867867868	0.15862930850420318	31176.78644261777	4.988156868751139e-10
78.95395395395396	0.15909081895491975	31124.896603312955	5.004948666268418e-10
79.22922922922923	0.159640046344811	31073.093128626253	5.021806846570903e-10
79.50450450450451	0.16019435806326243	31021.375874813348	5.038729094683753e-10
79.77977977977977	0.16063933677783362	30969.74469836904	5.055703188137169e-10
80.05505505505505	0.1609976652654164	30918.199456026985	5.072722468037062e-10
80.33033033033033	0.16133803401504346	30866.74000475936	5.089788559307389e-10
80.6056056056056	0.161756813931455	30815.36620177647	5.10691162182456e-10
80.88088088088088	0.16226484507311092	30764.077904526293	5.124100033693398e-10
81.15615615615616	0.16275802749707627	30712.87497069396	5.141350220997311e-10
81.43143143143143	0.1632351308819678	30661.75725820145	5.158659545515671e-10
81.70670670670671	0.16377080908387134	30610.72462520728	5.176033079724757e-10
81.98198198198199	0.16428930070981215	30559.776930105978	5.193467483193515e-10
82.25725725725727	0.16466532585269214	30508.914031527616	5.210948808485737e-10
82.53253253253254	0.16491531047533856	30458.135788337568	5.228468669342212e-10
82.80780780780782	0.16511818384297225	30407.44205963618	5.246028454785471e-10
83.0830830830831	0.16540575030508559	30356.832704758457	5.263641457903062e-10
83.35835835835836	0.16581663743979497	30306.307583273523	5.281320845217983e-10
83.63363363363364	0.16622039757618534	30255.86655498412	5.299063952949315e-10
83.90890890890891	0.16657059169115118	30205.509479926266	5.316864605351597e-10
84.18418418418419	0.1669204953147594	30155.23621836901	5.334723414399138e-10
84.45945945945945	0.1672723068912794	30105.04663081392	5.352641080249683e-10
84.73473473473473	0.1675966777771646	30054.940577994723	5.370615420793816e-10
85.01001001001	0.1678906409622561	30004.91792087694	5.38864466321446e-10
85.28528528528528	0.1681684724064895	29954.9785206575	5.406728940247735e-10
85.56056056056056	0.1684689336178444	29905.12223876438	5.424872037026859e-10
85.83583583583584	0.1688275855332219	29855.348936856255	5.443080042311451e-10
86.11111111111111	0.1692601943027815	29805.658476822035	5.461358823672013e-10
86.38638638638639	0.1697251271823226	29756.05072078046	5.479708687498068e-10
86.66166166166167	0.170117037282704	29706.525531079642	5.498119993854014e-10
86.93693693693695	0.1704384017775261	29657.082770296798	5.516586203051766e-10
87.21221221221222	0.17077239507523342	29607.72230123795	5.535110581205469e-10
87.4874874874875	0.1711328301373226	29558.44398693747	5.553696805549147e-10
87.76276276276278	0.17149651086536105	29509.24769065767	5.57234535012591e-10
88.03803803803804	0.171830492163025	29460.133275888402	5.59105349986738e-10
88.31331331331332	0.1721381765661037	29411.100606346714	5.609819721369199e-10
88.58858858858859	0.17252537991155675	29362.149545976597	5.628653010153038e-10
88.86386386386387	0.17301325852393526	29313.279958948522	5.647561775317642e-10
89.13913913913915	0.17346555651027265	29264.49170965887	5.666539074844999e-10
89.41441441441442	0.1738489186306405	29215.784662729675	5.685576915450784e-10
89.68968968968969	0.17424138539445988	29167.158683008376	5.704677149746118e-10
89.96496496496496	0.17467838635452437	29118.613635567395	5.723844508482541e-10
90.24024024024024	0.17515191883878953	29070.1493857037	5.743081610899455e-10
90.51551551551552	0.17556794268843678	29021.765798938366	5.762381409563024e-10
90.7907907907908	0.1758603148188535	28973.462741016196	5.781732743557907e-10
91.06606606606607	0.17616204122336757	28925.2400779056	5.801140537736964e-10
91.34134134134135	0.1765759941833039	28877.097675798177	5.820618113396571e-10
91.61661661661662	0.1770602002922549	28829.035401108184	5.840170844686573e-10
91.8918918918919	0.17753726635026992	28781.05312047214	5.859795151592658e-10
92.16716716716716	0.17791512101837179	28733.150700748396	5.879479801969087e-10
92.44244244244244	0.1782114052156974	28685.328009016925	5.899218724697135e-10
92.71771771771772	0.17851740260206572	28637.584912579045	5.919016495787001e-10
92.992992992993	0.1788485635261486	28589.921278956936	5.93887785274725e-10
93.26826826826827	0.17919260766691814	28542.336975893264	5.95880498571004e-10
93.54354354354355	0.17957192756452453	28494.831871350834	5.978801636098465e-10
93.81881881881883	0.18000324866495196	28447.405833512235	5.998872078276608e-10
94.0940940940941	0.18046495093974038	28400.058730779423	6.019017263932169e-10
94.36936936936937	0.18090332139249604	28352.79043177332	6.039232745127421e-10
94.64464464464464	0.18123176948945036	28305.60080533339	6.059507169179535e-10
94.91991991991992	0.18150132478029282	28258.489720517475	6.079837668733497e-10
95.1951951951952	0.18187484157072165	28211.457046601547	6.100238046171164e-10
95.47047047047047	0.18231965335852302	28164.50265307908	6.120714765161466e-10
95.74574574574575	0.18271453992202333	28117.626409660665	6.141260639291941e-10
96.02102102102103	0.18308573018511123	28070.828186273717	6.16187331424601e-10
96.2962962962963	0.18348613281531104	28024.107853062247	6.182556362085473e-10
96.57157157157158	0.18389064045495768	27977.46528038634	6.203309882495794e-10
96.84684684684684	0.1842518597762787	27930.900338821797	6.224129418056627e-10
97.12212212212212	0.18451289943080493	27884.412899159754	6.245006451364237e-10
97.3973973973974	0.18471696113729968	27838.002832406466	6.265939396589909e-10
97.67267267267268	0.18500884146621493	27791.67000978304	6.286941332896376e-10
97.94794794794795	0.1853243057530678	27745.414302724836	6.308015066492719e-10
98.22322322322323	0.1854870725193195	27699.235582880985	6.329145381637635e-10
98.4984984984985	0.1856201518286017	27653.1337221144	6.350333919028318e-10
98.77377377377378	0.18591010140717718	27607.108592501478	6.371600162735293e-10
99.04904904904905	0.18626763614238842	27561.16006633142	6.392948813046672e-10
99.32432432432432	0.1865719576873189	27515.28801610584	6.414371290139433e-10
99.5995995995996	0.18679567129865618	27469.492314538515	6.435859083792423e-10
99.87487487487488	0.1869963665220951	27423.77283455516	6.457412114867888e-10
100.15015015015015	0.18732624514586668	27378.12944929316	6.479045451142196e-10
100.42542542542543	0.18778926854478378	27332.56203210106	6.500769884840318e-10
100.70070070070071	0.18825993949880115	27287.07045653804	6.522580424494057e-10
100.97597597597598	0.18869456614556984	27241.65459637368	6.544469390178646e-10
101.25125125125126	0.1890915994861218	27196.314325587635	6.566431462251087e-10
101.52652652652652	0.18942350844275976	27151.049518369287	6.58846035813181e-10
101.8018018018018	0.18966955256096502	27105.86004911737	6.610549817294239e-10
102.07707707707708	0.18985519648458876	27060.745792439713	6.632698192197837e-10
102.35235235235236	0.19001863376908468	27015.70662315288	6.654908243437513e-10
102.62762762762763	0.19020473906476165	26970.74241628184	6.677186407510302e-10
102.90290290290291	0.19044122337814165	26925.853047059605	6.699539919525302e-10
103.17817817817819	0.19073001087079958	26881.038390926864	6.721973980171939e-10
103.45345345345346	0.19099615006001985	26836.298323531508	6.744484672628079e-10
103.72872872872873	0.19114670545567047	26791.63272072829	6.767060048480238e-10
104.004004004004	0.19131254980319595	26747.041458578733	6.789705270339025e-10
104.27927927927928	0.19164880102472345	26702.524413350875	6.812439620549645e-10
104.55455455455456	0.1920503504524723	26658.08146151852	6.835265631462743e-10
104.82982982982983	0.19239926453724773	26613.712479760932	6.858173131770737e-10
105.10510510510511	0.19268995349973986	26569.417344962618	6.881154743010855e-10
105.38038038038039	0.1929826388076104	26525.19593421307	6.904211682381285e-10
105.65565565565566	0.19339575343697665	26481.048124806508	6.927356930152314e-10
105.93093093093094	0.1938657598388325	26436.973794241298	6.950592855628574e-10
106.2062062062062	0.1941993872113237	26392.972820219442	6.973901389549879e-10
106.48148148148148	0.19444129625326423	26349.045080646527	6.997274999282176e-10
106.75675675675676	0.1947231840006852	26305.190453631563	7.020722179724354e-10
107.03203203203203	0.19499019574943155	26261.408817486332	7.04424311358374e-10
107.30730730730731	0.19519259867637467	26217.700050725092	7.067832897036716e-10
107.58258258258259	0.19545625628056337	26174.064032064478	7.091501263252571e-10
107.85785785785787	0.19583127194502986	26130.500640423044	7.115260020784944e-10
108.13313313313314	0.19619157623011438	26087.00975492069	7.139104184981262e-10
108.4084084084084	0.19651799447759816	26043.591254878524	7.163028509114303e-10
108.68368368368368	0.1969062571368274	26000.245019818587	7.187039470083774e-10
108.95895895895896	0.19728457416003078	25956.97092946337	7.211134057664642e-10
109.23423423423424	0.1975102072041743	25913.768863735342	7.235295524662585e-10
109.50950950950951	0.19769576629521382	25870.63870275699	7.259524441362473e-10
109.78478478478479	0.19798009654908075	25827.58032685052	7.283835732745925e-10
110.06006006006007	0.1982377073409889	25784.593616537135	7.308226393816836e-10
110.33533533533534	0.198408344428499	25741.678452536835	7.332688201814122e-10
110.61061061061062	0.19869146544010716	25698.83471576842	7.357236624343038e-10
110.88588588588588	0.19911161820270085	25656.062287348912	7.381884681576862e-10
111.16116116116116	0.19944082973451627	25613.361048592895	7.406617216522804e-10
111.43643643643644	0.19970828473890928	25570.73088101251	7.431427270803675e-10
111.71171171171171	0.2001216320920227	25528.171666317423	7.456332175026547e-10
111.98698698698699	0.2005553344596871	25485.683286413987	7.481330327291813e-10
112.26226226226227	0.20079613685848016	25443.265623404826	7.506398223780315e-10
112.53753753753755	0.2009893174031599	25400.91855958897	7.531535683368294e-10
112.81281281281282	0.2012815756301725	25358.641977461568	7.55675821844875e-10
113.08808808808809	0.20154823885759207	25316.435759713175	7.582063007942739e-10
113.36336336336336	0.201743598875216	25274.299789229513	7.607443407700013e-10
113.63863863863864	0.20201523668486449	25232.233949091453	7.632910814464422e-10
113.91391391391392	0.20239026335050428	25190.2381225745	7.658475792700292e-10
114.1891891891892	0.20276413893024842	25148.31219314828	7.684134279224902e-10
114.46446446446447	0.20308594290938586	25106.456044476297	7.709878225094351e-10
114.73973973973975	0.2033454711969581	25064.66956041567	7.735701300263618e-10
115.01501501501502	0.20355907334981654	25022.952625016846	7.761601162357926e-10
115.2902902902903	0.2037612812315954	24981.305122523307	7.787580065673845e-10
115.56556556556556	0.2040157443151881	24939.7269373713	7.813646455255122e-10
115.84084084084084	0.2043542618690912	24898.21795418945	7.839809453886861e-10
116.11611611611612	0.20473204075976378	24856.77805779836	7.866070352143806e-10
116.3913913913914	0.20508900880431494	24815.407133210243	7.892423595990449e-10
116.66666666666667	0.20536474787425255	24774.105065628577	7.918859066870941e-10
116.94194194194195	0.2056037620004891	24732.871740447998	7.945375025820983e-10
117.21721721721723	0.20590937845657903	24691.707043254042	7.971981669269972e-10
117.4924924924925	0.2062250495743422	24650.610859822587	7.998679653587562e-10
117.76776776776778	0.20645617810963918	24609.583076119474	8.025459184044228e-10
118.04304304304304	0.20666718161486042	24568.62357830046	8.052320957268412e-10
118.31831831831832	0.2069229478866168	24527.73225271087	8.079272640004959e-10
118.5935935935936	0.20718147120617567	24486.908985885122	8.10631476609425e-10
118.86886886886887	0.20745094296069244	24446.153664546506	8.133448691815075e-10
119.14414414414415	0.20783291791552297	24405.466175607013	8.160686606344628e-10
119.41941941941943	0.20825934178543862	24364.846406166747	8.188029106875791e-10
119.6946946946947	0.2085150751175079	24324.294243513385	8.215452912782268e-10
119.96996996996998	0.20858412518294078	24283.80957512217	8.242941098790867e-10
120.24524524524524	0.20858036723878476	24243.39228865581	8.270495269620629e-10
120.52052052052052	0.2086797558288479	24203.04227196427	8.298136104371136e-10
120.7957957957958	0.20900264937463386	24162.75941308435	8.325890695977685e-10
121.07107107107107	0.20942465878032002	24122.54360023905	8.353763038207309e-10
121.34634634634635	0.20981716949868123	24082.394721837172	8.381741464132738e-10
121.62162162162163	0.21013748227559387	24042.312666473183	8.40981366925918e-10
121.8968968968969	0.21038113771490174	24002.29732292696	8.437971225814742e-10
122.17217217217218	0.21057711075416524	23962.348580163558	8.46621199437344e-10
122.44744744744746	0.21075597465164572	23922.46632733287	8.494538121860909e-10
122.72272272272272	0.21094723859717107	23882.650453769344	8.522954440510771e-10
122.997997997998	0.21117424720686956	23842.900848991656	8.551466850633273e-10
123.27327327327328	0.2114575695864389	23803.21740270241	8.580081646837735e-10
123.54854854854855	0.21181730859460787	23763.600004787808	8.608805334820466e-10
123.82382382382383	0.21224102003159992	23724.04854531732	8.637640852446018e-10
124.0990990990991	0.21264014460609054	23684.562914543236	8.666580131469414e-10
124.37437437437438	0.2129793636785816	23645.14300290043	8.695614014243299e-10
124.64964964964966	0.21331230358841452	23605.78870100625	8.724742798711295e-10
124.92492492492492	0.21361995799467481	23566.49989966006	8.753964617732075e-10
125.2002002002002	0.2138299214492039	23527.276489842832	8.783270076729147e-10
125.47547547547548	0.21403545482099057	23488.11836271718	8.812663897980064e-10
125.75075075075075	0.21436488713914936	23449.02540962708	8.842164009782877e-10
126.02602602602603	0.2146489676455664	23409.99752209705	8.871762643630151e-10
126.30130130130131	0.21474647656403542	23371.034591831914	8.901438583157966e-10
126.57657657657658	0.21489244531058127	23332.136510717155	8.931205373712306e-10
126.85185185185186	0.21518955598775594	23293.303170818377	8.961083796752371e-10
127.12712712712714	0.2153839678654319	23254.53446438039	8.991057934508427e-10
127.4024024024024	0.2154446214309519	23215.83028382731	9.021113984260549e-10
127.67767767767768	0.21561114429225528	23177.190521762688	9.051271080651416e-10
127.95295295295296	0.21591601644054356	23138.615070968903	9.081545521997471e-10
128.22822822822823	0.2162431657999573	23100.103824406593	9.111934369935335e-10
128.5035035035035	0.21649403294605643	23061.65667521437	9.142424279989957e-10
128.7787787787788	0.2166338403334988	23023.27351670864	9.173002669175692e-10
129.05405405405406	0.21684028408688089	22984.954242383683	9.203682488375351e-10
129.32932932932934	0.21720242457932545	22946.698745911242	9.234482738707583e-10
129.60460460460462	0.2174985900130265	22908.506921139586	9.265389545161215e-10
129.87987987987987	0.21766693124540892	22870.3786620936	9.2963867635654e-10
130.15515515515517	0.2179114544297075	22832.313862974876	9.3274883703929e-10
130.43043043043042	0.2182460494353873	22794.31241816116	9.35870513498834e-10
130.70570570570572	0.21852235507057838	22756.374222205697	9.39002640710343e-10
130.98098098098097	0.21872484972680045	22718.499169837243	9.42144361591628e-10
131.25625625625628	0.21891586804817845	22680.687155959844	9.452958842070847e-10
131.53153153153153	0.21918794683800397	22642.93807565267	9.484584648203183e-10
131.80680680680683	0.21956169586588778	22605.251824169532	9.516331705250938e-10
132.08208208208208	0.21982930575871612	22567.62829693823	9.548181952119015e-10
132.35735735735736	0.21992995175985944	22530.067389560474	9.580116602367712e-10
132.63263263263264	0.2201127367391307	22492.568997812217	9.612153857092296e-10
132.9079079079079	0.22040771312863952	22455.13301764291	9.64430913997626e-10
133.1831831831832	0.2206015949854918	22417.759345174818	9.676566552054804e-10
133.45845845845847	0.22069115733627337	22380.447876703067	9.708915648010728e-10
133.73373373373374	0.220805746698851	22343.19850869566	9.74136563274052e-10
134.00900900900902	0.2210048563005949	22306.011137793015	9.773929794245148e-10
134.2842842842843	0.2212917018807902	22268.885660807595	9.80661716989695e-10
134.55955955955955	0.2215679589480296	22231.821974723425	9.839421601245518e-10
134.83483483483485	0.22178018311419706	22194.81997669587	9.87233271403813e-10
135.1101101101101	0.22201820355184046	22157.87956405169	9.905355103767922e-10
135.3853853853854	0.22232872906121703	22121.000634288568	9.938497614459938e-10
135.66066066066065	0.22267535632995406	22084.18308507475	9.971761516530866e-10
135.93593593593596	0.2229692575487523	22047.426814248618	1.0005136736996977e-09
136.2112112112112	0.22310773362932834	22010.731719818436	1.0038604231930215e-09
136.4864864864865	0.22318390162286336	21974.097699962327	1.0072163593279735e-09
136.76176176176176	0.22334946738521033	21937.524653028257	1.0105833610160246e-09
137.03703703703704	0.22358036757540964	21901.012477533295	1.013962336296197e-09
137.31231231231232	0.2238366842189456	21864.561072163353	1.0173533768372937e-09
137.5875875875876	0.2241720301087868	21828.17033577308	1.0207572300239224e-09
137.86286286286287	0.22457492797197728	21791.840167385435	1.0241742410422454e-09
138.13813813813815	0.2249088727024663	21755.57046619119	1.0276029213124654e-09
138.41341341341342	0.22515012537320514	21719.361131548867	1.0310420417665019e-09
138.6886886886887	0.2253917384290719	21683.212062984654	1.0344920152983403e-09
138.96396396396398	0.2256534453788745	21647.123160192023	1.0379533671135907e-09
139.23923923923923	0.2259126048482199	21611.094323031346	1.041426155911512e-09
139.51451451451453	0.22618088261922153	21575.125451529697	1.0449105815071778e-09
139.78978978978978	0.22646980372611616	21539.216445880575	1.0484069316402616e-09
140.06506506506508	0.22674645754559844	21503.367206443498	1.0519149821643644e-09
140.34034034034033	0.22697704163748073	21467.57763374381	1.0554341731450808e-09
140.61561561561564	0.22714619152212448	21431.847628472344	1.0589639677016492e-09
140.8908908908909	0.22727813327098037	21396.177091485297	1.0625043511248463e-09
141.1661661661662	0.22744065235130764	21360.565923804017	1.0660562002675414e-09
141.44144144144144	0.2276650585243142	21325.01402661465	1.0696204871589328e-09
141.71671671671672	0.22795081172281248	21289.521301267814	1.0731978337429602e-09
141.991991991992	0.22828225855916556	21254.087649278295	1.076788445219451e-09
142.26726726726727	0.22861953917527567	21218.71297232471	1.0803919487374983e-09
142.54254254254255	0.22884648548417266	21183.397172249075	1.0840066126977599e-09
142.81781781781783	0.2289419403461631	21148.14015105674	1.0876310859288515e-09
143.0930930930931	0.2291741538044429	21112.941810916727	1.0912680382420506e-09
143.36836836836838	0.22958637750363317	21077.802054160973	1.0949197306483227e-09
143.64364364364366	0.22982611628502286	21042.72078328323	1.0985829729647468e-09
143.9189189189189	0.22989742428295853	21007.697900939565	1.1022558304513955e-09
144.1941941941942	0.23013734403351604	20972.733309948755	1.1059415437142186e-09
144.46946946946946	0.23052333054840607	20937.826913291294	1.1096418646019717e-09
144.74474474474476	0.23085590992705174	20902.978614108735	1.113355268385028e-09
145.02002002002	0.23115954273350325	20868.188315703894	1.1170811405721748e-09
145.29529529529532	0.2314975790536221	20833.455921540655	1.120819953698158e-09
145.57057057057057	0.23180541211296146	20798.781335243464	1.124571159722553e-09
145.84584584584587	0.23202368400365928	20764.164460596992	1.128333640828643e-09
146.12112112112112	0.23215363356039095	20729.60520154612	1.1321067294389406e-09
146.3963963963964	0.23224638156231525	20695.10346219568	1.1358907048994374e-09
146.67167167167167	0.23239834586373945	20660.65914681031	1.1396870478074e-09
146.94694694694695	0.23263706250578833	20626.27215981409	1.143497069284724e-09
147.22222222222223	0.23293669067883743	20591.942405790094	1.1473212576225987e-09
147.4974974974975	0.23325954701124274	20557.669789480136	1.151159426425456e-09
147.77277277277278	0.23356724566760792	20523.4542157845	1.1550109573926836e-09
148.04804804804806	0.2338377712471149	20489.295589761696	1.1588751836902927e-09
148.32332332332334	0.23404931780652666	20455.193816628213	1.1627514101215424e-09
148.59859859859858	0.2341721778428382	20421.14880175823	1.1666388145853534e-09
148.8738738738739	0.23426104747271911	20387.160450683525	1.1705376446316465e-09
149.14914914914914	0.23448187525030476	20353.228669093518	1.1744503378087794e-09
149.42442442442444	0.23475820620285173	20319.35336283441	1.1783773807573861e-09
149.6996996996997	0.23483024311107237	20285.534437908515	1.1823155242798282e-09
149.974974974975	0.23483445850483975	20251.771800474915	1.1862646401056603e-09
150.25025025025025	0.23505084939425164	20218.065356849547	1.1902285287247917e-09
150.52552552552555	0.23534574324040833	20184.415013503927	1.1942077221572615e-09
150.8008008008008	0.2355598480509609	20150.82067706492	1.1982003598220933e-09
151.07607607607608	0.2358679033743283	20117.28225431517	1.2022077348555367e-09
151.35135135135135	0.23632250366647506	20083.79965219261	1.2062314008359368e-09
151.62662662662663	0.2366490212688594	20050.372777789446	1.210268505441197e-09
151.9019019019019	0.23677016315363664	20017.001538352313	1.2143162201211387e-09
152.17717717717719	0.2368561207834769	19983.685841282633	1.2183751921928822e-09
152.45245245245246	0.23695496579451164	19950.425594136057	1.222446509892318e-09
152.72772772772774	0.237041808904749	19917.22070462204	1.2265305106776988e-09
153.00300300300302	0.2372257124905897	19884.07108060392	1.230628959364233e-09
153.2782782782783	0.237597141655839	19850.976630098605	1.2347442487180338e-09
153.55355355355357	0.2379570521036429	19817.937261275612	1.2388750561744519e-09
153.82882882882885	0.23813611018919928	19784.952882456913	1.243018177781204e-09
154.10410410410412	0.23819134436819114	19752.02340211719	1.2471724631683403e-09
154.37937937937937	0.23821165375765355	19719.148728883676	1.2513384827804582e-09
154.65465465465465	0.23828359379976613	19686.32877153591	1.255517840508634e-09
154.92992992992993	0.23843586908060976	19653.563439005306	1.2597119561706087e-09
155.2052052052052	0.23864474276079203	19620.852640374815	1.2639213851000067e-09
155.48048048048048	0.23885702355698324	19588.196284878588	1.2681457230645573e-09
155.75575575575576	0.2390248370887989	19555.59428190171	1.2723840475806373e-09
156.03103103103103	0.23919846100771788	19523.04654098023	1.276636537042875e-09
156.3063063063063	0.23943658162019021	19490.552971800902	1.2809041731395284e-09
156.5815815815816	0.23973448723470323	19458.113484200785	1.2851875120061624e-09
156.85685685685687	0.24003353341900507	19425.72798816687	1.2894860600442675e-09
157.13213213213214	0.24020836415491392	19393.396393835643	1.2937976991685868e-09
157.40740740740742	0.24029027617882734	19361.11861149324	1.298121602251195e-09
157.6826826826827	0.24046485214325866	19328.8945515756	1.30246000315261e-09
157.95795795795797	0.24071054960518776	19296.72412466766	1.3068139766692891e-09
158.23323323323325	0.240892308109327	19264.607241502843	1.3111822089348864e-09
158.50850850850853	0.24104163396049683	19232.543812963235	1.315564377621798e-09
158.7837837837838	0.2412284209202101	19200.533750079427	1.3199613397722795e-09
159.05905905905905	0.2414214017425592	19168.576964030017	1.3243731756206037e-09
159.33433433433433	0.24160568701722185	19136.673366141375	1.32879973176284e-09
159.6096096096096	0.24184806515734217	19104.822867887662	1.3332419316748318e-09
159.88488488488488	0.24210953956966777	19073.02538089029	1.337699777996744e-09
160.16016016016016	0.24221392346879192	19041.280816917282	1.3421706474736528e-09
160.43543543543544	0.24221865416024824	19009.589087883673	1.34665381246763e-09
160.7107107107107	0.24234671693597537	18977.95010585169	1.3511522056269707e-09
160.985985985986	0.2425672685352184	18946.363783029854	1.3556671776426006e-09
161.26126126126127	0.24275651305003246	18914.83003177248	1.3601977002971797e-09
161.53653653653654	0.24295314968579437	18883.348764579852	1.3647437534413556e-09
161.81181181181182	0.24320040872495374	18851.91989409803	1.369306004448575e-09
162.0870870870871	0.24342619570531068	18820.54333311825	1.3738837813734301e-09
162.36236236236238	0.24360722294448844	18789.21899457685	1.3784763373360717e-09
162.63763763763765	0.24382684581047387	18757.946791555303	1.3830845146524947e-09
162.91291291291293	0.24408480008559125	18726.72663727975	1.3877088441348585e-09
163.1881881881882	0.24429453666823128	18695.558445120514	1.3923483367377323e-09
163.46346346346348	0.24444699858588645	18664.442128592098	1.3970022689048718e-09
163.73873873873873	0.24458283770064623	18633.377601353055	1.4016708470989277e-09
164.014014014014	0.24473998404292005	18602.364777205734	1.4063548045293835e-09
164.2892892892893	0.24492440321592213	18571.403570095987	1.4110547010573189e-09
164.56456456456456	0.2450373211851348	18540.49389411263	1.4157693574700247e-09
164.83983983983984	0.2450511290037094	18509.63566348738	1.4204976409430695e-09
165.11511511511512	0.24512542997919518	18478.828792595148	1.4252413802271313e-09
165.3903903903904	0.2453434322222406	18448.0731959536	1.4300030198241187e-09
165.66566566566567	0.24566281325173142	18417.368788222553	1.4347834069605105e-09
165.94094094094095	0.24599711388935785	18386.715484203658	1.4395817158216435e-09
166.21621621621622	0.24624785851091227	18356.113198840063	1.4443959081642243e-09
166.4914914914915	0.2464393271754472	18325.561847216562	1.4492251522329003e-09
166.76676676676678	0.2466387989915833	18295.061344559475	1.4540700326235287e-09
167.04204204204206	0.24684960041505413	18264.611606236227	1.4589309775885703e-09
167.31731731731733	0.24703782932256693	18234.21254775501	1.4638077263644684e-09
167.5925925925926	0.24712146080863684	18203.86408476442	1.4686988271871918e-09
167.8678678678679	0.24712240855908826	18173.5661330535	1.4736037672822514e-09
168.14314314314316	0.24722779843914508	18143.318608551985	1.478525264100955e-09
168.4184184184184	0.24749924469632764	18113.12142732973	1.483465984917062e-09
168.6936936936937	0.24785927745291994	18082.974505596056	1.4884263206775477e-09
168.96896896896897	0.24816326973031377	18052.877759699342	1.4934041883405217e-09
169.24424424424424	0.24827979684993248	18022.831106126803	1.4983962144281151e-09
169.51951951951952	0.24835456039391188	17992.834461505077	1.5034027484813612e-09
169.7947947947948	0.24855510496732072	17962.88774260006	1.5084267559434612e-09
170.07007007007007	0.24880634397878698	17932.99086631597	1.5134688253775897e-09
170.34534534534535	0.24903310435926282	17903.143749695097	1.5185281036190235e-09
170.62062062062063	0.24925392326422516	17873.346309917884	1.5236044030482937e-09
170.8958958958959	0.24948792171844053	17843.598464302664	1.5286979482593126e-09
171.17117117117118	0.24974042546447697	17813.900130305406	1.5338089859009542e-09
171.44644644644646	0.24998892198624453	17784.251225519398	1.5389373155204604e-09
171.72172172172174	0.2501964271210551	17754.651667674967	1.5440822257265113e-09
171.996996996997	0.2503637788654751	17725.101374639395	1.5492433234211022e-09
172.2722722722723	0.25050981962799607	17695.60026441669	1.5544207065389363e-09
172.54754754754757	0.2506580161597135	17666.148255147447	1.5596148470072784e-09
172.82282282282284	0.25081670071976025	17636.74526510849	1.5648261905591996e-09
173.0980980980981	0.2509555740854262	17607.391212712617	1.5700545195767503e-09
173.37337337337337	0.2510743196186341	17578.086016508383	1.5752997197761996e-09
173.64864864864865	0.25122364944281045	17548.829595180083	1.580562600376044e-09
173.92392392392392	0.25143648866218427	17519.62186754746	1.5858442298069667e-09
174.1991991991992	0.25172106865710087	17490.462752565396	1.5911454167154262e-09
174.47447447447448	0.25203776910664144	17461.35216932354	1.5964660005249023e-09
174.74974974974975	0.2523239577819635	17432.290037046037	1.6018048439911905e-09
175.02502502502503	0.2525330227277299	17403.276275091313	1.6071604935729283e-09
175.3003003003003	0.2526566489299828	17374.310802951994	1.6125319570555053e-09
175.57557557557558	0.25278653618791436	17345.39354025498	1.6179202311446626e-09
175.85085085085086	0.25298622975887497	17316.52440676115	1.6233270277915165e-09
176.12612612612614	0.2532326856218949	17287.70332236486	1.6287530019679468e-09
176.40140140140142	0.2534722158747823	17258.93020709364	1.6341976453797553e-09
176.6766766766767	0.2536347272999285	17230.204981107883	1.6396594654978555e-09
176.95195195195197	0.2537462988699177	17201.527564700977	1.645138043207682e-09
177.22722722722725	0.25389193876846033	17172.897878299216	1.6506346274376526e-09
177.50250250250252	0.25410188658931565	17144.315842461463	1.656150517495278e-09
177.77777777777777	0.254372389665349	17115.781377878775	1.6616864522689579e-09
178.05305305305305	0.2546584483502672	17087.294405374072	1.6672421129959132e-09
178.32832832832833	0.2549168330123506	17058.854845901922	1.6728165771801207e-09
178.6036036036036	0.2551324668016297	17030.462620548413	1.678409054185703e-09
178.87887887887888	0.255351814271894	17002.117650531116	1.6840199154780724e-09
179.15415415415416	0.25569047370724657	16973.81985719911	1.6896514500888914e-09
179.42942942942943	0.25607949034620775	16945.56916203217	1.6953038297528056e-09
179.7047047047047	0.25631822583610475	16917.365486640094	1.7009736266734607e-09
179.97997997998	0.2564774216970063	16889.208752763385	1.7066600810640234e-09
180.25525525525526	0.256720217634979	16861.098882273338	1.7123656674915689e-09
180.53053053053054	0.25694952389055914	16833.035797170967	1.7180901515928852e-09
180.80580580580582	0.2570619447696886	16805.01941958676	1.7238315698466957e-09
181.0810810810811	0.2571687731086678	16777.049671781187	1.7295907709007206e-09
181.35635635635637	0.25734068757778306	16749.126476144345	1.7353695530128367e-09
181.63163163163165	0.2575139332552411	16721.249755195284	1.7411678634461745e-09
181.90690690690693	0.25765678476351006	16693.419431581922	1.7469851242439276e-09
182.1821821821822	0.25778430662657803	16665.63542808097	1.7528212900627614e-09
182.45745745745745	0.2578978876289601	16637.897667597666	1.7586763841720438e-09
182.73273273273273	0.2579885536598111	16610.206073165537	1.7645502817766492e-09
183.008008008008	0.2580477102718036	16582.560567946195	1.7704427759455423e-09
183.28328328328328	0.25808593291024823	16554.961075229166	1.7763539607977773e-09
183.55855855855856	0.25818295825337323	16527.407518431934	1.7822853814436547e-09
183.83383383383384	0.25837859423673004	16499.899821099592	1.788238718477243e-09
184.1091091091091	0.258594187846445	16472.437906904215	1.7942135492510482e-09
184.3843843843844	0.2588061263232207	16445.02169964483	1.8002092164778767e-09
184.65965965965967	0.25907823148210524	16417.651123247517	1.8062265444806535e-09
184.93493493493494	0.2593957723114844	16390.32610176494	1.8122657779906447e-09
185.21021021021022	0.25968159226958015	16363.046559375882	1.8183256538991943e-09
185.4854854854855	0.2599098214696504	16335.812420385237	1.8244049702202807e-09
185.76076076076077	0.2600944899181242	16308.623609223947	1.83050330518673e-09
186.03603603603605	0.2603129229865775	16281.480050448992	1.8366218854818218e-09
186.31131131131133	0.2606128338637389	16254.381668743099	1.8427623608688667e-09
186.5865865865866	0.2609119910591107	16227.328388914058	1.8489241868050653e-09
186.86186186186188	0.26115482799943035	16200.320135894615	1.855106022494567e-09
187.13713713713713	0.26136374428501	16173.356834742539	1.8613075281941822e-09
187.4124124124124	0.2615381244818388	16146.438410640316	1.867528518385889e-09
187.68768768768768	0.26165311768744204	16119.564788894884	1.873768437029402e-09
187.96296296296296	0.26175099460025014	16092.735894937645	1.880027785479092e-09
188.23823823823824	0.2619083523357766	16065.951654324399	1.8863083478188936e-09
188.51351351351352	0.26215379870154165	16039.211992734956	1.8926117536187323e-09
188.7887887887888	0.2624841500083999	16012.516835972816	1.8989389347385116e-09
189.06406406406407	0.2628487369640615	15985.8661099648	1.905289498255922e-09
189.33933933933935	0.2631666157587334	15959.259740760703	1.9116616854874277e-09
189.61461461461462	0.26332032414734124	15932.697654532976	1.9180522256029633e-09
189.8898898898899	0.2633414560881098	15906.179777577056	1.9244598317472508e-09
190.16516516516518	0.26343848331607256	15879.706036311827	1.930887810946598e-09
190.44044044044045	0.2636105753278204	15853.276357278643	1.937338117730405e-09
190.71571571571573	0.2637103370587737	15826.890667140584	1.943809056674798e-09
190.990990990991	0.2637713657888754	15800.548892682906	1.9503003158223404e-09
191.26626626626629	0.2638995787796968	15774.25096081312	1.9568138163611974e-09
191.54154154154156	0.26413659979615356	15747.996798560569	1.9633515379126545e-09
191.8168168168168	0.26444561041511727	15721.786333075908	1.9699139525340197e-09
192.0920920920921	0.264637503037367	15695.61949163032	1.976497635299896e-09
192.36736736736736	0.26468464794562774	15669.496201615922	1.983100059658774e-09
192.64264264264264	0.26483401215907104	15643.416390546636	1.9897246723732585e-09
192.91791791791792	0.2650858170736362	15617.379986057034	1.9963735295702954e-09
193.1931931931932	0.2652111341660366	15591.386915901252	2.003043300875037e-09
193.46846846846847	0.26527477856169235	15565.437107953907	2.009733360140653e-09
193.74374374374375	0.2654722188612735	15539.53049021044	2.016447289817176e-09
194.01901901901903	0.26573063874758573	15513.66699078585	2.0231857574370008e-09
194.2942942942943	0.26592457782342255	15487.846537914294	2.029946658959056e-09
194.56956956956958	0.26606639172749047	15462.069059949426	2.0367290447380166e-09
194.84484484484486	0.2662026631261472	15436.33448536432	2.0435333323442088e-09
195.12012012012013	0.26638929859999705	15410.642742751326	2.0503609317170435e-09
195.3953953953954	0.26659862340229407	15384.99376082155	2.0572121362597058e-09
195.6706706706707	0.26671256971636076	15359.387468404275	2.064084739746397e-09
195.94594594594597	0.26674450009555173	15333.823794447277	2.070977754589854e-09
196.22122122122124	0.2668028224386811	15308.30266801704	2.0778928541396227e-09
196.4964964964965	0.266960563167034	15282.824018298412	2.0848325497768934e-09
196.77177177177177	0.26724023409815006	15257.387774594186	2.0917988100636086e-09
197.04704704704704	0.2675239540575155	15231.993866324365	2.0987903837088686e-09
197.32232232232232	0.2677095405943739	15206.642223026	2.1058044581036673e-09
197.5975975975976	0.2678209526165082	15181.332774353512	2.1128399229696015e-09
197.87287287287288	0.2678879506051847	15156.06545007854	2.119896778818398e-09
198.14814814814815	0.26792452381982734	15130.840180089652	2.1269753445844616e-09
198.42342342342343	0.268005267193419	15105.656894392427	2.13407739747794e-09
198.6986986986987	0.26823629861126475	15080.515523109385	2.14120623847096e-09
198.97397397397398	0.26848929200815164	15055.415996478825	2.148361126565595e-09
199.24924924924926	0.26857551076047376	15030.358244854368	2.155537680164762e-09
199.52452452452454	0.26868291314340226	15005.342198706323	2.1627373591630083e-09
199.7997997997998	0.2689928737923043	14980.36778862152	2.169964898183251e-09
200.0750750750751	0.26928399704622336	14955.43494530137	2.177218378363307e-09
200.35035035035037	0.2694170464794935	14930.543599562043	2.184493751199251e-09
200.62562562562564	0.26954107076994344	14905.693682335486	2.1917918817431856e-09
200.90090090090092	0.26975730814887916	14880.88512466903	2.199115473818544e-09
201.17617617617617	0.2700694950784472	14856.117857724808	2.20646621439319e-09
201.45145145145145	0.2703585287266427	14831.391812779	2.2138425561058948e-09
201.72672672672672	0.2704674562316637	14806.706921221505	2.221240250574779e-09
202.002002002002	0.2705392394124281	14782.063114557024	2.228659955355798e-09
202.27727727727728	0.27077263379598027	14757.460324405125	2.23610639204235e-09
202.55255255255256	0.27109038323625434	14732.898482498857	2.243580656222212e-09
202.82782782782783	0.27136674319927384	14708.377520684353	2.2510806823878163e-09
203.1031031031031	0.27152182696193333	14683.89737092083	2.2586035674561798e-09
203.3783783783784	0.27157385987679994	14659.457965280819	2.2661480609338035e-09
203.65365365365366	0.2716632060924576	14635.059235950539	2.2737165462389616e-09
203.92892892892894	0.27183882518279556	14610.701115229282	2.281311512891668e-09
204.20420420420422	0.27205809874980735	14586.383535528843	2.2889334996146345e-09
204.4794794794795	0.2722312697419091	14562.106429373122	2.2965808717381533e-09
204.75475475475477	0.2722867596753994	14537.869729397991	2.304251131933751e-09
205.03003003003005	0.27236052771606206	14513.673368352063	2.3119458894190638e-09
205.30530530530532	0.2725569692380967	14489.517279096342	2.3196684367542762e-09
205.5805805805806	0.27270356963370235	14465.401394602815	2.327416859777642e-09
205.85585585585588	0.2727576480704646	14441.32564795483	2.3351891318777357e-09
206.13113113113113	0.2729755973622247	14417.28997234828	2.342989880275611e-09
206.4064064064064	0.27333201061249207	14393.294301090125	2.350821246644621e-09
206.68168168168168	0.2734995282629226	14369.338567596858	2.358677116068114e-09
206.95695695695696	0.2734998412342613	14345.42270539587	2.3665544875004358e-09
207.23223223223223	0.27356686273897907	14321.546648126265	2.3744569662563084e-09
207.5075075075075	0.27376104920943867	14297.71032953788	2.3823880429192288e-09
207.7827827827828	0.27403359672567273	14273.913683490606	2.3903486589675255e-09
208.05805805805807	0.2741930667559715	14250.156643953515	2.3983350191067963e-09
208.33333333333334	0.2741785648145132	14226.439145005312	2.406343575003718e-09
208.60860860860862	0.27427654608223834	14202.76112083574	2.414378900538207e-09
208.8838838838839	0.2745540523202697	14179.122505744406	2.4224452166497194e-09
209.15915915915917	0.27474426296867666	14155.523234139016	2.4305388275639706e-09
209.43443443443445	0.2748214411503794	14131.96324053633	2.438657049043201e-09
209.70970970970973	0.2749593961171092	14108.44245956291	2.4468024114947357e-09
209.984984984985	0.27520035813268867	14084.960825954338	2.4549773940888136e-09
210.26026026026028	0.27550728432274085	14061.518274554644	2.4631826004486795e-09
210.53553553553556	0.27579295044338314	14038.11474031589	2.4714163787314376e-09
210.8108108108108	0.2759914359946201	14014.750158298097	2.4796762751995113e-09
211.08608608608608	0.2761348966327048	13991.424463669506	2.487961675180817e-09
211.36136136136136	0.2762688718089194	13968.137591706492	2.4962733343155827e-09
211.63663663663664	0.27643049347227105	13944.889477793338	2.5046125998626257e-09
211.91191191191191	0.27658266062114584	13921.680057421689	2.512979404050062e-09
212.1871871871872	0.2766243972225162	13898.50926619007	2.5213713460843813e-09
212.46246246246247	0.2765685951028819	13875.377039804254	2.5297873862408702e-09
212.73773773773775	0.27650674640324885	13852.283314077466	2.5382291409615356e-09
213.01301301301302	0.27656568725868824	13829.228024930391	2.5467006141721447e-09
213.2882882882883	0.27682135549156334	13806.21110839076	2.555205979742012e-09
213.56356356356358	0.2771290735188397	13783.232500592068	2.5637441950730126e-09
213.83883883883885	0.27738121181935604	13760.292137773575	2.572312109737018e-09
214.11411411411413	0.2776412925508834	13737.38995628097	2.5809095042345172e-09
214.3893893893894	0.2778900047609735	13714.525892565804	2.5895358267451704e-09
214.66466466466468	0.27798764776553725	13691.699883184692	2.5981874017102647e-09
214.93993993993996	0.2779342173950269	13668.91186479983	2.60686215812901e-09
215.21521521521524	0.27784808445630227	13646.16177417943	2.6155618303459858e-09
215.4904904904905	0.27788171618277707	13623.44954819773	2.624291184576938e-09
215.76576576576576	0.27813906809599215	13600.775123834563	2.633055558383218e-09
216.04104104104104	0.27844401177951605	13578.138438173763	2.641853710133543e-09
216.31631631631632	0.27863241698149616	13555.53942840305	2.6506809166458295e-09
216.5915915915916	0.2787708685352432	13532.97803181502	2.6595361756433295e-09
216.86686686686687	0.27892848141199106	13510.454185806993	2.6684206741939327e-09
217.14214214214215	0.2791184558045573	13487.967827880559	2.6773354610619794e-09
217.41741741741743	0.27929021818587463	13465.518895641071	2.6862799135477505e-09
217.6926926926927	0.2793466072123228	13443.107326797217	2.6952512811523425e-09
217.96796796796798	0.2792927686629802	13420.733059161385	2.7042481564777455e-09
218.24324324324326	0.27919985759334665	13398.396030649834	2.7132715571874552e-09
218.51851851851853	0.279164317464533	13376.096179282675	2.7223245362580518e-09
218.7937937937938	0.27926274104976234	13353.833443183581	2.73141082752987e-09
219.0690690690691	0.27947857243865587	13331.607760579129	2.740532197191902e-09
219.34434434434436	0.2797867589412573	13309.419069798594	2.749689070319051e-09
219.61961961961964	0.2801800445554568	13287.267309273859	2.758881557793356e-09
219.89489489489492	0.2805693750489797	13265.152417538808	2.7681074892480313e-09
220.17017017017017	0.28078123495534324	13243.074333228691	2.777361219448462e-09
220.44544544544544	0.2808504307089007	13221.032995081065	2.7866404753546193e-09
220.72072072072072	0.28094390716624357	13199.02834193637	2.79594830682408e-09
220.995995995996	0.2810486950932774	13177.060312736749	2.8052861496768106e-09
221.27127127127127	0.28110409530367897	13155.128846525658	2.8146532850363985e-09
221.54654654654655	0.28119132666208496	13133.233882448441	2.824051458812197e-09
221.82182182182183	0.28135026177851213	13111.375359751963	2.8334827505823518e-09
222.0970970970971	0.2814322908525533	13089.553217783368	2.8429444998029936e-09
222.37237237237238	0.2814066433179336	13067.767395990597	2.8524344266003492e-09
222.64764764764766	0.2814503753658922	13046.017833923343	2.8619559349901554e-09
222.92292292292294	0.281608503315317	13024.304471232175	2.871512197358725e-09
223.1981981981982	0.28179918752800776	13002.627247667651	2.8811029028289656e-09
223.4734734734735	0.282021657029741	12980.986103080608	2.8907279078266003e-09
223.74874874874877	0.28230557446257076	12959.38097742216	2.900387973396313e-09
224.02402402402404	0.2825868052950207	12937.81181074302	2.910081871580057e-09
224.29929929929932	0.2827934772376059	12916.278543193263	2.919807033455295e-09
224.5745745745746	0.2829271788726173	12894.78111502258	2.9295620908081604e-09
224.84984984984985	0.2830494208309833	12873.319466580477	2.939347962801444e-09
225.12512512512512	0.2832985355392843	12851.893538316512	2.949168942163114e-09
225.4004004004004	0.2836105583620262	12830.503270779005	2.9590257840418676e-09
225.67567567567568	0.2837133310965385	12809.14860461367	2.9689115999561395e-09
225.95095095095095	0.28370601843246573	12787.829480565571	2.978825221918529e-09
226.22622622622623	0.283892162619318	12766.545839480144	2.9887742867101957e-09
226.5015015015015	0.284147203873492	12745.297622300573	2.9987597694795753e-09
226.77677677677679	0.2842557477786265	12724.084770067082	3.0087763828831054e-09
227.05205205205206	0.2843629038546551	12702.90722391887	3.018825162273161e-09
227.32732732732734	0.2845927523583308	12681.76492509384	3.0289101523209593e-09
227.60260260260262	0.284818367429868	12660.657814926943	3.039030193084052e-09
227.8778778778779	0.2849677823732261	12639.58583485036	3.0491826923743142e-09
228.15315315315317	0.2850942539862708	12618.54892639406	3.059367708807549e-09
228.42842842842845	0.28524298144609594	12597.547031185597	3.0695865771934072e-09
228.70370370370372	0.28543699399093275	12576.58009094982	3.0798407418364625e-09
228.978978978979	0.28563473068761747	12555.64804750832	3.090129909516018e-09
229.25425425425428	0.2857856133348454	12534.750842779235	3.1004525505303514e-09
229.52952952952953	0.2859640604020895	12513.888418777791	3.11080993986069e-09
229.8048048048048	0.2862326100419326	12493.060717616132	3.1212046073029135e-09
230.08008008008008	0.28650532747151203	12472.26768150222	3.131635610257446e-09
230.35535535535536	0.2867151731188592	12451.509252739806	3.1421005777095582e-09
230.63063063063063	0.2868756489220164	12430.785373728746	3.1525986076146554e-09
230.9059059059059	0.2870316189728009	12410.095986965032	3.1631305133046354e-09
231.1811811811812	0.2872477306300779	12389.44103504077	3.1736986413498757e-09
231.45645645645646	0.2875272250890279	12368.820460643647	3.184304457468081e-09
231.73173173173174	0.28783498335835256	12348.234206556514	3.194947837349156e-09
232.00700700700702	0.2881543806159528	12327.682215657362	3.205628290868668e-09
232.2822822822823	0.2884795099183091	12307.16443091922	3.21634542852753e-09
232.55755755755757	0.28881560265075323	12286.680795410064	3.2270992367438338e-09
232.83283283283285	0.28912688200903813	12266.231252292402	3.237888731119353e-09
233.10810810810813	0.2892865777901105	12245.815744822545	3.248709753002276e-09
233.3833833833834	0.28931463363467846	12225.434216351357	3.259560593812221e-09
233.65865865865868	0.28942972409217865	12205.086610325376	3.270446678617741e-09
233.93393393393396	0.2896666118381661	12184.772870285487	3.28137210839308e-09
234.2092092092092	0.289905696443211	12164.49293986581	3.2923357506285925e-09
234.48448448448448	0.2900912416787252	12144.246762793899	3.303335399831338e-09
234.75975975975976	0.2902221860261341	12124.034282890974	3.3143698438957578e-09
235.03503503503504	0.29039373438907584	12103.85544407236	3.325441252441297e-09
235.3103103103103	0.2906508161124331	12083.710190347032	3.3365522171835075e-09
235.5855855855856	0.2908245662489012	12063.598465816063	3.347699259507179e-09
235.86086086086087	0.29086925964129506	12043.520214673263	3.3588791340375864e-09
236.13613613613614	0.29099339738870394	12023.475381206666	3.370096260792816e-09
236.41141141141142	0.29121919156694814	12003.463909797207	3.381353825480555e-09
236.6866866866867	0.2913774305246116	11983.485744917274	3.39264861924674e-09
236.96196196196198	0.2915393755919254	11963.540831132143	3.4039810386338315e-09
237.23723723723725	0.29187260025560935	11943.629113100462	3.415356388007238e-09
237.51251251251253	0.29218158177839476	11923.750535571711	3.426771812985673e-09
237.7877877877878	0.2922623636401593	11903.905043385963	3.4382196401946507e-09
238.06306306306308	0.2923599590786989	11884.09258147672	3.4497030371244945e-09
238.33833833833836	0.29264769378842115	11864.313094870306	3.4612290668391963e-09
238.61361361361364	0.29295205480638903	11844.566528683392	3.472796461775316e-09
238.88888888888889	0.29315511877249895	11824.852828123194	3.4844009934676223e-09
239.16416416416416	0.2932672316256616	11805.171938488184	3.4960406798777795e-09
239.43943943943944	0.29337283090205213	11785.523805168457	3.5077170472192234e-09
239.71471471471472	0.293581912352869	11765.908373645743	3.519434367389766e-09
239.98998998999	0.2938015467911949	11746.325589491897	3.53119222305877e-09
240.26526526526527	0.2938979591523487	11726.775398368429	3.5429863232794867e-09
240.54054054054055	0.2939863434717747	11707.257746028088	3.554817891205935e-09
240.81581581581582	0.294181113599824	11687.772578314702	3.566691203306381e-09
241.0910910910911	0.29441451835608734	11668.319841161767	3.5786065963254107e-09
241.36636636636638	0.2946023696018161	11648.899480592192	3.590561702210382e-09
241.64164164164166	0.2946856995365823	11629.51144271831	3.602553425742839e-09
241.91691691691693	0.2947231165868837	11610.155673742538	3.6145819319577622e-09
242.1921921921922	0.2948644441683594	11590.832119957897	3.6266520637828427e-09
242.4674674674675	0.29505285071166176	11571.540727746396	3.6387647848148043e-09
242.74274274274276	0.29514415880664713	11552.281443578273	3.6509161467496422e-09
243.01801801801804	0.29520898842260274	11533.054214013355	3.6631062489245037e-09
243.29329329329332	0.2953475112494338	11513.858985701127	3.6753383802173236e-09
243.56856856856857	0.2955046126657262	11494.695705379487	3.6876126754003416e-09
243.84384384384384	0.29560435716611766	11475.564319874427	3.699926851014913e-09
244.11911911911912	0.29559602168278937	11456.46477610008	3.7122780748933145e-09
244.3943943943944	0.295547582475353	11437.397021059418	3.7246670042022533e-09
244.66966966966967	0.2956516567628558	11418.361001845018	3.737100256531323e-09
244.94494494494495	0.2959139983527877	11399.356665637562	3.74958176011004e-09
245.22022022022023	0.2962034046141064	11380.38395970471	3.762109523098039e-09
245.4954954954955	0.2964355610421635	11361.44283140127	3.774679780583583e-09
245.77077077077078	0.2965630335232348	11342.533228169315	3.787288971977672e-09
246.04604604604606	0.2965988896534585	11323.65509753849	3.799935608000847e-09
246.32132132132134	0.29658873856861545	11304.80838712609	3.812620402889486e-09
246.5965965965966	0.29661780446193514	11285.993044637238	3.8253465964509915e-09
246.8718718718719	0.2967115239407108	11267.209017864283	3.838116879529289e-09
247.14714714714717	0.2967995496827989	11248.45625468595	3.8509304877157444e-09
247.42242242242244	0.2968374757902327	11229.73470306739	3.863785593322989e-09
247.69769769769772	0.2968189006840462	11211.044311060292	3.876681030897564e-09
247.972972972973	0.2968075082329634	11192.385026803293	3.889618331860895e-09
248.24824824824825	0.29689153344515884	11173.756798522023	3.902601355284902e-09
248.52352352352352	0.2970833940468965	11155.159574528376	3.915632728005413e-09
248.7987987987988	0.29734223836482965	11136.59330321998	3.928712609473716e-09
249.07407407407408	0.2975420938642349	11118.057933079392	3.94183692002295e-09
249.34934934934935	0.2976359635985143	11099.553412674553	3.955001886595788e-09
249.62462462462463	0.2977489820331582	11081.079690659948	3.968209722687054e-09
249.8998998998999	0.29790629865847107	11062.63671577573	3.981462567398276e-09
250.17517517517518	0.2980068702313687	11044.224436846584	3.9947582273096295e-09
250.45045045045046	0.2980517150514769	11025.842802782376	4.008095588004093e-09
250.72572572572574	0.29811593271138903	11007.491762578587	4.021476665250005e-09
251.00100100100101	0.2982598684542062	10989.171265316067	4.0349047103620895e-09
251.2762762762763	0.29849882321406246	10970.881260160546	4.048382119445811e-09
251.55155155155157	0.29869761908155856	10952.621696361297	4.061905623178234e-09
251.82682682682685	0.29878589652775406	10934.392523251505	4.075471053598279e-09
252.10210210210212	0.2989269799533651	10916.193690249973	4.0890818450791016e-09
252.3773773773774	0.299202711812563	10898.025146860351	4.10274280809776e-09
252.65265265265268	0.2995329404979796	10879.886842669706	4.116453873097694e-09
252.92792792792793	0.2998070606706165	10861.778727348124	4.130211212311659e-09
253.2032032032032	0.2999195650493989	10843.700750648604	4.144009094831488e-09
253.47847847847848	0.2999551674974293	10825.652862408459	4.1578474007806816e-09
253.75375375375376	0.30006744828713205	10807.635012549717	4.1717315274014394e-09
254.02902902902903	0.3002460190382211	10789.647151077683	4.1856641439533485e-09
254.3043043043043	0.3004386280706286	10771.689228080457	4.199644942719633e-09
254.5795795795796	0.300622920723274	10753.761193729026	4.213673035680739e-09
254.85485485485486	0.3007914940660252	10735.862998277258	4.227747743854681e-09
255.13013013013014	0.30095433186772	10717.994592061887	4.24186912108146e-09
255.40540540540542	0.3011426402232866	10700.155925502579	4.256038384063777e-09
255.6806806806807	0.3014043365451565	10682.34694910191	4.2702579930747255e-09
255.95595595595597	0.3017367287461445	10664.567613444826	4.284529278883661e-09
256.2312312312313	0.3021003952681067	10646.817869198203	4.298851630154413e-09
256.5065065065065	0.3024391365159569	10629.097667110556	4.313222762299639e-09
256.7817817817818	0.30270307628635335	10611.406958011945	4.327639697448805e-09
257.0570570570571	0.3028899817188567	10593.745692814236	4.342100795631763e-09
257.3323323323324	0.3030063278822255	10576.113822511077	4.3566054584892526e-09
257.60760760760763	0.30305522699606263	10558.511298177675	4.3711535306044345e-09
257.8828828828829	0.30311590997985804	10540.938070971344	4.385747877005802e-09
258.15815815815813	0.3033555559742458	10523.394092132123	4.400396255909344e-09
258.43343343343344	0.30371214490253445	10505.879312980687	4.415100719948576e-09
258.70870870870874	0.30395663231134157	10488.39368491678	4.42985405342708e-09
258.983983983984	0.3040865780825166	10470.93715942101	4.444652302702574e-09
259.25925925925924	0.3041986198178121	10453.509688055556	4.459496945157057e-09
259.53453453453454	0.3043049642607692	10436.111222463313	4.474389305105196e-09
259.80980980980985	0.30441850031805034	10418.74171436779	4.489330653842393e-09
260.0850850850851	0.30462258428757427	10401.401115573577	4.5043248663153306e-09
260.36036036036035	0.3049068002417677	10384.089377965392	4.519373751720299e-09
260.63563563563565	0.30509289963611214	10366.80645350647	4.5344717082905336e-09
260.91091091091096	0.30516761499425005	10349.552294239882	4.549615258491138e-09
261.1861861861862	0.3052858390937736	10332.326852289883	4.564808400657312e-09
261.46146146146145	0.3054226790560679	10315.130079860171	4.580052447735231e-09
261.73673673673676	0.3054673700156907	10297.961929233034	4.595343998537602e-09
262.01201201201206	0.3055053560924448	10280.822352770929	4.610684509406304e-09
262.2872872872873	0.3056531008661947	10263.71130291665	4.6260792812999246e-09
262.56256256256256	0.3058733202447684	10246.628732191819	4.6415298669230675e-09
262.8378378378378	0.3060935038172255	10229.574593196432	4.657034426793794e-09
263.1131131131131	0.30624082749144577	10212.54883860871	4.672589250347883e-09
263.3883883883884	0.3063424472227681	10195.551421185888	4.688193438530787e-09
263.66366366366367	0.30654001747977705	10178.582293765116	4.7038520401264755e-09
263.9389389389389	0.30679695537188356	10161.641409261707	4.719566471548239e-09
264.2142142142142	0.3069580275514768	10144.728720667936	4.7353315727742655e-09
264.48948948948953	0.3070772439401629	10127.844181054796	4.751146715227832e-09
264.7647647647648	0.3072732294929306	10110.987743572497	4.767016253919548e-09
265.04004004004	0.3074998076348371	10094.159361448781	4.782940834893085e-09
265.31531531531533	0.30770766215941137	10077.358987988791	4.7989189640627755e-09
265.59059059059064	0.3079580981805562	10060.586576575966	4.814952320301737e-09
265.8658658658659	0.3082051427885469	10043.842080670918	4.8310400915630265e-09
266.14114114114113	0.30822015107628625	10027.125453809533	4.847172903253588e-09
266.41641641641644	0.30805848768132643	10010.436649605552	4.863347909690227e-09
266.69169169169174	0.3080389680140807	9993.775621752917	4.879576257061189e-09
266.966966966967	0.3082006790777284	9977.142324023047	4.89586563770054e-09
267.24224224224224	0.30842183075553714	9960.536710263139	4.912215468833469e-09
267.5175175175175	0.30865236752440495	9943.958734396747	4.928623531799726e-09
267.7927927927928	0.3088610917359571	9927.408350423808	4.945087466202185e-09
268.0680680680681	0.3089923687258513	9910.88551242029	4.961603841871197e-09
268.34334334334335	0.3090513509855418	9894.390174538632	4.978171085169711e-09
268.6186186186186	0.309168786853258	9877.922291008845	4.994793705477394e-09
268.8938938938939	0.30937786669677453	9861.481816137444	5.0114755773483765e-09
269.1691691691692	0.30958264051012946	9845.068704306083	5.028214990880747e-09
269.44444444444446	0.30975886643321926	9828.682909972096	5.045010123446048e-09
269.7197197197197	0.30994316851012427	9812.324387668965	5.061861572463422e-09
269.994994994995	0.31018733644299434	9795.993092006369	5.078771870727654e-09
270.2702702702703	0.3105272805374886	9779.688977669903	5.095743954701946e-09
270.54554554554556	0.3109056825517764	9763.411999420015	5.112777147948093e-09
270.8208208208208	0.311252555304366	9747.162112091759	5.1298682958334926e-09
271.0960960960961	0.3115273089544101	9730.939270594941	5.147014112640289e-09
271.3713713713714	0.31169245613796154	9714.743429914053	5.164211360453382e-09
271.6466466466467	0.3117164338305369	9698.57454510817	5.181457056601019e-09
271.9219219219219	0.31172438907515965	9682.432571312404	5.198754857986969e-09
272.19719719719717	0.311943775816988	9666.317463738855	5.216116302057645e-09
272.4724724724725	0.3122004176928402	9650.229177672416	5.233540426310221e-09
272.7477477477478	0.3121876163153471	9634.167668469288	5.251013947092381e-09
273.02302302302303	0.3121216124092102	9618.132891562165	5.268538861885742e-09
273.2982982982983	0.3122652510211681	9602.124802460585	5.286127410239518e-09
273.5735735735736	0.3124763604766501	9586.143356746721	5.303780278883349e-09
273.8488488488489	0.3126376829261849	9570.188510075459	5.321492968217842e-09
274.12412412412414	0.31282221524960374	9554.260218176247	5.339266256912692e-09
274.3993993993994	0.31306202339783096	9538.358436852559	5.357102028278673e-09
274.6746746746747	0.31331812471985415	9522.48312198101	5.374999728453439e-09
274.94994994995	0.31353705395899284	9506.63422951112	5.39295686655171e-09
275.22522522522524	0.3136701393508788	9490.811715465199	5.410970104660286e-09
275.5005005005005	0.3137543058111512	9475.015535939128	5.4290393206232375e-09
275.7757757757758	0.3138561837192602	9459.245647102556	5.4471674063605105e-09
276.0510510510511	0.314015299070606	9443.502005198527	5.465357717246083e-09
276.32632632632635	0.3142284131065784	9427.784566542872	5.483612014783126e-09
276.6016016016016	0.31440962868988986	9412.09328752322	5.50192760826019e-09
276.87687687687685	0.3145118925205338	9396.428124599282	5.520301094504062e-09
277.15215215215215	0.3145630833058123	9380.789034303516	5.538731950612024e-09
277.42742742742746	0.3146592472364054	9365.175973241774	5.557224194280341e-09
277.7027027027027	0.31492494851442066	9349.588898093485	5.575785563138277e-09
277.97797797797796	0.31524795306973025	9334.02776560898	5.5944153703197095e-09
278.25325325325326	0.31542835090780547	9318.492532608394	5.6131045188335854e-09
278.52852852852857	0.3154679406222762	9302.983155983748	5.6318483029433394e-09
278.8038038038038	0.315427643626881	9287.499592699449	5.650646977335455e-09
279.07907907907907	0.3153529661115984	9272.04179979203	5.669502772558338e-09
279.35435435435437	0.315291133759092	9256.609734370042	5.688419071773841e-09
279.6296296296297	0.315296837088161	9241.203353614046	5.707400236579142e-09
279.9049049049049	0.3154117505700635	9225.822614776342	5.7264505947422076e-09
280.1801801801802	0.3156508256915754	9210.46747518055	5.745573265805955e-09
280.4554554554555	0.3158847864045306	9195.137892219898	5.764764188112015e-09
280.7307307307308	0.3159477762330332	9179.833823356663	5.7840137616887066e-09
281.00600600600603	0.31605872023918774	9164.55522612636	5.8033269031641055e-09
281.2812812812813	0.316441033834012	9149.30205813772	5.822716551231691e-09
281.5565565565566	0.3167539439750749	9134.07427706619	5.842174154497858e-09
281.83183183183183	0.31676838200687735	9118.87184065506	5.86168474179913e-09
282.10710710710714	0.3167868095844685	9103.694706721353	5.881254285802707e-09
282.3823823823824	0.3169731876097519	9088.542833154192	5.900893628627576e-09
282.6576576576577	0.31721455894565076	9073.416177911493	5.920603457544174e-09
282.93293293293294	0.31743886469832483	9058.314699020364	5.940380914019181e-09
283.20820820820825	0.31762592626478486	9043.238354577492	5.96022364118999e-09
283.4834834834835	0.31777305565971714	9028.187102749293	5.980130356193932e-09
283.75875875875874	0.3178810334400192	9013.160901771815	6.00010050660702e-09
284.03403403403405	0.31792863412641237	8998.159709950352	6.020132895317211e-09
284.3093093093093	0.3179383275260128	8983.183485659867	6.040228025656114e-09
284.5845845845846	0.31806996923863534	8968.23218734646	6.060393793845551e-09
284.85985985985985	0.3183486169801589	8953.305773525735	6.0806357191003205e-09
285.13513513513516	0.31854276611782334	8938.404202779591	6.100945905044667e-09
285.4104104104104	0.3185733571229432	8923.527433757932	6.121316491124289e-09
285.6856856856857	0.31854240356301255	8908.675425180661	6.1417482232463565e-09
285.96096096096096	0.3185539245868974	8893.848135837641	6.162246551268965e-09
286.23623623623627	0.31867728895305775	8879.045524588146	6.1828178134874815e-09
286.5115115115115	0.31879287910579523	8864.26755035852	6.203459761253314e-09
286.7867867867868	0.3188007025867773	8849.51417214224	6.224166483787373e-09
287.06206206206207	0.3189218671543474	8834.78534900372	6.2449456226550136e-09
287.3373373373374	0.31923397243130275	8820.081040076457	6.265805139777485e-09
287.6126126126126	0.3193781422524618	8805.401204557613	6.286731959528061e-09
287.8878878878879	0.3192941538854123	8790.745801711495	6.307716278168125e-09
288.1631631631632	0.319348350220587	8776.114790874677	6.328770859970343e-09
288.4384384384384	0.3195859679925937	8761.50813145201	6.349904841409702e-09
288.71371371371373	0.3198020244502101	8746.925782913384	6.3711131404938966e-09
288.988988988989	0.31997934870255623	8732.367704795937	6.392392327283508e-09
289.2642642642643	0.3201587347261489	8717.833856704656	6.413742705799596e-09
289.53953953953953	0.32022177927773166	8703.324198310276	6.435158677744168e-09
289.81481481481484	0.3201292342141684	8688.838689350156	6.456635399789083e-09
290.0900900900901	0.32016289226777245	8674.37728963218	6.478184423644594e-09
290.3653653653654	0.320389285825973	8659.939959031995	6.499815348014048e-09
290.64064064064064	0.32047105740611315	8645.526657487791	6.521516493130781e-09
290.91591591591595	0.3204284726079343	8631.137345004661	6.543282769461478e-09
291.1911911911912	0.3206214339842949	8616.771981658843	6.565129732376569e-09
291.4664664664665	0.320962548862997	8602.430527591934	6.58706137035661e-09
291.74174174174175	0.32115307640708407	8588.112943008075	6.6090647895900914e-09
292.01701701701705	0.32127173019548183	8573.819188178608	6.631137258636824e-09
292.2922922922923	0.32145876733218043	8559.54922344282	6.653284582115613e-09
292.5675675675676	0.32160541753443184	8545.303009204597	6.675504398952564e-09
292.84284284284286	0.32164843900626977	8531.080505932912	6.697792323788723e-09
293.1181181181181	0.3217138126114055	8516.881674164151	6.720152600907746e-09
293.3933933933934	0.32187198094927033	8502.70647450132	6.742591227154791e-09
293.66866866866866	0.32209787447394983	8488.554867612675	6.765110219195455e-09
293.94394394394396	0.32233559142461427	8474.426814231212	6.787707883190317e-09
294.2192192192192	0.32251424432873493	8460.322275154345	6.8103797664097535e-09
294.4944944944945	0.3225910693340272	8446.241211244156	6.8331213958545055e-09
294.76976976976977	0.3225713729576489	8432.18358342793	6.855930773734193e-09
295.0450450450451	0.32260946203162055	8418.149352700022	6.878815015444588e-09
295.3203203203203	0.3227964871098257	8404.13848012095	6.901782803735482e-09
295.5955955955956	0.3229719254430974	8390.150926813907	6.9248304239111235e-09
295.8708708708709	0.3230687070403931	8376.186653965882	6.947952493754595e-09
296.1461461461462	0.32321138053618226	8362.245622830133	6.971152876726677e-09
296.4214214214214	0.3234291774388238	8348.327794724812	6.994435298216809e-09
296.69669669669673	0.3236534633933918	8334.433131031541	7.017798209706216e-09
296.971971971972	0.3238602030110223	8320.56159319588	7.041239639305609e-09
297.2472472472473	0.32405670604965975	8306.713142727653	7.0647590603288745e-09
297.52252252252254	0.3242716175602577	8292.88774120115	7.088357854317206e-09
297.7977977977978	0.32451904301887424	8279.085350254805	7.112037636455089e-09
298.0730730730731	0.32474536483140887	8265.305931590172	7.1357964999390325e-09
298.34834834834834	0.32489884229276617	8251.549446971816	7.159630767140236e-09
298.62362362362364	0.324957673827409	8237.815858227623	7.183537427186979e-09
298.8988988988989	0.32495505088769844	8224.10512724948	7.2075167912769476e-09
299.1741741741742	0.32497984939345426	8210.417215993924	7.231573966104041e-09
299.44944944944945	0.3250765423502078	8196.752086481454	7.255714201125527e-09
299.72472472472475	0.3252559633541952	8183.1097007959315	7.279941002627945e-09
300.0	0.3255282392026578	8169.490021084503	7.304256926672252e-09
