0.004546736084930285	1.378796312647696	8411.326588691254	8.452750871505948	0.0014937981897293437
25.0	0.0466312292358804	33212.0	10.0
25.275275275275277	0.0473768407128144	34236.78425408026	8.956209688851645
25.55055055055055	0.04819252903544053	35167.88832875265	8.006159316487834
25.825825825825827	0.04903026299916624	36012.21349910425	7.142950608995005
26.1011011011011	0.049853033013123736	36775.72567929881	6.360622659853765
26.376376376376378	0.05062694197772572	37463.8173597856	5.653788504065033
26.65165165165165	0.051323811546565	38081.58138485157	5.017360159627815
26.926926926926928	0.051980258342895554	38634.579132890845	4.445776605584945
27.2022022022022	0.052677732431746914	39128.92309289408	3.9329205826496665
27.47747747747748	0.05339185799461866	39569.9518949236	3.4734501635794257
27.75275275275275	0.054069513236023284	39962.204561519975	3.062824951875655
28.02802802802803	0.054806000580051514	40310.60193844081	2.6961188882715486
28.303303303303302	0.055648088182463765	40619.798018338195	2.3686721122231034
28.57857857857858	0.05636114212873184	40892.734167392184	2.077544298829414
28.853853853853856	0.05688359706717638	41132.162163739755	1.8199844751735788
29.12912912912913	0.05754019292334669	41342.14635499007	1.5919211952837888
29.404404404404403	0.058405170783984446	41526.39726925663	1.3896369773497972
29.67967967967968	0.05925481338690525	41687.38359179284	1.210661051730555
29.954954954954957	0.06006306280983769	41827.34253527473	1.052754294611866
30.23023023023023	0.06092136614760476	41948.57074328013	0.9136169200068649
30.505505505505504	0.06175642621374326	42052.985475797825	0.7913295322068122
30.78078078078078	0.06246742900159707	42142.200215937926	0.6842772857293482
31.056056056056057	0.06310470300642393	42217.842564145576	0.5908304777914566
31.33133133133133	0.06375156679399335	42281.52118806764	0.5093777627256839
31.606606606606608	0.06448353419695012	42334.745478497694	0.4384069180434306
31.88188188188188	0.0652927186069381	42378.816432758285	0.3766145647538051
32.15715715715716	0.0660647190631793	42414.782092225454	0.32295104588444123
32.432432432432435	0.06675260093913789	42443.56631042514	0.2764910990229963
32.70770770770771	0.06737858106650944	42466.03196057439	0.2363703741729855
32.98298298298298	0.06802348595833418	42482.99786821861	0.20176843898566016
33.25825825825826	0.06876106837987937	42495.211250715	0.1719364996064188
33.533533533533536	0.06949241220160013	42503.27933057137	0.14626616969406459
33.808808808808806	0.07013665541717326	42507.71655084523	0.12424206946898328
34.08408408408408	0.07080709552459563	42509.01631318509	0.10536975607018069
34.35935935935936	0.07156009846114361	42507.61917196833	0.089207702161712
34.63463463463464	0.07230283832706874	42503.8860471113	0.07539424317457293
34.90990990990991	0.07298481935934102	42498.126973278	0.06361871279175595
35.18518518518518	0.07361274801393519	42490.61849185307	0.053603982335692184
35.46046046046046	0.07418274153796472	42481.60423103028	0.04510589155557657
35.73573573573574	0.07470043862044569	42471.29879424886	0.037909353762695636
36.01101101101101	0.07528230965247003	42459.89817208287	0.03181790224956916
36.286286286286284	0.07602288278303183	42447.57419025114	0.026659278627332018
36.56156156156156	0.07678901422212248	42434.462772649706	0.022297240354605057
36.83683683683684	0.07747739098492726	42420.67636963528	0.01861908321594679
37.112112112112115	0.07815161035648904	42406.316238788306	0.015523306926475338
37.38738738738739	0.07885514059188534	42391.470975728174	0.012921096531596137
37.66266266266266	0.07957860478658976	42376.2158304169	0.010737014878065342
37.93793793793794	0.08030372082600361	42360.614629410244	0.008907075976007229
38.213213213213216	0.08100939454331597	42344.72161673075	0.00737689936217773
38.488488488488485	0.08168663085895547	42328.583178642155	0.00609998039792316
38.76376376376376	0.08233205099291213	42312.239004910094	0.005036526273427554
39.03903903903904	0.08294116389388392	42295.722957272366	0.004152585832249219
39.314314314314316	0.08352899396882757	42279.06401023202	0.003419106339512682
39.58958958958959	0.08416204114934248	42262.28713897275	0.0028110430111169546
39.86486486486486	0.08486620423437187	42245.41333992714	0.0023073399970159874
40.14014014014014	0.08558977106205441	42228.45984054446	0.001890721795825099
40.41541541541542	0.08627649119142233	42211.44093104899	0.0015468566553208365
40.690690690690694	0.08688393969435224	42194.36857749275	0.0012637438961971836
40.965965965965964	0.08749200569455849	42177.25314365037	0.0010309884282327134
41.24124124124124	0.08821085065473316	42160.103496716154	0.000839695168921087
41.51651651651652	0.08890011205017503	42142.92668138093	0.00068279726718487
41.791791791791795	0.08942446727679895	42125.72843794302	0.0005545360746110391
42.06706706706707	0.08996753213100048	42108.51386431966	0.0004497962580220899
42.34234234234234	0.09065104905105925	42091.28726666376	0.00036425622038123055
42.61761761761762	0.09134539474111476	42074.052044377495	0.0002945040094497929
42.892892892892895	0.09198977712917773	42056.81097770774	0.00023774861398304076
43.168168168168165	0.09263895340391753	42039.56640901138	0.0001916380198268017
43.44344344344344	0.09330066374391072	42022.32027188747	0.00015423010915489855
43.71871871871872	0.09393962928779317	42005.07414575847	0.0001239379673592912
43.993993993993996	0.0945007320173964	41987.829320946876	9.946461800907857e-05
44.26926926926927	0.09496279995347681	41970.58686325618	7.973822870894481e-05
44.54454454454455	0.09548597220451799	41953.34767843443	6.384740852409009e-05
44.81981981981982	0.09617666400880653	41936.112510163846	5.104329516677145e-05
45.0950950950951	0.09688895459522867	41918.88194657158	4.073303964613107e-05
45.37037037037037	0.09753049421122746	41901.65644463668	3.245542132943287e-05
45.645645645645644	0.0981456872736516	41884.43638887824	2.582184785810288e-05
45.92092092092092	0.09875288512809473	41867.22209350751	2.051423824835747e-05
46.1961961961962	0.09933516342285555	41850.01381260801	1.6274819059587193e-05
46.471471471471475	0.09986881588552489	41832.81175135808	1.2894868455363173e-05
46.74674674674675	0.10035324701634163	41815.61607594581	1.0204769897760815e-05
47.02202202202202	0.10093124017590577	41798.426923139516	8.06440827242506e-06
47.2972972972973	0.10170791165125384	41781.2444026698	6.360787199019614e-06
47.572572572572575	0.10251692212305272	41764.068598397025	5.006864869987099e-06
47.847847847847845	0.10324007591238157	41746.89957617626	3.933658619013967e-06
48.12312312312312	0.10394696306224292	41729.73738944484	3.084646633797754e-06
48.3983983983984	0.10465501986154786	41712.58208073805	2.414245418434993e-06
48.673673673673676	0.10530438359807213	41695.43368334901	1.8861428925011079e-06
48.94894894894895	0.10591701464176655	41678.29222361872	1.4710008703633817e-06
49.22422422422423	0.10656007755974696	41661.1577222539	1.1451337930732075e-06
49.4994994994995	0.10718829726784686	41644.03019499543	8.89838013545446e-07
49.77477477477478	0.10773198066126097	41626.90965367689	6.903294362992079e-07
50.05005005005005	0.10821984304814064	41609.7961072231	5.347424236518532e-07
50.32532532532532	0.1087017241374829	41592.68956217997	4.135986068888014e-07
50.6006006006006	0.10921853014963893	41575.59002312838	3.193918363158517e-07
50.87587587587588	0.10979401128254386	41558.49749305163	2.462194083121674e-07
51.151151151151154	0.11042604059666268	41541.411973652626	1.8946349020228868e-07
51.42642642642643	0.11105136850840779	41524.333465611	1.4553203894471068e-07
51.70170170170171	0.11157553890816947	41507.26196881646	1.1162385201262546e-07
51.97697697697698	0.11209640282084127	41490.1974825993	8.550042722040661e-08
52.252252252252255	0.11275223263218974	41473.14000582695	6.539025101742036e-08
52.527527527527525	0.11335126052200872	41456.089536935535	4.9950324675339784e-08
52.8028028028028	0.11372417860399393	41439.04607405337	3.8141768816811484e-08
53.07807807807808	0.11408261520304605	41422.00961511384	2.9125406882147384e-08
53.353353353353356	0.11458681252914445	41404.980157873426	2.2243557046837995e-08
53.62862862862863	0.11518254166963741	41387.95770019511	1.672998118686091e-08
53.90390390390391	0.11584266497633885	41370.94223920954	1.2531515744143751e-08
54.17917917917918	0.11657773937373704	41353.93377522625	9.586213234780037e-09
54.454454454454456	0.11720441351828838	41336.93230303654	7.335388949032461e-09
54.729729729729726	0.11749255528149943	41319.937819908264	5.6230269361804346e-09
55.005005005005	0.11777587216702075	41302.9503230842	4.321943277946082e-09
55.28028028028028	0.11844681963039008	41285.969809785754	3.33174109273273e-09
55.55555555555556	0.11924959104278593	41268.99627723898	2.5793329060908916e-09
55.830830830830834	0.11989430086076901	41252.0297227325	2.0102363790312353e-09
56.10610610610611	0.1203585618225838	41235.070143440076	1.5810673204865864e-09
56.38138138138139	0.1207338709767147	41218.11753174285	1.291987356693922e-09
56.65665665665666	0.12120548245732153	41201.171889609686	1.0672168417091867e-09
56.931931931931935	0.12176722588928487	41184.233214188636	8.925200687033665e-10
57.20720720720721	0.1222679425121838	41167.30150262593	7.568643782117607e-10
57.48248248248248	0.12273298979850282	41150.37675206671	6.516053951586289e-10
57.75775775775776	0.12326531509207024	41133.458959655625	5.699701660989806e-10
58.033033033033036	0.12389484280729925	41116.54812253711	5.066875014133291e-10
58.30830830830831	0.12458945382125117	41099.64423785572	4.5766570442876295e-10
58.58358358358358	0.1252071813004085	41082.7473027562	4.197339955584082e-10
58.85885885885886	0.12570633867969883	41065.85731438379	3.9041899001818363e-10
59.134134134134136	0.12623973166350094	41048.97426988454	3.677835291739452e-10
59.40940940940941	0.12682400130471344	41032.0981664052	3.5032394732950096e-10
59.68468468468468	0.12733089520094074	41015.2290010934	3.368771954760752e-10
59.95995995995996	0.1278047793212597	40998.366771097666	3.265380872524242e-10
60.23523523523524	0.12837559466722145	40981.511473567596	3.1860267490043955e-10
60.510510510510514	0.12899309377865115	40964.66310565382	3.1252702893623333e-10
60.78578578578579	0.12956714720997467	40947.82166450792	3.0789046699422183e-10
61.06106106106106	0.13011460738857605	40930.98714728263	3.0436669691943303e-10
61.33633633633634	0.13068312009822278	40914.15955113175	3.0170287265750225e-10
61.611611611611615	0.13133159477181885	40897.338873210254	2.9970336390599094e-10
61.88688688688689	0.13199771874424188	40880.52511067425	2.982170407277587e-10
62.16216216216216	0.1324800514817848	40863.718260680806	2.9712697609042004e-10
62.43743743743744	0.13285516054120555	40846.91832038819	2.9634261389770925e-10
62.712712712712715	0.13338334818792913	40830.12528695599	2.9579416721052967e-10
62.98798798798799	0.13397054482323423	40813.339157544906	2.9542777342780645e-10
63.26326326326326	0.13441214153097847	40796.559929316645	2.952016459715259e-10
63.53853853853854	0.1347935055206043	40779.78759943412	2.9508360336409623e-10
63.813813813813816	0.1352241483930926	40763.02216506148	2.9504895305798494e-10
64.0890890890891	0.135658132699248	40746.26362336402	2.950786053887579e-10
64.36436436436436	0.13603485656880232	40729.511971508124	2.9515776704321647e-10
64.63963963963964	0.1363155322972723	40712.76720666136	2.9527498480877e-10
64.91491491491492	0.13656673611443682	40696.02932599246	2.954215188773465e-10
65.1901901901902	0.1369439389528095	40679.29832667144	2.955908369663113e-10
65.46546546546547	0.13746842886379268	40662.574205869474	2.9577793388584757e-10
65.74074074074073	0.138068752260355	40645.85696075886	2.959788601790441e-10
66.01601601601601	0.13861948934029178	40629.14658851299	2.9619041225379555e-10
66.29129129129129	0.1390183945063398	40612.44308630633	2.96409995171423e-10
66.56656656656656	0.13930551405598832	40595.74645131455	2.9663566457888297e-10
66.84184184184184	0.1395615915424026	40579.05668071451	2.968660264125763e-10
67.11711711711712	0.1398860682117579	40562.373771684295	2.9710013147620823e-10
67.3923923923924	0.1402854228781021	40545.697721403194	2.9733725574249945e-10
67.66766766766767	0.14065957403010543	40529.02852705155	2.9757671745049627e-10
67.94294294294295	0.14103834602838852	40512.36618581091	2.978180287877039e-10
68.21821821821823	0.1415300940076416	40495.71069486403	2.980609455816049e-10
68.4934934934935	0.14206134107272914	40479.06205139478	2.983051887406299e-10
68.76876876876878	0.1425058649725834	40462.42025258813	2.985503919328694e-10
69.04404404404404	0.1428726084787841	40445.78529563016	2.9879628588155676e-10
69.31931931931932	0.14321328742610848	40429.157177708184	2.990427259006613e-10
69.5945945945946	0.1435946993811593	40412.53589601071	2.9928967964184396e-10
69.86986986986987	0.14403711516625378	40395.92144772739	2.9953714520583566e-10
70.14514514514515	0.1444902520589002	40379.31383004905	2.9978506158297256e-10
70.42042042042041	0.14496480207667703	40362.71304016762	3.0003339397104525e-10
70.69569569569569	0.1455172850914048	40346.119075276256	3.0028217979246795e-10
70.97097097097097	0.1460410433351152	40329.53193256919	3.0053132504657224e-10
71.24624624624624	0.14639404825682178	40312.95160924168	3.0078059810289467e-10
71.52152152152152	0.14676013320985182	40296.37810249033	3.0103002981577884e-10
71.7967967967968	0.14732692480845233	40279.81140951295	3.0127985303948883e-10
72.07207207207207	0.1479406070933843	40263.25152750845	3.015300724399723e-10
72.34734734734735	0.14845816178406546	40246.698453676785	3.0178053412682574e-10
72.62262262262263	0.14888615785541096	40230.15218521901	3.0203112899933967e-10
72.8978978978979	0.1493119816955745	40213.61271933746	3.0228186910376663e-10
73.17317317317318	0.14987650235194386	40197.08005323569	3.025329149160479e-10
73.44844844844846	0.15044497551602712	40180.55418411832	3.027842438267964e-10
73.72372372372374	0.15074717366203913	40164.03510919091	3.0303555335684234e-10
73.998998998999	0.15096237416570915	40147.5228256603	3.032868020728978e-10
74.27427427427428	0.1513696511358768	40131.01733073471	3.0353825211239556e-10
74.54954954954955	0.15185908748321528	40114.518621623356	3.037899884655526e-10
74.82482482482483	0.15229100689764732	40098.02669553659	3.0404193078498073e-10
75.1001001001001	0.15268787900415984	40081.541549685855	3.0429404118667186e-10
75.37537537537537	0.15308174850012393	40065.0631812838	3.0454632376053697e-10
75.65065065065065	0.15348467358034326	40048.591587544215	3.047987940146933e-10
75.92592592592592	0.15390382604548267	40032.12676568204	3.0505147109290993e-10
76.2012012012012	0.15434224042888162	40015.668712913386	3.05304372635943e-10
76.47647647647648	0.15479204128329277	39999.21742645546	3.05557504169424e-10
76.75175175175175	0.1552358881414184	39982.77290352665	3.058108526848545e-10
77.02702702702703	0.1556377530692322	39966.3351413464	3.060643728776502e-10
77.30230230230231	0.15596683840554673	39949.90413713532	3.0631800020208526e-10
77.57757757757759	0.15622675381718024	39933.47988811519	3.065716889102315e-10
77.85285285285286	0.15650234996024975	39917.062391508916	3.068254865228052e-10
78.12812812812814	0.1570010764411105	39900.65164454076	3.0707963020767335e-10
78.40340340340342	0.15764649054571422	39884.24764443602	3.073342264270863e-10
78.67867867867868	0.15807212829848627	39867.850388420906	3.0758900862979745e-10
78.95395395395396	0.15833796064362757	39851.459873722815	3.078438299673528e-10
79.22922922922923	0.15874874724663496	39835.076097570476	3.0809886346986213e-10
79.50450450450451	0.15925038555444157	39818.699057193735	3.083541913387356e-10
79.77977977977977	0.15968412418284894	39802.32874982346	3.086097297782893e-10
80.05505505505505	0.16005940849251	39785.96517269166	3.0886542340920086e-10
80.33033033033033	0.16040559958774867	39769.60832303153	3.091212566161771e-10
80.6056056056056	0.16070819986015256	39753.25819807733	3.093772044196916e-10
80.88088088088088	0.16100303861556337	39736.91479506454	3.0963328008648626e-10
81.15615615615616	0.16139252136710638	39720.57811122983	3.0988958605098933e-10
81.43143143143143	0.161814113632633	39704.248143810946	3.1014614530552914e-10
81.70670670670671	0.16210086085922223	39687.92489004669	3.1040282761020694e-10
81.98198198198199	0.16241559173166017	39671.60834717706	3.106596762037149e-10
82.25725725725727	0.16299243083071277	39655.29851244342	3.1091692946847496e-10
82.53253253253254	0.16357832375736503	39638.995383088026	3.111745495491381e-10
82.80780780780782	0.16392210555964282	39622.69895635412	3.114322924048214e-10
83.0830830830831	0.16419495783702437	39606.409229486184	3.116901158268734e-10
83.35835835835836	0.1645185636439513	39590.12619972995	3.1194809067927226e-10
83.63363363363364	0.16481051701994734	39573.849864332195	3.1220620245568596e-10
83.90890890890891	0.16507860263398477	39557.58022054084	3.1246444658814963e-10
84.18418418418419	0.16543455518556763	39541.317265604994	3.127229133921776e-10
84.45945945945945	0.1658735253124246	39525.06099677495	3.1298166875903075e-10
84.73473473473473	0.16631262299591595	39508.81141130202	3.1324069492960806e-10
85.01001001001	0.16666832751349434	39492.5685064386	3.134999098337877e-10
85.28528528528528	0.16689593208780354	39476.33227943821	3.137592134200083e-10
85.56056056056056	0.16708893466073077	39460.10272755554	3.140186034507002e-10
85.83583583583584	0.16734990695730734	39443.879848046476	3.1427816157445273e-10
86.11111111111111	0.16773261662606526	39427.66363816808	3.1453799513060137e-10
86.38638638638639	0.16818887399965216	39411.45409517851	3.147981486687256e-10
86.66166166166167	0.16855666543583245	39395.251216336925	3.1505852816369974e-10
86.93693693693695	0.16882026568303293	39379.05499890362	3.153190481709079e-10
87.21221221221222	0.16908175759144106	39362.865440140056	3.155797219880447e-10
87.4874874874875	0.16940505406053477	39346.682537308894	3.158406101099772e-10
87.76276276276278	0.16981710776352424	39330.50628767391	3.1610178068148737e-10
88.03803803803804	0.1702679496833378	39314.336688500014	3.163632480506908e-10
88.31331331331332	0.1707011325759212	39298.17373705318	3.166249802146312e-10
88.58858858858859	0.17110205438233567	39282.01743060047	3.1688694123188736e-10
88.86386386386387	0.1714993731884134	39265.86776641011	3.1714912450373704e-10
89.13913913913915	0.17197488906722616	39249.724741751525	3.1741158534143867e-10
89.41441441441442	0.1724999741324148	39233.588353895226	3.176743454389349e-10
89.68968968968969	0.17294684855986867	39217.458600112725	3.179373291180015e-10
89.96496496496496	0.17334241509270545	39201.335477676716	3.1820049675051625e-10
90.24024024024024	0.1737943374518113	39185.21898386107	3.184638938335428e-10
90.51551551551552	0.17431666912025107	39169.10911594082	3.187275656158267e-10
90.7907907907908	0.1748557626251263	39153.00587119203	3.1899150984347774e-10
91.06606606606607	0.17524693742937963	39136.909246891795	3.1925561208448856e-10
91.34134134134135	0.17541945671783338	39120.819240318284	3.195197339669316e-10
91.61661661661662	0.17553592979419322	39104.735848750875	3.1978387536930063e-10
91.8918918918919	0.17574184409274057	39088.65906947018	3.200481358230003e-10
92.16716716716716	0.1761182246302508	39072.58889975801	3.203126504245878e-10
92.44244244244244	0.17660418163028407	39056.52533689723	3.205774846661612e-10
92.71771771771772	0.17704363077486948	39040.46837817171	3.208425859179714e-10
92.992992992993	0.17734989692288772	39024.418020866375	3.211078558274357e-10
93.26826826826827	0.17751394843135454	39008.37426226726	3.2137321014653445e-10
93.54354354354355	0.17771897983817406	38992.33709966163	3.216387011844156e-10
93.81881881881883	0.17808947171917247	38976.306530337984	3.219044523897685e-10
94.0940940940941	0.17847452161078792	38960.28255158583	3.221704643342837e-10
94.36936936936937	0.17881561104446758	38944.26516069571	3.224367000163184e-10
94.64464464464464	0.17925224450560456	38928.25435495943	3.2270321835064813e-10
94.91991991991992	0.1797979388398738	38912.25013166987	3.229700737950035e-10
95.1951951951952	0.18033380147321226	38896.25248812097	3.2323723547145185e-10
95.47047047047047	0.18075061322404054	38880.26142160769	3.2350461304207435e-10
95.74574574574575	0.180982763360528	38864.27692942604	3.2377209541981757e-10
96.02102102102103	0.18115870746648693	38848.29900887327	3.240396697619899e-10
96.2962962962963	0.18142443212759177	38832.32765724779	3.243074132395266e-10
96.57157157157158	0.18176914304279382	38816.362871849175	3.245753819943334e-10
96.84684684684684	0.1821208507599514	38800.404649978045	3.2484357866974743e-10
97.12212212212212	0.18235649807265195	38784.45298893601	3.251119334295395e-10
97.3973973973974	0.18252317581371466	38768.50788602584	3.253804170803831e-10
97.67267267267268	0.18284907149336682	38752.56933855158	3.25649138834775e-10
97.94794794794795	0.18325956639041918	38736.63734381833	3.2591814372660777e-10
98.22322322322323	0.1835054380340978	38720.71189913211	3.2618732593821954e-10
98.4984984984985	0.18369300741677116	38704.79300180015	3.2645666000270704e-10
98.77377377377378	0.184021624579127	38688.880649130886	3.2672623799820815e-10
99.04904904904905	0.18443258670146612	38672.97483843386	3.269961014063479e-10
99.32432432432432	0.1848264316192409	38657.07556701962	3.2726622846588546e-10
99.5995995995996	0.18516409083856583	38641.182832199804	3.2753658040949484e-10
99.87487487487488	0.18546800252092693	38625.29663128717	3.2780713808131704e-10
100.15015015015015	0.18583127749474695	38609.416961595656	3.2807793583717996e-10
100.42542542542543	0.18625281738135924	38593.54382044029	3.2834900074604965e-10
100.70070070070071	0.18665134054057386	38577.67720513712	3.286203121041689e-10
100.97597597597598	0.18702384457407425	38561.81711300336	3.288918516724022e-10
101.25125125125126	0.18739025079716395	38545.96354135729	3.2916361485811294e-10
101.52652652652652	0.18765943541484043	38530.116487518244	3.294355520384499e-10
101.8018018018018	0.18779072855549309	38514.275948806615	3.297076018236271e-10
102.07707707707708	0.18800181621769654	38498.44192254406	3.299798227220298e-10
102.35235235235236	0.1883978626830634	38482.61440605344	3.302523158517168e-10
102.62762762762763	0.18880096185690307	38466.793396658555	3.3052507570550227e-10
102.90290290290291	0.18914858900960438	38450.97889168428	3.3079806747960246e-10
103.17817817817819	0.18952921677391013	38435.17088845664	3.310713052226898e-10
103.45345345345346	0.18992984903073348	38419.36938430275	3.3134479414714223e-10
103.72872872872873	0.19027251545409243	38403.57437655076	3.316185021679892e-10
104.004004004004	0.19054164386907968	38387.785862529905	3.318923958775308e-10
104.27927927927928	0.19076560026073663	38372.003839570585	3.3216646065718383e-10
104.55455455455456	0.1910403683097777	38356.22830500432	3.3244072827382087e-10
104.82982982982983	0.19140662545346876	38340.459256163755	3.327152434961025e-10
105.10510510510511	0.19174666718246572	38324.696690382574	3.3298999056625457e-10
105.38038038038039	0.1920107135927159	38308.940604995485	3.332649346019887e-10
105.65565565565566	0.19226893938169087	38293.190997338395	3.335400774364585e-10
105.93093093093094	0.19255944400188252	38277.44786474828	3.33815437231574e-10
106.2062062062062	0.19288022158761245	38261.711204563246	3.3409102824394867e-10
106.48148148148148	0.19317866881988457	38245.98101412242	3.3436683992374195e-10
106.75675675675676	0.19340227838931556	38230.25729076602	3.34642841393138e-10
107.03203203203203	0.19362392863839478	38214.54003183539	3.3491903736922907e-10
107.30730730730731	0.19391205992073715	38198.82923467303	3.3519546042418735e-10
107.58258258258259	0.19421403615573182	38183.12489662247	3.354721160702155e-10
107.85785785785787	0.19447688168782032	38167.42701502832	3.357489873431567e-10
108.13313313313314	0.19468492925836806	38151.73558723624	3.3602605371111843e-10
108.4084084084084	0.19486847184980294	38136.050610593025	3.3630331003870474e-10
108.68368368368368	0.19509703574951195	38120.37208244662	3.365807799463281e-10
108.95895895895896	0.19538268987286656	38104.700000146055	3.3685848821919704e-10
109.23423423423424	0.1957050933938689	38089.03436104144	3.371364475799829e-10
109.50950950950951	0.19608064051707075	38073.37516248399	3.374146747985105e-10
109.78478478478479	0.19649210759356842	38057.72240182598	3.3769317696025533e-10
110.06006006006007	0.19674979378825913	38042.07607642064	3.3797188949615195e-10
110.33533533533534	0.19680133068418598	38026.43618362224	3.382507382672716e-10
110.61061061061062	0.19696197322248274	38010.802720786385	3.38529776539578e-10
110.88588588588588	0.1973424120778408	37995.17568526986	3.3880909114472597e-10
111.16116116116116	0.1977348648169622	37979.555074430355	3.3908867896690655e-10
111.43643643643644	0.198032279130731	37963.94088562658	3.393684995091102e-10
111.71171171171171	0.19823782713299465	37948.333116218346	3.3964851995504127e-10
111.98698698698699	0.19845833208005495	37932.7317635666	3.399287496231544e-10
112.26226226226227	0.19880521385816954	37917.13682503347	3.402092349344152e-10
112.53753753753755	0.19918427081660314	37901.548297982124	3.404899827413889e-10
112.81281281281282	0.19950978229277933	37885.96617977671	3.4077097034056073e-10
113.08808808808809	0.19987571853010758	37870.390467782534	3.410522092542279e-10
113.36336336336336	0.20029710096426437	37854.821159366016	3.413337136375315e-10
113.63863863863864	0.2006220772987709	37839.25825189455	3.4161544815786883e-10
113.91391391391392	0.20086622815840333	37823.70174273658	3.4189738797586297e-10
114.1891891891892	0.20120376270606938	37808.15162926182	3.4217956460405767e-10
114.46446446446447	0.20156976015702355	37792.60790884098	3.42461985343728e-10
114.73973973973975	0.20179025027287875	37777.07057884573	3.4274460590117537e-10
115.01501501501502	0.2019355789561851	37761.53963664884	3.430274084097675e-10
115.2902902902903	0.2021272699508272	37746.01507962431	3.4331041241582057e-10
115.56556556556556	0.20235427061251837	37730.496905147185	3.435936318868118e-10
115.84084084084084	0.2025966321883719	37714.985110593545	3.438770732819064e-10
116.11611611611612	0.20287131789779897	37699.47969334062	3.4416074695009927e-10
116.3913913913914	0.20313809545530093	37683.98065076665	3.4444465065254256e-10
116.66666666666667	0.20329448270873418	37668.48798025086	3.4472875448522187e-10
116.94194194194195	0.20343230680472713	37653.001679173656	3.4501305725512554e-10
117.21721721721723	0.20375777715825236	37637.521744916674	3.4529761390600087e-10
117.4924924924925	0.2042007818406706	37622.04817486257	3.455824521578106e-10
117.76776776776778	0.2045938586803934	37606.58096639493	3.4586755216559086e-10
118.04304304304304	0.20490812526276753	37591.1201168984	3.4615289046452565e-10
118.31831831831832	0.20517191180413188	37575.66562375872	3.464384541273103e-10
118.5935935935936	0.2054616113102878	37560.217484362794	3.467242501930525e-10
118.86886886886887	0.20580330498868898	37544.77569609857	3.470102906504248e-10
119.14414414414415	0.20613668491721243	37529.34025635507	3.4729657198503195e-10
119.41941941941943	0.20643176483840098	37513.91116252233	3.4758308470603893e-10
119.6946946946947	0.20669375403231915	37498.48841199149	3.478698218859032e-10
119.96996996996998	0.20692645805019874	37483.07200215476	3.4815677841330095e-10
120.24524524524524	0.2071268458874964	37467.66193040539	3.4844394922707034e-10
120.52052052052052	0.2072628051225867	37452.25819413769	3.4873132318010613e-10
120.7957957957958	0.20733253462823364	37436.86079074707	3.490188896920082e-10
121.07107107107107	0.20746269005670584	37421.46971763008	3.4930666570148275e-10
121.34634634634635	0.20771867404754357	37406.084972184406	3.4959468021139437e-10
121.62162162162163	0.208002637848753	37390.70655180871	3.4988293851729747e-10
121.8968968968969	0.20826287517354877	37375.3344539027	3.5017143492567387e-10
122.17217217217218	0.2085215370688964	37359.96867586717	3.5046016883768285e-10
122.44744744744746	0.2087863980924856	37344.609215103956	3.507491412083105e-10
122.72272272272272	0.20905551963336091	37329.25606901602	3.5103835249237217e-10
122.997997997998	0.20935312535380793	37313.909235007355	3.513278073696617e-10
123.27327327327328	0.2096997680867763	37298.56871048307	3.5161751318108863e-10
123.54854854854855	0.21005378423171264	37283.23449284929	3.519074689646372e-10
123.82382382382383	0.21035739271343462	37267.906579513154	3.521976647597362e-10
124.0990990990991	0.2105539978325183	37252.584967882845	3.524880836198281e-10
124.37437437437438	0.21067087212684532	37237.26965536762	3.5277871476500736e-10
124.64964964964966	0.21084937144956675	37221.9606393779	3.530695699886065e-10
124.92492492492492	0.2111059649194152	37206.65791732523	3.533606623103752e-10
125.2002002002002	0.21135138244276533	37191.36148662209	3.536519900702588e-10
125.47547547547548	0.21162496781541743	37176.071344682096	3.5394355733936173e-10
125.75075075075075	0.21198801126558017	37160.78748891996	3.542353755386167e-10
126.02602602602603	0.2122367260741133	37145.50991675129	3.545274281991084e-10
126.30130130130131	0.21224227699173195	37130.238625592654	3.5481968495604053e-10
126.57657657657658	0.21236079147357215	37114.97361286198	3.551121629850683e-10
126.85185185185186	0.21276228646611733	37099.71487597838	3.554048992134277e-10
127.12712712712714	0.21312666779404765	37084.462412361776	3.5569788601635724e-10
127.4024024024024	0.21334553485968955	37069.21621943307	3.55991105743821e-10
127.67767767767768	0.21359141605921272	37053.97629461433	3.5628456172829983e-10
127.95295295295296	0.2139186161393984	37038.742635328774	3.565782620218215e-10
128.22822822822823	0.2142898793732417	37023.51523900062	3.5687220921588877e-10
128.5035035035035	0.21466237101658422	37008.29410305513	3.5716640129152073e-10
128.7787787787788	0.2149976227581466	36993.07922491856	3.574608336172733e-10
129.05405405405406	0.2152801839218544	36977.87060201825	3.5775550164475913e-10
129.32932932932934	0.21553042238631615	36962.66823178257	3.5805040319781417e-10
129.60460460460462	0.21583458413083217	36947.472111641066	3.5834554145042087e-10
129.87987987987987	0.2161809880852056	36932.2822390243	3.586409178016486e-10
130.15515515515517	0.2164218546489679	36917.09861136378	3.589365267586728e-10
130.43043043043042	0.21658628281273937	36901.92122609209	3.592323656339253e-10
130.70570570570572	0.2168401586290804	36886.75008064299	3.5952843852426484e-10
130.98098098098097	0.2171611765554426	36871.5851724513	3.5982474735456806e-10
131.25625625625628	0.21743908979887683	36856.4264989528	3.6012129029715864e-10
131.53153153153153	0.21762332645680024	36841.27405758429	3.604180654676385e-10
131.80680680680683	0.21770421570195037	36826.12784578357	3.607150716147023e-10
132.08208208208208	0.21773591985143942	36810.9878609896	3.610123085239401e-10
132.35735735735736	0.21780663722185	36795.85410064243	3.613097777723661e-10
132.63263263263264	0.2180376857439011	36780.72656218325	3.6160748343428386e-10
132.9079079079079	0.21841069794914994	36765.60524305433	3.6190542700407745e-10
133.1831831831832	0.21876750143648876	36750.49014069883	3.622036062997758e-10
133.45845845845847	0.21906700082782854	36735.381252560925	3.625020199967249e-10
133.73373373373374	0.2193497735066704	36720.27857608589	3.6280066744176726e-10
134.00900900900902	0.21966591185792897	36705.18210872008	3.630995471535728e-10
134.2842842842843	0.22004896540920488	36690.09184791093	3.633986556729444e-10
134.55955955955955	0.22046098449348092	36675.007791106895	3.6369798915029555e-10
134.83483483483485	0.2208531112334882	36659.92993575743	3.6399754548820795e-10
135.1101101101101	0.2211887323256716	36644.85827931304	3.6429732564499977e-10
135.3853853853854	0.22146932280956044	36629.79281922523	3.645973319194037e-10
135.66066066066065	0.22174134119837513	36614.7335529466	3.6489756394544596e-10
135.93593593593596	0.22201272046304615	36599.68047793085	3.6519802074765403e-10
136.2112112112112	0.2222669355812193	36584.63359163266	3.6549870288163114e-10
136.4864864864865	0.22256097017289858	36569.59289150784	3.6579960519738945e-10
136.76176176176176	0.22293640108433052	36554.55837501326	3.661007165050427e-10
137.03703703703704	0.22319443049814183	36539.53003960667	3.664020483721037e-10
137.31231231231232	0.22321436698526487	36524.507882746766	3.6670363033096114e-10
137.5875875875876	0.2232699801517863	36509.49190189352	3.670054580873765e-10
137.86286286286287	0.22350652280665265	36494.48209450807	3.673075083213804e-10
138.13813813813815	0.2237608736057404	36479.478458052465	3.676097773335136e-10
138.41341341341342	0.2239718139641223	36464.480989989745	3.679122700361074e-10
138.6886886886887	0.22420219582241663	36449.48968778403	3.6821498236487946e-10
138.96396396396398	0.22445801090746	36434.504548900484	3.6851790870357175e-10
139.23923923923923	0.22471098030289088	36419.52557080534	3.6882104753703715e-10
139.51451451451453	0.2249563344429597	36404.552750965806	3.6912439815503017e-10
139.78978978978978	0.22519797986609336	36389.58608685016	3.694279591107181e-10
140.06506506506508	0.22543919222107847	36374.62557592775	3.697317282300445e-10
140.34034034034033	0.22568109879605114	36359.67121566891	3.700357029109274e-10
140.61561561561564	0.22592126683761576	36344.72300354504	3.703398808621525e-10
140.8908908908909	0.22617412993585687	36329.78093702862	3.7064425624188545e-10
141.1661661661662	0.22646931707612608	36314.845013593156	3.709488151605769e-10
141.44144144144144	0.22674640541792596	36299.91523071314	3.712535573499411e-10
141.71671671671672	0.22689776095417385	36284.991585864016	3.7155851207091686e-10
141.991991991992	0.22698691649544817	36270.07407652234	3.7186369467127937e-10
142.26726726726727	0.22712460976724652	36255.162700165776	3.7216909069286545e-10
142.54254254254255	0.22727765020887977	36240.257454273	3.7247469389301757e-10
142.81781781781783	0.22742917371634014	36225.35833632373	3.727805024949787e-10
143.0930930930931	0.22770139687645072	36210.46534379881	3.7308647602844613e-10
143.36836836836838	0.22810115858992996	36195.57847418011	3.733925651174013e-10
143.64364364364366	0.22843223377486516	36180.69772495038	3.7369878143102236e-10
143.9189189189189	0.22863226293486152	36165.82309359336	3.7400516333481403e-10
144.1941941941942	0.22877834433632835	36150.954577593904	3.743117258937788e-10
144.46946946946946	0.22891474548956184	36136.0921744379	3.746184688219921e-10
144.74474474474476	0.2290514883059579	36121.23588161229	3.749253879352051e-10
145.02002002002	0.2291317922028903	36106.38569660499	3.752325030008948e-10
145.29529529529532	0.22913977360346233	36091.54161690497	3.7553984324132407e-10
145.57057057057057	0.22926421616647516	36076.70364000238	3.758473565476649e-10
145.84584584584587	0.22957376642758906	36061.87176338843	3.7615495159290126e-10
146.12112112112112	0.22983456717275644	36047.0459845552	3.764626376693664e-10
146.3963963963964	0.22995806268905158	36032.22630099571	3.7677047256622405e-10
146.67167167167167	0.23006259994275172	36017.41271020411	3.770784603080593e-10
146.94694694694695	0.23022930105185385	36002.60520967565	3.7738656111894464e-10
147.22222222222223	0.23049218970032484	35987.803796906635	3.7769470975111744e-10
147.4974974974975	0.23080123132540026	35973.00846939437	3.780028605827594e-10
147.77277277277278	0.2310875991844309	35958.21922463712	3.783110048704385e-10
148.04804804804806	0.23135529853717296	35943.43606013419	3.7861913156588173e-10
148.32332332332334	0.2316055971724716	35928.658973385885	3.789272286498256e-10
148.59859859859858	0.23178984003547845	35913.88796189354	3.7923532029386787e-10
148.8738738738739	0.23193429803476404	35899.1230231595	3.795434170550619e-10
149.14914914914914	0.232175737975278	35884.36415468726	3.7985142165326005e-10
149.42442442442444	0.23248550084245825	35869.611353981345	3.80159243786678e-10
149.6996996996997	0.2327028069211922	35854.86461854715	3.8046692413872024e-10
149.974974974975	0.2328941311135544	35840.12394589113	3.807744525216489e-10
150.25025025025025	0.2332053186615823	35825.38933352094	3.810816724453703e-10
150.52552552552555	0.2335267537336536	35810.66077894513	3.8138851402192925e-10
150.8008008008008	0.23373717204555086	35795.938279673166	3.816950367292481e-10
151.07607607607608	0.23393457097905654	35781.22183321564	3.8200120315079795e-10
151.35135135135135	0.2341824977298733	35766.51143708421	3.823068925133619e-10
151.62662662662663	0.23440827023532307	35751.8070887915	3.8261206143908236e-10
151.9019019019019	0.2345588552153289	35737.1087858511	3.8291674271456675e-10
152.17717717717719	0.234621790495408	35722.41652577763	3.832210066072426e-10
152.45245245245246	0.23462104104827075	35707.73030608674	3.8352491023636597e-10
152.72772772772774	0.23460663295582757	35693.05012429514	3.838284458902015e-10
153.00300300300302	0.23464549333393064	35678.375977920645	3.841314894180102e-10
153.2782782782783	0.23479227862791646	35663.707864482094	3.844337895808507e-10
153.55355355355357	0.23502775973581527	35649.045781499364	3.847350807284617e-10
153.82882882882885	0.23531632578940614	35634.38972649332	3.850351194319831e-10
154.10410410410412	0.23562549445562309	35619.7396969858	3.8533369101446614e-10
154.37937937937937	0.23591109432683627	35605.09569049964	3.856306562226904e-10
154.65465465465465	0.2361172310079836	35590.45770455863	3.85926015982759e-10
154.92992992992993	0.23627430142603809	35575.825736687584	3.8621971858887576e-10
155.2052052052052	0.23647372699872066	35561.19978441248	3.865114519419551e-10
155.48048048048048	0.23669055368743255	35546.57984526022	3.868009283625324e-10
155.75575575575576	0.2368517603019804	35531.965916758694	3.8708807445386094e-10
156.03103103103103	0.2369523560246991	35517.357996436804	3.873728635970373e-10
156.3063063063063	0.23702827851987418	35502.7560818245	3.876551642018805e-10
156.5815815815816	0.23717122984484648	35488.1601704528	3.879344516632101e-10
156.85685685685687	0.2374197015825954	35473.57025985381	3.8820990980225194e-10
157.13213213213214	0.23770450307507396	35458.98634756058	3.884808817259919e-10
157.40740740740742	0.23796144810318867	35444.408431107084	3.8874694404982824e-10
157.6826826826827	0.238152332875573	35429.836508028304	3.890078766420393e-10
157.95795795795797	0.23835159120092264	35415.270575860304	3.89263028484264e-10
158.23323323323325	0.23867639935338905	35400.710632140275	3.895108272627074e-10
158.50850850850853	0.23905421381731526	35386.15667440632	3.897498564386187e-10
158.7837837837838	0.2393699487691617	35371.60870019749	3.899793721574529e-10
159.05905905905905	0.23962621189008407	35357.06670705382	3.901986073970892e-10
159.33433433433433	0.239856464867948	35342.53069251641	3.9040646999070677e-10
159.6096096096096	0.24010170488912064	35328.00065412737	3.9060132141649656e-10
159.88488488488488	0.24036318873096704	35313.47658942987	3.9078123758993273e-10
160.16016016016016	0.24059220603844061	35298.958495968014	3.9094462814591585e-10
160.43543543543544	0.2407903733358531	35284.44637128692	3.910897627403369e-10
160.7107107107107	0.24099761873123468	35269.94021293277	3.9121413297393343e-10
160.985985985986	0.2412119183808799	35255.44001845274	3.9131488057438046e-10
161.26126126126127	0.2414162655706454	35240.94578539501	3.9138905260672744e-10
161.53653653653654	0.2416230187137431	35226.45751130875	3.9143305581898736e-10
161.81181181181182	0.24185599088573198	35211.97519374419	3.9144217907123234e-10
162.0870870870871	0.24214568431818126	35197.498830252596	3.914099896855759e-10
162.36236236236238	0.24245263316892682	35183.02841838619	3.913298251210536e-10
162.63763763763765	0.24262920253955336	35168.56395569807	3.911988859094892e-10
162.91291291291293	0.24268786357748887	35154.105439742336	3.910148000125196e-10
163.1881881881882	0.24279960113241933	35139.65286807431	3.907689718680671e-10
163.46346346346348	0.2430098152049603	35125.20623825028	3.9044880736787376e-10
163.73873873873873	0.24328607886992695	35110.765547827585	3.9004017250431124e-10
164.014014014014	0.2436197053017025	35096.33079436453	3.895261064798886e-10
164.2892892892893	0.24398713299154792	35081.9019754204	3.888872816539802e-10
164.56456456456456	0.24428267934285733	35067.47908855542	3.8810834083072784e-10
164.83983983983984	0.24447867149992258	35053.06213133077	3.8717541382822473e-10
165.11511511511512	0.24473764110872592	35038.65110130877	3.860592549436534e-10
165.3903903903904	0.2451091682734579	35024.245996052865	3.8471813002689354e-10
165.66566566566567	0.2454809029526353	35009.84681312734	3.831127490450425e-10
165.94094094094095	0.24583433857654924	34995.45355009751	3.811990635717777e-10
166.21621621621622	0.24621576682224477	34981.06620452974	3.7891785182400595e-10
166.4914914914915	0.24655624502275802	34966.68477399134	3.762099428781268e-10
166.76676676676678	0.2467700814028976	34952.30925605053	3.7302641392222725e-10
167.04204204204206	0.24693791940166626	34937.93964827664	3.692998256412398e-10
167.31731731731733	0.2471450551949344	34923.5759482401	3.6493128276315115e-10
167.5925925925926	0.24737217450020993	34909.21815351236	3.598070502091858e-10
167.8678678678679	0.24759342536881024	34894.86626166586	3.53800829593238e-10
168.14314314314316	0.24779827913101155	34880.52027027406	3.4676979250770197e-10
168.4184184184184	0.24797876671832508	34866.18017691143	3.385534348746374e-10
168.6936936936937	0.24812674491053563	34851.8459791535	3.2897416964268415e-10
168.96896896896897	0.2482201419839853	34837.51767457674	3.1784854996376664e-10
169.24424424424424	0.248250262514544	34823.195260758665	3.049880329261439e-10
169.51951951951952	0.24832942461253985	34808.87873844519	3.491445869392932e-10
169.7947947947948	0.24855009604854164	34794.56809886576	3.408542851422681e-10
170.07007007007007	0.2488040717216603	34780.263342782375	3.3109834604806823e-10
170.34534534534535	0.2489996112061986	34765.96446777654	3.1965532710730493e-10
170.62062062062063	0.24915541279360992	34751.671471430855	3.0626728663736165e-10
170.8958958958959	0.24933112994299136	34737.38435448006	3.5071027215721025e-10
171.17117117117118	0.24960930703870446	34723.1031081902	3.41970004098317e-10
171.44644644644646	0.24992772081051842	34708.82773331267	3.3158122103985067e-10
171.72172172172174	0.25014326017538124	34694.55822743396	3.1929836796858493e-10
171.996996996997	0.25029720686572765	34680.29458814167	3.0482824226260046e-10
172.2722722722723	0.25049234301533646	34666.036816157444	3.5079561241414513e-10
172.54754754754757	0.2507451574853312	34651.784902787316	3.413025399657276e-10
172.82282282282284	0.25102807826175905	34637.53884877058	3.299678327939079e-10
173.0980980980981	0.25126259947598756	34623.298651698824	3.164661516091168e-10
173.37337337337337	0.2514309614399581	34609.06431229185	3.5792586780424444e-10
173.64864864864865	0.25161198890857606	34594.835821871886	3.490934713605318e-10
173.92392392392392	0.25183064308498243	34580.61318117557	3.3851827388575013e-10
174.1991991991992	0.2520482835562399	34566.396387798515	3.258599713146303e-10
174.47447447447448	0.25214843733828485	34552.1854393372	3.108060303336193e-10
174.74974974974975	0.2520391742304364	34537.98033649568	3.5562779541944105e-10
175.02502502502503	0.2519798966712721	34523.78107064055	3.4599990453266956e-10
175.3003003003003	0.25220186063573785	34509.58764249466	3.344645066981983e-10
175.57557557557558	0.25249787965810994	34495.400049658754	3.205916869032251e-10
175.85085085085086	0.25268502431183365	34481.218292834674	3.6169188525592874e-10
176.12612612612614	0.252777740653526	34467.04236340654	3.5261272880191827e-10
176.40140140140142	0.25285521573380676	34452.872262093355	3.4175580302121657e-10
176.6766766766767	0.2530336055271491	34438.707986499794	3.287213248101911e-10
176.95195195195197	0.2532769975587152	34424.54953423158	3.130281047963984e-10
177.22722722722725	0.25346097994787925	34410.39690597377	3.58381870669808e-10
177.50250250250252	0.25358236084061914	34396.250093157214	3.48050852889823e-10
177.77777777777777	0.25369776135077704	34382.109096485816	3.356248957887764e-10
178.05305305305305	0.25389619052852574	34367.973913569236	3.206316470415423e-10
178.32832832832833	0.25419618951165446	34353.84454508889	3.6324970321397384e-10
178.6036036036036	0.2544411200761892	34339.72098249595	3.5324571013061876e-10
178.87887887887888	0.2545987535036393	34325.6032264897	3.411133166911855e-10
179.15415415415416	0.2548324662720481	34311.49127468375	3.263560980657193e-10
179.42942942942943	0.2551343456359937	34297.385127754074	3.671005657767112e-10
179.7047047047047	0.25535952816300356	34283.28477717458	3.5722898568755826e-10
179.97997997998	0.25555730459485954	34269.19022363906	3.451562002362065e-10
180.25525525525526	0.2558439916171235	34255.10146476513	3.3033675466612844e-10
180.53053053053054	0.25615070125255784	34241.01850122206	3.69998786131619e-10
180.80580580580582	0.256387105552675	34226.9413245087	3.6003588326314457e-10
181.0810810810811	0.2565674051371436	34212.869935312265	3.4777468323265047e-10
181.35635635635637	0.2567111962101351	34198.80433125412	3.3272348394083594e-10
181.63163163163165	0.25681699312764406	34184.74451299598	3.7199018863500164e-10
181.90690690690693	0.2569282096858842	34170.69047206323	3.619854194645207e-10
182.1821821821822	0.2571275423632475	34156.64220913601	3.4962340916148243e-10
182.45745745745745	0.2573741595896807	34142.59972183975	3.3432626646431755e-10
182.73273273273273	0.25756316650436456	34128.56301082819	3.735624314579931e-10
183.008008008008	0.2577049784584812	34114.53206765403	3.633128920062384e-10
183.28328328328328	0.25785388262989695	34100.506892989615	3.5061598159215854e-10
183.55855855855856	0.25805614908116375	34086.48748446434	3.348673011251609e-10
183.83383383383384	0.258297883556709	34072.47384272332	3.7455748287000223e-10
184.1091091091091	0.2584435353549956	34058.46595934787	3.639471290561977e-10
184.3843843843844	0.25850151659261744	34044.46383500197	3.507981463024699e-10
184.65965965965967	0.25867799932655255	34030.46746731901	3.3444746228426844e-10
184.93493493493494	0.25899137152710294	34016.476856934874	3.7502978070147144e-10
185.21021021021022	0.25930495360362293	34002.49199546089	3.638659843199679e-10
185.4854854854855	0.25955096200079164	33988.51288355232	3.49838536496181e-10
185.76076076076077	0.25972629789706964	33974.53951884635	3.322765999106204e-10
186.03603603603605	0.2599600099807651	33960.57190196771	3.745844743684076e-10
186.31131131131133	0.26032498264167064	33946.61002456037	3.6254203280939365e-10
186.5865865865866	0.2606383305451818	33932.653887269866	3.4726889119795894e-10
186.86186186186188	0.2607930464986881	33918.70348773727	3.2803013470831423e-10
187.13713713713713	0.2608757289896306	33904.75882657447	3.730195153974457e-10
187.4124124124124	0.2609757443460487	33890.81989546041	3.599805433085828e-10
187.68768768768768	0.26115776957622217	33876.886695029796	3.434820322799938e-10
187.96296296296296	0.26138113805277996	33862.959225899926	3.8190916171996576e-10
188.23823823823824	0.261559723584245	33849.03747975069	3.7063063328295216e-10
188.51351351351352	0.26172305221412134	33835.12145721927	3.562941411921307e-10
188.7887887887888	0.26192759418292183	33821.211155953795	3.3806411444505424e-10
189.06406406406407	0.2621731498989039	33807.30657655824	3.7970289567502856e-10
189.33933933933935	0.2624562286354348	33793.40771074911	3.6712119635016133e-10
189.61461461461462	0.2627905641350572	33779.514559152165	3.5093260168710367e-10
189.8898898898899	0.26315564269144115	33765.62712237438	3.87218170398924e-10
190.16516516516518	0.26348727224798285	33751.74539213688	3.759383938013622e-10
190.44044044044045	0.26374388025346196	33737.86936906634	3.613423206975675e-10
190.71571571571573	0.2639122796180395	33723.99905081761	3.425364360860789e-10
190.990990990991	0.2640482488187349	33710.134437981666	3.834308723867001e-10
191.26626626626629	0.264218640777246	33696.27552232033	3.7043578121176793e-10
191.54154154154156	0.2643976499847683	33682.422304447115	3.5361562937941316e-10
191.8168168168168	0.2645462965784662	33668.57478495522	3.899221458118737e-10
192.0920920920921	0.2646574563304802	33654.732955612606	3.7831032911848286e-10
192.36736736736736	0.2647272595853605	33640.89681703294	3.632871227230743e-10
192.64264264264264	0.2647527001011533	33627.06636687792	3.439306976931495e-10
192.91791791791792	0.2648071036282731	33613.241605724455	3.854014381951566e-10
193.1931931931932	0.26502104662300496	33599.42252538244	3.720029874693338e-10
193.46846846846847	0.2653662419852887	33585.60912645208	3.5447812041743597e-10
193.74374374374375	0.26573414155719927	33571.801409511914	3.916387054111551e-10
194.01901901901903	0.2660981656005317	33557.999366378885	3.792725257356705e-10
194.2942942942943	0.26644295019985736	33544.20299765294	3.629525963531107e-10
194.56956956956958	0.2666951456031276	33530.412301002754	3.4149647937839625e-10
194.84484484484486	0.2668329008612541	33516.62727698664	3.854520311264021e-10
195.12012012012013	0.2669555492877514	33502.84791746888	3.704455797462626e-10
195.3953953953954	0.2671443123714173	33489.0742230335	3.506806007284219e-10
195.6706706706707	0.26743198481669095	33475.30619424005	3.909186126777793e-10
195.94594594594597	0.2677023162387851	33461.54382296135	3.769286861399522e-10
196.22122122122124	0.2677787726527945	33447.787109780365	3.584660538366774e-10
196.4964964964965	0.2678254736052853	33434.0360552563	3.9561313689311434e-10
196.77177177177177	0.26807094248994384	33420.290651272466	3.8263584712427326e-10
197.04704704704704	0.2683797185719059	33406.55089841077	3.653129416821604e-10
197.32232232232232	0.26860168075791085	33392.81679722939	3.9983185900463017e-10
197.5975975975976	0.2687807541251944	33379.08833962303	3.8758343204701703e-10
197.87287287287288	0.26898963229024225	33365.36552617146	3.711998014561808e-10
198.14814814814815	0.2692937833134933	33351.648354556295	3.4924661404099174e-10
198.42342342342343	0.2696198090146892	33337.936825313176	3.920373148663547e-10
198.6986986986987	0.2697961902632938	33324.230930388505	3.763628122520464e-10
198.97397397397398	0.2699108155583244	33310.53067034419	3.553673652071673e-10
199.24924924924926	0.27014654180432146	33296.83604571458	3.9584915031742624e-10
199.52452452452454	0.27041222395402503	33283.14704845876	3.8081789694009026e-10
199.7997997997998	0.2705821204307796	33269.46367913626	3.6054909793875037e-10
200.0750750750751	0.270704086658843	33255.78593827896	3.991607668599259e-10
200.35035035035037	0.2708335001369393	33242.11381785964	3.84729942028619e-10
200.62562562562564	0.27097892215257907	33228.44731843499	3.6522905261978657e-10
200.90090090090092	0.27114747613575585	33214.786440534575	4.0219376820416895e-10
201.17617617617617	0.271349392919655	33201.131176145405	3.8823599876886063e-10
201.45145145145145	0.2715838331652717	33187.481525821095	3.6924479951073274e-10
201.72672672672672	0.27183775714708275	33173.837490088044	4.04891451727907e-10
202.002002002002	0.27206789917464647	33160.19906094854	3.9121057684980386e-10
202.27727727727728	0.2722448438141634	33146.56623895248	3.7253197176456034e-10
202.55255255255256	0.2724423123443765	33132.939024622545	4.071943462702497e-10
202.82782782782783	0.2726703574312504	33119.317409977375	3.9372209833543717e-10
203.1031031031031	0.2727406851913995	33105.7013955627	3.753146354275925e-10
203.3783783783784	0.2726798996897062	33092.09098189706	4.092027944807467e-10
203.65365365365366	0.27282878207248407	33078.486161015935	3.9604396725515035e-10
203.92892892892894	0.27313071590351423	33064.88693346132	3.7791463612186997e-10
204.20420420420422	0.2732185749980926	33051.293299747515	4.111361778199947e-10
204.4794794794795	0.273181261345175	33037.705251926556	3.981782981758784e-10
204.75475475475477	0.27329004324538436	33024.122790536	3.804038762772852e-10
205.03003003003005	0.27349813749896	33010.545916086565	4.1299297653069897e-10
205.30530530530532	0.27368835901787	32996.97462064738	4.001446102851737e-10
205.5805805805806	0.27382973892737805	32983.40890475143	3.824402005513277e-10
205.85585585585588	0.2739528373565207	32969.848768904674	4.1462293621639314e-10
206.13113113113113	0.27416261931944214	32956.29420519412	4.0181969122365224e-10
206.4064064064064	0.2744347773461933	32942.74521414832	3.840459684284443e-10
206.68168168168168	0.2746135821379063	32929.20179626808	4.160399135693411e-10
206.95695695695696	0.2747089268192707	32915.66394365864	4.0317451020762274e-10
207.23223223223223	0.27482979710917993	32902.13165684355	3.8533879147698353e-10
207.5075075075075	0.27499497114248767	32888.604936318654	4.1727417157213897e-10
207.7827827827828	0.2751777765247862	32875.083774208004	4.0431189549940294e-10
208.05805805805807	0.27531879229528994	32861.56817103005	3.8627739718316715e-10
208.33333333333334	0.27539964624483054	32848.05812727501	4.183246222778702e-10
208.60860860860862	0.27550492780771935	32834.553635086115	4.052557238966852e-10
208.8838838838839	0.275641331503971	32821.05469497665	3.8704582418841643e-10
209.15915915915917	0.2757052426099876	32807.56130743133	4.192803887529377e-10
209.43443443443445	0.27575568213477364	32794.07346461257	4.061002581003913e-10
209.70970970970973	0.2759607181942632	32780.59116702854	3.876770591524519e-10
209.984984984985	0.27623925922058823	32767.11441515846	4.2018069858820443e-10
210.26026026026028	0.27644404588213284	32753.643201184306	4.066758744059458e-10
210.53553553553556	0.27670966179026696	32740.177525608815	3.8767366443889346e-10
210.8108108108108	0.2771388289725326	32726.71738890473	4.2077404827537457e-10
211.08608608608608	0.27752226087367254	32713.26278327505	4.066435252324874e-10
211.36136136136136	0.27775934125671153	32699.81370921646	3.8662137485760094e-10
211.63663663663664	0.2780079725613412	32686.370167193847	4.208187578761491e-10
211.91191191191191	0.2782975411313094	32672.932149432825	4.0596056989676865e-10
212.1871871871872	0.27851433591507224	32659.49965642376	3.8481203771833605e-10
212.46246246246247	0.2786644286448644	32646.07268862325	4.2045699934398574e-10
212.73773773773775	0.278813529181406	32632.65123828031	4.0480872658653156e-10
213.01301301301302	0.27891249790607076	32619.2353058784	3.8255389465314266e-10
213.2882882882883	0.2789307586511747	32605.82489186582	4.1983662635139974e-10
213.56356356356358	0.2790517725080309	32592.419988515445	4.034166678579576e-10
213.83883883883885	0.27934896717990976	32579.020596304097	3.7991330801350864e-10
214.11411411411413	0.2795808751623422	32565.62671567128	4.1904919222552295e-10
214.3893893893894	0.27967750513355893	32552.238338914183	4.015763878810892e-10
214.66466466466468	0.2798198161571675	32538.855466502086	3.765922632427982e-10
214.93993993993996	0.2800164262223869	32525.478098865256	4.178951470438361e-10
215.21521521521524	0.28014709419566997	32512.106228326524	3.9927714977462287e-10
215.4904904904905	0.28022334004946564	32498.739858052697	4.301120485479473e-10
215.76576576576576	0.28032286413965346	32485.378980344878	4.1630018536652807e-10
216.04104104104104	0.28053360373364955	32472.02359567486	3.9637928794073983e-10
216.31631631631632	0.2808767502112854	32458.67370448119	4.2918995791869593e-10
216.5915915915916	0.28119579263085837	32445.329299089866	4.141707925676493e-10
216.86686686686687	0.28139556148860656	32431.99037996504	3.9239347742086607e-10
217.14214214214215	0.2815184593063323	32418.656947534713	4.2770694282367664e-10
217.41741741741743	0.2815789273416094	32405.32899415149	4.114296599814197e-10
217.6926926926927	0.2815662674136494	32392.00652027134	3.879469924871068e-10
217.96796796796798	0.2816042303405684	32378.689526312308	4.25950933861334e-10
218.24324324324326	0.2818399820281652	32365.378004654194	4.0834298219327673e-10
218.51851851851853	0.28209869017102157	32352.071955745003	3.827307459488319e-10
218.7937937937938	0.2822024538795722	32338.771379991187	4.238375409097538e-10
219.0690690690691	0.2823351616262763	32325.476269800834	4.0460026862881474e-10
219.34434434434436	0.28261334954507045	32312.186628281426	4.3560193172004235e-10
219.61961961961964	0.2828828012548767	32298.902447819997	4.210317897587921e-10
219.89489489489492	0.28306576519698157	32285.623728865277	3.996801738455988e-10
220.17017017017017	0.2832122232001998	32272.35047182962	4.3364165784169513e-10
220.44544544544544	0.2833762134887258	32259.082669128096	4.175062504396355e-10
220.72072072072072	0.2835902205733883	32245.820321201067	3.937929038885093e-10
220.995995995996	0.28374650383849814	32232.56342844894	4.311835087620074e-10
221.27127127127127	0.28373681339238765	32219.31198331599	4.132955334099714e-10
221.54654654654655	0.28371140466585965	32206.065986233192	3.871675048274865e-10
221.82182182182183	0.28380710529075454	32192.82543758894	4.2831449734099724e-10
222.0970970970971	0.28396360086941547	32179.59032985805	4.0854246831588256e-10
222.37237237237238	0.28410350817356117	32166.360666101224	4.397876279606045e-10
222.64764764764766	0.28417297238176864	32153.136438772286	4.248495822062628e-10
222.92292292292294	0.28422262761796485	32139.91764830217	4.0289343304329076e-10
223.1981981981982	0.28438423865340584	32126.70429508444	4.3744254905039234e-10
223.4734734734735	0.28467190502501705	32113.496371602017	4.2072072580506924e-10
223.74874874874877	0.2850211022985768	32100.29387827723	3.958845076911769e-10
224.02402402402404	0.2853079777056364	32087.096815490095	4.344452433009321e-10
224.29929929929932	0.2854516659652214	32073.905175754757	4.1545065769571996e-10
224.5745745745746	0.28556354881902163	32060.718962105628	4.449543265867251e-10
224.84984984984985	0.28573866429713235	32047.538167038845	4.304671060875112e-10
225.12512512512512	0.28597386675041137	32034.362790975254	4.0881715327662966e-10
225.4004004004004	0.2862485474705336	32021.192834297413	4.421372850319755e-10
225.67567567567568	0.2865324337077304	32008.028289532132	4.254500658090875e-10
225.95095095095095	0.2867714571426583	31994.869157090674	4.0040598925274736e-10
226.22622622622623	0.2869121751620723	31981.71543734074	4.3841340789656845e-10
226.5015015015015	0.28701728951799405	31968.567122842745	4.191770888853806e-10
226.77677677677679	0.2871765862582183	31955.424216599287	4.4848811179500755e-10
227.05205205205206	0.2873933938403465	31942.2867111535	4.336621888875984e-10
227.32732732732734	0.28764361046140596	31929.154606914093	4.1124292843129534e-10
227.60260260260262	0.28788942657822675	31916.02790424946	4.450175044235714e-10
227.8778778778779	0.28810925295594497	31902.906595735527	4.2762966913427244e-10
228.15315315315317	0.2883068548993684	31889.790681770683	4.012899799849336e-10
228.42842842842845	0.28848705332124963	31876.68016270708	4.40514132212154e-10
228.70370370370372	0.288652188757125	31863.575031156885	4.200675632992451e-10
228.978978978979	0.28878871539053663	31850.475290085622	4.505716331161729e-10
229.25425425425428	0.288893856172554	31837.38093208763	4.347317318277377e-10
229.52952952952953	0.28906116875729093	31824.29195755788	4.1060670136808133e-10
229.8048048048048	0.28935778374934745	31811.20836684799	4.4632607836072713e-10
230.08008008008008	0.2896860195580056	31798.1301525878	4.274023191268397e-10
230.35535535535536	0.2899304670637453	31785.05731773252	4.553662530093047e-10
230.63063063063063	0.2900043893607729	31771.98985489713	4.4060312214686306e-10
230.9059059059059	0.2900220097446757	31758.927764472013	4.1800617797743073e-10
231.1811811811812	0.29027608100670055	31745.871046806296	4.5115053820672254e-10
231.45645645645646	0.29066225243871635	31732.81969455052	4.333354481862517e-10
231.73173173173174	0.29087303304613044	31719.77370808405	4.058635304183527e-10
232.00700700700702	0.29102194205364623	31706.733087736815	4.4556445744189244e-10
232.2822822822823	0.2913104486329968	31693.697826199517	4.239008888874274e-10
232.55755755755757	0.2916384313115846	31680.667926382623	4.5522431539428504e-10
232.83283283283285	0.29190394883146187	31667.643380959616	4.380475083427358e-10
233.10810810810813	0.2921527723965181	31654.624190304923	4.112753149277112e-10
233.3833833833834	0.29242311283904715	31641.610354743654	4.4940902786612907e-10
233.65865865865868	0.292715261580786	31628.60186699054	4.280809571390856e-10
233.93393393393396	0.2929926304210571	31615.598729939877	4.584167900531258e-10
234.2092092092092	0.293198872028838	31602.60093629104	4.4141597993502516e-10
234.48448448448448	0.2933477899637324	31589.608486412213	4.147245114425141e-10
234.75975975975976	0.29348740723342187	31576.621380621735	4.5222676159731677e-10
235.03503503503504	0.29365963108395093	31563.6396116613	4.3095544113781576e-10
235.3103103103103	0.2938704102712882	31550.66318240705	4.6091840337722004e-10
235.5855855855856	0.29403346766452243	31537.692085585943	4.4392760172503946e-10
235.86086086086087	0.294140656514603	31524.726321559232	4.1713267028971617e-10
236.13613613613614	0.2943317105945435	31511.765890637882	4.5450162124483694e-10
236.41141141141142	0.2945978098475815	31498.810785592053	4.329911481529199e-10
236.6866866866867	0.2947814881458478	31485.861009278047	4.6299743642656225e-10
236.96196196196198	0.29490384186641216	31472.916554451676	4.4576150049851485e-10
237.23723723723725	0.29508572720086135	31459.97742146704	4.183741930065661e-10
237.51251251251253	0.2953490584154743	31447.04361062626	4.5619765409413893e-10
237.7877877877878	0.2956615650092312	31434.115114729917	4.3404166832343774e-10
238.06306306306308	0.2959342618177515	31421.191936612788	4.6459212391498285e-10
238.33833833833836	0.29611156775944664	31408.27406906133	4.466726010149139e-10
238.61361361361364	0.2962327662317843	31395.361512421572	4.180017772339991e-10
238.88888888888889	0.2963697968287215	31382.454266984932	4.570800316491679e-10
239.16416416416416	0.29661286627508454	31369.552325585202	4.338465697363018e-10
239.43943943943944	0.2969297488946099	31356.655691033444	4.6555270119328816e-10
239.71471471471472	0.29719890448222264	31343.764356148822	4.466047912608124e-10
239.98998998999	0.29735259457795893	31330.878323757417	4.72443885840812e-10
240.26526526526527	0.29738395806530143	31317.997586668927	4.5709526935073335e-10
240.54054054054055	0.2974385706338799	31305.1221452252	4.3231077750104217e-10
240.81581581581582	0.2976092765830767	31292.251999719258	4.65824814296766e-10
241.0910910910911	0.29774437398258335	31279.387143004875	4.456645059812215e-10
241.36636636636638	0.29778768391211835	31266.527577883222	4.730022145488473e-10
241.64164164164166	0.29788743266696477	31253.673297197525	4.5665125326472146e-10
241.91691691691693	0.2980779617925823	31240.824301280772	4.301186975487315e-10
242.1921921921922	0.2982730732990228	31227.9805904137	4.657722227275282e-10
242.4674674674675	0.2984509760052027	31215.142157485774	4.440971332235613e-10
242.74274274274276	0.2986172181829412	31202.309005272113	4.732684473649876e-10
243.01801801801804	0.2986983965221442	31189.48112665032	4.5558854835465383e-10
243.29329329329332	0.29866176677024836	31176.658521943642	4.2693766386236777e-10
243.56856856856857	0.29870024365425113	31163.8411914198	4.652141128332155e-10
243.84384384384384	0.2989458623840561	31151.029128005728	4.418008446554919e-10
244.11911911911912	0.2993211805080928	31138.22233444929	4.731693067780414e-10
244.3943943943944	0.2997128068085479	31125.420803664023	4.5380323887918245e-10
244.66966966966967	0.30000300278300907	31112.62453841154	4.796712050321145e-10
244.94494494494495	0.3002104557873364	31099.83353159696	4.6368429364054397e-10
245.22022022022023	0.3004308773572783	31087.047783538128	4.372922197889095e-10
245.4954954954955	0.30058367654972723	31074.26729449966	4.719945113085641e-10
245.77077077077078	0.300578529945958	31061.492057434883	4.5028236111267496e-10
246.04604604604606	0.30061982463795967	31048.72207507568	4.789574027906974e-10
246.32132132132134	0.3008395700317288	31035.957340365265	4.610460740148959e-10
246.5965965965966	0.3010066729412908	31023.19785604739	4.848121982164921e-10
246.8718718718719	0.3010423017689893	31010.443615058295	4.700522711691264e-10
247.14714714714717	0.3011631117518226	30997.694617708614	4.4560248017757797e-10
247.42242242242244	0.30138993805455994	30984.95086425904	4.776779193180136e-10
247.69769769769772	0.30156236658945534	30972.212347692275	4.5739900364603945e-10
247.972972972973	0.301709289531318	30959.479070722165	4.840465256567144e-10
248.24824824824825	0.30193804374042965	30946.751026323145	4.672048501114966e-10
248.52352352352352	0.3021849083805264	30934.02821479548	4.391083414982927e-10
248.7987987987988	0.30237399004362403	30921.310636382495	4.755115363146382e-10
249.07407407407408	0.30257018799272084	30908.598284110285	4.5208258142138236e-10
249.34934934934935	0.3028368338468709	30895.89116065949	4.82472994093975e-10
249.62462462462463	0.3031825311536667	30883.189259045754	4.6279871216121194e-10
249.8998998998999	0.30356462934155504	30870.492581961604	4.883043260932916e-10
250.17517517517518	0.30389416628477567	30857.801122416007	4.716910276398009e-10
250.45045045045046	0.3041469476800468	30845.1148807011	4.4354823535170797e-10
250.72572572572574	0.30434144141669867	30832.433857050946	4.793246370074257e-10
251.00100100100101	0.3044654084016748	30819.758044528375	4.556163089383956e-10
251.2762762762763	0.3045130441280904	30807.087445788697	4.858019745077902e-10
251.55155155155157	0.3045569550342401	30794.42205388531	4.659017550146716e-10
251.82682682682685	0.3046647396001995	30781.761871485156	4.913842945832719e-10
252.10210210210212	0.304846578251845	30769.10689163541	4.746145117849295e-10
252.3773773773774	0.30506206395686947	30756.457114618843	4.460734187925076e-10
252.65265265265268	0.3052174667252592	30743.812540659008	4.821244741436863e-10
252.92792792792793	0.3053311542158697	30731.173162857784	4.580152398210369e-10
253.2032032032032	0.30550895659104277	30718.538983843908	4.885387976455507e-10
253.47847847847848	0.30573658322792285	30705.909996710103	4.680894204155537e-10
253.75375375375376	0.30594631353663776	30693.286204096014	4.940216496186035e-10
254.02902902902903	0.30613176493958466	30680.66759908834	4.766475117388634e-10
254.3043043043043	0.3063123926567769	30668.054181959913	4.468572134103164e-10
254.5795795795796	0.30652537556889303	30655.445952921662	4.840873874208958e-10
254.85485485485486	0.3067546781380231	30642.84290511805	4.5866506014964105e-10
255.13013013013014	0.3068910954983463	30630.2450411473	4.904297274561787e-10
255.40540540540542	0.30696157016555264	30617.652354144488	4.687946003856405e-10
255.6806806806807	0.30713133985927127	30605.06484671939	4.959253449721682e-10
255.95595595595597	0.30734933155080163	30592.482512000945	4.77429652397566e-10
256.2312312312313	0.3074482751470312	30579.905352606973	5.006761031910483e-10
256.5065065065065	0.3074689752104046	30567.3333616626	4.849300271893117e-10
256.7817817817818	0.30751301469171083	30554.766539431872	4.577470229332916e-10
257.0570570570571	0.3075942778919509	30542.204886121246	4.915193267794713e-10
257.3323323323324	0.30769096552198794	30529.648394910615	4.68338074310843e-10
257.60760760760763	0.30774955933414655	30517.097068377618	4.972390480432424e-10
257.8828828828829	0.30777653189784576	30504.550899694696	4.775042593823583e-10
258.15815815815813	0.3078596601344256	30492.00989144914	5.022461552750979e-10
258.43343343343344	0.30802022448400457	30479.474036808795	4.853949835744703e-10
258.70870870870874	0.3082196031913784	30466.943336026798	4.561772992768319e-10
258.983983983984	0.30841493974209483	30454.417789294614	4.923037751397713e-10
259.25925925925924	0.3085780486826724	30441.897389837923	4.672364474571833e-10
259.53453453453454	0.3087564631577326	30429.382140201204	4.982613327932115e-10
259.80980980980985	0.308966662461483	30416.872033602074	4.767009221557181e-10
260.0850850850851	0.30907929797078637	30404.367072595	5.034212572601435e-10
260.36036036036035	0.30908873617112337	30391.86725039204	4.849491391690296e-10
260.63563563563565	0.3092258852707807	30379.372569555722	5.079676863516397e-10
260.91091091091096	0.30950852310416316	30366.883023295286	4.920407689604331e-10
261.1861861861862	0.30972602086424805	30354.398611854136	4.641199905817102e-10
261.46146146146145	0.3097958005344895	30341.9193354157	4.982993723972613e-10
261.73673673673676	0.30974415400430555	30329.445187245983	4.74341807832002e-10
262.01201201201206	0.30973062333709894	30316.9761698641	5.038156129437772e-10
262.2872872872873	0.30989106750980794	30304.51227652943	4.832154691735215e-10
262.56256256256256	0.31010373698586857	30292.05350977022	5.086800784729156e-10
262.8378378378378	0.310255950142201	30279.59986284115	4.90886690473822e-10
263.1131131131131	0.3103708929056059	30267.15133827705	5.129410846468869e-10
263.3883883883884	0.31049097353313115	30254.707929330463	4.975886527081663e-10
263.66366366366367	0.31065690224178805	30242.269636234425	4.705537369317645e-10
263.9389389389389	0.3108372461286257	30229.83645916351	5.035367820642925e-10
264.2142142142142	0.31096307443682136	30217.40839142649	4.801261605442256e-10
264.48948948948953	0.31111458626514304	30204.985435514707	5.087409519578717e-10
264.7647647647648	0.3113953014135516	30192.56758473142	4.883836771205646e-10
265.04004004004	0.31169205035789915	30180.154841575877	5.133016480857392e-10
265.31531531531533	0.31189028264332513	30167.747199347756	4.955383455759775e-10
265.59059059059064	0.3120300923422554	30155.344660551906	5.173039619800468e-10
265.8658658658659	0.3121546262582041	30142.947218486734	5.018363593270719e-10
266.14114114114113	0.31227332038361005	30130.554873374214	4.743192427653657e-10
266.41641641641644	0.3124047862790799	30118.16762537639	5.074880256677207e-10
266.69169169169174	0.31257188859005214	30105.785467849917	4.834632904559038e-10
266.966966966967	0.3127193568154886	30093.408403253507	5.124748828147938e-10
267.24224224224224	0.3127817832104148	30081.036424938415	4.91510942386025e-10
267.5175175175175	0.3129041548586549	30068.66953537113	5.169125509755103e-10
267.7927927927928	0.31320783865218543	30056.30772790007	4.985222031740135e-10
268.0680680680681	0.31348823964030686	30043.95100499719	5.208492719434558e-10
268.34334334334335	0.31360705897622576	30031.599360009255	5.046936496762392e-10
268.6186186186186	0.3136842766093796	30019.25279314637	4.757283254801472e-10
268.8938938938939	0.31375265189919765	30006.9113045554	5.102802513521174e-10
269.1691691691692	0.3137170547360703	29994.57488764443	4.849627687173308e-10
269.44444444444446	0.31365711997516355	29982.243544836292	5.152900348502376e-10
269.7197197197197	0.31375952903734594	29969.917269533646	4.931670315980547e-10
269.994994994995	0.31400168354631613	29957.596064167697	5.198092979636359e-10
270.2702702702703	0.31426572034654393	29945.279922137357	5.003066026707797e-10
270.54554554554556	0.3144354677495442	29932.968845879383	5.238035392241577e-10
270.8208208208208	0.31447674509565215	29920.662828790868	5.066673839765105e-10
271.0960960960961	0.31455268130712044	29908.361873313104	5.274019512592584e-10
271.3713713713714	0.31468873622675847	29896.065972843182	5.123351428936244e-10
271.6466466466467	0.31467622399034795	29883.77512757918	4.852055399523472e-10
271.9219219219219	0.3145922829185399	29871.48933765941	5.175038669353307e-10
272.19719719719717	0.31475257668279105	29859.208596539815	4.93703108278717e-10
272.4724724724725	0.31506855953490037	29846.93290661416	5.221716365137944e-10
272.7477477477478	0.31528476149859297	29834.66226133374	5.011078572207039e-10
273.02302302302303	0.3155059255046588	29822.396663098585	5.262958356055503e-10
273.2982982982983	0.3158522671346613	29810.136105358197	5.075786864756979e-10
273.5735735735736	0.31611343235619177	29797.880590517096	5.299623696579527e-10
273.8488488488489	0.31620543909476306	29785.630112023933	5.133500999484105e-10
274.12412412412414	0.31638895663893263	29773.38467006456	4.83064606232686e-10
274.3993993993994	0.31669480298360275	29761.144264757997	5.186199932296022e-10
274.6746746746747	0.3168687672919345	29748.90888961815	4.915972528015542e-10
274.94994994995	0.3169000000751583	29736.678546995325	5.232869678157222e-10
275.22522522522524	0.3169516071940525	29724.453230399005	4.992947676881032e-10
275.5005005005005	0.3171300564857931	29712.23294218717	5.275434777582837e-10
275.7757757757758	0.3174636898082369	29700.017675866515	5.060608654401981e-10
276.0510510510511	0.31777280815211073	29687.807433800153	5.313550187311809e-10
276.32632632632635	0.3179500190678528	29675.602209493292	5.120743071261961e-10
276.6016016016016	0.3181726536700289	29663.402005312946	5.347859161560972e-10
276.87687687687685	0.3184806494061187	29651.20681476488	5.174143190228813e-10
277.15215215215215	0.31867495836579235	29639.01664021835	5.37887333045543e-10
277.42742742742746	0.3187611000369074	29626.83147518031	5.222670126596274e-10
277.7027027027027	0.3189177428297171	29614.65131982341	4.932665475618914e-10
277.97797797797796	0.3191332110935984	29602.47617425488	5.267699068236174e-10
278.25325325325326	0.3193126395317226	29590.30603204668	5.005822855997201e-10
278.52852852852857	0.3194722962180585	29578.140895512322	5.308374529555108e-10
278.8038038038038	0.3196591846874076	29565.980758221427	5.071579464340905e-10
279.07907907907907	0.3199054807929831	29553.825622492706	5.345441083175645e-10
279.35435435435437	0.3201899846681688	29541.67548189484	5.130150187595522e-10
279.6296296296297	0.3204046389944265	29529.53033874998	5.378989706508916e-10
279.9049049049049	0.320490979776189	29517.390186626897	5.183517166539322e-10
280.1801801801802	0.3204606130081118	29505.255027850308	5.409843959330338e-10
280.4554554554555	0.3204113569566542	29493.124855990212	5.233429191923365e-10
280.7307307307308	0.3204682677992594	29480.999673373633	5.439000811369789e-10
281.00600600600603	0.3205733051632261	29468.879473572448	5.279286949727158e-10
281.2812812812813	0.3206136000070581	29456.76425674378	4.980369797522688e-10
281.5565565565566	0.3205486075357076	29444.65402297703	5.322400192065617e-10
281.83183183183183	0.32043841350404656	29432.548765910928	5.053594612093923e-10
282.10710710710714	0.3205214905462498	29420.448487814687	5.362951389075172e-10
282.3823823823824	0.3208270401768671	29408.353182324656	5.119043241054153e-10
282.6576576576577	0.32108780283201693	29396.262851714888	5.399922882093916e-10
282.93293293293294	0.3212824011338305	29384.177489620295	5.177876238085065e-10
283.20820820820825	0.3215832568602345	29372.09709831888	5.433608829543361e-10
283.4834834834835	0.3219346048934973	29360.02167144601	5.230126718154509e-10
283.75875875875874	0.32219210801180476	29347.951211281816	5.464091959059669e-10
284.03403403403405	0.3223554145938481	29335.88571146291	5.277692860765691e-10
284.3093093093093	0.3224676166781772	29323.825174271013	5.492177144275096e-10
284.5845845845846	0.3225721243564665	29311.769593345034	5.321689457085997e-10
284.85985985985985	0.32271450238278016	29299.71897096765	5.51850948656928e-10
285.13513513513516	0.3229391397472496	29287.673300780796	5.361996949511689e-10
285.4104104104104	0.3231784555893576	29275.632582925715	5.063361926353456e-10
285.6856856856857	0.3232729174060677	29263.596817474718	5.400034394987892e-10
285.96096096096096	0.3233181454046597	29251.56599813844	5.126288197204202e-10
286.23623623623627	0.3235187365208901	29239.54012713828	5.435615011447396e-10
286.5115115115115	0.32374047100811054	29227.519198184105	5.18324162082293e-10
286.7867867867868	0.3238110064823514	29215.503213500437	5.468296923988818e-10
287.06206206206207	0.3238801978469035	29203.49216679734	5.236308578342483e-10
287.3373373373374	0.3240396373230606	29191.48606030248	5.499058797250829e-10
287.6126126126126	0.32411665155882013	29179.48488772673	5.28537940794561e-10
287.8878878878879	0.3240879081784192	29167.488651299485	5.527819725946215e-10
288.1631631631632	0.32414719310487816	29155.497344733492	5.331569401755611e-10
288.4384384384384	0.32427459249191215	29143.51097025984	5.5552222467591e-10
288.71371371371373	0.3243070048130211	29131.529521593227	5.374683835944406e-10
288.988988988989	0.3243655436249025	29119.553000965483	5.581104534627774e-10
289.2642642642643	0.3246282870436703	29107.581402094605	5.414422115889907e-10
289.53953953953953	0.32490722407009975	29095.61472721247	5.605452531419356e-10
289.81481481481484	0.3250295301292775	29083.652970040177	5.451121277764026e-10
290.0900900900901	0.3251316036681368	29071.696130700406	5.153985847377067e-10
290.3653653653654	0.3253086707529387	29059.74420924707	5.486390255417905e-10
290.64064064064064	0.32551314774609985	29047.797199471133	5.210787917507979e-10
290.91591591591595	0.3257102732725819	29035.85510354129	5.519044912784053e-10
291.1911911911912	0.32588929984152665	29023.917915248625	5.262888200912942e-10
291.4664664664665	0.32603258063262347	29011.98563676448	5.549376717913258e-10
291.74174174174175	0.32612390178980394	29000.058261880913	5.311426637719326e-10
292.01701701701705	0.32618269864418115	28988.13579277125	5.577918471475243e-10
292.2922922922923	0.32624801990688934	28976.21822322924	5.357115250870054e-10
292.5675675675676	0.32638112386386636	28964.30555542979	5.605093240190854e-10
292.84284284284286	0.32659242321373083	28952.39778316899	5.399321974299375e-10
293.1181181181181	0.32678448953492834	28940.49490862231	5.630634574126696e-10
293.3933933933934	0.32689293213507803	28928.59692558855	5.438700789770589e-10
293.66866866866866	0.32691286746022535	28916.703836243196	5.654728073668293e-10
293.94394394394396	0.32690547471252485	28904.81563438849	5.476405378082914e-10
294.2192192192192	0.3269657719476131	28892.93232219996	5.67799575850866e-10
294.4944944944945	0.32709340768391715	28881.053893483673	5.511904989441153e-10
294.76976976976977	0.32726403662692805	28869.18035041448	5.70025490847049e-10
295.0450450450451	0.32753645811937954	28857.31168680274	5.544724480964998e-10
295.3203203203203	0.32789071255905017	28845.44790275103	5.239531046016969e-10
295.5955955955956	0.3280621683641436	28833.58899829002	5.576115905795357e-10
295.8708708708709	0.3280182699527165	28821.734967302105	5.290883277171996e-10
296.1461461461462	0.3281135589519244	28809.885811895478	5.605996822997194e-10
296.4214214214214	0.32841361746257847	28798.041525954115	5.337973216895052e-10
296.69669669669673	0.32870468652493046	28786.20211158778	5.63400500928358e-10
296.971971971972	0.32893496976409975	28774.36756268207	5.381028841399675e-10
297.2472472472473	0.3291434119361442	28762.537881347613	5.659997069734663e-10
297.52252252252254	0.32932968631424125	28750.71306147278	5.420993261902986e-10
297.7977977977978	0.32947893835424963	28738.893105168478	5.684456105656085e-10
298.0730730730731	0.3295739314664778	28727.078006326235	5.458772545223446e-10
298.34834834834834	0.3296308771595154	28715.267767056874	5.707804722683019e-10
298.62362362362364	0.32972660741953574	28703.4623812556	5.494822438192779e-10
298.8988988988989	0.32986701994990003	28691.661851032914	5.730343785529414e-10
299.1741741741742	0.32997446487016485	28679.86617028784	5.528942465564639e-10
299.44944944944945	0.33003696003148864	28668.075341129927	5.751935591804803e-10
299.72472472472475	0.3300923190974233	28656.289357462476	5.561737658802292e-10
300.0	0.3301794019933555	28644.508221394077	5.772884774469158e-10
