0.0022710252383639495	2.9310654777941654	6080.023607984361	4.957016060132757	0.007384760136641114
25.0	0.035880398671096346	33212.0	10.0
25.275275275275277	0.03649763222595939	33739.824091991926	9.514172220295983
25.55055055055055	0.03718393073932918	34248.03824005371	9.043474266231643
25.825825825825827	0.03795615610429177	34737.78011455314	8.5870101127463
26.1011011011011	0.038715943590682735	35208.64978569005	8.145136768456174
26.376376376376378	0.03939291779095632	35659.443665791776	7.71886781496374
26.65165165165165	0.03998448557885617	36089.220243232296	7.309004936436428
26.926926926926928	0.04057869702648577	36498.33122431307	6.91529591465447
27.2022022022022	0.04131231703595179	36888.6474389985	6.536248110985967
27.47747747747748	0.04208210624285173	37260.6610011494	6.171491031158478
27.75275275275275	0.042705635802493265	37613.05042105128	5.8221335465956585
28.02802802802803	0.04326068465441525	37945.58781584958	5.488394169044193
28.303303303303302	0.04387902026709413	38259.35600162477	5.169422056483488
28.57857857857858	0.04460503661001918	38555.680354448305	4.864166606029726
28.853853853853856	0.04543134585842399	38835.63655742248	4.571778806380142
29.12912912912913	0.046286948604380165	39099.6326167361	4.291952791098565
29.404404404404403	0.04708057081086186	39347.450317606796	4.024893111685339
29.67967967967968	0.047720114284958204	39578.43815788871	3.7711583124639594
29.954954954954957	0.048286264688655225	39792.70105436569	3.5306906635367987
30.23023023023023	0.0489489929193837	39991.40227166986	3.302568485092842
30.505505505505504	0.049703192050573414	40175.53375038404	3.086007996131856
30.78078078078078	0.05046495325645289	40345.562434782805	2.8806522499978167
31.056056056056057	0.051123773247137634	40501.46278876742	2.686545468297235
31.33133133133133	0.05165710239116111	40643.25396417837	2.5036954430237386
31.606606606606608	0.05224733033584382	40771.81027119944	2.3314119917073906
31.88188188188188	0.05296730137200282	40888.19179810782	2.1688518583268337
32.15715715715716	0.05370893362694373	40992.949430192304	2.015585618975773
32.432432432432435	0.05441235150573179	41086.42546500498	1.871353177121266
32.70770770770771	0.05506773647284146	41168.96852706489	1.7358887052827612
32.98298298298298	0.05566020320499921	41240.92325753348	1.6089290493574884
33.25825825825826	0.05618877508555625	41302.6718990448	1.4901797953825848
33.533533533533536	0.0567355901165231	41354.81766667738	1.3791655473253437
33.808808808808806	0.05737069678377883	41398.07902282516	1.2753158489401888
34.08408408408408	0.05806094967071869	41433.031503252125	1.1781757034941784
34.35935935935936	0.05877507331150267	41460.14600088586	1.0873745651755755
34.63463463463464	0.05951480818907456	41479.87159080891	1.0025589142699423
34.90990990990991	0.06028519201475041	41492.64112554873	0.9233877266726976
35.18518518518518	0.061086482693770115	41498.863043465826	0.8495391871909976
35.46046046046046	0.06186270849194517	41498.84959047999	0.7807693102904547
35.73573573573574	0.06253928774321207	41492.82654704187	0.7169041633251524
36.01101101101101	0.06314678634323903	41481.08321623691	0.65771759472462
36.286286286286284	0.06375176562153434	41463.98672401129	0.6029194572641733
36.56156156156156	0.06440508493845365	41441.93436768047	0.5521943702124195
36.83683683683684	0.06511752941399905	41415.29992287442	0.5052454914509414
37.112112112112115	0.06582468668547746	41384.37496040802	0.46184245142453145
37.38738738738739	0.06650121544618788	41349.42164224419	0.42177839946133017
37.66266266266266	0.06718304028680076	41310.71979584522	0.38483163222704153
37.93793793793794	0.06789851320616405	41268.55083915968	0.3507786842130283
38.213213213213216	0.06865325685418078	41223.17871073934	0.3194098892099064
38.488488488488485	0.06934361597441853	41174.79715609096	0.29057243225901686
38.76376376376376	0.06986881325164723	41123.555840302055	0.26414915395571625
39.03903903903904	0.07037856134665502	41069.6790828283	0.23996171651305875
39.314314314314316	0.07101413620819416	41013.42958081828	0.21780008757441208
39.58958958958959	0.07170773884517193	40955.01564934856	0.19749818374173872
39.86486486486486	0.07237583659383502	40894.60158622052	0.17892550142007674
40.14014014014014	0.07296627234469617	40832.33014906233	0.16196884484400692
40.41541541541542	0.07348244350901502	40768.342689750505	0.1465159287970569
40.690690690690694	0.07398050976314471	40702.78907922081	0.13244728064033012
40.965965965965964	0.07452952316533219	40635.82325253185	0.11963986212751869
41.24124124124124	0.07518750908229485	40567.594816152225	0.1079739124937945
41.51651651651652	0.0759108955386433	40498.22895059309	0.09734935842698164
41.791791791791795	0.07662601354685032	40427.82788693939	0.08768464950901902
42.06706706706707	0.077281404396924	40356.48065391068	0.07890884107399056
42.34234234234234	0.07787059894521889	40284.2720642883	0.07095428168573058
42.61761761761762	0.07846620478010873	40211.29111180066	0.06374976685670208
42.892892892892895	0.07912397916627288	40137.62501213806	0.05722539563147116
43.168168168168165	0.07986213264181515	40063.35373234156	0.05131703847060645
43.44344344344344	0.0806133094161593	39988.54360806532	0.04597155867442746
43.71871871871872	0.08126951736171192	39913.24832074912	0.04114603747749246
43.993993993993996	0.0818863330159395	39837.52327796429	0.0367960582416575
44.26926926926927	0.08256668971258882	39761.42595089633	0.0328754281336827
44.54454454454455	0.08329524709957346	39685.00707285534	0.02934335821610878
44.81981981981982	0.084003633578327	39608.30942644307	0.026165464517122494
45.0950950950951	0.0845730168206963	39531.36804212346	0.023313619173380346
45.37037037037037	0.08502366903733083	39454.21770499981	0.02075983646709109
45.645645645645644	0.08558505921530832	39376.898628202805	0.018471642730313573
45.92092092092092	0.08626849659260628	39299.44631660141	0.016420340312800777
46.1961961961962	0.0868876508613205	39221.88728150302	0.01458451298776031
46.471471471471475	0.08745953475887848	39144.24664761153	0.01294383225611122
46.74674674674675	0.0880994040370686	39066.54982402396	0.011477695794626349
47.02202202202202	0.08880153191572991	38988.81924967355	0.010167883293106654
47.2972972972973	0.08951677398724353	38911.07415049409	0.00899875960021169
47.572572572572575	0.09019053974193394	38833.33119150293	0.007956747857306592
47.847847847847845	0.09079117925014783	38755.60533351376	0.007029634521060401
48.12312312312312	0.09133349076143306	38677.91058803269	0.006205956050516861
48.3983983983984	0.09188068922855615	38600.26038128239	0.005474703349090086
48.673673673673676	0.0925364673059174	38522.667585472416	0.004825297194415568
48.94894894894895	0.09328225584390085	38445.14328037364	0.0042485999679462505
49.22422422422423	0.09401595561116456	38367.69655713637	0.003737094668997736
49.4994994994995	0.09467001123677198	38290.335251815995	0.003284237930717838
49.77477477477478	0.09522049914589577	38213.06646981284	0.00288408907665586
50.05005005005005	0.09575584183208599	38135.89713626101	0.002530842763598575
50.32532532532532	0.09634938915856216	38058.833710330786	0.0022190624610924615
50.6006006006006	0.09697330489694994	37981.881753996626	0.0019440331846826704
50.87587587587588	0.0976132098380633	37905.046129047456	0.001701602190477373
51.151151151151154	0.09829298592896317	37828.33119278627	0.001488020413641638
51.42642642642643	0.09900901084678715	37751.740760471235	0.0012999739601041863
51.70170170170171	0.0997304853585378	37675.278121474155	0.0011345718173662205
51.97697697697698	0.10042293783348347	37598.94612448441	0.0009892771859922706
52.252252252252255	0.10106044187457341	37522.74726480015	0.0008618369669344184
52.527527527527525	0.10166866900347557	37446.6837988307	0.0007501888977571841
52.8028028028028	0.10226873643621959	37370.75773649867	0.0006524681519105382
53.07807807807808	0.10282003287407916	37294.97079146542	0.0005670483854277797
53.353353353353356	0.10335930394612633	37219.32449664684	0.0004924479600295088
53.62862862862863	0.10407138033760716	37143.82030763056	0.00042724582785789913
53.90390390390391	0.10490038300952978	37068.45938748418	0.00037025728292176097
54.17917917917918	0.10553855928616802	36993.24253749178	0.0003205909879215389
54.454454454454456	0.10600759965113071	36918.17049084559	0.0002774098922036834
54.729729729729726	0.10652510668482015	36843.24397982947	0.00023987650332161188
55.005005005005	0.10707955140319056	36768.463597339745	0.00020726591782718802
55.28028028028028	0.1075943971785525	36693.829798491526	0.00017896476382197124
55.55555555555556	0.10810595328657535	36619.342967110766	0.00015441201637179415
55.830830830830834	0.1086556688276326	36545.00339817664	0.00013312676691508462
56.10610610610611	0.10923654546605048	36470.81131368939	0.00011468377410312652
56.38138138138139	0.109819889305177	36396.766863354096	9.871642614862826e-05
56.65665665665666	0.11035933003598722	36322.870134202996	8.49090037214649e-05
56.931931931931935	0.1108558282921419	36249.12116776823	7.298277035699602e-05
57.20720720720721	0.11134320002039472	36175.5199681583	6.268945525798749e-05
57.48248248248248	0.1117885999299339	36102.066497908956	5.381468933104802e-05
57.75775775775776	0.11215590487737843	36028.76068455732	4.6172700612458515e-05
58.033033033033036	0.11256084257273198	35955.60243631989	3.959358705051067e-05
58.30830830830831	0.11309161707615698	35882.59163775348	3.392688399509045e-05
58.58358358358358	0.11363149957722565	35809.72814025364	2.9049318418489183e-05
58.85885885885886	0.11411948082129798	35737.011773002014	2.4855916210040096e-05
59.134134134134136	0.11464420264928071	35664.44235274815	2.1252073209443525e-05
59.40940940940941	0.11520996471511082	35592.01968065215	1.815612179495708e-05
59.68468468468468	0.11572508429908568	35519.743541929995	1.549963513992505e-05
59.95995995995996	0.1161664639865926	35447.61371144795	1.3223258877830866e-05
60.23523523523524	0.1165654487595411	35375.629956184646	1.1274520948598127e-05
60.510510510510514	0.11700191994629255	35303.792036516716	9.606756495770048e-06
60.78578578578579	0.11753996179319565	35232.099706066496	8.179238994621159e-06
61.06106106106106	0.1181221368516151	35160.55271074214	6.957908925646558e-06
61.33633633633634	0.11870530046235056	35089.15079059452	5.9138751410061755e-06
61.611611611611615	0.11933106986079904	35017.8936817727	5.02187778489088e-06
61.88688688688689	0.11996726927221658	34946.781116310485	4.260423441521472e-06
62.16216216216216	0.12048515972445227	34875.81282226599	3.61160978992292e-06
62.43743743743744	0.12093613745546482	34804.988525879395	3.0594869664099987e-06
62.712712712712715	0.12148874761657642	34734.30795223917	2.5896067530025436e-06
62.98798798798799	0.12206387890188518	34663.77082388763	2.189985718954606e-06
63.26326326326326	0.12251782429376853	34593.3768612182	1.8507249172036955e-06
63.53853853853854	0.12296648844424501	34523.125784062206	1.5629219733633037e-06
63.813813813813816	0.12352059008210033	34453.01731576357	1.3188231441034088e-06
64.0890890890891	0.12408187269783724	34383.05117734579	1.111990878045172e-06
64.36436436436436	0.12459012659367523	34313.22708645326	9.369449290844856e-07
64.63963963963964	0.125097566756132	34243.54476044495	7.889080793915112e-07
64.91491491491492	0.125605819331985	34174.003916400696	6.638023728582136e-07
65.1901901901902	0.1260654847874059	34104.604271194505	5.581899487828923e-07
65.46546546546547	0.1265171605621984	34035.345541708826	4.690968343216864e-07
65.74074074074073	0.12704252194936272	33966.22744491519	3.939468388207229e-07
66.01601601601601	0.12763719024912878	33897.24969786049	3.3057334467886857e-07
66.29129129129129	0.12825789732821977	33828.412017731665	2.771662749106852e-07
66.56656656656656	0.12883662097438317	33759.71412192874	2.3221186685620224e-07
66.84184184184184	0.12933023981443198	33691.15572814461	1.9442671811920338e-07
67.11711711711712	0.12975678609818117	33622.73655442851	1.6270504882482548e-07
67.3923923923924	0.1301848530799198	33554.4563192207	1.3608971133547127e-07
67.66766766766767	0.13072354286266144	33486.31474137296	1.1375481185740785e-07
67.94294294294295	0.13130701780566234	33418.31154013007	9.502047091798919e-08
68.21821821821823	0.1317719167202001	33350.44643515386	7.93324839638991e-08
68.4934934934935	0.13222666782561135	33282.71914659171	6.620515775346153e-08
68.76876876876878	0.13282086101020402	33215.12939508092	5.521699721395248e-08
69.04404404404404	0.133341692382633	33147.676901722	4.6031958867079284e-08
69.31931931931932	0.13365055303028422	33080.361388112105	3.837115574771755e-08
69.5945945945946	0.13403317297019085	33013.182576382525	3.198123099789182e-08
69.86986986986987	0.13457738892291726	32946.14018918069	2.6648372712168637e-08
70.14514514514515	0.1349891874424728	32879.233949660505	2.2205255619581438e-08
70.42042042042041	0.13526552743901124	32812.46358150817	1.8509075866703393e-08
70.69569569569569	0.13567654636161436	32745.82880895196	1.5432694920769453e-08
70.97097097097097	0.13622061165551144	32679.329356752867	1.2871417581838721e-08
71.24624624624624	0.1367481171301118	32612.964950205875	1.0740946034217945e-08
71.52152152152152	0.13718610708386378	32546.73531514634	8.971275734398795e-09
71.7967967967968	0.1375128463803964	32480.640177952995	7.503373303058511e-09
72.07207207207207	0.13778374668415158	32414.67926554971	6.28685658303264e-09
72.34734734734735	0.13806471770386947	32348.85230540554	5.279050182957509e-09
72.62262262262263	0.13841110402646586	32283.15902553462	4.4441723855346454e-09
72.8978978978979	0.13882785313550222	32217.599154495878	3.7526252501624825e-09
73.17317317317318	0.13926212672649727	32152.172421392977	3.180134153929458e-09
73.44844844844846	0.13964707499374626	32086.87855587441	2.7067095946017676e-09
73.72372372372374	0.13993577617552244	32021.717288133535	2.3157313235200418e-09
73.998998998999	0.1402774455665906	31956.68834890891	1.9929219718837513e-09
74.27427427427428	0.14081958659368507	31891.791469483258	1.7262366187578724e-09
74.54954954954955	0.14136037904857865	31827.026381681793	1.506152552390448e-09
74.82482482482483	0.1417628230555083	31762.39281787208	1.3248932044586155e-09
75.1001001001001	0.14224712265497128	31697.890510964142	1.1756798043352405e-09
75.37537537537537	0.14285559716897728	31633.51919440902	1.0528980299474127e-09
75.65065065065065	0.1433180683572308	31569.278602197377	9.521141475985518e-10
75.92592592592592	0.14364606302334484	31505.168468859258	8.695792001846531e-10
76.2012012012012	0.14408492056853778	31441.188529463412	8.02039761857754e-10
76.47647647647648	0.14454078051940794	31377.338519615765	7.468682148454712e-10
76.75175175175175	0.14480714136061307	31313.618175458352	7.019524627171493e-10
77.02702702702703	0.14507110970996284	31250.027233668858	6.654706593892176e-10
77.30230230230231	0.14551879254269917	31186.5654314595	6.358871874852188e-10
77.57757757757759	0.1459539715023375	31123.23250657561	6.119876643226746e-10
77.85285285285286	0.14625897324443027	31060.028197294738	5.927821443720831e-10
78.12812812812814	0.14657881211737342	30996.952242425836	5.77430066831919e-10
78.40340340340342	0.1469690941639973	30934.004381308172	5.652366878008934e-10
78.67867867867868	0.14736008047375268	30871.184353810128	5.556383139800313e-10
78.95395395395396	0.14770825597988688	30808.49190032819	5.481729772173125e-10
79.22922922922923	0.14800479637973027	30745.926761785933	5.424594966426605e-10
79.50450450450451	0.14832494759368373	30683.488679633025	5.381813107936845e-10
79.77977977977977	0.14873254328576385	30621.177395844206	5.350780358717422e-10
80.05505505505505	0.1491182481989285	30558.992652918023	5.329390999699112e-10
80.33033033033033	0.14941236846740485	30496.93419387587	5.315918097773652e-10
80.6056056056056	0.14972430562512673	30435.00176226103	5.308928927149962e-10
80.88088088088088	0.15012055458279375	30373.195102137634	5.307251709482044e-10
81.15615615615616	0.15057529425386423	30311.513958089516	5.309933672321182e-10
81.43143143143143	0.15103964446331303	30249.958075219136	5.316196045533993e-10
81.70670670670671	0.15145657298467208	30188.52719914652	5.325397699325601e-10
81.98198198198199	0.15181834942214217	30127.22107600826	5.337010685807355e-10
82.25725725725727	0.15213731477379866	30066.03945245648	5.350602158763407e-10
82.53253253253254	0.15239943492993016	30004.98207565779	5.365816107421513e-10
82.80780780780782	0.1526349947681211	29944.048693292247	5.382363840226977e-10
83.0830830830831	0.15301967881228432	29883.239053552472	5.400028228581505e-10
83.35835835835836	0.15357869616036443	29822.552905142482	5.418637686012945e-10
83.63363363363364	0.1540479127755178	29761.989997276345	5.438024120745175e-10
83.90890890890891	0.15433293186760916	29701.550079677367	5.458038116566874e-10
84.18418418418419	0.15454675538000082	29641.232902577172	5.478570077698994e-10
84.45945945945945	0.1548277040887764	29581.038216714755	5.499547599586916e-10
84.73473473473473	0.15528851590893716	29520.965773335392	5.520926507369563e-10
85.01001001001	0.1558189219766216	29461.015324189437	5.542657766360393e-10
85.28528528528528	0.15627115864876975	29401.186621531237	5.564682770379006e-10
85.56056056056056	0.1566714340661858	29341.47941811828	5.586957062977686e-10
85.83583583583584	0.15703043172816533	29281.893467210157	5.609445872585758e-10
86.11111111111111	0.15724776762042936	29222.42852256744	5.632107833698893e-10
86.38638638638639	0.1573686166180407	29163.084338450797	5.65491525159992e-10
86.66166166166167	0.15762692978119366	29103.860669620146	5.677876655663576e-10
86.93693693693695	0.15799751312346882	29044.757271333434	5.700995854422909e-10
87.21221221221222	0.1582730369558063	28985.773899345408	5.72424842571452e-10
87.4874874874875	0.15852401098749644	28926.9103099069	5.747624065587911e-10
87.76276276276278	0.15890485713392277	28868.166259763897	5.771135266451528e-10
88.03803803803804	0.159323151910359	28809.541506156296	5.794779804945911e-10
88.31331331331332	0.15965671294583095	28751.035806816846	5.818539453202412e-10
88.58858858858859	0.1598939850187328	28692.648919970285	5.842397978634983e-10
88.86386386386387	0.16010525056210156	28634.380604332422	5.866351879784903e-10
89.13913913913915	0.16045403078013434	28576.230619109218	5.890420668664269e-10
89.41441441441442	0.16091657932895506	28518.198723995603	5.914616947640585e-10
89.68968968968969	0.16129810514965207	28460.284679174343	5.938924325597424e-10
89.96496496496496	0.16163798722096684	28402.488245315235	5.963335063056011e-10
90.24024024024024	0.1620801706293835	28344.809183574263	5.987862762978448e-10
90.51551551551552	0.16251966574850513	28287.24725559235	6.012504012792666e-10
90.7907907907908	0.16283498561727927	28229.80222349433	6.037239416341773e-10
91.06606606606607	0.16315702977995392	28172.47384988828	6.062071529021026e-10
91.34134134134135	0.16356007554374227	28115.261897864402	6.087012749496601e-10
91.61661661661662	0.1639034439491761	28058.16613099391	6.112053639828624e-10
91.8918918918919	0.1641838651066131	28001.18631332812	6.137186258593489e-10
92.16716716716716	0.16457959204702077	27944.322209397706	6.162429080994495e-10
92.44244244244244	0.16501781544744565	27887.573584211445	6.187786868857483e-10
92.71771771771772	0.16527328761871357	27830.940203255108	6.213232126033748e-10
92.992992992993	0.16546840127555895	27774.42183249084	6.238760008758127e-10
93.26826826826827	0.16580667123329526	27718.01823835628	6.264395191811067e-10
93.54354354354355	0.16614322237040358	27661.729187763223	6.29013720565763e-10
93.81881881881883	0.16634985119555956	27605.5544480967	6.315967752259987e-10
94.0940940940941	0.16657549626505277	27549.493787214273	6.341893238380327e-10
94.36936936936937	0.16692339301040768	27493.546973445056	6.367933437735888e-10
94.64464464464464	0.16736016129417422	27437.7137755886	6.39409953424304e-10
94.91991991991992	0.1677978414622696	27381.993962913883	6.42038809146117e-10
95.1951951951952	0.16812456503109457	27326.387305158336	6.446780578454015e-10
95.47047047047047	0.1683936083879676	27270.893572527057	6.473269874572914e-10
95.74574574574575	0.1687246489136663	27215.51253569193	6.499867435109343e-10
96.02102102102103	0.16907505339450876	27160.243965790527	6.52657639977536e-10
96.2962962962963	0.16938702897122596	27105.087634425123	6.553391099110906e-10
96.57157157157158	0.1697327591256017	27050.043313661896	6.580317449646094e-10
96.84684684684684	0.17013459377011947	26995.110776029942	6.607363462206958e-10
97.12212212212212	0.1704749323053913	26940.28979452017	6.634518693484611e-10
97.3973973973974	0.17072039508110273	26885.580142584462	6.661770123748234e-10
97.67267267267268	0.17095185964655046	26830.981594134868	6.689119166817739e-10
97.94794794794795	0.1712330642511911	26776.493923542632	6.71657625575882e-10
98.22322322322323	0.17159763724261048	26722.11690563725	6.744154652034198e-10
98.4984984984985	0.17198472423206432	26667.85031570543	6.771856147239e-10
98.77377377377378	0.17231833152375287	26613.693929490142	6.799671198737866e-10
99.04904904904905	0.1726270010862783	26559.647523189808	6.827596494932124e-10
99.32432432432432	0.17294408653451088	26505.71087345737	6.855634380603411e-10
99.5995995995996	0.17325177039037065	26451.883757399348	6.883784203071328e-10
99.87487487487488	0.1735536613636917	26398.165952574884	6.91204607252011e-10
100.15015015015015	0.1738926958648094	26344.55723699493	6.940426487922983e-10
100.42542542542543	0.17427292733540442	26291.057389121244	6.968931292257754e-10
100.70070070070071	0.1746587644375039	26237.666187865452	6.997559955427027e-10
100.97597597597598	0.17499227658734706	26184.3834125881	7.026303591301634e-10
101.25125125125126	0.1752373248980949	26131.20884309775	7.055149922970603e-10
101.52652652652652	0.1755306603195737	26078.1422596503	7.084109654897304e-10
101.8018018018018	0.17597105213891664	26025.18344294802	7.113206041068103e-10
102.07707707707708	0.17637644555519724	25972.33217413831	7.142430398836309e-10
102.35235235235236	0.17666974308859223	25919.588234812934	7.171764467146766e-10
102.62762762762763	0.17704748306968954	25866.95140700743	7.201223365336329e-10
102.90290290290291	0.17749666020889418	25814.421473199967	7.230817161759868e-10
103.17817817817819	0.17776750523880686	25761.99821631015	7.260516375016133e-10
103.45345345345346	0.17791966574826634	25709.681419698496	7.290306879658109e-10
103.72872872872873	0.17818674349762145	25657.47086716577	7.320212880434319e-10
104.004004004004	0.17850237151661238	25605.366342951715	7.350243499898879e-10
104.27927927927928	0.17874413667380085	25553.367631734072	7.380387477645074e-10
104.55455455455456	0.17905237701145424	25501.47451862805	7.410657371609618e-10
104.82982982982983	0.1794870982927744	25449.68678918531	7.441072301092172e-10
105.10510510510511	0.1797926865871846	25398.004229392718	7.471608418015348e-10
105.38038038038039	0.179934722370314	25346.426625671706	7.502241839169463e-10
105.65565565565566	0.18022003830200453	25294.953764877824	7.533000912640067e-10
105.93093093093094	0.18063934608509677	25243.585434299446	7.563906581987481e-10
106.2062062062062	0.18093022420417337	25192.321421656623	7.594935011839225e-10
106.48148148148148	0.18112810364418142	25141.161515100528	7.626073084229103e-10
106.75675675675676	0.18139029925893754	25090.105503212766	7.657334938533037e-10
107.03203203203203	0.18169665486234945	25039.153175004263	7.688728646923504e-10
107.30730730730731	0.1819952732480267	24988.30431991437	7.720252589842569e-10
107.58258258258259	0.18229899300318916	24937.558727810036	7.751907613962231e-10
107.85785785785787	0.18262027421647375	24886.916188984986	7.783696443863616e-10
108.13313313313314	0.18295076698106433	24836.376494158805	7.815620024085377e-10
108.4084084084084	0.18325973585061786	24785.939434476044	7.847674394120026e-10
108.68368368368368	0.18350146651498223	24735.604801505327	7.879849392766876e-10
108.95895895895896	0.18370304517651512	24685.37238723861	7.912141455746309e-10
109.23423423423424	0.18392905390820255	24635.241984090364	7.944558101139796e-10
109.50950950950951	0.1841816849535696	24585.21338489661	7.977105663229788e-10
109.78478478478479	0.18443306978766963	24535.286382914062	8.009784786371781e-10
110.06006006006007	0.18463560336491316	24485.460771819213	8.042588518501298e-10
110.33533533533534	0.18479353204047982	24435.73634570757	8.075512219949186e-10
110.61061061061062	0.18502741959979496	24386.11289909295	8.108571660676199e-10
110.88588588588588	0.18534968569016577	24336.590226906505	8.141781267485537e-10
111.16116116116116	0.1856247072112191	24287.168124495634	8.175130621797388e-10
111.43643643643644	0.18588843675442654	24237.846387623424	8.208617521980211e-10
111.71171171171171	0.18629231548988878	24188.624812467908	8.242264854053072e-10
111.98698698698699	0.1867450779550408	24139.503195620935	8.276075792980716e-10
112.26226226226227	0.18707507516709515	24090.481334087213	8.310025077073816e-10
112.53753753753755	0.18729502955699248	24041.559025283692	8.344095262831437e-10
112.81281281281282	0.18746826518999676	23992.73606703881	8.378283232308319e-10
113.08808808808809	0.18765083606248978	23944.012257591676	8.412595831578488e-10
113.36336336336336	0.18789968809154775	23895.387395591195	8.447047828535402e-10
113.63863863863864	0.18827006925022044	23846.86128009527	8.481659908509967e-10
113.91391391391392	0.18870286295201605	23798.4337105698	8.516438542191054e-10
114.1891891891892	0.1890427636142214	23750.10448688771	8.551363253360105e-10
114.46446446446447	0.1893174474370125	23701.87340932838	8.586422875581141e-10
114.73973973973975	0.18963884922410842	23653.740278576934	8.621627441688132e-10
115.01501501501502	0.18994066348004685	23605.704895723193	8.656973840622144e-10
115.2902902902903	0.1901320064384219	23557.767062260777	8.692444657794911e-10
115.56556556556556	0.1902620825954738	23509.926580086525	8.72803473936949e-10
115.84084084084084	0.19038613988392747	23462.183251499642	8.76374944645488e-10
116.11611611611612	0.1905123456426002	23414.53687920085	8.799594408457957e-10
116.3913913913914	0.19066217448816683	23366.987266291584	8.835577716244937e-10
116.66666666666667	0.19087523499876052	23319.534216273194	8.871712455882032e-10
116.94194194194195	0.19111682186684198	23272.177533046026	8.908003028186045e-10
117.21721721721723	0.19131404628111676	23224.917020908597	8.944440602619151e-10
117.4924924924925	0.19154025864038768	23177.752484556913	8.981030981209611e-10
117.76776776776778	0.19188743040435374	23130.683729083776	9.017794517013969e-10
118.04304304304304	0.1922326927466719	23083.710559977626	9.054726056583925e-10
118.31831831831832	0.19246784000839504	23036.832783121743	9.091803183937985e-10
118.5935935935936	0.19266816355866412	22990.05020479374	9.129021691130748e-10
118.86886886886887	0.19287870952803174	22943.362631664713	9.16638623962734e-10
119.14414414414415	0.19305950550807716	22896.769870798307	9.203893641824711e-10
119.41941941941943	0.19325977391841742	22850.27172965007	9.241550116736311e-10
119.6946946946947	0.19359922069467783	22803.868016066754	9.279381450853143e-10
119.96996996996998	0.1939951668247558	22757.558538285204	9.31739326276355e-10
120.24524524524524	0.19428749286188912	22711.34310493146	9.355562021339933e-10
120.52052052052052	0.19454637203220468	22665.22152502032	9.393882063866072e-10
120.7957957957958	0.19486923815172869	22619.193607954578	9.4323663121185e-10
121.07107107107107	0.1951848719160808	22573.25916352399	9.471012307528176e-10
121.34634634634635	0.19544087537633945	22527.41800190451	9.509809052754726e-10
121.62162162162163	0.19568456383063976	22481.669933657664	9.54875662095038e-10
121.8968968968969	0.1959677705309944	22436.014769729773	9.587864419027077e-10
122.17217217217218	0.19632708786258146	22390.452321451165	9.627146342761305e-10
122.44744744744746	0.19669708055912397	22344.982400535195	9.666601546070675e-10
122.72272272272272	0.1969619646491619	22299.604819077413	9.706208830283786e-10
122.997997997998	0.19716786602600178	22254.319389555047	9.745960355730215e-10
123.27327327327328	0.19739816593592996	22209.125924826283	9.785865237997718e-10
123.54854854854855	0.19759691005767127	22164.024238129263	9.82592052776046e-10
123.82382382382383	0.19771031260013527	22119.014143081324	9.866114383213465e-10
124.0990990990991	0.19777494580950927	22074.09545367836	9.90644447081744e-10
124.37437437437438	0.1978416539897683	22029.2679842941	9.94691835225713e-10
124.64964964964966	0.19795948061933985	21984.531549679316	9.987550895127441e-10
124.92492492492492	0.19811375679193857	21939.88596496098	1.0028350970486714e-09
125.2002002002002	0.19824284790495791	21895.33104564139	1.0069314228504986e-09
125.47547547547548	0.1983770651586894	21850.86660759758	1.0110443070942496e-09
125.75075075075075	0.19858914645236359	21806.492467080632	1.0151752945378453e-09
126.02602602602603	0.19890499335286324	21762.208440714832	1.0193260683696786e-09
126.30130130130131	0.19928539218556365	21718.014345496802	1.023497208885073e-09
126.57657657657658	0.19954315151525193	21673.90999879449	1.027685689603658e-09
126.85185185185186	0.1996534456605021	21629.89521834669	1.0318887479726035e-09
127.12712712712714	0.19992418207568333	21585.969822262865	1.0361100576670187e-09
127.4024024024024	0.20042329738950299	21542.133629021988	1.0403537225835637e-09
127.67767767767768	0.20092557189433835	21498.386457471282	1.0446186523195805e-09
127.95295295295296	0.20133464308288893	21454.728126825685	1.048902212881167e-09
128.22822822822823	0.20165712824164223	21411.158456667297	1.0532025398759492e-09
128.5035035035035	0.20193028115355557	21367.67726694466	1.0575189369357292e-09
128.7787787787788	0.20218757571909884	21324.28437797204	1.0618515264097274e-09
129.05405405405406	0.20240249655235482	21280.979610428552	1.0661999123914653e-09
129.32932932932934	0.20257801451513	21237.76278535748	1.0705638656832082e-09
129.60460460460462	0.20281387110046387	21194.63372416574	1.0749451369390158e-09
129.87987987987987	0.20311992203803297	21151.59224862294	1.0793452648371384e-09
130.15515515515517	0.20337018666656848	21108.638180860406	1.0837630130613789e-09
130.43043043043042	0.20352962914002967	21065.771343370638	1.0881967822810731e-09
130.70570570570572	0.20365965929462104	21022.99155900671	1.0926465601786668e-09
130.98098098098097	0.20391887916739657	20980.298650981775	1.0971154318684808e-09
131.25625625625628	0.20441975903636672	20937.69244286817	1.1016079519980139e-09
131.53153153153153	0.20480692055617966	20895.172758595912	1.106120665424255e-09
131.80680680680683	0.20481064891839496	20852.739422452054	1.1106456926648958e-09
132.08208208208208	0.20481171491993602	20810.39225908122	1.1151845346392085e-09
132.35735735735736	0.2050374843107272	20768.131093484542	1.1197428156936368e-09
132.63263263263264	0.2052647152662132	20725.955751018148	1.1243204188742013e-09
132.9079079079079	0.20541842649234976	20683.86605739269	1.128915789916226e-09
133.1831831831832	0.20561632102473099	20641.861838672987	1.133530104494201e-09
133.45845845845847	0.20587328535065663	20599.942921277132	1.1381645703826453e-09
133.73373373373374	0.20613677582681625	20558.109131975612	1.142819074327857e-09
134.00900900900902	0.20638662441440483	20516.360297890693	1.1474931466557064e-09
134.2842842842843	0.20659643197455987	20474.696246495674	1.1521859206773722e-09
134.55955955955955	0.20667056209174595	20433.11680561402	1.156894830645877e-09
134.83483483483485	0.206644780273142	20391.621803418908	1.1616186692197073e-09
135.1101101101101	0.2068589842904138	20350.211068433182	1.1663634278422897e-09
135.3853853853854	0.2073120669901822	20308.884429527865	1.1711336466874386e-09
135.66066066066065	0.20754052549636334	20267.641715920658	1.1759233297329482e-09
135.93593593593596	0.20757376657567492	20226.4827571761	1.1807285614636656e-09
136.2112112112112	0.20780522123283704	20185.407383205667	1.185554470403964e-09
136.4864864864865	0.20815783523628753	20144.415424266073	1.1904033705408356e-09
136.76176176176176	0.20838004703647012	20103.506710958274	1.1952718399873895e-09
137.03703703703704	0.20850767704441336	20062.681074227294	1.2001580546106542e-09
137.31231231231232	0.2086531520352896	20021.938345361712	1.205062988325412e-09
137.5875875875876	0.20890858783338181	19981.278355992916	1.2099893144095343e-09
137.86286286286287	0.20927717911219898	19940.70093809423	1.2149391407584612e-09
138.13813813813815	0.2096267138111594	19900.205923979927	1.2199113117476625e-09
138.41341341341342	0.20988116831112147	19859.793146304695	1.2249033814545675e-09
138.6886886886887	0.21004284831040065	19819.46243806305	1.2299135753549435e-09
138.96396396396398	0.210224502387946	19779.213632588893	1.234942955510031e-09
139.23923923923923	0.2105478182912334	19739.046563554864	1.23999491892795e-09
139.51451451451453	0.21079642809631652	19698.961064970907	1.2450674514004105e-09
139.78978978978978	0.21077599741006106	19658.9569711837	1.2501549173759991e-09
140.06506506506508	0.21079218331800675	19619.034116876912	1.255259614925026e-09
140.34034034034033	0.21104172572625857	19579.192337070413	1.260387507712161e-09
140.61561561561564	0.21129116273945117	19539.43146711857	1.2655380916287858e-09
140.8908908908909	0.21143832115417335	19499.75134270996	1.2707088064262337e-09
141.1661661661662	0.2116024817122364	19460.15179986704	1.2759003267944472e-09
141.44144144144144	0.2118447412270862	19420.63267494546	1.2811145082234143e-09
141.71671671671672	0.2121612894886477	19381.19380463315	1.286352687569721e-09
141.991991991992	0.21247069339260677	19341.835025949553	1.2916141166098232e-09
142.26726726726727	0.21269391667069323	19302.556176244914	1.2968965265142768e-09
142.54254254254255	0.21291653640918048	19263.35709319998	1.3022001145916785e-09
142.81781781781783	0.21318343821873276	19224.237614825226	1.3075260391855645e-09
143.0930930930931	0.21332553013267655	19185.19757945974	1.3128714580272724e-09
143.36836836836838	0.21334253328243724	19146.236825770906	1.3182342508014266e-09
143.64364364364366	0.21352875701216004	19107.355192754385	1.3236193811584387e-09
143.9189189189189	0.21387811319370345	19068.552519732813	1.3290304619166417e-09
144.1941941941942	0.21411139288987022	19029.828646354497	1.3344639879106538e-09
144.46946946946946	0.21429615462198942	18991.183412593567	1.3399188698718168e-09
144.74474474474476	0.2146365710290156	18952.616658749565	1.3453989054070871e-09
145.02002002002	0.21493684215616085	18914.128225445933	1.3509025494897062e-09
145.29529529529532	0.21500691107926567	18875.71795362933	1.3564243721891293e-09
145.57057057057057	0.21512367035817948	18837.385684570087	1.3619666066424607e-09
145.84584584584587	0.21545913331361202	18799.131259861224	1.3675348579893087e-09
146.12112112112112	0.2158101686386354	18760.954521417043	1.3731287129339123e-09
146.3963963963964	0.21607848246417843	18722.85531147263	1.3787456402751145e-09
146.67167167167167	0.21633204804028727	18684.83347258364	1.3843853323873114e-09
146.94694694694695	0.21656225370566923	18646.888847625447	1.3900473851629225e-09
147.22222222222223	0.2167130783878416	18609.02127979239	1.3957302275445155e-09
147.4974974974975	0.21683591662415128	18571.230612597345	1.4014338960796898e-09
147.77277277277278	0.21700643015879598	18533.516689871176	1.4071601941278566e-09
148.04804804804806	0.21720391700509997	18495.87935576186	1.4129100092514792e-09
148.32332332332334	0.21741006245930317	18458.31845473383	1.4186836009752216e-09
148.59859859859858	0.21767039430309532	18420.83383156749	1.4244822546750291e-09
148.8738738738739	0.21796893726838354	18383.425331358423	1.4303065807821953e-09
149.14914914914914	0.21819349359184076	18346.09279951657	1.4361544183991386e-09
149.42442442442444	0.21835507281122296	18308.836081765774	1.4420244420901163e-09
149.6996996996997	0.2185659977366962	18271.65502414351	1.4479183489167873e-09
149.974974974975	0.218787589397679	18234.549472999788	1.4538365085421748e-09
150.25025025025025	0.21893402752409855	18197.51927499648	1.459777175617757e-09
150.52552552552555	0.21912004621763914	18160.564277107114	1.4657418173217103e-09
150.8008008008008	0.2194352925619567	18123.68432661624	1.4717337015894796e-09
151.07607607607608	0.21969462157751457	18086.879271118043	1.4777508353950986e-09
151.35135135135135	0.21982554418240224	18050.148958516074	1.4837900145619753e-09
151.62662662662663	0.22004574257655363	18013.49323702329	1.4898541469592512e-09
151.9019019019019	0.2203834492484039	17976.911955160973	1.4959461058694757e-09
152.17717717717719	0.22063777275931948	17940.404961757526	1.5020631662840763e-09
152.45245245245246	0.22079687286164287	17903.972105948335	1.5082030425772304e-09
152.72772772772774	0.2209781410912991	17867.613237175454	1.5143669351462527e-09
153.00300300300302	0.22123927386366274	17831.328205186823	1.5205571766579525e-09
153.2782782782783	0.22159228475162146	17795.116860035567	1.526775822331142e-09
153.55355355355357	0.22197264269975397	17758.979052079172	1.5330228331852742e-09
153.82882882882885	0.2223265495787121	17722.91463197886	1.5392968785017338e-09
154.10410410410412	0.22266568104392762	17686.92345069917	1.545597291671299e-09
154.37937937937937	0.22297422759825336	17651.00535950728	1.5519232145069616e-09
154.65465465465465	0.2231893922406004	17615.160209972222	1.5582724738033246e-09
154.92992992992993	0.22330400814411258	17579.387853964472	1.5646433081251583e-09
155.2052052052052	0.223364467748447	17543.688143655432	1.5710355987035994e-09
155.48048048048048	0.22344619646173114	17508.06093151691	1.5774511738406e-09
155.75575575575576	0.22361555299021393	17472.5060703205	1.583893083543857e-09
156.03103103103103	0.22382335989175722	17437.02341313668	1.5903623673430858e-09
156.3063063063063	0.22400651541356686	17401.612813334115	1.5968582210324615e-09
156.5815815815816	0.22416421363495798	17366.274124579268	1.6033800580417127e-09
156.85685685685687	0.22429506388470447	17331.007200835767	1.609927436548516e-09
157.13213213213214	0.2243796246657712	17295.811896363775	1.6164995573105582e-09
157.40740740740742	0.22444612557065258	17260.68806571948	1.6230965803605527e-09
157.6826826826827	0.22457091537500773	17225.635563754662	1.6297206209155526e-09
157.95795795795797	0.2247837781607586	17190.654245615944	1.6363740442569332e-09
158.23323323323325	0.2250701316253201	17155.743966744085	1.6430582530295146e-09
158.50850850850853	0.2253355628166974	17120.904582873176	1.649771855359793e-09
158.7837837837838	0.22551625170235398	17086.135950030075	1.6565121868057272e-09
159.05905905905905	0.2257723052969024	17051.4379245345	1.6632815130420539e-09
159.33433433433433	0.2261584309480052	17016.81036299809	1.6700829769819905e-09
159.6096096096096	0.22640005655950193	16982.253122322927	1.6769116821160138e-09
159.88488488488488	0.22642612866959816	16947.76605970148	1.683762170841485e-09
160.16016016016016	0.22647417675878445	16913.349032616912	1.6906367496953375e-09
160.43543543543544	0.2265843661538008	16879.001898841914	1.69753820939347e-09
160.7107107107107	0.22664163472284543	16844.724516437702	1.7044655570110566e-09
160.985985985986	0.22670489506076028	16810.5167437539	1.7114196665442932e-09
161.26126126126127	0.22687416535559188	16776.378439428077	1.7184039029816333e-09
161.53653653653654	0.2270300651891239	16742.309462384565	1.7254175548822107e-09
161.81181181181182	0.2270720126832675	16708.309671833897	1.7324574032730179e-09
162.0870870870871	0.22712227249202807	16674.378927272857	1.7395244290385728e-09
162.36236236236238	0.22726588883539653	16640.517088483834	1.746621705110983e-09
162.63763763763765	0.22746863043640184	16606.72401553387	1.7537505918434903e-09
162.91291291291293	0.22772745963840424	16572.999568774176	1.7609120446471617e-09
163.1881881881882	0.22807105642068737	16539.343608839656	1.7681075958457377e-09
163.46346346346348	0.22841455653303674	16505.75599664799	1.775336063112878e-09
163.73873873873873	0.22863223588901804	16472.236593398928	1.782593126768e-09
164.014014014014	0.2287783768742351	16438.785260574263	1.7898771569106973e-09
164.2892892892893	0.2289567314951615	16405.401859937378	1.797189880491602e-09
164.56456456456456	0.2292104188662319	16372.086253532558	1.8045338028510305e-09
164.83983983983984	0.22950206792391778	16338.838303684117	1.8119097479183583e-09
165.11511511511512	0.2296628061964414	16305.657872995456	1.8193136005013253e-09
165.3903903903904	0.22969687297465746	16272.544824349012	1.8267424919908037e-09
165.66566566566567	0.22983276676570286	16239.499020906369	1.8342008165635477e-09
165.94094094094095	0.23015558576967055	16206.52032610728	1.8416942479891822e-09
166.21621621621622	0.230613906124772	16173.60860366868	1.8492255194703589e-09
166.4914914914915	0.23103332817771968	16140.763717583719	1.8567916869402627e-09
166.76676676676678	0.23126142818632583	16107.985532121293	1.86438626623286e-09
167.04204204204206	0.2314872237123513	16075.273911826513	1.8720099815228626e-09
167.31731731731733	0.2318553436880367	16042.628721520032	1.8796675616624873e-09
167.5925925925926	0.23216080462227956	16010.049826296385	1.887356575700833e-09
167.8678678678679	0.2323149803759747	15977.53709152379	1.895072716470831e-09
168.14314314314316	0.23248565324887988	15945.090382844413	1.9028177429176365e-09
168.4184184184184	0.2327022830080298	15912.709566173367	1.9105938277124246e-09
168.6936936936937	0.23285922868930758	15880.394507697723	1.91839950298757e-09
168.96896896896897	0.23302334808539887	15848.145073876518	1.9262356889124173e-09
169.24424424424424	0.23332381695687343	15815.961131440405	1.9341068891679176e-09
169.51951951951952	0.23365509057187903	15783.842547390346	1.9420133163219057e-09
169.7947947947948	0.23388826768841672	15751.789188996987	1.949951352798406e-09
170.07007007007007	0.23408513041710774	15719.80092380071	1.957920230701745e-09
170.34534534534535	0.234287742865977	15687.877619611038	1.9659206757835315e-09
170.62062062062063	0.23442931494768784	15656.01914450572	1.973951257895382e-09
170.8958958958959	0.2345264818437912	15624.225366830487	1.98201146484814e-09
171.17117117117118	0.23469818776549758	15592.496155198809	1.990104526107941e-09
171.44644644644646	0.2349239373821587	15560.831378490926	1.9982322127941067e-09
171.72172172172174	0.23509136382225304	15529.230905852979	2.006392457687025e-09
171.996996996997	0.2351885720234489	15497.694606696808	2.014583431175932e-09
172.2722722722723	0.2352512635367764	15466.222350699569	2.022804919231156e-09
172.54754754754757	0.23532439565007693	15434.814007803216	2.031058168944076e-09
172.82282282282284	0.23545063112266035	15403.469448213998	2.039345428707126e-09
173.0980980980981	0.23565977513941355	15372.18854240185	2.0476692906223944e-09
173.37337337337337	0.23589392165925638	15340.97116109954	2.056029898430393e-09
173.64864864864865	0.23598136251915292	15309.817175301785	2.064422085147402e-09
173.92392392392392	0.23596426647356358	15278.726456265425	2.0728434352444804e-09
174.1991991991992	0.23606137807578723	15247.69887550951	2.0812990360673974e-09
174.47447447447448	0.23626050387538067	15216.734304813965	2.0897922451447484e-09
174.74974974974975	0.23644046459450552	15185.832616218695	2.0983217458185937e-09
175.02502502502503	0.23659926554806732	15154.99368202345	2.106886560881877e-09
175.3003003003003	0.23676238658066132	15124.217374787413	2.1154868260113953e-09
175.57557557557558	0.23691800193788418	15093.503567328522	2.1241223053103306e-09
175.85085085085086	0.2370529037259667	15062.852132722968	2.1327924470767284e-09
176.12612612612614	0.23716642892912002	15032.262944304686	2.141496867954026e-09
176.40140140140142	0.2373196642298248	15001.735875665065	2.150237283927702e-09
176.6766766766767	0.23762634277577535	14971.270800652623	2.159018637534118e-09
176.95195195195197	0.23801268366079992	14940.867593371802	2.167842185305333e-09
177.22722722722725	0.2382934790805898	14910.526128182055	2.1767028998485054e-09
177.50250250250252	0.23841907091780823	14880.246279697787	2.1855955731715547e-09
177.77777777777777	0.23843519160860585	14850.02792278821	2.1945179544050384e-09
178.05305305305305	0.238534177074298	14819.870932577336	2.2034747154658314e-09
178.32832832832833	0.2388163765210096	14789.775184443177	2.2124725633161577e-09
178.6036036036036	0.23909404355047031	14759.740554016125	2.2215102379566525e-09
178.87887887887888	0.23926419295735274	14729.76691717877	2.2305834814771714e-09
179.15415415415416	0.23939646135009351	14699.854150066007	2.2396915548022324e-09
179.42942942942943	0.23956848123320745	14670.002129064569	2.2488365352186443e-09
179.7047047047047	0.23983854327512177	14640.210730812449	2.2580219062028903e-09
179.97997997998	0.24012836037672403	14610.479832197876	2.2672476218769317e-09
180.25525525525526	0.2403323476438564	14580.809310358689	2.27651016303923e-09
180.53053053053054	0.24056423378906547	14551.19904268267	2.2858108479157864e-09
180.80580580580582	0.2409147683735287	14521.64890680695	2.2951537275408828e-09
181.0810810810811	0.24121407054170155	14492.158780616515	2.304536038520038e-09
181.35635635635637	0.2414223530956504	14462.72854224418	2.313954487185558e-09
181.63163163163165	0.2417912887975691	14433.358070071221	2.323415286025789e-09
181.90690690690693	0.24226596439233594	14404.047242725697	2.3329210891530034e-09
182.1821821821822	0.24247225820086313	14374.795939080697	2.3424610897680965e-09
182.45745745745745	0.24245875955386684	14345.604038255462	2.3520292153176304e-09
182.73273273273273	0.2425254086438795	14316.471419615886	2.361631414726699e-09
183.008008008008	0.2427459711563497	14287.397962773159	2.3712745445719015e-09
183.28328328328328	0.24306920238142013	14258.383547582755	2.380961818891495e-09
183.55855855855856	0.24332005978237586	14229.428054143451	2.390689536674967e-09
183.83383383383384	0.2434385811970734	14200.531362797272	2.4004529990613643e-09
184.1091091091091	0.24366767314135981	14171.693354130211	2.410257337551271e-09
184.3843843843844	0.24404155140399444	14142.913908970926	2.4201074856136953e-09
184.65965965965967	0.24428510247301105	14114.192908388968	2.429997390965004e-09
184.93493493493494	0.24437718302720007	14085.530233695323	2.4399220103360616e-09
185.21021021021022	0.24450185075376357	14056.92576644277	2.449884254921925e-09
185.4854854854855	0.2446931998082929	14028.37938842475	2.459887462621624e-09
185.76076076076077	0.2449092883638659	13999.890981674602	2.469932587516634e-09
186.03603603603605	0.24511485702539862	13971.460428465094	2.4800191074334797e-09
186.31131131131133	0.24529197843225725	13943.087611307994	2.490146055322138e-09
186.5865865865866	0.2454639291546072	13914.77241295376	2.5003136188316897e-09
186.86186186186188	0.2456518160086945	13886.514716391055	2.5105227386580884e-09
187.13713713713713	0.24586102625320022	13858.31440484619	2.520774332250411e-09
187.4124124124124	0.24607578045401368	13830.171361782559	2.5310685360739677e-09
187.68768768768768	0.24626417847317145	13802.085470900074	2.541404339510153e-09
187.96296296296296	0.2464349720571367	13774.05661613488	2.551781385892961e-09
188.23823823823824	0.2466149425830782	13746.084681658926	2.5622004462640212e-09
188.51351351351352	0.24678497430185914	13718.169551879324	2.572661420297758e-09
188.7887887887888	0.24692932464349454	13690.311111437837	2.5831637052534133e-09
189.06406406406407	0.24710307000341206	13662.509245210756	2.5937089500329634e-09
189.33933933933935	0.24733688443052515	13634.76383830831	2.604299521216434e-09
189.61461461461462	0.24758149375011912	13607.074776073805	2.6149353359452855e-09
189.8898898898899	0.24781333575033768	13579.441944083314	2.6256155115498308e-09
190.16516516516518	0.24805008278384286	13551.865228145347	2.6363401309524025e-09
190.44044044044045	0.24826705198609703	13524.344514300215	2.6471083807240554e-09
190.71571571571573	0.24842179292688238	13496.879688819468	2.65791813439531e-09
190.990990990991	0.2486031828792221	13469.470638206	2.66877127438935e-09
191.26626626626629	0.24890932932048196	13442.117249193654	2.6796729088722456e-09
191.54154154154156	0.24920591739674713	13414.819408745687	2.6906216424203865e-09
191.8168168168168	0.24939937509883087	13387.577004054494	2.7016129739352898e-09
192.0920920920921	0.24966211412391878	13360.389922542323	2.7126503296870442e-09
192.36736736736736	0.2500162160688653	13333.258051860163	2.723737051729143e-09
192.64264264264264	0.2501993075577695	13306.181279885972	2.7348655010797204e-09
192.91791791791792	0.2502097950405282	13279.15949472538	2.7460302252828333e-09
193.1931931931932	0.2502950222715641	13252.192584712382	2.7572369361191013e-09
193.46846846846847	0.25046599276089804	13225.2804384078	2.768490172974317e-09
193.74374374374375	0.2506068647409925	13198.422944598242	2.779788715494149e-09
194.01901901901903	0.2507033712814133	13171.619992296099	2.7911311901644747e-09
194.2942942942943	0.25077734260565654	13144.871470739248	2.802517523455328e-09
194.56956956956958	0.2508500961343845	13118.177269390608	2.8139485496542544e-09
194.84484484484486	0.2509615400456113	13091.537277937769	2.825426488668748e-09
195.12012012012013	0.2511842534719543	13064.951386292683	2.836955853285952e-09
195.3953953953954	0.25148586263836453	13038.419484590731	2.848538635183958e-09
195.6706706706707	0.25171700903160626	13011.941463189694	2.8601703637155113e-09
195.94594594594597	0.2518842131251173	12985.517212670042	2.87184818181197e-09
196.22122122122124	0.2520883716531492	12959.146623834937	2.8835741623205606e-09
196.4964964964965	0.25225136806088666	12932.829587708922	2.8953466905262365e-09
196.77177177177177	0.2522723594102671	12906.565995537354	2.9071605998282764e-09
197.04704704704704	0.252290485199377	12880.355738787126	2.9190178994344846e-09
197.32232232232232	0.25242331157624714	12854.198709146107	2.930924843711293e-09
197.5975975975976	0.2525864316764241	12828.094798521728	2.9428824914493944e-09
197.87287287287288	0.2527497062925103	12802.04389904079	2.9548904233878035e-09
198.14814814814815	0.2529973753774981	12776.045903049568	2.9669518673354815e-09
198.42342342342343	0.25324198428496086	12750.100703112548	2.979065575756649e-09
198.6986986986987	0.253266836493457	12724.208192011305	2.9912217622645284e-09
198.97397397397398	0.25318515356219656	12698.368262745702	3.0034182262404973e-09
199.24924924924926	0.25324240755722965	12672.580808534134	3.015663668163838e-09
199.52452452452454	0.25339610231389037	12646.845722811633	3.027962543342054e-09
199.7997997997998	0.2535431267443407	12621.162899229148	3.0403137535708045e-09
200.0750750750751	0.2536886391939093	12595.532231653617	3.0527168029316302e-09
200.35035035035037	0.2538213724167373	12569.953614167456	3.0651709273940873e-09
200.62562562562564	0.2538662650244565	12544.426941067783	3.0776724612051157e-09
200.90090090090092	0.2538580908456995	12518.952106866564	3.0902203367936684e-09
201.17617617617617	0.2539497390175513	12493.529006290775	3.1028203810666638e-09
201.45145145145145	0.2541334258236097	12468.15753428115	3.1154764571268725e-09
201.72672672672672	0.25430810982270746	12442.837585991256	3.1281870263348536e-09
202.002002002002	0.2545269525013111	12417.569056787854	3.1409533651296697e-09
202.27727727727728	0.2548447475299246	12392.351842250493	3.15377882476805e-09
202.55255255255256	0.25506659960103056	12367.18583816976	3.1666573776053214e-09
202.82782782782783	0.25507461533415426	12342.070940547228	3.1795796806710165e-09
203.1031031031031	0.255064835004233	12317.007045596705	3.1925477474909095e-09
203.3783783783784	0.25516147785964344	12291.994049743427	3.205568504130681e-09
203.65365365365366	0.2553293035278118	12267.0318496228	3.218645361507461e-09
203.92892892892894	0.25554896535212457	12242.120342080028	3.2317799490026664e-09
204.20420420420422	0.2558192479410351	12217.259424169819	3.2449734399049055e-09
204.4794794794795	0.25608846237942234	12192.448993155653	3.258224436998681e-09
204.75475475475477	0.25629772138764356	12167.688946509328	3.2715293946581276e-09
205.03003003003005	0.2564869268545596	12142.979181911074	3.2848876635788426e-09
205.30530530530532	0.2566946565373047	12118.319597249116	3.2983005838434473e-09
205.5805805805806	0.25686730278405073	12093.710090618759	3.31176674915551e-09
205.85585585585588	0.2570283729046259	12069.15056032238	3.325286294244684e-09
206.13113113113113	0.25735374522193727	12044.640904869872	3.338867362265201e-09
206.4064064064064	0.25777897321013016	12020.181022976876	3.352512837507414e-09
206.68168168168168	0.257996495505594	11995.770813563006	3.3662107896512674e-09
206.95695695695696	0.2580386914804162	11971.410175753317	3.379954365781326e-09
207.23223223223223	0.2581319127739486	11947.099008878986	3.393749184579174e-09
207.5075075075075	0.2582622174884198	11922.837212475559	3.407598614855291e-09
207.7827827827828	0.25834178790973145	11898.624686282103	3.421501030189601e-09
208.05805805805807	0.25836719682094134	11874.46133024127	3.4354551844959583e-09
208.33333333333334	0.2583828967649883	11850.34704449917	3.449462325037511e-09
208.60860860860862	0.2584921156102683	11826.281729405284	3.463528216357745e-09
208.8838838838839	0.25869656964010024	11802.265285511485	3.4776570751874065e-09
209.15915915915917	0.25886035999209583	11778.297613570818	3.4918455537558317e-09
209.43443443443445	0.25894795113414354	11754.378614537676	3.506089690605289e-09
209.70970970970973	0.25901960784206995	11730.508189567927	3.5203896208958503e-09
209.984984984985	0.2591879859334139	11706.686240018851	3.5347508682699108e-09
210.26026026026028	0.2595211979731197	11682.912667448456	3.549180652915253e-09
210.53553553553556	0.259761015493131	11659.187373613151	3.5636717683296053e-09
210.8108108108108	0.2597432415576665	11635.510260467856	3.5782113323966815e-09
211.08608608608608	0.25981886343989574	11611.881230168692	3.5928072719107775e-09
211.36136136136136	0.26013824531066565	11588.300185071395	3.6074725035022655e-09
211.63663663663664	0.2603907404951804	11564.767027728141	3.622201105596189e-09
211.91191191191191	0.2604896503015399	11541.28166088847	3.6369847764683794e-09
212.1871871871872	0.26060809313636524	11517.843987500455	3.6518262154922366e-09
212.46246246246247	0.2608154537272303	11494.453910709697	3.666730788953272e-09
212.73773773773775	0.2610972479860137	11471.111333858405	3.6817016299644985e-09
213.01301301301302	0.26136624179987	11447.816160484555	3.6967367147459577e-09
213.2882882882883	0.26154952438157103	11424.568294321554	3.7118310953177623e-09
213.56356356356358	0.26171669630236827	11401.367639298733	3.7269848342987225e-09
213.83883883883885	0.2619308230757606	11378.214099540928	3.742201189907173e-09
214.11411411411413	0.26217772344158125	11355.107579367581	3.7574818128435745e-09
214.3893893893894	0.26241751046534584	11332.047983292201	3.7728259392878994e-09
214.66466466466468	0.2625941187661199	11309.035216021854	3.788230293292498e-09
214.93993993993996	0.2627136625515765	11286.069182457159	3.80369296355253e-09
215.21521521521524	0.2628285932349095	11263.149787692195	3.8192153356115085e-09
215.4904904904905	0.2629710636570432	11240.27693701398	3.834800081719852e-09
215.76576576576576	0.26314413102780326	11217.450535901891	3.850449302937008e-09
216.04104104104104	0.26326696243101694	11194.670490026754	3.8661604137575856e-09
216.31631631631632	0.26329389569832634	11171.936705250642	3.881929334900045e-09
216.5915915915916	0.2633289711020526	11149.249087627486	3.897758634925097e-09
216.86686686686687	0.26344299171080515	11126.607543402459	3.913653840162577e-09
217.14214214214215	0.26361583184092513	11104.011979011007	3.929617855581635e-09
217.41741741741743	0.2637737370108822	11081.462301078109	3.9456489616944785e-09
217.6926926926927	0.26381856988030744	11058.958416417718	3.961740911851526e-09
217.96796796796798	0.26385350079317843	11036.500232033704	3.977894820202927e-09
218.24324324324326	0.26405654582493365	11014.087655119982	3.994120911027799e-09
218.51851851851853	0.2643516103615724	10991.72059305844	4.010422407108168e-09
218.7937937937938	0.26461187833856054	10969.398953418215	4.02679493916678e-09
219.0690690690691	0.2648396891707611	10947.122643956167	4.043235675176325e-09
219.34434434434436	0.26505403031654284	10924.891572616601	4.059743739283866e-09
219.61961961961964	0.2652552691152756	10902.70564753077	4.07631862473506e-09
219.89489489489492	0.26545103281802723	10880.564777016554	4.092960470637689e-09
220.17017017017017	0.2656616228686011	10858.468869578153	4.109670550215109e-09
220.44544544544544	0.26592875709124136	10836.417833905858	4.126452089921196e-09
220.72072072072072	0.2662831014721309	10814.411578875632	4.143309089940479e-09
220.995995995996	0.26656250228963874	10792.45001354735	4.160235618985455e-09
221.27127127127127	0.26661023218947943	10770.533047164481	4.177219096854979e-09
221.54654654654655	0.26665125802090295	10748.660589156347	4.194263135082377e-09
221.82182182182183	0.2668438843842886	10726.832549137323	4.2113789962242e-09
222.0970970970971	0.26694586643722434	10705.04883690364	4.228561267289329e-09
222.37237237237238	0.2669155244414013	10683.309362434406	4.245803956300521e-09
222.64764764764766	0.2670783301192164	10661.614035893854	4.263121006798102e-09
222.92292292292294	0.2674555422429909	10639.962767628831	4.280523402712834e-09
223.1981981981982	0.26778494044731654	10618.35546816638	4.2980042582687865e-09
223.4734734734735	0.2679973602896675	10596.792048214755	4.315555021150777e-09
223.74874874874877	0.26814228248389993	10575.272418663875	4.3331726215286446e-09
224.02402402402404	0.2682947790579657	10553.796490585168	4.350859238644458e-09
224.29929929929932	0.268507492727418	10532.364175231047	4.368619444903618e-09
224.5745745745746	0.26873909853576894	10510.975384033853	4.386454162637197e-09
224.84984984984985	0.26895276699974185	10489.630028605521	4.404362031692966e-09
225.12512512512512	0.2691512631147508	10468.328020737505	4.422342359714098e-09
225.4004004004004	0.26928833750940695	10447.069272400044	4.44039210864613e-09
225.67567567567568	0.2692728410436728	10425.853695741464	4.458504016291741e-09
225.95095095095095	0.26920783600567477	10404.681203089263	4.4766790490333555e-09
226.22622622622623	0.26929419045651376	10383.551706950475	4.494929564937911e-09
226.5015015015015	0.26946260314295767	10362.465120009314	4.513260207330637e-09
226.77677677677679	0.2695899120932338	10341.421355126397	4.53166712289971e-09
227.05205205205206	0.269792871743031	10320.420325340183	4.550154574080404e-09
227.32732732732734	0.2701358849866722	10299.46194386623	4.568729406863241e-09
227.60260260260262	0.27043064450278964	10278.546124094912	4.587385387971777e-09
227.8778778778779	0.2706349683570666	10257.67277959216	4.6061158191424985e-09
228.15315315315317	0.27094496705957416	10236.841824100931	4.624927787363906e-09
228.42842842842845	0.27129133287727664	10216.053171538839	4.643822176924358e-09
228.70370370370372	0.2714033355561429	10195.306735996202	4.6627835639869366e-09
228.978978978979	0.2713979658996697	10174.602431738693	4.681808369354182e-09
229.25425425425428	0.2715437742193952	10153.940173208184	4.7009102999513855e-09
229.52952952952953	0.27181982050147513	10133.31987502016	4.7200976620009265e-09
229.8048048048048	0.27210341692663914	10112.741451962553	4.739368895221609e-09
230.08008008008008	0.27224388299671504	10092.20481899513	4.758713900571179e-09
230.35535535535536	0.27224363298448	10071.709891250377	4.778125943316856e-09
230.63063063063063	0.2723719258727518	10051.256584035256	4.7976168761518185e-09
230.9059059059059	0.27270467092831746	10030.844812829357	4.817199629903557e-09
231.1811811811812	0.2730877800142279	10010.4744932827	4.836873786282942e-09
231.45645645645646	0.2734281581639437	9990.145541215841	4.8566334437047195e-09
231.73173173173174	0.27368134143113254	9969.857872619927	4.87647190331989e-09
232.00700700700702	0.27380869128194346	9949.61140365637	4.8963822600896884e-09
232.2822822822823	0.2738216349155836	9929.406050656939	4.916360553598429e-09
232.55755755755757	0.27390916004926946	9909.241730124846	4.9364159151287535e-09
232.83283283283285	0.27417862460913195	9889.118358733775	4.956561446525641e-09
233.10810810810813	0.27447246996680574	9869.03585332534	4.976796394455544e-09
233.3833833833834	0.27469595333178964	9848.994130909248	4.997114391795566e-09
233.65865865865868	0.27488367461697283	9828.993108664019	5.017513355299543e-09
233.93393393393396	0.2750734085869363	9809.032703936677	5.037994350687137e-09
234.2092092092092	0.27529270332395395	9789.112834242342	5.058559967232325e-09
234.48448448448448	0.27552248314636185	9769.233417263467	5.0792108763424845e-09
234.75975975975976	0.27572506191881563	9749.394370849372	5.099945237462175e-09
235.03503503503504	0.27588476550398777	9729.595613016068	5.120760886810327e-09
235.3103103103103	0.27601659319411387	9709.837061946175	5.141657406328601e-09
235.5855855855856	0.27620060700141547	9690.118635989164	5.162639785071376e-09
235.86086086086087	0.27644746963139916	9670.440253660414	5.183712250216593e-09
236.13613613613614	0.27664006895341475	9650.801833639776	5.204870200351871e-09
236.41141141141142	0.2767665534114081	9631.203294772136	5.2261098159820346e-09
236.6866866866867	0.2769272836257982	9611.64455606806	5.247435153379218e-09
236.96196196196198	0.27714865080211215	9592.125536702817	5.26885083796116e-09
237.23723723723725	0.27739684065634496	9572.646156015533	5.290357930466414e-09
237.51251251251253	0.27757280050866756	9553.20633350826	5.31195072629908e-09
237.7877877877878	0.27762454807599213	9533.805988846052	5.333621976014013e-09
238.06306306306308	0.2777477788093092	9514.445041858839	5.355379838554329e-09
238.33833833833836	0.2780033934892921	9495.12341253993	5.377234082467349e-09
238.61361361361364	0.27807235102030403	9475.841021042235	5.399170130747764e-09
238.88888888888889	0.27791660528241613	9456.597787680459	5.421175534212003e-09
239.16416416416416	0.2778908064649648	9437.393632934314	5.443265777546401e-09
239.43943943943944	0.2780647448893544	9418.228477445673	5.465456306870003e-09
239.71471471471472	0.2782799489755227	9399.102242016139	5.4877470624728535e-09
239.98998998999	0.27847825623066425	9380.014847607617	5.510134173381643e-09
240.26526526526527	0.2786483853327792	9360.966215342412	5.532614349712107e-09
240.54054054054055	0.27876304354080994	9341.956266502768	5.555183586171642e-09
240.81581581581582	0.2788187412656589	9322.984922530732	5.57783901346946e-09
241.0910910910911	0.27888482050031677	9304.052105028539	5.600583576329617e-09
241.36636636636638	0.27900152724380284	9285.15773575801	5.623422198462863e-09
241.64164164164166	0.2791456161924591	9266.301736639642	5.6463567492569976e-09
241.91691691691693	0.2792932101630878	9247.48402975227	5.6693869635616595e-09
242.1921921921922	0.27942688957779444	9228.704537332807	5.692511563290113e-09
242.4674674674675	0.27954752762182244	9209.963181776091	5.715729860269842e-09
242.74274274274276	0.27966978851407126	9191.259885634703	5.739042543789131e-09
243.01801801801804	0.2798259683312399	9172.594571618814	5.762452502575157e-09
243.29329329329332	0.28003217815382003	9153.967162595713	5.785962989061946e-09
243.56856856856857	0.2802310196206581	9135.377581588784	5.809572254983483e-09
243.84384384384384	0.28036844508979253	9116.825751777196	5.833275359794388e-09
244.11911911911912	0.28042848311797464	9098.311596495969	5.857067900604564e-09
244.3943943943944	0.280467179502228	9079.835039236354	5.880951029180915e-09
244.66966966966967	0.2806110019885664	9061.39600364622	5.904934815566427e-09
244.94494494494495	0.280843956083345	9042.994413528344	5.929025103284684e-09
245.22022022022023	0.28105638574548386	9024.630192839173	5.9532180161654265e-09
245.4954954954955	0.28124599470118267	9006.303265689554	5.9775108838501235e-09
245.77077077077078	0.2814319148224897	8988.013556344637	6.001903427052876e-09
246.04604604604606	0.2815169093641773	8969.760989222386	6.026388409683943e-09
246.32132132132134	0.2814728679501365	8951.545488893973	6.050958928871835e-09
246.5965965965966	0.2815121795264137	8933.366980085873	6.075626155377003e-09
246.8718718718719	0.2816837367848432	8915.22538767795	6.100401471250326e-09
247.14714714714717	0.2817542028623262	8897.12063670025	6.125275308524969e-09
247.42242242242244	0.2817383977172586	8879.0526523352	6.150242386063504e-09
247.69769769769772	0.28187340268239264	8861.0213599196	6.175317105348403e-09
247.972972972973	0.2821502829620291	8843.026684941815	6.2005087536734414e-09
248.24824824824825	0.2824205798196359	8825.06855304	6.225812544297167e-09
248.52352352352352	0.28255458592270094	8807.146890001957	6.251215488162092e-09
248.7987987987988	0.28250230495989315	8789.261621765661	6.276705048819487e-09
249.07407407407408	0.2824389235718814	8771.412674421312	6.302286231267477e-09
249.34934934934935	0.2824902018699943	8753.599974210525	6.3279722308936365e-09
249.62462462462463	0.28261100545376683	8735.82344752425	6.35376867599242e-09
249.8998998998999	0.28275966660282914	8718.083020902483	6.3796763166677515e-09
250.17517517517518	0.2829220254873905	8700.378621034264	6.405694716305446e-09
250.45045045045046	0.283119873644647	8682.710174757738	6.431825437920849e-09
250.72572572572574	0.283379269675273	8665.077609059923	6.458071747685527e-09
251.00100100100101	0.28358850469948366	8647.4808510749	6.48442722738262e-09
251.2762762762763	0.28364583819455325	8629.919828083615	6.510879623024568e-09
251.55155155155157	0.28372011933831026	8612.39446751651	6.5374341184513475e-09
251.82682682682685	0.28394500648410836	8594.904696952868	6.564104998899392e-09
252.10210210210212	0.2842192139241212	8577.450444117956	6.590894037217341e-09
252.3773773773774	0.2844785862432729	8560.031636883119	6.617797462282031e-09
252.65265265265268	0.2847545480825078	8542.648203266524	6.644815399997341e-09
252.92792792792793	0.2850274496969106	8525.300071432295	6.671946507673174e-09
253.2032032032032	0.28523755746891505	8507.987169689768	6.6991851978646056e-09
253.47847847847848	0.2854196563810291	8490.709426494263	6.726530649445575e-09
253.75375375375376	0.2856265828079371	8473.46677044697	6.753986743682764e-09
254.02902902902903	0.28574413150867717	8456.259130292792	6.781546927295347e-09
254.3043043043043	0.285695763966733	8439.086434920448	6.8092006181439886e-09
254.5795795795796	0.2856683628846331	8421.94861336518	6.836956106383151e-09
254.85485485485486	0.2857777302203873	8404.845594807677	6.864828679445514e-09
255.13013013013014	0.28593473748144665	8387.777308571445	6.892821470507346e-09
255.40540540540542	0.28611418315708526	8370.74368412324	6.920934676966891e-09
255.6806806806807	0.286371996940942	8353.744651073708	6.9491732709414666e-09
255.95595595595597	0.2866479002805861	8336.780139175748	6.977535749322072e-09
256.2312312312313	0.28682651689493943	8319.850078323565	7.0060115785398086e-09
256.5065065065065	0.2869534077899989	8302.95439855426	7.034597628508536e-09
256.7817817817818	0.2871035557091606	8286.093030047892	7.063298263745128e-09
257.0570570570571	0.28721985885708745	8269.265903125612	7.092111736570662e-09
257.3323323323324	0.2872711047391249	8252.472948249731	7.1210343510128826e-09
257.60760760760763	0.2873486493135071	8235.714096024845	7.150071547888087e-09
257.8828828828829	0.28749810897156425	8218.989277197032	7.179231063157923e-09
258.15815815815813	0.28768026295615196	8202.29842265254	7.2085149166801536e-09
258.43343343343344	0.2878143627314996	8185.641463417011	7.23791767123835e-09
258.70870870870874	0.2878123871030947	8169.018330655086	7.267428181328596e-09
258.983983983984	0.2877734092881459	8152.428955672372	7.297047660614534e-09
259.25925925925924	0.2878657310531136	8135.873269916037	7.326791752794375e-09
259.53453453453454	0.2881372570024886	8119.351204973075	7.356675401141163e-09
259.80980980980985	0.28853665024953384	8102.862692568819	7.38670438926017e-09
260.0850850850851	0.2888400675019682	8086.407664564512	7.416863076208811e-09
260.36036036036035	0.28893602086082126	8069.986052958339	7.4471312345033164e-09
260.63563563563565	0.2889475354254015	8053.597789888086	7.47750629486942e-09
260.91091091091096	0.2890035117912893	8037.242807630972	7.507998129535066e-09
261.1861861861862	0.2891999411251649	8020.921038602964	7.538622124009175e-09
261.46146146146145	0.2894478756990758	8004.632415356166	7.569380848986086e-09
261.73673673673676	0.28957955992345746	7988.376870577538	7.600261117051102e-09
262.01201201201206	0.28965167652664675	7972.15433709145	7.631259330482905e-09
262.2872872872873	0.28978129078805565	7955.9647478601655	7.662383832182603e-09
262.56256256256256	0.2899971484930877	7939.808035982482	7.693643025478253e-09
262.8378378378378	0.29026736919482676	7923.68413469265	7.725039845773203e-09
263.1131131131131	0.29047706258514394	7907.592977359042	7.75656593559196e-09
263.3883883883884	0.2905866709185409	7891.534497484806	7.788212214824117e-09
263.66366366366367	0.2906660613624926	7875.5086287090335	7.81997917513782e-09
263.9389389389389	0.2908071096845674	7859.51530480678	7.85187580207845e-09
264.2142142142142	0.29108235687615686	7843.5544596885475	7.883915050775336e-09
264.48948948948953	0.2913179671976578	7827.626027396793	7.916089628669701e-09
264.7647647647648	0.2913132421456927	7811.729942105249	7.948376055274866e-09
265.04004004004	0.2912730977599551	7795.866138123995	7.980777911836866e-09
265.31531531531533	0.2913776169920657	7780.034549898929	8.01331469353944e-09
265.59059059059064	0.2914481384835373	7764.235112006704	8.045982787698566e-09
265.8658658658659	0.2914191810611323	7748.467759155948	8.078773722492597e-09
266.14114114114113	0.291486283776567	7732.7324261905005	8.111700586104971e-09
266.41641641641644	0.2917056929995141	7717.029048087314	8.144777745126618e-09
266.69169169169174	0.2919810304008546	7701.357559954106	8.178005826126686e-09
266.966966966967	0.2922597626466387	7685.717897029664	8.21138041416332e-09
267.24224224224224	0.2925214649824549	7670.109994684002	8.244896785486948e-09
267.5175175175175	0.29275846953676615	7654.53378841828	8.278551229419784e-09
267.7927927927928	0.29296722186780394	7638.98921386458	8.312341103625832e-09
268.0680680680681	0.2931432639246763	7623.476206785642	8.346264385364496e-09
268.34334334334335	0.29329036135184633	7607.994703074705	8.380320264110401e-09
268.6186186186186	0.29342788376184825	7592.544638755456	8.41451027111042e-09
268.8938938938939	0.2935483297832741	7577.12594998139	8.448834866418129e-09
269.1691691691692	0.2936173770642413	7561.738573035193	8.483291137232075e-09
269.44444444444446	0.2937068593302076	7546.382444329951	8.517884427270017e-09
269.7197197197197	0.2939399892149976	7531.057500409636	8.552630769061459e-09
269.994994994995	0.2942279660963002	7515.763677945856	8.587532241558861e-09
270.2702702702703	0.29443220182384977	7500.500913736829	8.622576564809442e-09
270.54554554554556	0.2946102406505764	7485.26914470996	8.657761515727341e-09
270.8208208208208	0.2948221317899979	7470.068307921572	8.693091859138265e-09
271.0960960960961	0.29500762233267874	7454.898340554963	8.728564876732313e-09
271.3713713713714	0.2951579894591719	7439.759179920871	8.764178059505187e-09
271.6466466466467	0.29536271393682595	7424.65076345864	8.799939040037128e-09
271.9219219219219	0.2956072933219931	7409.573028734459	8.835851635394773e-09
272.19719719719717	0.29578696334513127	7394.52591343977	8.871907855976343e-09
272.4724724724725	0.2959194806328753	7379.509355392787	8.908104392995479e-09
272.7477477477478	0.29607348347912793	7364.523292539039	8.944446312567225e-09
273.02302302302303	0.2962079224258813	7349.567662949445	8.980932932788195e-09
273.2982982982983	0.29626331744020756	7334.6424048198	9.017557802251968e-09
273.5735735735736	0.2962389363470051	7319.747456471376	9.054316708867243e-09
273.8488488488489	0.29617581392417797	7304.882756351312	9.091211289954866e-09
274.12412412412414	0.296168528605529	7290.048243033183	9.128252741129217e-09
274.3993993993994	0.29623637789041346	7275.24385521562	9.165450768026736e-09
274.6746746746747	0.2963093300650485	7260.469531720676	9.202804647782527e-09
274.94994994995	0.29635404203517757	7245.725211494141	9.24031056941728e-09
275.22522522522524	0.29636910874990746	7231.010833605757	9.27796604634985e-09
275.5005005005005	0.29637210285213067	7216.326337249275	9.315771501379822e-09
275.7757757757758	0.29637884051725655	7201.671661742169	9.353729117192946e-09
276.0510510510511	0.2963672719651992	7187.046746524806	9.391838167329074e-09
276.32632632632635	0.29636049532245357	7172.451531160901	9.430100874587504e-09
276.6016016016016	0.2965053603724641	7157.88595533922	9.468534948751657e-09
276.87687687687685	0.296815839346269	7143.349958871269	9.507154005608374e-09
277.15215215215215	0.29710114025958123	7128.843481687775	9.545946459938916e-09
277.42742742742746	0.2972976549279236	7114.366463840432	9.584897842033937e-09
277.7027027027027	0.29746618704042543	7099.91884550363	9.624005461848935e-09
277.97797797797796	0.2976682986608543	7085.500566974234	9.663274570118102e-09
278.25325325325326	0.29794066726015195	7071.11156867096	9.70271296764881e-09
278.52852852852857	0.29820264977924904	7056.751791132224	9.742317081119567e-09
278.8038038038038	0.2983952927879495	7042.421175016235	9.782078165927927e-09
279.07907907907907	0.2986315652122224	7028.119661103543	9.822003317793811e-09
279.35435435435437	0.29894318175094897	7013.847190295495	9.862101053183346e-09
279.6296296296297	0.2991704677526128	6999.603703610828	9.902359219143747e-09
279.9049049049049	0.2993121236515948	6985.389142188027	9.9427698221066e-09
280.1801801801802	0.2995410551883557	6971.203447287962	9.983347430513028e-09
280.4554554554555	0.29981733492454893	6957.0465602901395	1.0024097383365327e-08
280.7307307307308	0.2999784563174866	6942.918422690417	1.0065004855674694e-08
281.00600600600603	0.3000269253604699	6928.818976103454	1.010606051261557e-08
281.2812812812813	0.30004922228755376	6914.748162263919	1.0147268307776624e-08
281.5565565565566	0.3001933190106645	6900.705923027319	1.0188648170192702e-08
281.83183183183183	0.3005207261516849	6886.692200368339	1.0230220707923746e-08
282.10710710710714	0.3008726108501468	6872.706936376806	1.0271981367851887e-08
282.3823823823824	0.3011206298598272	6858.75007325795	1.0313912412388301e-08
282.6576576576577	0.30122256320289603	6844.8215533336015	1.0355997389652805e-08
282.93293293293294	0.3012410211254065	6830.921319043789	1.0398232965457409e-08
283.20820820820825	0.30130811364264554	6817.0493129477	1.0440632699553257e-08
283.4834834834835	0.3014513557660042	6803.205477721685	1.0483209041883707e-08
283.75875875875874	0.30164062219221416	6789.389756157993	1.0525966904198559e-08
284.03403403403405	0.30182877783613693	6775.60209116422	1.0568904177233577e-08
284.3093093093093	0.301993854144401	6761.84242576354	1.0612017092298222e-08
284.5845845845846	0.3021965407506633	6748.110703095874	1.065531069585209e-08
284.85985985985985	0.30244312643893095	6734.406866416764	1.069878934141386e-08
285.13513513513516	0.3026297622247722	6720.730859095117	1.0742443612721381e-08
285.4104104104104	0.3027422208562937	6707.0826246145925	1.0786265805275874e-08
285.6856856856857	0.30286221588730616	6693.462106575058	1.0830260999849326e-08
285.96096096096096	0.3029983295858831	6679.869248691097	1.087443383199397e-08
286.23623623623627	0.303117742056878	6666.3039947909865	1.0918783581907804e-08
286.5115115115115	0.30323448436742706	6652.766288817345	1.096331174230146e-08
286.7867867867868	0.30338324267735306	6639.256074827265	1.1008023828380206e-08
287.06206206206207	0.3036073758856018	6625.773296992254	1.1052929117497441e-08
287.3373373373374	0.3038901232951844	6612.317899596906	1.109803193326541e-08
287.6126126126126	0.30408980115202	6598.889827036336	1.1143317741843976e-08
287.8878878878879	0.30420206767332897	6585.489023818478	1.118877667453711e-08
288.1631631631632	0.3044046928089308	6572.115434567283	1.1234424784539445e-08
288.4384384384384	0.3046956749579313	6558.769004019124	1.1280272667537328e-08
288.71371371371373	0.30493532965923753	6545.449677019997	1.1326309935944359e-08
288.988988988989	0.3050853912278348	6532.157398527171	1.1372525166995012e-08
289.2642642642643	0.30517394497325956	6518.892113610183	1.14189146527624e-08
289.53953953953953	0.3053007471501804	6505.653767452036	1.146548891389942e-08
289.81481481481484	0.3054999262232072	6492.442305347716	1.1512259500606323e-08
290.0900900900901	0.30558452718241275	6479.257672699714	1.1559210253002726e-08
290.3653653653654	0.30555156639187925	6466.099815021306	1.1606330384203803e-08
290.64064064064064	0.30572888978242185	6452.968677942776	1.1653655466794367e-08
290.91591591591595	0.30612117354724483	6439.864207204971	1.1701209828280877e-08
291.1911911911912	0.30641727635733035	6426.786348652883	1.1748969243380875e-08
291.4664664664665	0.3065858787859901	6413.735048240828	1.1796914001126562e-08
291.74174174174175	0.30674507135166146	6400.710252035187	1.1845046910049197e-08
292.01701701701705	0.3068614434842737	6387.711906211184	1.1893365666590271e-08
292.2922922922923	0.3068895555028763	6374.739957052447	1.1941862994234693e-08
292.5675675675676	0.30692714252001024	6361.794350953613	1.1990547293936621e-08
292.84284284284286	0.30706700945473764	6348.875034420063	1.2039436683137033e-08
293.1181181181181	0.3073305502834864	6335.981954066271	1.208854622304826e-08
293.3933933933934	0.3076283155279432	6323.1150566133565	1.2137874147717176e-08
293.66866866866866	0.30776421189851855	6310.274288886649	1.2187393249979392e-08
293.94394394394396	0.3077792108266491	6297.459597820242	1.2237091474131091e-08
294.2192192192192	0.3078706787024037	6284.670930460023	1.228698786260363e-08
294.4944944944945	0.30804921729486723	6271.908233959657	1.233709661742754e-08
294.76976976976977	0.3082422653739208	6259.171455578661	1.2387417466110618e-08
295.0450450450451	0.30839124974754667	6246.460542682427	1.2437942522417511e-08
295.3203203203203	0.3084841273946908	6233.775442742994	1.2488665250634137e-08
295.5955955955956	0.30861265598790955	6221.116103340956	1.253959428701456e-08
295.8708708708709	0.3087831738046957	6208.482472163531	1.2590736458310984e-08
296.1461461461462	0.3088581083642147	6195.874497001255	1.2642077439488087e-08
296.4214214214214	0.3088398045570348	6183.292125750725	1.269360843528597e-08
296.69669669669673	0.30886317146066633	6170.735306417187	1.2745342786954926e-08
296.971971971972	0.30899045929224406	6158.203987112842	1.2797298253988103e-08
297.2472472472473	0.3092289163357443	6145.698116055425	1.2849487829326194e-08
297.52252252252254	0.3095264988748355	6133.217641566768	1.2901913026585018e-08
297.7977977977978	0.3098020705665972	6120.762512071891	1.2954563684091657e-08
298.0730730730731	0.30994670260150814	6108.332676098187	1.3007417982092239e-08
298.34834834834834	0.30995775834355677	6095.928082277478	1.3060461553961626e-08
298.62362362362364	0.3100345166236043	6083.548679350215	1.3113713803576964e-08
298.8988988988989	0.3102077917677877	6071.19441616167	1.316719213355115e-08
299.1741741741742	0.3103011440337797	6058.865241657115	1.3220882770506356e-08
299.44944944944945	0.31027276344576654	6046.561104884561	1.3274770937731613e-08
299.72472472472475	0.31018432245198585	6034.281954996817	1.3328856177069659e-08
300.0	0.3100996677740864	6022.027741251375	1.3383147734849502e-08
