0.008680593347952016	4.564516448913712	8917.609178445902	7.340748523294194	0.005253014102321233
25.0	0.04988704318936877	33212.0	10.0
25.275275275275277	0.05058207154552186	34343.45699803135	9.028376740839281
25.55055055055055	0.051223956096667765	35371.507384029326	8.140592864927537
25.825825825825827	0.051862621497118816	36303.593580238754	7.330640302017972
26.1011011011011	0.05264380422992356	37149.1487972863	6.59086213211207
26.376376376376378	0.05351673368140287	37915.5358358795	5.915295841097627
26.65165165165165	0.054157466697871866	38605.09700876552	5.30210607014107
26.926926926926928	0.05468390944737243	39222.635234681286	4.7474276267469415
27.2022022022022	0.05555092307909204	39777.874148032824	4.243335897659671
27.47747747747748	0.05658783698011666	40276.973142572024	3.7848309353983978
27.75275275275275	0.05739037095528598	40721.85139719896	3.3703985757123607
28.02802802802803	0.058112654658477696	41116.31436000961	2.996968455529881
28.303303303303302	0.05895955156718478	41465.51377238859	2.6603565980453836
28.57857857857858	0.05975814128721388	41772.93666256601	2.3577442933640653
28.853853853853856	0.06043631992461198	42041.60453568405	2.0866921811786057
29.12912912912913	0.06121321730200397	42275.574845004165	1.8439038822376672
29.404404404404403	0.06208119247096705	42478.382210160366	1.6265088978774411
29.67967967967968	0.06277975780514036	42652.240253299766	1.4327207664198116
29.954954954954957	0.06335497295977463	42799.59953728971	1.2605551962638744
30.23023023023023	0.06403138875697906	42923.47101688315	1.1075633209669487
30.505505505505504	0.06479963631286076	43026.45579993808	0.9716303211798343
30.78078078078078	0.06557976121923534	43110.6698415516	0.8510379506963739
31.056056056056057	0.06638780259008786	43178.069964024064	0.7441965370613137
31.33133133133133	0.06721436162704751	43230.40887970901	0.6496822224250891
31.606606606606608	0.06794650387086885	43269.11901785343	0.5663329126459328
31.88188188188188	0.06857552219949475	43295.55417025635	0.4930495886496767
32.15715715715716	0.0692440066151997	43311.1433380376	0.42866965945425795
32.432432432432435	0.06997407115405216	43317.17242037254	0.3721467193428859
32.70770770770771	0.07068787016060052	43314.71099494467	0.32261103749573117
32.98298298298298	0.07138509685136644	43304.72717040663	0.2792751992271789
33.25825825825826	0.07210171109865172	43288.11607048771	0.24141076138774978
33.533533533533536	0.07285064367089909	43265.68027549099	0.20836445185002014
33.808808808808806	0.07364619096225598	43238.13632920753	0.17955291937235865
34.08408408408408	0.0745247754363734	43206.12929707452	0.15445084299571774
34.35935935935936	0.07543264810538586	43170.20413117838	0.1326146071358112
34.63463463463464	0.07616927552410147	43130.788929646464	0.1136962121579636
34.90990990990991	0.07677569646794508	43088.29948583551	0.0973572847534217
35.18518518518518	0.07752775156193252	43043.174868544724	0.0832397810749738
35.46046046046046	0.07838204508735158	42995.77945401928	0.07104666631914311
35.73573573573574	0.07912911683659626	42946.395464995345	0.06054815029772228
36.01101101101101	0.07982987720855386	42895.288285235525	0.051527978385717765
36.286286286286284	0.08060006618864801	42842.706526106376	0.043783396732896496
36.56156156156156	0.08137945023296632	42788.85884123472	0.03714427270472923
36.83683683683684	0.08210821901351137	42733.923193234696	0.031465508487292154
37.112112112112115	0.08280900538496073	42678.058819048354	0.02661722046345379
37.38738738738739	0.0835094144116118	42621.40699954184	0.022484127542982506
37.66266266266266	0.08422831073547762	42564.09145201113	0.01896524923072415
37.93793793793794	0.08495486618201298	42506.21869389556	0.015973626950168924
38.213213213213216	0.08565874119393285	42447.87992868604	0.013434790929398512
38.488488488488485	0.0863374487483825	42389.154427804504	0.011283992424745686
38.76376376376376	0.08700873287997588	42330.11140377792	0.009464674805196431
39.03903903903904	0.08771993234179425	42270.81146375056	0.007927288124046396
39.314314314314316	0.08847492109941946	42211.30635752979	0.006629506958995386
39.58958958958959	0.08914308623475033	42151.638409493215	0.005536709014572524
39.86486486486486	0.08969778905019912	42091.84430210577	0.004618869436585473
40.14014014014014	0.09030623637230559	42031.9576433642	0.0038484524031199858
40.41541541541542	0.09102399303901099	41972.00716946066	0.0032018954952252173
40.690690690690694	0.09178197108494274	41912.01641193288	0.0026598897528015567
40.965965965965964	0.0925231263681587	41852.00497457979	0.0022063404951441815
41.24124124124124	0.0932145281314457	41791.98947506537	0.0018275740051887247
41.51651651651652	0.09390306966501853	41731.98431940771	0.001511727450534308
41.791791791791795	0.09462758103835883	41672.001830084824	0.0012486372646547186
42.06706706706707	0.09530448363221772	41612.05214757755	0.0010299227408793212
42.34234234234234	0.09589725765881854	41552.14382360287	0.0008484999179820578
42.61761761761762	0.09650996128653272	41492.28432603932	0.00069816750925813
42.892892892892895	0.09715770908241571	41432.47990851135	0.0005737156371756856
43.168168168168165	0.09773774769976694	41372.735652848576	0.0004708923041211681
43.44344344344344	0.09828429445240176	41313.05587882317	0.00038606724270108213
43.71871871871872	0.09892035644461761	41253.44429034201	0.00031611239276878365
43.993993993993996	0.09962568451874663	41193.90390397001	0.00025846152093763914
44.26926926926927	0.10031527084729853	41134.437150120546	0.00021102767859414634
44.54454454454455	0.1009108595488936	41075.04601181521	0.0001720895960139645
44.81981981981982	0.10139213809785781	41015.732138556654	0.00014019843103842575
45.0950950950951	0.10187656092632116	40956.4969351232	0.00011410501163445919
45.37037037037037	0.10241222040206184	40897.34155205951	9.276796426993158e-05
45.645645645645644	0.10291566558714386	40838.26689612584	7.534541997028906e-05
45.92092092092092	0.10338291387050863	40779.2736982332	6.113935470059223e-05
46.1961961961962	0.10388934330854076	40720.36256148629	4.955412766933363e-05
46.471471471471475	0.10446732239062148	40661.53394379371	4.011595349662227e-05
46.74674674674675	0.10511744699255078	40602.78820315023	3.243170683301797e-05
47.02202202202202	0.1058102132502638	40544.125607681526	2.6181862759811885e-05
47.2972972972973	0.10651565709492457	40485.54635384835	2.110560234753958e-05
47.572572572572575	0.10723403180495686	40427.05058178794	1.698825447545547e-05
47.847847847847845	0.10794370413733809	40368.63838428986	1.3653958014977874e-05
48.12312312312312	0.10857294652440191	40310.309814246815	1.095956306680707e-05
48.3983983983984	0.10910591197624325	40252.064894218456	8.786781366054068e-06
48.673673673673676	0.10960018052627327	40193.90362268874	7.037047222075328e-06
48.94894894894895	0.11015346251004668	40135.8259775332	5.6286694996026915e-06
49.22422422422423	0.11085562304039467	40077.831918466836	4.494981632355847e-06
49.4994994994995	0.11156032890136963	40019.9213878671	3.5838336641197e-06
49.77477477477478	0.11209238588257549	39962.09431522214	2.8537162218865942e-06
50.05005005005005	0.11256955364097691	39904.35062221261	2.2696498270240526e-06
50.32532532532532	0.11312066950424593	39846.69022333543	1.8026875442159848e-06
50.6006006006006	0.11372723015047284	39789.1130261497	1.4296838204700726e-06
50.87587587587588	0.1143467616621598	39731.6189326786	1.1321384343132546e-06
51.151151151151154	0.11493441174405941	39674.207840618066	8.952028426432833e-07
51.42642642642643	0.11547601903332622	39616.87964432994	7.068737061412481e-07
51.70170170170171	0.11598229006645051	39559.6342355407	5.574278502413019e-07
51.97697697697698	0.11644268531261859	39502.471503800894	4.390372782291483e-07
52.252252252252255	0.11685422863588854	39445.39133693447	3.454019852083623e-07
52.527527527527525	0.11731430810633875	39388.39362151217	2.714058516847018e-07
52.8028028028028	0.11789359791993084	39331.47824304383	2.129533102855824e-07
53.07807807807808	0.11848819210135335	39274.645086564546	1.668516204634265e-07
53.353353353353356	0.11901427026482612	39217.89404150606	1.3060094098493022e-07
53.62862862862863	0.1194844406486875	39161.22499168861	1.0214044525542788e-07
53.90390390390391	0.12001396790362111	39104.63782062126	7.980843738229636e-08
54.17917917917918	0.12078972582079968	39048.13241158615	6.227270871295276e-08
54.454454454454456	0.12163647692871647	38991.708647654414	4.851907413519143e-08
54.729729729729726	0.12220763548347781	38935.36641177896	3.777369640957653e-08
55.005005005005	0.12265359594151604	38879.10558692026	2.9396722136699483e-08
55.28028028028028	0.12322970442731691	38822.926056066106	2.286617303372228e-08
55.55555555555556	0.12381752521193023	38766.82770222877	1.7781006747531577e-08
55.830830830830834	0.124305628790108	38710.810408482874	1.382926543015541e-08
56.10610610610611	0.12479305921482112	38654.874057996865	1.0761612290908638e-08
56.38138138138139	0.12532053611538874	38599.01853404401	8.382119690886884e-09
56.65665665665666	0.12581602537955944	38543.24372001338	6.53898755431547e-09
56.931931931931935	0.12627652109063686	38487.549499423214	5.113247134068385e-09
57.20720720720721	0.12675365102576736	38431.93575592957	4.011390814230678e-09
57.48248248248248	0.12721541914361467	38376.402373331504	3.1608618906993557e-09
57.75775775775776	0.12762216711712204	38320.94923557658	2.5052939571836167e-09
58.033033033033036	0.1281085511400439	38265.576226765894	2.000208784197208e-09
58.30830830830831	0.12876972416550886	38210.28323115618	1.6110489523532302e-09
58.58358358358358	0.1294431272417192	38155.07013316127	1.3116659244425332e-09
58.85885885885886	0.1300066849599243	38099.9368173547	1.0819143681905394e-09
59.134134134134136	0.13048221269578714	38044.883168471635	9.059758780885787e-10
59.40940940940941	0.13091448233844674	37989.90907140968	7.714799689467683e-10
59.68468468468468	0.13135498346070287	37935.0144112295	6.68810913135837e-10
59.95995995995996	0.13182330477899215	37880.19907315523	5.905536129550615e-10
60.23523523523524	0.1323244959963712	37825.462942574755	5.310080885141406e-10
60.510510510510514	0.13290116483928374	37770.80590504007	4.857844386490333e-10
60.78578578578579	0.13356981240618013	37716.22784626732	4.5151876788011084e-10
61.06106106106106	0.13420240802272218	37661.728652136684	4.2565991951476723e-10
61.33633633633634	0.13471812879476533	37607.30820869247	4.0624840793585817e-10
61.611611611611615	0.1352023704387905	37552.966402143174	3.9175833069904507e-10
61.88688688688689	0.13573263421730827	37498.70311886138	3.810136820435332e-10
62.16216216216216	0.1363433035500606	37444.51824538354	3.731167068273072e-10
62.43743743743744	0.13697181533212827	37390.411668409695	3.6738733009576695e-10
62.712712712712715	0.1375109755478548	37336.38327480339	3.6330910792734065e-10
62.98798798798799	0.13809576830146003	37282.43295159153	3.6048294843088707e-10
63.26326326326326	0.13888634678437117	37228.56058596435	3.586039944735084e-10
63.53853853853854	0.13962013480034838	37174.766065274685	3.5744510800897515e-10
63.813813813813816	0.1400869439584491	37121.04927703797	3.5683314389035065e-10
64.0890890890891	0.14053203228715405	37067.41010893228	3.5663391692753075e-10
64.36436436436436	0.14110877287339166	37013.848448798104	3.567460172550972e-10
64.63963963963964	0.14170921645089554	36960.36418463782	3.5709327807942304e-10
64.91491491491492	0.14228981628587853	36906.957204615625	3.5761807387081994e-10
65.1901901901902	0.1428836986255997	36853.62739705732	3.5827698001190806e-10
65.46546546546547	0.1434241462359484	36800.374650449936	3.59036974270838e-10
65.74074074074073	0.14381661439278776	36747.1988534416	3.5987263494647353e-10
66.01601601601601	0.14416876838301473	36694.09989484136	3.607653163266775e-10
66.29129129129129	0.14460048750984292	36641.07766361907	3.617017296830102e-10
66.56656656656656	0.14502589333931512	36588.132048904896	3.626714827610654e-10
66.84184184184184	0.14538216980993496	36535.26293998918	3.63666425892501e-10
67.11711711711712	0.14573714451222014	36482.47022632225	3.6468087614161936e-10
67.3923923923924	0.14613378971313995	36429.75379751421	3.65710869620048e-10
67.66766766766767	0.14656449224930576	36377.11354333468	3.667534149231625e-10
67.94294294294295	0.14699742815249123	36324.549353712486	3.678060881979141e-10
68.21821821821823	0.1473900952051042	36272.0611187355	3.6886681718917347e-10
68.4934934934935	0.14773964211724752	36219.648728650376	3.69934044487233e-10
68.76876876876878	0.14807138800866462	36167.31207386238	3.7100677830825494e-10
69.04404404404404	0.14845295764353045	36115.051044935186	3.7208472006529294e-10
69.31931931931932	0.14892260913800218	36062.86553259062	3.7316789643270965e-10
69.5945945945946	0.14941702127630482	36010.75542770836	3.742559197796903e-10
69.86986986986987	0.14986619799233342	35958.72062132571	3.7534805378793754e-10
70.14514514514515	0.150219740634165	35906.76100463732	3.7644343370030616e-10
70.42042042042041	0.1505521496214859	35854.87646899518	3.7754190681264004e-10
70.69569569569569	0.15102866012424657	35803.066905908345	3.7864442777370804e-10
70.97097097097097	0.15157495719323819	35751.332207042615	3.797512179245555e-10
71.24624624624624	0.15201264961395047	35699.672264220135	3.80861290756857e-10
71.52152152152152	0.15235778940254896	35648.08696941938	3.8197403161090424e-10
71.7967967967968	0.15268504092490176	35596.57621477498	3.8308947598988244e-10
72.07207207207207	0.15304224420586282	35545.139892577434	3.8420796098110623e-10
72.34734734734735	0.15345781487256754	35493.777895272935	3.8532991800438635e-10
72.62262262262263	0.1539332320123068	35442.49011546307	3.864556728864519e-10
72.8978978978979	0.15445643807191559	35391.2764459046	3.8758538637819226e-10
73.17317317317318	0.15499899039134668	35340.13677950922	3.8871899307236425e-10
73.44844844844846	0.1554761432814441	35289.071009343264	3.898559017968509e-10
73.72372372372374	0.1557896184605816	35238.07902862747	3.909950557182309e-10
73.998998998999	0.15602565843503594	35187.16073073697	3.921362482412849e-10
74.27427427427428	0.15633479188837643	35136.31600920108	3.9328030112282784e-10
74.54954954954955	0.15680327953358691	35085.54475770305	3.9442836686852e-10
74.82482482482483	0.15739703217573447	35034.84687007971	3.955810612377693e-10
75.1001001001001	0.1578411230342386	34984.22224032106	3.9673706221025906e-10
75.37537537537537	0.15806521677001872	34933.67076257015	3.978949675021517e-10
75.65065065065065	0.15832993892708275	34883.19233112328	3.990554451466033e-10
75.92592592592592	0.15869397726643703	34832.78684042951	4.0021935742764545e-10
76.2012012012012	0.15903229539895863	34782.45418509029	4.013865244912104e-10
76.47647647647648	0.15938092462950612	34732.19425985941	4.0255705145900396e-10
76.75175175175175	0.159833372612502	34682.00695964282	4.037316184296171e-10
77.02702702702703	0.16030982389282142	34631.89217949826	4.049102023701605e-10
77.30230230230231	0.16070502479301862	34581.849814634974	4.060921110709967e-10
77.57757757757759	0.16100600131375264	34531.87976041362	4.0727676755585195e-10
77.85285285285286	0.1612564258541202	34481.98191234607	4.0846404302833537e-10
78.12812812812814	0.16156753898608858	34432.15616609531	4.096545652490098e-10
78.40340340340342	0.16197940545367756	34382.40241747511	4.1084904524964163e-10
78.67867867867868	0.16244365055129126	34332.72056244975	4.1204768234434374e-10
78.95395395395396	0.1628753542206354	34283.11049713375	4.1325007319067524e-10
79.22922922922923	0.16318706094199598	34233.572117791606	4.1445536827471195e-10
79.50450450450451	0.16341892559515986	34184.105320837785	4.156632239592233e-10
79.77977977977977	0.16365699510783818	34134.71000283651	4.168739540289681e-10
80.05505505505505	0.16396279813648734	34085.38606050148	4.1808818313342743e-10
80.33033033033033	0.16434700402597818	34036.13339069569	4.1930642876270773e-10
80.6056056056056	0.16472150880840186	33986.951890431075	4.205284922744445e-10
80.88088088088088	0.1650579956256173	33937.841456868315	4.2175405160215084e-10
81.15615615615616	0.1654229581723212	33888.80198731678	4.229833111815783e-10
81.43143143143143	0.16580936893979223	33839.833379234195	4.242163736171641e-10
81.70670670670671	0.16615004661515054	33790.935530226394	4.2545287914212294e-10
81.98198198198199	0.16644052070697984	33742.10833804715	4.266925466502864e-10
82.25725725725727	0.16670750111406923	33693.351700597996	4.27935353441264e-10
82.53253253253254	0.16696773362861866	33644.66551592803	4.2918139547386145e-10
82.80780780780782	0.16724316762978356	33596.04968223365	4.304308866501982e-10
83.0830830830831	0.16757860590964613	33547.50409785843	4.316842731115323e-10
83.35835835835836	0.16797822806281626	33499.02866129281	4.3294190083380813e-10
83.63363363363364	0.16837351352923358	33450.62327117386	4.3420357071802745e-10
83.90890890890891	0.16875613696063024	33402.28782628508	4.3546909045386436e-10
84.18418418418419	0.16917885454224232	33354.02222555628	4.3673867100632803e-10
84.45945945945945	0.16959416187678258	33305.82636806326	4.3801215397739854e-10
84.73473473473473	0.16991337564561418	33257.700153027574	4.3928885239051225e-10
85.01001001001	0.1702042432820832	33209.64347981643	4.405687284665232e-10
85.28528528528528	0.17055899278505177	33161.65624794256	4.418523613329312e-10
85.56056056056056	0.17093984424290062	33113.73835706385	4.431399145967495e-10
85.83583583583584	0.17130163521683522	33065.88970698314	4.4443121109842327e-10
86.11111111111111	0.17164545750263294	33018.11019764799	4.457261368413133e-10
86.38638638638639	0.17198669253889898	32970.39972915063	4.470247158428912e-10
86.66166166166167	0.1723495117827428	32922.758201727615	4.483271264918965e-10
86.93693693693695	0.17272599361389	32875.185515759666	4.496334450878454e-10
87.21221221221222	0.17308010440057725	32827.681571771405	4.5094349214902793e-10
87.4874874874875	0.1733588748642955	32780.24627043112	4.5225679837817475e-10
87.76276276276278	0.17354484890776248	32732.87951255062	4.5357292486364994e-10
88.03803803803804	0.17381928810658262	32685.58119908523	4.548927585480581e-10
88.31331331331332	0.17431322406452004	32638.351231133536	4.562177837941162e-10
88.58858858858859	0.1748736146352586	32591.189509936852	4.575480319825412e-10
88.86386386386387	0.17537105378958626	32544.095936879068	4.588826748013062e-10
89.13913913913915	0.17579188797570294	32497.070413486526	4.602210487013955e-10
89.41441441441442	0.17620048795048007	32450.11284142794	4.615631195596292e-10
89.68968968968969	0.17671009717199604	32403.22312251425	4.629096118161659e-10
89.96496496496496	0.1772427955160405	32356.401158698147	4.6426051785657945e-10
90.24024024024024	0.17764276567115722	32309.646852073845	4.656148109637614e-10
90.51551551551552	0.1779875459338776	32262.96010487711	4.6697229498839e-10
90.7907907907908	0.17838929285247584	32216.340819485093	4.683335760560932e-10
91.06606606606607	0.17878825325459619	32169.78889841593	4.696986839225054e-10
91.34134134134135	0.17913752163652466	32123.30424432857	4.710673344439163e-10
91.61661661661662	0.17948671514609899	32076.88676002267	4.724396620180309e-10
91.8918918918919	0.1798373622080373	32030.53634843833	4.738157733139716e-10
92.16716716716716	0.18012536593812722	31984.252912655826	4.751953235633598e-10
92.44244244244244	0.18038885331844598	31938.036355895514	4.765783304456964e-10
92.71771771771772	0.18072714583912175	31891.886581517716	4.779654651999286e-10
92.992992992993	0.1810942690408176	31845.80349302234	4.793568900958509e-10
93.26826826826827	0.18140894048965953	31799.78699404862	4.807521832678361e-10
93.54354354354355	0.1817293241859906	31753.836988375107	4.821514429804881e-10
93.81881881881883	0.1821120851523248	31707.95337991945	4.835551153958271e-10
94.0940940940941	0.1825157882416414	31662.136072738085	4.849632358667086e-10
94.36936936936937	0.18291004371316327	31616.384971026047	4.863756306428959e-10
94.64464464464464	0.18330314754198504	31570.6999791168	4.877922391692323e-10
94.91991991991992	0.1836837067931429	31525.081001482038	4.8921294808993e-10
95.1951951951952	0.1840209530493014	31479.52794273145	4.906374796045358e-10
95.47047047047047	0.18430484473369652	31434.040707612545	4.920655812774868e-10
95.74574574574575	0.18455603670163362	31388.619201010493	4.934972219736284e-10
96.02102102102103	0.18489643969218716	31343.26332794804	4.949331950510392e-10
96.2962962962963	0.18538306772652893	31297.97299358525	4.963744251235712e-10
96.57157157157158	0.18575737084053617	31252.748103218903	4.978198240921777e-10
96.84684684684684	0.18590222170269693	31207.58856228247	4.992678744776871e-10
97.12212212212212	0.18608147828876595	31162.4942763464	5.00719306387005e-10
97.3973973973974	0.18643672517768808	31117.465151117765	5.021755663583685e-10
97.67267267267268	0.18691446600214642	31072.501092439794	5.036372853181554e-10
97.94794794794795	0.18740096750503696	31027.602006291658	5.05104134181029e-10
98.22322322322323	0.18777055522212474	30982.767798788223	5.065750516282342e-10
98.4984984984985	0.18806483660990117	30937.99837618005	5.080496006568064e-10
98.77377377377378	0.1883789981841934	30893.293644853293	5.095281270467653e-10
99.04904904904905	0.18872933444520967	30848.653511329387	5.110109784534701e-10
99.32432432432432	0.18910410600546756	30804.077882264824	5.124983155124958e-10
99.5995995995996	0.18947318773397712	30759.56666445094	5.139900485959846e-10
99.87487487487488	0.18982330515252838	30715.119764813742	5.154860319722355e-10
100.15015015015015	0.1901675466661102	30670.73709041372	5.169862593243015e-10
100.42542542542543	0.19048811653685202	30626.41854844566	5.18490610886542e-10
100.70070070070071	0.19074887858754516	30582.164046238384	5.199987668846548e-10
100.97597597597598	0.19101561178511253	30537.973491254696	5.215109591884823e-10
101.25125125125126	0.1913775054422527	30493.846791091244	5.230279499137076e-10
101.52652652652652	0.19175413548760067	30449.78385347809	5.245497134927884e-10
101.8018018018018	0.19203837660373063	30405.784586278467	5.260755129236942e-10
102.07707707707708	0.19220929877039755	30361.84889748874	5.276047152029883e-10
102.35235235235236	0.19232574177075307	30317.976695238263	5.291372968757946e-10
102.62762762762763	0.1925538155910184	30274.16788778937	5.306743725183575e-10
102.90290290290291	0.1928831765773278	30230.42238353693	5.322166259465939e-10
103.17817817817819	0.193113748842134	30186.74009100792	5.337631601564837e-10
103.45345345345346	0.19325096732132885	30143.120918861507	5.3531341366173e-10
103.72872872872873	0.19343293174730533	30099.56477588902	5.368679553695127e-10
104.004004004004	0.19370564743803967	30056.071571013625	5.384274860234796e-10
104.27927927927928	0.19406398339538133	30012.64121329011	5.399924454017655e-10
104.55455455455456	0.19445615881642112	29969.27361190458	5.415627777762271e-10
104.82982982982983	0.19482349572806898	29925.968676174307	5.431380473457383e-10
105.10510510510511	0.19511827851087632	29882.72631554751	5.447176392839397e-10
105.38038038038039	0.19535686312517403	29839.546439603295	5.463012594780986e-10
105.65565565565566	0.19563714624429007	29796.428958051547	5.478893892242276e-10
105.93093093093094	0.19599409575159749	29753.373780732647	5.494825952152857e-10
106.2062062062062	0.19640008372715728	29710.380817617242	5.510810694685074e-10
106.48148148148148	0.19678740652233578	29667.449978805962	5.526844770226156e-10
106.75675675675676	0.19708806242953053	29624.58117452924	5.542921297631415e-10
107.03203203203203	0.19732913154883647	29581.77431514727	5.559037615425147e-10
107.30730730730731	0.19757131566219222	29539.02931114986	5.575196197052328e-10
107.58258258258259	0.19788735046070322	29496.346073156237	5.59140376995476e-10
107.85785785785787	0.19829345095561257	29453.72451191482	5.607665975731825e-10
108.13313313313314	0.19870628323063805	29411.16453830287	5.623980820894514e-10
108.4084084084084	0.1990345770013171	29368.666063326298	5.640340689074191e-10
108.68368368368368	0.19920439086943417	29326.22899811951	5.656735441570877e-10
108.95895895895896	0.19932213492896078	29283.85325394547	5.673165804725336e-10
109.23423423423424	0.19956985707583413	29241.538742195615	5.689644985863004e-10
109.50950950950951	0.19987685482342493	29199.285374389314	5.706176853376456e-10
109.78478478478479	0.20013232512438606	29157.093062173637	5.722756274462428e-10
110.06006006006007	0.20043648536995293	29114.961717323466	5.739386911058041e-10
110.33533533533534	0.2008510014368111	29072.89125174124	5.756075552946015e-10
110.61061061061062	0.20125604830752267	29030.881577456537	5.772818327797466e-10
110.88588588588588	0.2015648660153413	28988.93260662594	5.789606636527676e-10
111.16116116116116	0.2017664021627728	28947.044251532916	5.806434081020731e-10
111.43643643643644	0.20189855672288284	28905.216424587747	5.823299153070984e-10
111.71171171171171	0.20203532344807384	28863.44903832739	5.840206109620911e-10
111.98698698698699	0.2022583161396295	28821.742005415304	5.857163560644313e-10
112.26226226226227	0.20261505222535245	28780.095238641192	5.874180593487403e-10
112.53753753753755	0.20298106839192517	28738.50865092062	5.891254437594452e-10
112.81281281281282	0.20325688552253962	28696.98215529483	5.908376269909878e-10
113.08808808808809	0.20354076508681623	28655.515664930863	5.925547307078384e-10
113.36336336336336	0.20385900084357417	28614.109093121264	5.942770265308895e-10
113.63863863863864	0.20407789843757645	28572.762353283688	5.96003747376335e-10
113.91391391391392	0.20424193461860568	28531.47535896095	5.977347110094005e-10
114.1891891891892	0.2045583904226648	28490.2480238211	5.994712803261209e-10
114.46446446446447	0.20493230081367772	28449.080261656796	6.012136767130043e-10
114.73973973973975	0.20513714048033313	28407.971986384935	6.029604313286977e-10
115.01501501501502	0.20528644643995242	28366.92311204696	6.04711399199941e-10
115.2902902902903	0.20554565907526895	28325.933552808765	6.06467675826586e-10
115.56556556556556	0.20583045468649447	28285.00322296016	6.082293785213775e-10
115.84084084084084	0.2060433566537447	28244.132036914645	6.0999588851732e-10
116.11611611611612	0.20616825124659136	28203.31990920937	6.117666898382026e-10
116.3913913913914	0.206240048513378	28162.56675450504	6.135417008634938e-10
116.66666666666667	0.20634360826916653	28121.87248758578	6.153214854003993e-10
116.94194194194195	0.2065538491687142	28081.237023358983	6.171069599328052e-10
117.21721721721723	0.20690961616681833	28040.660276855033	6.188990118262761e-10
117.4924924924925	0.20724918480197974	28000.142163226876	6.206970514015417e-10
117.76776776776778	0.20739149282401603	27959.68259774977	6.224993815715972e-10
118.04304304304304	0.20747272247977014	27919.281495821608	6.243058920963233e-10
118.31831831831832	0.20765251151159023	27878.938772962774	6.261176809358398e-10
118.5935935935936	0.20793130479844874	27838.654344815724	6.279354732050786e-10
118.86886886886887	0.20824551909025718	27798.42812714471	6.29759281633754e-10
119.14414414414415	0.2084770180059513	27758.260035835523	6.3158825321024e-10
119.41941941941943	0.2086149621652988	27718.149986895478	6.334217581449168e-10
119.6946946946947	0.20875060605569856	27678.097896453404	6.352600629303096e-10
119.96996996996998	0.20894385331628612	27638.10368075941	6.371037877478903e-10
120.24524524524524	0.20922760606995924	27598.16725618468	6.38953584922381e-10
120.52052052052052	0.20959838627939623	27558.288539221223	6.408098587861437e-10
120.7957957957958	0.21001016243237614	27518.46744648166	6.426725363588243e-10
121.07107107107107	0.21032143279822377	27478.703894698865	6.445405261877133e-10
121.34634634634635	0.21046491431706627	27438.997800725938	6.464126269366341e-10
121.62162162162163	0.2105489402383361	27399.349081536286	6.482888701584617e-10
121.8968968968969	0.21064451084579583	27359.757654223402	6.501698090960079e-10
122.17217217217218	0.21075876695937404	27320.223436000597	6.520558602528877e-10
122.44744744744746	0.21093161017573628	27280.746344200856	6.539475974362908e-10
122.72272272272272	0.2112043924045402	27241.3262962767	6.558457086980342e-10
122.997997997998	0.21144079891534448	27201.96320979969	6.57749622709223e-10
123.27327327327328	0.21151687976018507	27162.65700246032	6.596580429824659e-10
123.54854854854855	0.2116766849818577	27123.407592068397	6.615719738805384e-10
123.82382382382383	0.2120831861759459	27084.214896552752	6.63493301831937e-10
124.0990990990991	0.2124849582927306	27045.078833960426	6.654213518961285e-10
124.37437437437438	0.21275728155747745	27005.999322456653	6.673547500585405e-10
124.64964964964966	0.21303998514076222	26966.976280325154	6.692936752598877e-10
124.92492492492492	0.21337183706161228	26928.009625967785	6.712385427145236e-10
125.2002002002002	0.2136862026857512	26889.099277904206	6.731891196802288e-10
125.47547547547548	0.21394677056354888	26850.24515477176	6.751449861249533e-10
125.75075075075075	0.21415623909465245	26811.447175325357	6.771058980958558e-10
126.02602602602603	0.2144236588303705	26772.70525843748	6.790725356423398e-10
126.30130130130131	0.21482394843268282	26734.01932309798	6.810459138379317e-10
126.57657657657658	0.21522522545011552	26695.389288413528	6.830256826707693e-10
126.85185185185186	0.21552629914374616	26656.815073607533	6.850108494280047e-10
127.12712712712714	0.21575153271788897	26618.29659802016	6.870009702247164e-10
127.4024024024024	0.21594382306564705	26579.83378110819	6.889960951153409e-10
127.67767767767768	0.21614891835646474	26541.42654244487	6.909966129515117e-10
127.95295295295296	0.2163731951714419	26503.074801719682	6.930028277179236e-10
128.22822822822823	0.21660135143657408	26464.77847873811	6.950148222880462e-10
128.5035035035035	0.21685401642005822	26426.537493421576	6.970328149801904e-10
128.7787787787788	0.21715113926830434	26388.35176580722	6.990571059210955e-10
129.05405405405406	0.21745226409367002	26350.2212160477	7.010875803888555e-10
129.32932932932934	0.21772861548316932	26312.145764410972	7.031239483954192e-10
129.60460460460462	0.2180093424239613	26274.12533128026	7.051662570522148e-10
129.87987987987987	0.21827654478918548	26236.15983715381	7.072144036171133e-10
130.15515515515517	0.21844603862227804	26198.249202644583	7.092676738300837e-10
130.43043043043042	0.218588452714964	26160.393348480407	7.113261678634382e-10
130.70570570570572	0.2188770856073791	26122.59219550392	7.133913079579031e-10
130.98098098098097	0.2191991549393257	26084.845664671975	7.154631260055608e-10
131.25625625625628	0.21936394235011542	26047.153677055296	7.17540155896148e-10
131.53153153153153	0.21953728115815122	26009.51615383897	7.19622769997788e-10
131.80680680680683	0.21987633752235244	25971.933016322197	7.217124459338392e-10
132.08208208208208	0.22020241475314276	25934.404185917647	7.238087251788187e-10
132.35735735735736	0.22043692629306103	25896.92958415136	7.259107039480075e-10
132.63263263263264	0.22076375820786184	25859.50913266313	7.28019264576208e-10
132.9079079079079	0.22114625808631952	25822.142753205906	7.301346843093825e-10
133.1831831831832	0.22131821115947437	25784.83036764521	7.322550413126135e-10
133.45845845845847	0.2213459025304536	25747.571897959602	7.343796471958901e-10
133.73373373373374	0.22148343139659213	25710.36726624084	7.365100848788625e-10
134.00900900900902	0.22176510503439736	25673.21639469331	7.386476376649452e-10
134.2842842842843	0.2221378282839654	25636.11920563374	7.407927040095945e-10
134.55955955955955	0.22254747321119892	25599.07562149098	7.429451116623286e-10
134.83483483483485	0.22293342410597508	25562.085564805882	7.451042744593386e-10
135.1101101101101	0.22322354656064794	25525.14895823111	7.472692526345902e-10
135.3853853853854	0.22341878007478697	25488.265724531044	7.494394670345194e-10
135.66066066066065	0.22361123022225632	25451.435786581893	7.51615295649634e-10
135.93593593593596	0.22380362049395683	25414.659067371267	7.537970050637003e-10
136.2112112112112	0.22393553674151984	25377.935489997988	7.559842843684717e-10
136.4864864864865	0.22405872792418557	25341.264977672054	7.581773596005164e-10
136.76176176176176	0.22425069050211915	25304.647453714613	7.603770046573658e-10
137.03703703703704	0.22444850899203872	25268.082841557465	7.625832066124956e-10
137.31231231231232	0.22459307376862775	25231.57106474295	7.64795485703203e-10
137.5875875875876	0.22474430698114267	25195.112046923994	7.67014031927316e-10
137.86286286286287	0.22492685895374312	25158.705711863906	7.692391722073485e-10
138.13813813813815	0.2250785749978732	25122.351983436034	7.714706134550385e-10
138.41341341341342	0.22518159969153886	25086.050785623684	7.737080318531907e-10
138.6886886886887	0.22526931037760264	25049.80204252008	7.759515024038837e-10
138.96396396396398	0.2253674141784508	25013.605678328182	7.782012892632526e-10
139.23923923923923	0.22549686312060543	24977.46161736051	7.804577377443635e-10
139.51451451451453	0.22568642636114966	24941.36978403899	7.827213097123392e-10
139.78978978978978	0.2259487116868026	24905.33010289483	7.849924080449527e-10
140.06506506506508	0.22623139351422375	24869.342498568145	7.872708618474663e-10
140.34034034034033	0.22649916187977404	24833.406895807904	7.89556279154183e-10
140.61561561561564	0.22677790642157403	24797.523219471863	7.91848635879295e-10
140.8908908908909	0.2270612664396365	24761.69139452633	7.941478714856852e-10
141.1661661661662	0.22729942433461364	24725.911346045938	7.964535411667589e-10
141.44144144144144	0.22752111633010422	24690.18299921368	7.98765612473607e-10
141.71671671671672	0.22780821670292659	24654.50627932078	8.010847549486251e-10
141.991991991992	0.2281743989409047	24618.88111176644	8.03411509501594e-10
142.26726726726727	0.2285809485622525	24583.307422057627	8.057458982170952e-10
142.54254254254255	0.22890194617979265	24547.78513580867	8.080868884756733e-10
142.81781781781783	0.2290747499028861	24512.31417874127	8.10433318144607e-10
143.0930930930931	0.22925611007499722	24476.89447668476	8.127857833887277e-10
143.36836836836838	0.22954685082811233	24441.52595557586	8.1514551053861e-10
143.64364364364366	0.229909093798027	24406.20854145824	8.175129537575528e-10
143.9189189189189	0.23028684420428566	24370.942160482322	8.198879320082861e-10
144.1941941941942	0.23062046602590341	24335.726738905112	8.222698370829107e-10
144.46946946946946	0.23087463164334393	24300.562203090125	8.246579998129583e-10
144.74474474474476	0.2310462512464685	24265.448479507246	8.270519850689119e-10
145.02002002002	0.23123287656372923	24230.385494732836	8.294523549853669e-10
145.29529529529532	0.23150072815756592	24195.373175449462	8.318600281298887e-10
145.57057057057057	0.23170391862372225	24160.411448445357	8.342743438770894e-10
145.84584584584587	0.2317828130413506	24125.500240614405	8.366943910485006e-10
146.12112112112112	0.2319180483251768	24090.63947895653	8.39121149811426e-10
146.3963963963964	0.23212839197743915	24055.829090577136	8.415553972544165e-10
146.67167167167167	0.2322317882790783	24021.06900268662	8.43996065323632e-10
146.94694694694695	0.23231902199176227	23986.359142600737	8.464432761458427e-10
147.22222222222223	0.23263456622176282	23951.699437740772	8.48899215677249e-10
147.4974974974975	0.23304656383685615	23917.089815632622	8.513641144712707e-10
147.77277277277278	0.2333205977615862	23882.53020390643	8.538361020477649e-10
148.04804804804806	0.23348749910895816	23848.020530296955	8.563142939763693e-10
148.32332332332334	0.23362246203845893	23813.56072264355	8.587987999972511e-10
148.59859859859858	0.23374318745142775	23779.150708889876	8.612898481398225e-10
148.8738738738739	0.23385925370532773	23744.79041708372	8.637876696706284e-10
149.14914914914914	0.2339812314936317	23710.479775376905	8.662925070456094e-10
149.42442442442444	0.2341299372369225	23676.218712025064	8.688046997211709e-10
149.6996996996997	0.2343309887790234	23642.007155387604	8.71324690199808e-10
149.974974974975	0.2345691731150685	23607.845033927384	8.738526279758671e-10
150.25025025025025	0.23480169128786205	23573.732276210583	8.763882388242201e-10
150.52552552552555	0.23495963992998814	23539.668810906413	8.789307559858952e-10
150.8008008008008	0.2350319097118735	23505.654566787165	8.814796151414707e-10
151.07607607607608	0.235206903755075	23471.68947272843	8.840361372468782e-10
151.35135135135135	0.2355522332153816	23437.773457708758	8.866017451902458e-10
151.62662662662663	0.23585316285100022	23403.90645080884	8.891754247074736e-10
151.9019019019019	0.2359954597336804	23370.088381211604	8.917555457061988e-10
152.17717717717719	0.2360178270879826	23336.319178202386	8.943414539114821e-10
152.45245245245246	0.23606630838684775	23302.59877116903	8.96934051724935e-10
152.72772772772774	0.2363127208565727	23268.927089601773	8.99535437228132e-10
153.00300300300302	0.23664105405241614	23235.304063092517	9.021458765242051e-10
153.2782782782783	0.23687855667278593	23201.72962133451	9.04763995380922e-10
153.55355355355357	0.23709677106427124	23168.203694122752	9.073895986938113e-10
153.82882882882885	0.2373689943838864	23134.726211353845	9.100232337981623e-10
154.10410410410412	0.237638754923905	23101.297103025576	9.126647376377582e-10
154.37937937937937	0.237854575180922	23067.91629923678	9.153135545986295e-10
154.65465465465465	0.23799859955622582	23034.583730187212	9.179691903166295e-10
154.92992992992993	0.23809139693166678	23001.299326177596	9.206315345586165e-10
155.2052052052052	0.2381876539954113	22968.063017609453	9.233010223795402e-10
155.48048048048048	0.23837286864717663	22934.874734985086	9.259787059092151e-10
155.75575575575576	0.23870371135630464	22901.734408907352	9.286657569237853e-10
156.03103103103103	0.23901737230094355	22868.641970079014	9.31361419474462e-10
156.3063063063063	0.23919919662100958	22835.597349302712	9.340641923246849e-10
156.5815815815816	0.2394640380591819	22802.600477481566	9.367751298593538e-10
156.85685685685687	0.23987144814372172	22769.65128561868	9.394954323251969e-10
157.13213213213214	0.24012633278695852	22736.74970481618	9.422231361319496e-10
157.40740740740742	0.24020962054728381	22703.895666275705	9.449568742586001e-10
157.6826826826827	0.24040476265545238	22671.089101298952	9.476984266625038e-10
157.95795795795797	0.24070276144081096	22638.329941286887	9.504488073042414e-10
158.23323323323325	0.24092054564427437	22605.618117739174	9.532069545440575e-10
158.50850850850853	0.24103918618894696	22572.953562254406	9.559720536186075e-10
158.7837837837838	0.24111604707930254	22540.336206530144	9.587441460416442e-10
159.05905905905905	0.24124698642709372	22507.7659823629	9.615241550330953e-10
159.33433433433433	0.24147846292399233	22475.242821647807	9.643130861170478e-10
159.6096096096096	0.24173357315906968	22442.766656378277	9.671108460621067e-10
159.88488488488488	0.24197191012377087	22410.33741864587	9.699170104696227e-10
160.16016016016016	0.24221942060303203	22377.95504064035	9.72731573104625e-10
160.43543543543544	0.24246969538506769	22345.619454649426	9.755544796204404e-10
160.7107107107107	0.24268893291027047	22313.33059305861	9.78385388968143e-10
160.985985985986	0.24286286651906142	22281.088388351054	9.812239684526534e-10
161.26126126126127	0.24300310856285146	22248.8927731075	9.840701336097966e-10
161.53653653653654	0.2431949937846876	22216.74368000634	9.869246473157902e-10
161.81181181181182	0.24349455236539186	22184.641041823365	9.89788513304225e-10
162.0870870870871	0.24382114616235506	22152.58479143131	9.926615880135185e-10
162.36236236236238	0.24410500004363161	22120.574861799756	9.955431323592524e-10
162.63763763763765	0.2443315931690296	22088.611185995098	9.98432569585231e-10
162.91291291291293	0.24450134221343442	22056.693697180443	1.0013295629016865e-09
163.1881881881882	0.2446307521763115	22024.822328615526	1.00423407381068e-09
163.46346346346348	0.24480416899165633	21992.997013656746	1.0071468930274732e-09
163.73873873873873	0.2451108230597978	21961.21768575699	1.0100693637368156e-09
164.014014014014	0.24542123297890764	21929.48427846501	1.013001069374418e-09
164.2892892892893	0.2455934436567382	21897.79672542522	1.0159404051827512e-09
164.56456456456456	0.24572096039494815	21866.154960378168	1.018887307872906e-09
164.83983983983984	0.2458891722283559	21834.558917160328	1.021842570345596e-09
165.11511511511512	0.24606557317522812	21803.008529703733	1.024806368044202e-09
165.3903903903904	0.24624413366198566	21771.50373203585	1.0277787585722966e-09
165.66566566566567	0.24646542094432794	21740.044458279583	1.030760179991707e-09
165.94094094094095	0.24671336302634256	21708.63064265299	1.0337507515507925e-09
166.21621621621622	0.2469390898398226	21677.26221946907	1.0367500804439107e-09
166.4914914914915	0.24719329433379447	21645.939123135857	1.0397584336230819e-09
166.76676676676678	0.24754325327281754	21614.66128815636	1.0427766391543436e-09
167.04204204204206	0.2479229697991614	21583.428649128036	1.0458045619733098e-09
167.31731731731733	0.24824737592287344	21552.241140742644	1.04884129899804e-09
167.5925925925926	0.2484773210087289	21521.098697786216	1.0518859335713703e-09
167.8678678678679	0.2486461080224394	21490.001255139105	1.0549382503304288e-09
168.14314314314316	0.24888012166053947	21458.94874777608	1.0579993705973513e-09
168.4184184184184	0.2491571562397007	21427.94111076584	1.0610697604049875e-09
168.6936936936937	0.2493258612581643	21396.978279270475	1.0641482183407367e-09
168.96896896896897	0.2494329897575627	21366.06018854593	1.0672344931351067e-09
169.24424424424424	0.2496125699633445	21335.186773942012	1.0703297689072077e-09
169.51951951951952	0.24982077271575273	21304.35797090187	1.0734343331287041e-09
169.7947947947948	0.2499986174454301	21273.57371496178	1.0765477833097326e-09
170.07007007007007	0.25023981170043186	21242.833941751414	1.0796708210235584e-09
170.34534534534535	0.2505537896710358	21212.138586993475	1.0828039726714668e-09
170.62062062062063	0.25073709014889906	21181.48758650301	1.0859455334189733e-09
170.8958958958959	0.2508217619711008	21150.880876187915	1.0890948113689123e-09
171.17117117117118	0.2511194449348252	21120.318392049507	1.0922545248878077e-09
171.44644644644646	0.25159375282512825	21089.800070181507	1.0954259490599563e-09
171.72172172172174	0.2519762599864688	21059.32584676926	1.0986071599821484e-09
171.996996996997	0.2522367479616192	21028.89565809024	1.101796715031702e-09
172.2722722722723	0.2524502608099143	20998.5094405142	1.104994518946415e-09
172.54754754754757	0.25268180951355995	20968.16713050301	1.1082011807137088e-09
172.82282282282284	0.2529678851512477	20937.86866461047	1.1114174432087393e-09
173.0980980980981	0.25328279147002525	20907.613979481965	1.114643500810614e-09
173.37337337337337	0.25359387421885415	20877.40301185436	1.1178791497427315e-09
173.64864864864865	0.2538736723623605	20847.23569855587	1.1211240010291355e-09
173.92392392392392	0.2541323803407886	20817.111976505992	1.1243779375038532e-09
174.1991991991992	0.2544115707339352	20787.031782715516	1.1276413233549328e-09
174.47447447447448	0.25473201076790475	20756.995054286297	1.1309145981048682e-09
174.74974974974975	0.2550897553609326	20727.00172841107	1.1341979942546651e-09
175.02502502502503	0.2554144537412174	20697.051742373133	1.1374909426128198e-09
175.3003003003003	0.25565706489907697	20667.145033546283	1.140792614765076e-09
175.57557557557558	0.25589941628915114	20637.281539395022	1.1441033679525228e-09
175.85085085085086	0.256171115135998	20607.461197474324	1.1474237288500165e-09
176.12612612612614	0.25636618273499984	20577.683945429075	1.1507529319881536e-09
176.40140140140142	0.2564967730955493	20547.94972099431	1.1540906586692675e-09
176.6766766766767	0.25670881175864535	20518.25846199545	1.1574382349828312e-09
176.95195195195197	0.25697085169203876	20488.61010634766	1.1607961341027192e-09
177.22722722722725	0.25714886533859155	20459.00459205547	1.164163261121329e-09
177.50250250250252	0.25727700230606626	20429.441857213053	1.1675393321076537e-09
177.77777777777777	0.25744345141465236	20399.921840004303	1.1709251056192928e-09
178.05305305305305	0.2576696988480656	20370.444478702502	1.1743212663783458e-09
178.32832832832833	0.2579390136630919	20341.009711670096	1.1777280578188183e-09
178.6036036036036	0.2581857656513374	20311.61747735839	1.18114495076197e-09
178.87887887887888	0.25838665325534294	20282.267714307567	1.184571400337063e-09
179.15415415415416	0.2585836775498318	20252.96036114674	1.188007536203895e-09
179.42942942942943	0.258774617033038	20223.695356593686	1.1914534230783775e-09
179.7047047047047	0.25892375940349893	20194.47263945466	1.1949087346954406e-09
179.97997997998	0.25907036195433275	20165.29214862444	1.1983737032462794e-09
180.25525525525526	0.2592663008288037	20136.153823086253	1.2018490255599372e-09
180.53053053053054	0.2594275916013163	20107.057601911256	1.2053342361148525e-09
180.80580580580582	0.25949003527624903	20078.00342425844	1.208828390098883e-09
181.0810810810811	0.2595675352520182	20048.99122937508	1.2123321507159438e-09
181.35635635635637	0.25975295395566306	20020.020956596498	1.2158469109250102e-09
181.63163163163165	0.2600449947357689	19991.09254534567	1.2193734929333584e-09
181.90690690690693	0.26035744162784563	19962.20593513287	1.2229114732331535e-09
182.1821821821822	0.2605408140770507	19933.36106555532	1.226459013597803e-09
182.45745745745745	0.2606440853434421	19904.557876297677	1.230015568471772e-09
182.73273273273273	0.2608214663095059	19875.796307132197	1.2335824860818927e-09
183.008008008008	0.2610567135324838	19847.07629791815	1.237160397663406e-09
183.28328328328328	0.26128232246695005	19818.397788601484	1.2407489589104644e-09
183.55855855855856	0.26149215310962864	19789.760719214923	1.2443479136863864e-09
183.83383383383384	0.2616760474853728	19761.165029877808	1.2479570136904661e-09
184.1091091091091	0.2617868383553845	19732.610660795854	1.2515756124696542e-09
184.3843843843844	0.2618534201348626	19704.097552261283	1.255203654908167e-09
184.65965965965967	0.26200180353203645	19675.625644652955	1.258842493971045e-09
184.93493493493494	0.2622145366500631	19647.19487843587	1.2624927475053545e-09
185.21021021021022	0.2623688169132418	19618.805194160654	1.2661534471377327e-09
185.4854854854855	0.26247888356253946	19590.456532463893	1.2698241927708362e-09
185.76076076076077	0.2626268572892032	19562.148834068194	1.2735056647412667e-09
186.03603603603605	0.26288665912822895	19533.882039782064	1.2771990908022994e-09
186.31131131131133	0.2632492801364398	19505.656090499517	1.2809051064417858e-09
186.5865865865866	0.26349032457713184	19477.470927199283	1.2846216167259203e-09
186.86186186186188	0.263557630721634	19449.32649094519	1.288346829035197e-09
187.13713713713713	0.2637294079815504	19421.22272288712	1.2920827916271662e-09
187.4124124124124	0.26407786002769407	19393.159564260226	1.295831520603538e-09
187.68768768768768	0.2644426018452401	19365.13695638406	1.2995924239253222e-09
187.96296296296296	0.26471762070198757	19337.154840662646	1.3033639870931917e-09
188.23823823823824	0.26485978363061663	19309.21315858453	1.3071448562919226e-09
188.51351351351352	0.264963177153084	19281.31185172311	1.3109353041372152e-09
188.7887887887888	0.2651379449841917	19253.450861736565	1.314736736140539e-09
189.06406406406407	0.2653740829415732	19225.630130367343	1.3185498745184795e-09
189.33933933933935	0.2656176908173031	19197.849599441914	1.3223745485775606e-09
189.61461461461462	0.2657813368057632	19170.109210870516	1.3262096864635613e-09
189.8898898898899	0.2658828700363995	19142.40890664739	1.3300548765333146e-09
190.16516516516518	0.2660641940842458	19114.74862885106	1.333911497348487e-09
190.44044044044045	0.26628873610115145	19087.12831964362	1.3377799522822133e-09
190.71571571571573	0.2664036876509408	19059.547921270252	1.341658753389665e-09
190.990990990991	0.2664686399218666	19032.00737605978	1.345547723686075e-09
191.26626626626629	0.2666026979208718	19004.506626424758	1.3494481318321158e-09
191.54154154154156	0.26674090188859373	18977.045614860734	1.3533599879588015e-09
191.8168168168168	0.2668292146357164	18949.624283946192	1.357282691753303e-09
192.0920920920921	0.26697035153772614	18922.242576342924	1.3612170874597106e-09
192.36736736736736	0.2671784297962663	18894.900434795607	1.3651638445225732e-09
192.64264264264264	0.2673016929811814	18867.597802131168	1.3691216155705387e-09
192.91791791791792	0.26737952098516177	18840.334621259273	1.3730900846305163e-09
193.1931931931932	0.26761697794608086	18813.110835172774	1.3770714595932145e-09
193.46846846846847	0.2679095623869891	18785.92638694656	1.3810658271606514e-09
193.74374374374375	0.2680339553257515	18758.781219737008	1.3850706534009457e-09
194.01901901901903	0.2681462373751509	18731.675276783175	1.3890862982767558e-09
194.2942942942943	0.2684308251001178	18704.608501406747	1.393115140279934e-09
194.56956956956958	0.2687289261523656	18677.580837010802	1.3971567177962674e-09
194.84484484484486	0.26889782193830875	18650.59222707968	1.4012091041384569e-09
195.12012012012013	0.26896223419210474	18623.6426151795	1.4052714841650494e-09
195.3953953953954	0.2690213034285674	18596.731944958243	1.409344562893244e-09
195.6706706706707	0.26922419442870227	18569.86016014585	1.4134305234775504e-09
195.94594594594597	0.26950829833128853	18543.02720455336	1.4175299088142961e-09
196.22122122122124	0.2696919921024778	18516.233022072363	1.4216408976938984e-09
196.4964964964965	0.2698705655094356	18489.47755667588	1.4257635801681028e-09
196.77177177177177	0.27019124600477284	18462.760752418384	1.4298997744932904e-09
197.04704704704704	0.27050090986572595	18436.08255343467	1.4340487252968987e-09
197.32232232232232	0.2706966567769473	18409.442903939896	1.4382087831370633e-09
197.5975975975976	0.270982695340954	18382.841748230545	1.4423814487262682e-09
197.87287287287288	0.2713986184152549	18356.27903068374	1.4465680786520069e-09
198.14814814814815	0.2716860320219588	18329.754695756063	1.450766375685749e-09
198.42342342342343	0.2717711000917468	18303.268687984073	1.454974142154889e-09
198.6986986986987	0.2717643814031232	18276.820951984897	1.4591914481975522e-09
198.97397397397398	0.2717363620435498	18250.411432455927	1.4634191918175594e-09
199.24924924924926	0.2717351144555536	18224.040074174627	1.4676584831590252e-09
199.52452452452454	0.2718279154133426	18197.70682199852	1.4719107936307773e-09
199.7997997997998	0.27202836348431403	18171.41162086484	1.4761771570223937e-09
200.0750750750751	0.2721670719932894	18145.154415789817	1.4804561258863458e-09
200.35035035035037	0.272188419738501	18118.93515186889	1.484746200120021e-09
200.62562562562564	0.27229999871644883	18092.753774277604	1.4890490666888143e-09
200.90090090090092	0.27248789781105365	18066.610228270696	1.4933655457695241e-09
201.17617617617617	0.2724882598072039	18040.504459181026	1.4976928830387876e-09
201.45145145145145	0.27241636772610905	18014.436412420862	1.5020309195046915e-09
201.72672672672672	0.27259389741460055	17988.406033482555	1.5063835524486019e-09
202.002002002002	0.2728922050243695	17962.41326793674	1.5107514585893089e-09
202.27727727727728	0.27307951011926246	17936.45806143185	1.5151321703291191e-09
202.55255255255256	0.2732673191914216	17910.54035969528	1.5195256683612098e-09
202.82782782782783	0.2735532791056104	17884.66010853319	1.5239331745835351e-09
203.1031031031031	0.2738129365014725	17858.817253829613	1.528353856321555e-09
203.3783783783784	0.2740000437537113	17833.01174154659	1.53278667239359e-09
203.65365365365366	0.2742123074687348	17807.243517724626	1.5372322626929248e-09
203.92892892892894	0.2744141364794409	17781.51252848205	1.5416905642510372e-09
204.20420420420422	0.2744745280224279	17755.81872001457	1.5461599086106397e-09
204.4794794794795	0.2745155233864254	17730.16203859609	1.5506408858510903e-09
204.75475475475477	0.2747367472660646	17704.54243057891	1.5551363711993828e-09
205.03003003003005	0.275049793370143	17678.95984239253	1.5596469177326219e-09
205.30530530530532	0.27533246729359995	17653.414220543393	1.5641713126261155e-09
205.5805805805806	0.2756255530958261	17627.905511615383	1.5687093949565293e-09
205.85585585585588	0.2759482028445711	17602.43366226966	1.5732613329062366e-09
206.13113113113113	0.2762327330562501	17576.998619244205	1.577826377933491e-09
206.4064064064064	0.2764393917565905	17551.600329353776	1.5824036105538381e-09
206.68168168168168	0.27657218702502906	17526.238739490036	1.5869925700755685e-09
206.95695695695696	0.2766933001704525	17500.91379662161	1.5915938021510086e-09
207.23223223223223	0.2768811200361675	17475.62544779407	1.5962086397128275e-09
207.5075075075075	0.2770810907129883	17450.373640129284	1.600837161936247e-09
207.7827827827828	0.2772240476733645	17425.15832082526	1.6054785402608736e-09
208.05805805805807	0.27738159593248246	17399.979437156606	1.610133240280182e-09
208.33333333333334	0.2775994285941096	17374.836936474276	1.6148021361397622e-09
208.60860860860862	0.27779795295002846	17349.730766205008	1.619484714450746e-09
208.8838838838839	0.27792871409686565	17324.660873851306	1.62418006939412e-09
209.15915915915917	0.27800876728362894	17299.627206991605	1.6288879199017469e-09
209.43443443443445	0.2781036278788078	17274.62971328033	1.6336089740578392e-09
209.70970970970973	0.2783011460806566	17249.668340447937	1.6383448016911758e-09
209.984984984985	0.2785757862816299	17224.743036300286	1.6430959849829949e-09
210.26026026026028	0.27885524111416865	17199.85374871837	1.6478619272750363e-09
210.53553553553556	0.2791151561022238	17175.000425658418	1.6526419865753967e-09
210.8108108108108	0.2793455360814179	17150.183015151804	1.657435682851258e-09
211.08608608608608	0.2795369548181327	17125.401465304953	1.6622426350647973e-09
211.36136136136136	0.27969602011760647	17100.65572429931	1.6670627295049624e-09
211.63663663663664	0.2798537446749244	17075.945740391344	1.6718963278048748e-09
211.91191191191191	0.2800022786416767	17051.271461912223	1.676743548397957e-09
212.1871871871872	0.28009882765726113	17026.632837267633	1.68160390627252e-09
212.46246246246247	0.28017338177847234	17002.029814937923	1.6864775398705807e-09
212.73773773773775	0.2802964893726732	16977.462343478193	1.6913654862457505e-09
213.01301301301302	0.28050370751114473	16952.930371518007	1.6962688308660094e-09
213.2882882882883	0.2807888890101385	16928.433847761164	1.7011881297836267e-09
213.56356356356358	0.28104780859007616	16903.972720985137	1.7061223194802726e-09
213.83883883883885	0.2812139714166137	16879.54694004115	1.7110699189640516e-09
214.11411411411413	0.28134032732375946	16855.156453854543	1.716030816463657e-09
214.3893893893894	0.281440667308276	16830.801211424536	1.7210051503785988e-09
214.66466466466468	0.28146964980343936	16806.481161823827	1.725992400401633e-09
214.93993993993996	0.28150333062723676	16782.19625419904	1.7309933173806167e-09
215.21521521521524	0.28168560310489055	16757.946437770897	1.736010304642815e-09
215.4904904904905	0.281932823135464	16733.731661833146	1.7410436093631964e-09
215.76576576576576	0.28209322815302823	16709.551875752153	1.7460913185426569e-09
216.04104104104104	0.2821935244395696	16685.40702896757	1.751152729290136e-09
216.31631631631632	0.2823060311434042	16661.29707099241	1.7562284516833754e-09
216.5915915915916	0.28249170425424686	16637.22195141291	1.7613196890062384e-09
216.86686686686687	0.28275385992007285	16613.181619888182	1.7664271903998576e-09
217.14214214214215	0.2830103385758817	16589.176026149707	1.7715502669116483e-09
217.41741741741743	0.28320210632234216	16565.20512000136	1.7766877308738475e-09
217.6926926926927	0.28330598011085784	16541.26885131945	1.7818386053488585e-09
217.96796796796798	0.28336718496194924	16517.3671700529	1.7870029801538268e-09
218.24324324324326	0.28347680671088116	16493.500026223366	1.7921821903691975e-09
218.51851851851853	0.2837616728035817	16469.667369925275	1.7973787826381445e-09
218.7937937937938	0.28425664072888035	16445.869151325343	1.8025947088169826e-09
219.0690690690691	0.28465662066090025	16422.105320660936	1.8078268240085855e-09
219.34434434434436	0.2847884914623579	16398.375828240572	1.8130709464963571e-09
219.61961961961964	0.2848664340424088	16374.680624445498	1.8183277344462522e-09
219.89489489489492	0.28503691576593637	16351.01965972933	1.823599634567743e-09
220.17017017017017	0.28530629669419366	16327.392884617306	1.8288881385619391e-09
220.44544544544544	0.2855804312490967	16303.800249705731	1.8341927809078312e-09
220.72072072072072	0.2857212874202294	16280.24170566169	1.8395113667053842e-09
220.995995995996	0.28576690108345076	16256.717203223712	1.8448432121776502e-09
221.27127127127127	0.28581778028167715	16233.226693201965	1.8501893732705955e-09
221.54654654654655	0.2859048664034876	16209.770126477835	1.855550903836789e-09
221.82182182182183	0.2860457469782925	16186.347454003775	1.8609286698994196e-09
222.0970970970971	0.28626853601603724	16162.958626803234	1.866323584551883e-09
222.37237237237238	0.2865280324134058	16139.603595970233	1.8717355377789307e-09
222.64764764764766	0.28667755854001237	16116.282312668793	1.877162382503257e-09
222.92292292292294	0.2867384163476146	16092.994728133594	1.8826032327474095e-09
223.1981981981982	0.2868759555599292	16069.740793670542	1.8880599909772162e-09
223.4734734734735	0.28709976390734726	16046.520460655958	1.8935338890829126e-09
223.74874874874877	0.2873382395248128	16023.333680536096	1.8990246064211832e-09
224.02402402402404	0.2875676301260227	16000.180404827262	1.9045316395198007e-09
224.29929929929932	0.28775754115286056	15977.060585115678	1.910054283901711e-09
224.5745745745746	0.2878081945401239	15953.974173057048	1.915590708283729e-09
224.84984984984985	0.28773152768337046	15930.921120377	1.9211400693164456e-09
225.12512512512512	0.28776190244070105	15907.901378871995	1.9267053362983976e-09
225.4004004004004	0.2879457257761595	15884.9149004084	1.9322888849238837e-09
225.67567567567568	0.28810348185649737	15861.961636921278	1.937889435941276e-09
225.95095095095095	0.28821617824148865	15839.041540415063	1.943506011503919e-09
226.22622622622623	0.2883710961617674	15816.154562963944	1.9491393724713068e-09
226.5015015015015	0.288559163956168	15793.300656711333	1.954789834417224e-09
226.77677677677679	0.2887483577516229	15770.47977386964	1.9604571216825537e-09
227.05205205205206	0.2889798223877097	15747.69186672053	1.9661417134473525e-09
227.32732732732734	0.28925584255215536	15724.93688761463	1.971843935472583e-09
227.60260260260262	0.28945019168960173	15702.214788970818	1.9775621087543504e-09
227.8778778778779	0.28953334279812715	15679.52552327657	1.9832948689803325e-09
228.15315315315317	0.2896311523102525	15656.869043088634	1.9890433538454297e-09
228.42842842842845	0.28978788017074447	15634.245301032537	1.994808886407156e-09
228.70370370370372	0.28997330349709716	15611.6542498021	2.000591776286158e-09
228.978978978979	0.29021077733243467	15589.095842159644	2.0063925724738807e-09
229.25425425425428	0.29052699285584793	15566.57003093586	2.012212009747408e-09
229.52952952952953	0.2908159690023771	15544.076769029094	2.0180489191712873e-09
229.8048048048048	0.29098254651894695	15521.616009405268	2.023901225809347e-09
230.08008008008008	0.2910841582537282	15499.18770509856	2.029768659290852e-09
230.35535535535536	0.29117862823770196	15476.791809211294	2.0356519660679047e-09
230.63063063063063	0.29127675793367397	15454.428274913618	2.041551747894773e-09
230.9059059059059	0.2913934144325508	15432.097055443428	2.047468589644152e-09
231.1811811811812	0.2915505151773554	15409.798104106296	2.053403176913964e-09
231.45645645645646	0.29174220223319897	15387.531374275246	2.059355826961918e-09
231.73173173173174	0.291947250167808	15365.296819390578	2.065326414392046e-09
232.00700700700702	0.29216524302887087	15343.09439295986	2.0713148862046948e-09
232.2822822822823	0.2923966512740981	15320.924048557854	2.077321243378264e-09
232.55755755755757	0.29261422004891285	15298.785739826255	2.08334508764915e-09
232.83283283283285	0.2928154386135375	15276.679420473745	2.0893861801303458e-09
233.10810810810813	0.29306388255930227	15254.605044276226	2.095445397629784e-09
233.3833833833834	0.29335913087739635	15232.562565076394	2.1015232463873757e-09
233.65865865865868	0.2936081812495597	15210.551936783148	2.1076185827943858e-09
233.93393393393396	0.2937767491159717	15188.573113371825	2.1137302562628735e-09
234.2092092092092	0.2938898875484796	15166.626048884396	2.119858037320026e-09
234.48448448448448	0.2940230803407094	15144.710697429624	2.126003001004202e-09
234.75975975975976	0.29425355876208226	15122.827013182992	2.1321669823973877e-09
235.03503503503504	0.2945510458820639	15100.974950386053	2.138350552604567e-09
235.3103103103103	0.294843361774066	15079.154463346102	2.1445529169561865e-09
235.5855855855856	0.2950318859322603	15057.365506435941	2.1507720999537944e-09
235.86086086086087	0.29509329919443206	15035.608034094172	2.1570066538640274e-09
236.13613613613614	0.2951331327783229	15013.882000825792	2.1632574631348595e-09
236.41141141141142	0.29520287941144263	14992.187361201808	2.169525857472418e-09
236.6866866866867	0.2952936787960672	14970.524069858833	2.175812458083151e-09
236.96196196196198	0.2954707210164807	14948.89208149937	2.182118676828761e-09
237.23723723723725	0.2958012969148863	14927.291350891754	2.188446404085889e-09
237.51251251251253	0.2960730391412994	14905.721832868543	2.194793313128587e-09
237.7877877877878	0.296084469865916	14884.183482326476	2.20115489827461e-09
238.06306306306308	0.2960392986636291	14862.676254228538	2.20753194932902e-09
238.33833833833836	0.2961206864218817	14841.200103603804	2.2139278798516866e-09
238.61361361361364	0.2962880554683002	14819.75498554611	2.2203439571101664e-09
238.88888888888889	0.29650077635162037	14798.340855213968	2.22678025434668e-09
239.16416416416416	0.2967517510030783	14776.95766783065	2.2332367244251684e-09
239.43943943943944	0.29701894915821536	14755.605378684006	2.239713009246988e-09
239.71471471471472	0.2972698627253951	14734.28394312633	2.2462084057812444e-09
239.98998998999	0.2974940132447371	14712.993316574368	2.2527223778107986e-09
240.26526526526527	0.29767686570242	14691.733454509198	2.2592544139628602e-09
240.54054054054055	0.2977387137584926	14670.5043124758	2.265802945206511e-09
240.81581581581582	0.29766747999155735	14649.3058460833	2.272366919224231e-09
241.0910910910911	0.29767106529157944	14628.138011006138	2.2789491948488424e-09
241.36636636636638	0.29784058238853994	14607.00076298332	2.2855528900275514e-09
241.64164164164166	0.29803410673733954	14585.894057817011	2.292177412700362e-09
241.91691691691693	0.29818873144929836	14564.817851372907	2.2988214181515295e-09
242.1921921921922	0.2983342309034353	14543.772099580625	2.305484682363273e-09
242.4674674674675	0.2984704912855924	14522.756758433472	2.3121671042393724e-09
242.74274274274276	0.2985848119734317	14501.771783988279	2.3188684399206655e-09
243.01801801801804	0.29870677041845756	14480.81713236553	2.3255890740512716e-09
243.29329329329332	0.2988749805652181	14459.892759749348	2.3323298934717888e-09
243.56856856856857	0.29910797159450014	14438.998622387273	2.3390917282576744e-09
243.84384384384384	0.2993998997995934	14418.13467659004	2.3458749674660558e-09
244.11911911911912	0.299705912917352	14397.300878731257	2.3526790969593927e-09
244.3943943943944	0.29999196193595923	14376.497185247381	2.3595032841344217e-09
244.66966966966967	0.30024399533870477	14355.723552637737	2.3663468574368885e-09
244.94494494494495	0.3004728140272391	14334.979937464568	2.373209654606036e-09
245.22022022022023	0.30069914771852996	14314.266296353007	2.380091963251134e-09
245.4954954954955	0.30088792517342033	14293.582585990653	2.3869933700374446e-09
245.77077077077078	0.30101165943559777	14272.92876312753	2.393913201972793e-09
246.04604604604606	0.30118023059347004	14252.304784576805	2.4008529890401304e-09
246.32132132132134	0.30146500536347304	14231.71060721447	2.4078148241384828e-09
246.5965965965966	0.3017556899412319	14211.146187978198	2.414797997929877e-09
246.8718718718719	0.3019713181839421	14190.611483867398	2.4218007562662454e-09
247.14714714714717	0.30211581546129035	14170.10645194363	2.4288222256100393e-09
247.42242242242244	0.30221828106606163	14149.631049330676	2.4358624495610734e-09
247.69769769769772	0.3023236284790541	14129.185233214548	2.442922251388108e-09
247.972972972973	0.30246767502217603	14108.768960843327	2.450002730285804e-09
248.24824824824825	0.3026663331791748	14088.382189526976	2.4571047957195186e-09
248.52352352352352	0.30285776100098905	14068.024876636773	2.464227901193706e-09
248.7987987987988	0.30300718687003125	14047.696979605393	2.4713711672067616e-09
249.07407407407408	0.303242881837691	14027.398455927785	2.478536377799622e-09
249.34934934934935	0.30356737592771754	14007.129263160354	2.4857245879472677e-09
249.62462462462463	0.3037040541131508	13986.889358919134	2.492931557512949e-09
249.8998998998999	0.3036724429673134	13966.678700881524	2.5001553202544135e-09
250.17517517517518	0.30382991105485313	13946.497246788267	2.507401108225003e-09
250.45045045045046	0.3041299101793232	13926.344954440892	2.5146710071354633e-09
250.72572572572574	0.30428494752808943	13906.221781700136	2.5219611107611696e-09
251.00100100100101	0.3043859571373605	13886.127686488182	2.5292709107011646e-09
251.2762762762763	0.3046119512834145	13866.062626789135	2.5366033324979108e-09
251.55155155155157	0.30484680316089297	13846.026560647084	2.54395794642948e-09
251.82682682682685	0.3049820881045761	13826.01944616608	2.5513326128022786e-09
252.10210210210212	0.30509475816634885	13806.041241511175	2.558727557330906e-09
252.3773773773774	0.30520806857056926	13786.091904908035	2.5661433456111185e-09
252.65265265265268	0.30524043112127053	13766.171394642164	2.573578849165289e-09
252.92792792792793	0.30523634766007424	13746.279669059626	2.5810342717039366e-09
253.2032032032032	0.305337618434943	13726.416686567569	2.5885123085978428e-09
253.47847847847848	0.30551476134463906	13706.582405633071	2.5960139381203526e-09
253.75375375375376	0.30566947272467254	13686.776784782596	2.6035379477590205e-09
254.02902902902903	0.30582570776960943	13666.99978260269	2.611084137960094e-09
254.3043043043043	0.3060184034201548	13647.251357739968	2.618653065259273e-09
254.5795795795796	0.3062013498903492	13627.53146890051	2.6262442221632345e-09
254.85485485485486	0.3063468978420318	13607.840074849877	2.6338568544134185e-09
255.13013013013014	0.306485899964543	13588.177134413423	2.6414911417450966e-09
255.40540540540542	0.30666059632208903	13568.54260647626	2.649147986465499e-09
255.6806806806807	0.30691291448742297	13548.936449983195	2.6568286844676915e-09
255.95595595595597	0.30720972445863304	13529.358623938153	2.664533366624992e-09
256.2312312312313	0.3074835974533977	13509.809087403857	2.6722608919065695e-09
256.5065065065065	0.30776821415046013	13490.287799502408	2.680011289704078e-09
256.7817817817818	0.30810067655669043	13470.794719415208	2.6877852932139563e-09
257.0570570570571	0.30837923226649727	13451.329806381975	2.695581447350973e-09
257.3323323323324	0.3085537388069609	13431.893019701009	2.7033980559945467e-09
257.60760760760763	0.30875570115765516	13412.484318730274	2.7112366658011788e-09
257.8828828828829	0.3090526437472137	13393.103662886915	2.7190994081910064e-09
258.15815815815813	0.30939167502707826	13373.75101164639	2.7269864904333357e-09
258.43343343343344	0.3096625791274514	13354.426324541957	2.734895997689424e-09
258.70870870870874	0.30974601600944596	13335.12956116455	2.742824681250049e-09
258.983983983984	0.3097870589014639	13315.860681164471	2.7507735130008216e-09
259.25925925925924	0.3099964532234867	13296.619644251732	2.758747011304622e-09
259.53453453453454	0.31026184919362954	13277.406410193824	2.7667455562113257e-09
259.80980980980985	0.3104482574823541	13258.220938815462	2.774766840171852e-09
260.0850850850851	0.3106232711702273	13239.063189999875	2.782810914781808e-09
260.36036036036035	0.31081303442781116	13219.93312368842	2.7908783335537602e-09
260.63563563563565	0.3109221054449462	13200.830699879705	2.798967615514464e-09
260.91091091091096	0.31095217839954786	13181.755878630138	2.8070780125771745e-09
261.1861861861862	0.3110106269992105	13162.708620054587	2.8152111909759627e-09
261.46146146146145	0.31114942525157796	13143.688884325911	2.823369082869438e-09
261.73673673673676	0.3113756804751344	13124.69663167457	2.831552911659936e-09
262.01201201201206	0.31165370626170635	13105.731822388265	2.839762693880824e-09
262.2872872872873	0.3119379314406016	13086.79441681176	2.8479975969823712e-09
262.56256256256256	0.3122040080567913	13067.884375346937	2.8562567330414955e-09
262.8378378378378	0.31242530951480235	13049.001658452727	2.864539137959964e-09
263.1131131131131	0.31256292429641697	13030.146226644916	2.8728435656491956e-09
263.3883883883884	0.3126522170916068	13011.31804049658	2.881170051532476e-09
263.66366366366367	0.31281409112572706	12992.517060638638	2.8895209911205235e-09
263.9389389389389	0.31301553073959476	12973.74324775866	2.8978970760080987e-09
264.2142142142142	0.3131291332674348	12954.996562600107	2.90629623002364e-09
264.48948948948953	0.31326694442997044	12936.27696596398	2.914719545917833e-09
264.7647647647648	0.3135763397540173	12917.584418708966	2.923170537294356e-09
265.04004004004	0.3138454398446595	12898.918881748818	2.9316469902075834e-09
265.31531531531533	0.3139052253286191	12880.28031605252	2.940144415021212e-09
265.59059059059064	0.31395937260972423	12861.66868264694	2.9486644130707153e-09
265.8658658658659	0.31415267784828266	12843.0839426163	2.957210741844156e-09
266.14114114114113	0.3144414088621597	12824.526057100758	2.9657846105627042e-09
266.41641641641644	0.31472598609195823	12805.994987295886	2.974384738233731e-09
266.69169169169174	0.3148856238333885	12787.490694452463	2.9830080679187295e-09
266.966966966967	0.3149761501109026	12769.01313987765	2.9916540838255628e-09
267.24224224224224	0.3151188568766459	12750.562284935424	3.0003249533966523e-09
267.5175175175175	0.31520249350643736	12732.138091044755	3.0090196592537133e-09
267.7927927927928	0.3151201587069808	12713.740519679566	3.017735535000135e-09
268.0680680680681	0.3150546050045696	12695.369532370816	3.0264748274063843e-09
268.34334334334335	0.31516172260080866	12677.025090706202	3.035241928205484e-09
268.6186186186186	0.3154261440188934	12658.707156328826	3.044038950379236e-09
268.8938938938939	0.3157686713395579	12640.415690936636	3.0528654781567163e-09
269.1691691691692	0.31606307764179054	12622.15065628198	3.0617187677860484e-09
269.44444444444446	0.3162624387649502	12603.912014172132	3.070596419366764e-09
269.7197197197197	0.3163891307822284	12585.699726469691	3.079497622204046e-09
269.994994994995	0.31652821681603666	12567.513755093023	3.0884237015883683e-09
270.2702702702703	0.3167555085486009	12549.354062016095	3.097376955864619e-09
270.54554554554556	0.31699144403067675	12531.220609267217	3.1063570357107423e-09
270.8208208208208	0.31716017569174737	12513.113358928997	3.1153622331657043e-09
271.0960960960961	0.31729567847981544	12495.032273139084	3.1243923563824455e-09
271.3713713713714	0.3174278516215302	12476.977314090072	3.1334479494254614e-09
271.6466466466467	0.3175582989971287	12458.948444029194	3.1425293724465262e-09
271.9219219219219	0.31773556371804806	12440.945625258611	3.1516378585175357e-09
272.19719719719717	0.31803101793466354	12422.968820135527	3.1607755900721396e-09
272.4724724724725	0.31829763613030143	12405.017991070376	3.169940732658573e-09
272.7477477477478	0.3183292748642838	12387.09310052633	3.1791280458832496e-09
273.02302302302303	0.3182704549060639	12369.19411102191	3.188337736539836e-09
273.2982982982983	0.31832958088068797	12351.320985131413	3.1975742972061717e-09
273.5735735735736	0.3185440160377807	12333.47368548352	3.2068409752421013e-09
273.8488488488489	0.31882806219674464	12315.652174760267	3.2161377666650264e-09
274.12412412412414	0.31893894795499683	12297.856415695682	3.225459602643616e-09
274.3993993993994	0.3188973934407811	12280.086371077812	3.234804216247293e-09
274.6746746746747	0.31901513939497617	12262.342003750911	3.2441770024966744e-09
274.94994994995	0.3192410972106168	12244.623276612561	3.2535798288275188e-09
275.22522522522524	0.31930531796702266	12226.930152611803	3.263008009346996e-09
275.5005005005005	0.3192690694619568	12209.262594751686	3.272460351798595e-09
275.7757757757758	0.31929738805133706	12191.62056609003	3.2819397647071496e-09
276.0510510510511	0.31939811554182496	12174.004029738118	3.291448021890849e-09
276.32632632632635	0.3195339044424072	12156.412948860254	3.3009853194979353e-09
276.6016016016016	0.3196547774284752	12138.847286673546	3.3105507287628017e-09
276.87687687687685	0.31976832824338314	12121.307006448327	3.320143951243707e-09
277.15215215215215	0.3199601657526667	12103.79207150868	3.329766714969467e-09
277.42742742742746	0.3202149577198129	12086.302445231604	3.339419660149112e-09
277.7027027027027	0.32043781173805164	12068.838091046213	3.349101114285195e-09
277.97797797797796	0.3206574310608315	12051.398972434716	3.358810840351962e-09
278.25325325325326	0.32094078093695805	12033.985052932627	3.3685502074628863e-09
278.52852852852857	0.3212055116261135	12016.596296127489	3.3783181957695107e-09
278.8038038038038	0.32136789961971407	11999.232665658767	3.3881124665631124e-09
279.07907907907907	0.32147988051586596	11981.894125218874	3.3979329331765225e-09
279.35435435435437	0.32159941044092577	11964.580638553185	3.40778085323531e-09
279.6296296296297	0.32175074373898815	11947.292169459663	3.4176574720489376e-09
279.9049049049049	0.3219370295187405	11930.0286817886	3.427563567337329e-09
280.1801801801802	0.3221383702262514	11912.790139442382	3.4374991581439524e-09
280.4554554554555	0.3222867079609237	11895.576506374966	3.447462788938458e-09
280.7307307307308	0.3223098008431408	11878.387746591778	3.457452111409468e-09
281.00600600600603	0.32231341189996393	11861.223824151162	3.4674682437837713e-09
281.2812812812813	0.32243187029225534	11844.084703164523	3.4775148156396393e-09
281.5565565565566	0.3226374964685348	11826.970347794906	3.4875932025954663e-09
281.83183183183183	0.3228581466601565	11809.880722256541	3.4977025736555048e-09
282.10710710710714	0.3230100426415049	11792.815790814628	3.5078406463726405e-09
282.3823823823824	0.3231165563772132	11775.775517786213	3.5180067590616376e-09
282.6576576576577	0.3233344496046686	11758.759867541254	3.52820412591451e-09
282.93293293293294	0.3236235809629698	11741.768804500858	3.5384336084629407e-09
283.20820820820825	0.323795493548231	11724.802293135901	3.548691451512687e-09
283.4834834834835	0.32385191925642376	11707.860297968617	3.5589757176232677e-09
283.75875875875874	0.32388641436756394	11690.942783573297	3.569287523101321e-09
284.03403403403405	0.32395971427727793	11674.049714575973	3.57962888366544e-09
284.3093093093093	0.3241110271753478	11657.181055654131	3.59000181602652e-09
284.5845845845846	0.3243468963149891	11640.336771536355	3.600407596446109e-09
284.85985985985985	0.32460961028942403	11623.516827001717	3.6108456325570688e-09
285.13513513513516	0.32475155996254484	11606.721186878853	3.621312262172897e-09
285.4104104104104	0.3248031718966778	11589.949816047496	3.6318062601560484e-09
285.6856856856857	0.3249645836837514	11573.202679439893	3.642331620957623e-09
285.96096096096096	0.3251955644114506	11556.479742038631	3.6528895976632297e-09
286.23623623623627	0.3253277277129945	11539.780968875371	3.663477006118199e-09
286.5115115115115	0.3253697245837746	11523.106325032393	3.674092380002671e-09
286.7867867867868	0.3253961650910788	11506.455775643084	3.6847367034092985e-09
287.06206206206207	0.32547354435801706	11489.829285891827	3.6954120917501005e-09
287.3373373373374	0.32561792672621565	11473.226821013452	3.706120097003104e-09
287.6126126126126	0.32574615213683256	11456.648346292286	3.7168596463268518e-09
287.8878878878879	0.32583426281273753	11440.093827062594	3.727629645364757e-09
288.1631631631632	0.3259442599607466	11423.563228709294	3.738431009501335e-09
288.4384384384384	0.32606517267028556	11407.056516667228	3.749264012269259e-09
288.71371371371373	0.3261329946922396	11390.573656420594	3.760127327542207e-09
288.988988988989	0.3261525051708824	11374.114613503503	3.7710203973994105e-09
289.2642642642643	0.32617211747145997	11357.679353500329	3.7819441120160275e-09
289.53953953953953	0.3262849588050288	11341.267842046023	3.792901211097922e-09
289.81481481481484	0.3265022769294552	11324.88004482532	3.8038934784813104e-09
290.0900900900901	0.326591998676408	11308.515927570374	3.814916356628472e-09
290.3653653653654	0.3265344873735375	11292.175456062658	3.825966973524362e-09
290.64064064064064	0.32668809953290784	11275.85859613646	3.837052459064672e-09
290.91591591591595	0.32701658413880275	11259.565313675104	3.848175802603361e-09
291.1911911911912	0.3271159213303848	11243.29557460741	3.859328883409795e-09
291.4664664664665	0.3270883683804684	11227.049344912375	3.870509877041688e-09
291.74174174174175	0.32726940967789725	11210.826590621351	3.881725996110873e-09
292.01701701701705	0.32753505032542185	11194.62727781359	3.892978125184902e-09
292.2922922922923	0.3276947809186526	11178.451372615571	3.904262138604789e-09
292.5675675675676	0.32788851291115506	11162.298841204029	3.915579298315073e-09
292.84284284284286	0.3281710337850827	11146.169649805113	3.926931665598189e-09
293.1181181181181	0.32830278561271153	11130.06376469148	3.938314509488526e-09
293.3933933933934	0.3282900768966557	11113.981152184544	3.949725497766541e-09
293.66866866866866	0.3284522371004415	11097.92177865751	3.961171292695454e-09
293.94394394394396	0.3287671049270534	11081.885610531941	3.972654951617067e-09
294.2192192192192	0.3289841868944481	11065.872614275511	3.984171957895651e-09
294.4944944944945	0.32915201126643834	11049.882756404804	3.995721153388971e-09
294.76976976976977	0.32939670016255757	11033.916003486023	4.00730509762982e-09
295.0450450450451	0.3295875198742313	11017.972322132398	4.018921947891933e-09
295.3203203203203	0.3296319470403983	11002.0516790045	4.030568457587383e-09
295.5955955955956	0.3296990874851962	10986.154040812715	4.0422471589145214e-09
295.8708708708709	0.3298850142841974	10970.279374316511	4.053961852412001e-09
296.1461461461462	0.3301178075030657	10954.427646322667	4.065712808070816e-09
296.4214214214214	0.33032945231433153	10938.598823685266	4.077498509459418e-09
296.69669669669673	0.3304753093013613	10922.792873305818	4.0893170715753325e-09
296.971971971972	0.33058042770268214	10907.009762133932	4.101168166628537e-09
297.2472472472473	0.33070346606992834	10891.249457167538	4.1130531475516154e-09
297.52252252252254	0.3308732233284588	10875.511925452554	4.124973511422794e-09
297.7977977977978	0.33108349329182946	10859.797134082475	4.136929946592152e-09
298.0730730730731	0.3312510042197551	10844.105050197484	4.1489207475929665e-09
298.34834834834834	0.33133269686438793	10828.435640984804	4.160943953298242e-09
298.62362362362364	0.3313875253193689	10812.788873679674	4.17300006942385e-09
298.8988988988989	0.3314539143200296	10797.164715565066	4.185090392780176e-09
299.1741741741742	0.331533765462275	10781.56313397125	4.197215707918984e-09
299.44944944944945	0.3316239347655732	10765.984096275684	4.209376398935116e-09
299.72472472472475	0.33171911500120926	10750.427569902899	4.221572581576081e-09
300.0	0.3318139534883721	10734.893522324444	4.233804227382912e-09
