0.008578645855919165	2.220403438696464	6813.111195843436	4.635242842579817	0.004767296166036007
25.0	0.04890365448504985	33212.0	10.0
25.275275275275277	0.049660689680913896	34070.310369746374	9.386004398500342
25.55055055055055	0.05048530083305151	34885.72932296203	8.800443360687911
25.825825825825827	0.05139769068241242	35660.522085552955	8.241812955616991
26.1011011011011	0.05229363518915252	36395.1664343844	7.709824149762476
26.376376376376378	0.05313454326222328	37089.769817925255	7.204439611899875
26.65165165165165	0.053995039458477806	37745.653194474624	6.724795750577101
26.926926926926928	0.05486327006946927	38363.98062624235	6.270134615678096
27.2022022022022	0.05565895958837585	38945.05947670518	5.840280470334488
27.47747747747748	0.056437983678425174	39490.02935664545	5.434490704623033
27.75275275275275	0.057289784681258414	40000.93937142842	5.051402501218507
28.02802802802803	0.05809434174177387	40478.59003042197	4.690501271775202
28.303303303303302	0.05876060907884388	40923.17654339148	4.351683809329429
28.57857857857858	0.0594795578347643	41336.66840145333	4.03363878660415
28.853853853853856	0.06033218254113637	41721.44669506765	3.734772898171913
29.12912912912913	0.06112008319286949	42078.298053710445	3.45457623823395
29.404404404404403	0.06179027693570512	42407.81607157679	3.1926696202458307
29.67967967967968	0.062472108627506115	42711.504932916054	2.9480533899467276
29.954954954954957	0.06322020496944188	42991.081152014034	2.7195819939330432
30.23023023023023	0.06402386224152466	43248.05964334334	2.5062455980158056
30.505505505505504	0.06481235206140769	43483.53121905061	2.3073217485927064
30.78078078078078	0.06552821827598626	43698.35119803441	2.122247344691618
31.056056056056057	0.06625341340914342	43893.73600547269	1.9502126770486363
31.33133133133133	0.0670224046774176	44070.96223099704	1.7903659896930502
31.606606606606608	0.06769592773598719	44230.78555786664	1.642209025361017
31.88188188188188	0.06827339189418316	44374.02032411247	1.5052029194235246
32.15715715715716	0.0689591966255307	44502.050571318556	1.3784202197676405
32.432432432432435	0.06975088066452044	44616.09928864825	1.2610418842925144
32.70770770770771	0.0704803242265684	44716.89332940289	1.1525855533358744
32.98298298298298	0.07113633175636362	44805.148660972794	1.0525756294160835
33.25825825825826	0.07179106107207342	44881.720786494945	0.9604408781180708
33.533533533533536	0.07252065762894135	44947.5442889576	0.8755554623839755
33.808808808808806	0.07334483749756054	45003.49400673221	0.7973333856560713
34.08408408408408	0.07412459203075185	45050.16609562855	0.7253775990382482
34.35935935935936	0.07480272935504467	45088.07707707117	0.6593447377810767
34.63463463463464	0.0755000261940428	45117.89177375795	0.5987900104714066
34.90990990990991	0.0762343325266368	45140.24655167797	0.5432874054173996
35.18518518518518	0.07691198747179677	45155.64112857512	0.4925033741959929
35.46046046046046	0.07757325296593856	45164.59588230753	0.44608985628484876
35.73573573573574	0.07832392053961033	45167.68230758064	0.4036635252299096
36.01101101101101	0.0791284319049658	45165.38828004415	0.3648974728422206
36.286286286286284	0.07992439005287451	45158.120666565985	0.32951950682807274
36.56156156156156	0.08074725180804854	45146.283090727266	0.29725927942705854
36.83683683683684	0.08160732159199281	45130.25397869984	0.26786323694734326
37.112112112112115	0.08241840146496433	45110.3426926733	0.2411245072331248
37.38738738738739	0.08313928402378215	45086.83009896477	0.21685534208308133
37.66266266266266	0.08380303610489802	45060.002907544156	0.1948637638978125
37.93793793793794	0.08446727296453434	45030.15297077715	0.1749540378479727
38.213213213213216	0.08519036447352266	44997.566981386415	0.1569336810391316
38.488488488488485	0.08591181101400068	44962.487635297206	0.1406399080008121
38.76376376376376	0.08654864584007398	44925.11978930881	0.12593547778793077
39.03903903903904	0.0871759259700261	44885.675256132956	0.11267823069213491
39.314314314314316	0.08789328391162612	44844.36801816689	0.10072434054270082
39.58958958958959	0.08874512217778598	44801.3958650007	0.08994081421145605
39.86486486486486	0.08965492392357148	44756.921169345136	0.08021859412188598
40.14014014014014	0.0903801043917679	44711.05833661386	0.07148113443787357
40.41541541541542	0.09091784611740578	44663.92193296003	0.06365167764852533
40.690690690690694	0.09149690657874034	44615.649187553645	0.05663793451180732
40.965965965965964	0.09216656608263837	44566.3677865882	0.05035399012536065
41.24124124124124	0.09286586661180916	44516.18557959896	0.04472732055834434
41.51651651651652	0.09355549091075917	44465.19699003812	0.03969444616631958
41.791791791791795	0.09420877867718645	44413.48654882422	0.035198537897914994
42.06706706706707	0.09481361369766074	44361.1313223231	0.031187773129752624
42.34234234234234	0.0953849663124961	44308.20305098883	0.027613886316487937
42.61761761761762	0.09598405317343225	44254.77007877459	0.024430860173786127
42.892892892892895	0.09663209882085524	44200.894494159	0.02159687515104969
43.168168168168165	0.0972961462194624	44146.63043998505	0.019075465716968706
43.44344344344344	0.09795336691989634	44092.02590603996	0.016834307045785504
43.71871871871872	0.09859042965867545	44037.12394778407	0.014844390787808534
43.993993993993996	0.09919013306729049	43981.96319317338	0.013079684428955057
44.26926926926927	0.09975854688175298	43926.5789025486	0.011516413657571105
44.54454454454455	0.10040879670259105	43871.00515597939	0.010131576181875927
44.81981981981982	0.1011692716816582	43815.27238706672	0.008904621821467841
45.0950950950951	0.10179080165279585	43759.4035688219	0.007820052527264053
45.37037037037037	0.1022165059029038	43703.41946282591	0.006863855319232073
45.645645645645644	0.10273183779608873	43647.34285613673	0.006020619645518374
45.92092092092092	0.1034331889404199	43591.194565775506	0.005276255807303288
46.1961961961962	0.10421330221780352	43534.99148905603	0.00461932413614867
46.471471471471475	0.10494278081571023	43478.74750417119	0.004040425369153495
46.74674674674675	0.10552116125500567	43422.47454680348	0.003531470387888541
47.02202202202202	0.10605130949073949	43366.18428377382	0.003084547082168062
47.2972972972973	0.10663741391666086	43309.887725818684	0.002692168429802609
47.572572572572575	0.1071707114069202	43253.594033783054	0.0023481032807824076
47.847847847847845	0.1075955465644488	43197.31121386654	0.002046898396314659
48.12312312312312	0.10803248985258698	43141.04691892974	0.001783333936804903
48.3983983983984	0.10856880094388559	43084.80812868325	0.001552641511952983
48.673673673673676	0.10922362589561552	43028.60092157465	0.0013506600868025877
48.94894894894895	0.10991364583793914	42972.43035587347	0.0011739177470640534
49.22422422422423	0.1105110393476799	42916.300630130296	0.0010195233672373911
49.4994994994995	0.1110687099709147	42860.21561864157	0.000884802825916953
49.77477477477478	0.11166768424976338	42804.17887707274	0.0007672954682836964
50.05005005005005	0.11218752688792545	42748.193354354684	0.0006649505360063341
50.32532532532532	0.11257467465980393	42692.2616238542	0.0005759703255930093
50.6006006006006	0.1130483029515419	42636.386201244364	0.0004985941213121703
50.87587587587588	0.1136914348090338	42580.56931039372	0.0004312576309487748
51.151151151151154	0.11434254191206633	42524.812719545225	0.0003727047755144463
51.42642642642643	0.11492436953157346	42469.11792560551	0.0003218626320801971
51.70170170170171	0.115453824527069	42413.486261306156	0.00027776872146620786
51.97697697697698	0.11598057936191618	42357.91891852994	0.0002395552753317687
52.252252252252255	0.11655666115387542	42302.41694966813	0.00020644843846145402
52.527527527527525	0.11716396823083691	42246.98124923095	0.00017778091593687894
52.8028028028028	0.11776282499990368	42191.612584901195	0.0001529698769501115
53.07807807807808	0.11831686971568368	42136.31158663165	0.0001315272847196939
53.353353353353356	0.1188292495648414	42081.07880846956	0.00011301552747794247
53.62862862862863	0.11937034306712972	42025.914738579726	9.704135350572608e-05
53.90390390390391	0.11996839589645417	41970.819792117894	8.326077983223573e-05
54.17917917917918	0.12059657684376883	41915.794311028854	7.137929276609499e-05
54.454454454454456	0.12120716405250745	41860.83857403149	6.114511388458163e-05
54.729729729729726	0.12175015725984605	41805.95280799311	5.234151134193991e-05
55.005005005005	0.12224127508002003	41751.13720252797	4.477690708163579e-05
55.28028028028028	0.12272658707063966	41696.391915150234	3.8281400686414666e-05
55.55555555555556	0.12326538392893517	41641.71707361974	3.270519951471287e-05
55.830830830830834	0.1238643262945559	41587.112774806345	2.791941465524582e-05
56.10610610610611	0.12440856013555378	41532.57908351873	2.3816876057880563e-05
56.38138138138139	0.12486677950962811	41478.11604340097	2.03047388352746e-05
56.65665665665666	0.1253377927432243	41423.72368427851	1.7299504130027886e-05
56.931931931931935	0.12584263437518148	41369.40201939851	1.4728915356966484e-05
57.20720720720721	0.12633963826030956	41315.15104591248	1.253173650789472e-05
57.48248248248248	0.126873047846889	41260.97074957985	1.0654512405302311e-05
57.75775775775776	0.12750007026863425	41206.86110596781	9.050745029028793e-06
58.033033033033036	0.12812293580370324	41152.82207907214	7.681821832147365e-06
58.30830830830831	0.12864241037463667	41098.8536239665	6.515220494988679e-06
58.58358358358358	0.12908683858379416	41044.95569009847	5.5222893512784516e-06
58.85885885885886	0.12950625065385765	40991.12822187905	4.677854671769737e-06
59.134134134134136	0.1299492548211656	40937.37115898853	3.9600174715641576e-06
59.40940940940941	0.13045026600918047	40883.68443670224	3.3499343871646965e-06
59.68468468468468	0.1310231579924149	40830.06798630207	2.8315384113803466e-06
59.95995995995996	0.13161299248238947	40776.521735331735	2.391356212020696e-06
60.23523523523524	0.1321376990620908	40723.04560823459	2.018070580076266e-06
60.510510510510514	0.13261611774511467	40669.63952735929	1.701856364183465e-06
60.78578578578579	0.13310530304891038	40616.303413304784	1.434155648113375e-06
61.06106106106106	0.13365916138425926	40563.03718505582	1.2075876143390366e-06
61.33633633633634	0.13426971615532526	40509.84076001791	1.015913179428678e-06
61.611611611611615	0.1348034234951413	40456.71405404263	8.539883818432468e-07
61.88688688688689	0.13522392070376493	40403.65698197913	7.174101657352812e-07
62.16216216216216	0.13563778749441652	40350.66945805949	6.022911486219744e-07
62.43743743743744	0.13612576357407563	40297.75139587326	5.052738062381712e-07
62.712712712712715	0.13672583425181925	40244.90270838167	4.235114895813879e-07
62.98798798798799	0.1373560366005884	40192.123307886366	3.546543387709131e-07
63.26326326326326	0.13790915268807702	40139.41310911368	2.967789852822051e-07
63.53853853853854	0.1384252175749118	40086.77202443659	2.481883862503961e-07
63.813813813813816	0.13896889998818973	40034.19996535641	2.0741357560983543e-07
64.0890890890891	0.13955789870236845	39981.696843160535	1.732119416541019e-07
64.36436436436436	0.14014760919280592	39929.262568953374	1.4454641978943313e-07
64.63963963963964	0.1406137204417516	39876.8970536943	1.2055962077017695e-07
64.91491491491492	0.14098882821332784	39824.60020828659	1.005124848257e-07
65.1901901901902	0.14144659814334293	39772.37194361668	8.375720966063857e-08
65.46546546546547	0.14194894991768625	39720.21217052521	6.975775414152129e-08
65.74074074074073	0.14235764097597614	39668.12079982729	5.807592142211773e-08
66.01601601601601	0.14271947014617045	39616.09774236322	4.8336352239156176e-08
66.29129129129129	0.14313283118261277	39564.14290901191	4.021733875540151e-08
66.56656656656656	0.1436415010675606	39512.25621069381	3.344882312287992e-08
66.84184184184184	0.1442162018401928	39460.437558377926	2.7807643283901057e-08
67.11711711711712	0.1447084013317573	39408.68686308948	2.3112191222013827e-08
67.3923923923924	0.14506416287296214	39357.00403592794	1.9209941354285436e-08
67.66766766766767	0.14536404651162324	39305.38898807832	1.5969622553222197e-08
67.94294294294295	0.14572528667573953	39253.84163081435	1.3278999158934283e-08
68.21821821821823	0.14625037595444723	39202.36187550025	1.1043594651569286e-08
68.4934934934935	0.1467676980066473	39150.94963358898	9.187820893689242e-09
68.76876876876878	0.14707180141916454	39099.60481662867	7.650375776038402e-09
69.04404404404404	0.14735039062314392	39048.3273362727	6.377402213119083e-09
69.31931931931932	0.14777013963100122	38997.117104278856	5.322886915355823e-09
69.5945945945946	0.14818323763679309	38945.97403250742	4.449893772085203e-09
69.86986986986987	0.1485217814804695	38894.89803292479	3.727938942278486e-09
70.14514514514515	0.14890510278330035	38843.88901760636	3.1310208924186127e-09
70.42042042042041	0.14933372538612302	38792.946898736285	2.6376252892385385e-09
70.69569569569569	0.1496962138174511	38742.071588607985	2.230226833819186e-09
70.97097097097097	0.15001197971512517	38691.262999625804	1.8941238778626807e-09
71.24624624624624	0.1503684848324635	38640.52104430568	1.616914060408002e-09
71.52152152152152	0.15080106559254575	38589.84563527516	1.3883074329230252e-09
71.7967967967968	0.1512885407907775	38539.23668527374	1.1998561121891261e-09
72.07207207207207	0.1516889584011863	38488.694107152885	1.0447190526234552e-09
72.34734734734735	0.1519282696595148	38438.217813876596	9.17229017044156e-10
72.62262262262263	0.1521049307145444	38387.80771852185	8.125606755230969e-10
72.8978978978979	0.1523260650890146	38337.46373427855	7.266541324556311e-10
73.17317317317318	0.15267996279415838	38287.1857744495	6.561389218961082e-10
73.44844844844846	0.1531631158769738	38236.973752450256	5.982685842755069e-10
73.72372372372374	0.1537036652392481	38186.82758180918	5.508193472631974e-10
73.998998998999	0.154204363206206	38136.74717616729	5.119818764582291e-10
74.27427427427428	0.1546008201283713	38086.7324492784	4.802643803521486e-10
74.54954954954955	0.15500313653829553	38036.78331500917	4.544047368159246e-10
74.82482482482483	0.15548299300901516	37986.89968733889	4.3335340620776634e-10
75.1001001001001	0.15591946429078715	37937.081480359346	4.162629328774751e-10
75.37537537537537	0.15627930294489753	37887.32860827471	4.0243408738301524e-10
75.65065065065065	0.1566886181563871	37837.64098540158	3.9127864988202404e-10
75.92592592592592	0.15717041090663297	37788.01852616881	3.823136490661845e-10
76.2012012012012	0.15765070521468502	37738.46114511725	3.751472123358159e-10
76.47647647647648	0.15810227976999713	37688.96875689976	3.6945755682349955e-10
76.75175175175175	0.15852707234172042	37639.541276280965	3.6497925169091075e-10
77.02702702702703	0.1589370102113029	37590.178618137266	3.614934523443991e-10
77.30230230230231	0.15932463022795867	37540.8806974566	3.588204178325315e-10
77.57757757757759	0.1596161449515959	37491.6474293383	3.5681332797642426e-10
77.85285285285286	0.15981318597677605	37442.478728993	3.5535095073518516e-10
78.12812812812814	0.16006971202600553	37393.37451174261	3.5433253659197074e-10
78.40340340340342	0.1604404805319759	37344.33469302004	3.5367606133456306e-10
78.67867867867868	0.16085714837519635	37295.35918836911	3.533152872784903e-10
78.95395395395396	0.16128382449204703	37246.44791344431	3.5319626070951724e-10
79.22922922922923	0.16170997714414106	37197.600784010705	3.5327487243793685e-10
79.50450450450451	0.16211942289876982	37148.81771594383	3.535150287540059e-10
79.77977977977977	0.16249047015152976	37100.098625229504	3.538871492835695e-10
80.05505505505505	0.16279023726659614	37051.4434279637	3.543669232818102e-10
80.33033033033033	0.16303152514940572	37002.85204035241	3.549344621223166e-10
80.6056056056056	0.16333321680510154	36954.32437871158	3.5557393178230185e-10
80.88088088088088	0.16374720404692325	36905.86035946696	3.562727216505145e-10
81.15615615615616	0.1642097962180187	36857.45989915382	3.5702039463488426e-10
81.43143143143143	0.16456555051444377	36809.12291441679	3.5780779685778777e-10
81.70670670670671	0.16464095237007476	36760.849322009686	3.586266277409916e-10
81.98198198198199	0.16471395643288236	36712.6390387957	3.594713327696434e-10
82.25725725725727	0.165151455874963	36664.49198174726	3.6033918484166197e-10
82.53253253253254	0.16562092239740928	36616.40806794548	3.612264503975134e-10
82.80780780780782	0.16580699579431862	36568.387214579976	3.621285296556298e-10
83.0830830830831	0.16604058734323146	36520.42933894919	3.6304330756394966e-10
83.35835835835836	0.1665331441617488	36472.534358460165	3.6397015727644804e-10
83.63363363363364	0.16710656376741742	36424.70219062813	3.649076850425625e-10
83.90890890890891	0.16763139118081405	36376.932753076406	3.658540951091967e-10
84.18418418418419	0.16807252268732817	36329.225963536315	3.6680774483295386e-10
84.45945945945945	0.16845119807272452	36281.58173984706	3.6776741094532295e-10
84.73473473473473	0.16881784899129443	36233.99999995564	3.6873236618649786e-10
85.01001001001	0.16919688639046407	36186.48066191666	3.6970215123284316e-10
85.28528528528528	0.16958898588749463	36139.02364389222	3.706763996293254e-10
85.56056056056056	0.16994674701536006	36091.628864151666	3.7165456730562495e-10
85.83583583583584	0.1702628064386281	36044.29624107154	3.726361776261947e-10
86.11111111111111	0.1706344826598653	35997.02569313552	3.7362136065852723e-10
86.38638638638639	0.17107121816198187	35949.81713893414	3.746102718387629e-10
86.66166166166167	0.17145960323562362	35902.670497164654	3.756024377521187e-10
86.93693693693695	0.17179938528984662	35855.58568663091	3.765974776955498e-10
87.21221221221222	0.1721795266047737	35808.562626243314	3.7759555779628253e-10
87.4874874874875	0.17262909826203796	35761.60123501861	3.785969661066233e-10
87.76276276276278	0.17311033052162433	35714.701432079746	3.7960173410759773e-10
88.03803803803804	0.17341850133086825	35667.863136655586	3.806088036913937e-10
88.31331331331332	0.1734507943323162	35621.086268080806	3.8161678543791006e-10
88.58858858858859	0.17350001474521146	35574.370745796106	3.826261213924891e-10
88.86386386386387	0.17375253464928828	35527.716489347964	3.836381558383351e-10
89.13913913913915	0.17412060559587955	35481.12341838829	3.8465350041216537e-10
89.41441441441442	0.1745070101027972	35434.5914526743	3.856721287233697e-10
89.68968968968969	0.17484049638809773	35388.1205120684	3.8669364141420435e-10
89.96496496496496	0.17516854228058923	35341.7105165381	3.8771797347122444e-10
90.24024024024024	0.1755852434359481	35295.36138615593	3.887455758241504e-10
90.51551551551552	0.17603792827671733	35249.07304109922	3.897765284589334e-10
90.7907907907908	0.17643319605991573	35202.84540164991	3.908103976912797e-10
91.06606606606607	0.17672234760080457	35156.67838819444	3.9184657931438805e-10
91.34134134134135	0.17692749276669908	35110.571921223665	3.928847118414368e-10
91.61661661661662	0.17718990420708852	35064.5259213328	3.9392526395494865e-10
91.8918918918919	0.17754581678755985	35018.54030922127	3.9496880428362456e-10
92.16716716716716	0.17789220113758014	34972.615005692365	3.960152356216969e-10
92.44244244244244	0.17821546221837176	34926.74993165325	3.9706440921541156e-10
92.71771771771772	0.17856795333885578	34880.945008114824	3.981164887203381e-10
92.992992992993	0.17894074559739095	34835.20015619161	3.9917155777217157e-10
93.26826826826827	0.17930332684360634	34789.51529710153	4.002295205114915e-10
93.54354354354355	0.1796571199819774	34743.89035216583	4.0129030987488733e-10
93.81881881881883	0.1800124624822968	34698.32524280893	4.0235392962419395e-10
94.0940940940941	0.1803800775134595	34652.819890558334	4.03420441837301e-10
94.36936936936937	0.18075616919972992	34607.37421704441	4.0448987678918606e-10
94.64464464464464	0.18111595209044137	34561.988144000316	4.055621266613405e-10
94.91991991991992	0.18145657816693803	34516.66159326183	4.066370922955802e-10
95.1951951951952	0.1817954586925651	34471.394486767254	4.0771479053132056e-10
95.47047047047047	0.1821308846316602	34426.18674655726	4.0879522712812174e-10
95.74574574574575	0.1824504244410162	34381.03829477474	4.0987834131312206e-10
96.02102102102103	0.1827458043510393	34335.94905366469	4.109640421178264e-10
96.2962962962963	0.18301452776003588	34290.91894557407	4.120522458895711e-10
96.57157157157158	0.18326773160372314	34245.947892951684	4.1314294836708394e-10
96.84684684684684	0.1835119036632022	34201.035818348035	4.142361829406554e-10
97.12212212212212	0.18374141054447152	34156.1826444152	4.1533194720170393e-10
97.3973973973974	0.18400409979875626	34111.38829390673	4.1643049991643613e-10
97.67267267267268	0.18439920191083817	34066.65268967753	4.175325847788183e-10
97.94794794794795	0.18486302221204912	34021.975754683655	4.186384447172847e-10
98.22322322322323	0.18524224843112724	33977.35741198207	4.1974744040938124e-10
98.4984984984985	0.18559258232737105	33932.797584730666	4.2085937184050356e-10
98.77377377377378	0.18602093010396853	33888.296196188225	4.2197466373022714e-10
99.04904904904905	0.18646888659402786	33843.85316971409	4.2309333422231457e-10
99.32432432432432	0.1868670076686517	33799.468428768065	4.242150213306587e-10
99.5995995995996	0.18721982211275115	33755.14189691035	4.2533946681775984e-10
99.87487487487488	0.18755249021783565	33710.873497801396	4.2646660655629803e-10
100.15015015015015	0.1879021518810594	33666.66315520179	4.275965941957427e-10
100.42542542542543	0.1882641371586566	33622.51079297213	4.287295266834865e-10
100.70070070070071	0.18859955485137767	33578.41633507276	4.29865269942558e-10
100.97597597597598	0.18890453644188948	33534.37970556382	4.3100369956261864e-10
101.25125125125126	0.18919544657852422	33490.40082860501	4.321448091451071e-10
101.52652652652652	0.18949102081232763	33446.47962845552	4.3328869780499173e-10
101.8018018018018	0.18981793592034055	33402.616029473866	4.3443559075292885e-10
102.07707707707708	0.19022386964274482	33358.80995611783	4.3558592674662416e-10
102.35235235235236	0.19069291455917078	33315.06133294423	4.367399636751735e-10
102.62762762762763	0.19109148275058932	33271.37008460871	4.3789717343384025e-10
102.90290290290291	0.19136593553782424	33227.736135865685	4.3905685124398086e-10
103.17817817817819	0.19156328140388396	33184.15941156829	4.4021870596727836e-10
103.45345345345346	0.19172228892153165	33140.63983666824	4.41382724564061e-10
103.72872872872873	0.19188139650192698	33097.1773362157	4.4254910950305005e-10
104.004004004004	0.19213789539598652	33053.771835359184	4.437185553857328e-10
104.27927927927928	0.19255794654975855	33010.423259345465	4.4489197095008444e-10
104.55455455455456	0.19299610927477062	32967.1315335192	4.4606926662405004e-10
104.82982982982983	0.19333756761818355	32923.89658332287	4.472497410759957e-10
105.10510510510511	0.19364887961856442	32880.71833429676	4.484332160931099e-10
105.38038038038039	0.19397328806894537	32837.59671207887	4.4961979325050986e-10
105.65565565565566	0.19429011009693414	32794.53164240468	4.508094393018182e-10
105.93093093093094	0.19460313096607396	32751.52305110709	4.520021511298067e-10
106.2062062062062	0.19493894086355665	32708.57086411627	4.531980752558718e-10
106.48148148148148	0.19530930028891239	32665.675007459537	4.5439739261430454e-10
106.75675675675676	0.1957007167936	32622.83540726121	4.5560017089064666e-10
107.03203203203203	0.19601547246900908	32580.0519897424	4.5680592269770225e-10
107.30730730730731	0.1961981432404897	32537.324681220936	4.580139638565455e-10
107.58258258258259	0.19638496170437345	32494.65340811139	4.5922452129802584e-10
107.85785785785787	0.19666243088945212	32452.038096924898	4.604382540768093e-10
108.13313313313314	0.1969770744190478	32409.478674268947	4.616553784824693e-10
108.4084084084084	0.19730568404118218	32366.975066847237	4.628759350412751e-10
108.68368368368368	0.19766757014456887	32324.5272014596	4.6410006470062934e-10
108.95895895895896	0.19804476946657823	32282.135005001874	4.653277782835428e-10
109.23423423423424	0.1984015512428354	32239.79840446572	4.665588863436641e-10
109.50950950950951	0.19874975993467037	32197.517326938552	4.67793310153529e-10
109.78478478478479	0.1991120698172525	32155.29169960344	4.690311174711232e-10
110.06006006006007	0.19948309595763788	32113.12144973892	4.702723324548045e-10
110.33533533533534	0.1998515574840444	32071.006504718905	4.715169124663333e-10
110.61061061061062	0.20020706233369504	32028.946792012543	4.727647682082803e-10
110.88588588588588	0.2005378249756594	31986.94223918407	4.740157665732858e-10
111.16116116116116	0.20083187690555646	31944.992773892733	4.752697396594427e-10
111.43643643643644	0.20110521841454693	31903.098323892646	4.765266498303007e-10
111.71171171171171	0.20139062154420867	31861.258817032693	4.777866543760447e-10
111.98698698698699	0.20167490258407555	31819.474181256384	4.790498025467047e-10
112.26226226226227	0.2019290728205449	31777.7443446017	4.803159711017834e-10
112.53753753753755	0.20215607205504837	31736.069235200976	4.815850836018332e-10
112.81281281281282	0.20238795202080287	31694.448781280844	4.828572640426445e-10
113.08808808808809	0.20270866850417713	31652.88291116213	4.841330845541908e-10
113.36336336336336	0.20312807362885205	31611.371553259683	4.854130438537539e-10
113.63863863863864	0.20352649118002328	31569.914636082103	4.866968500966023e-10
113.91391391391392	0.20385412163930478	31528.512088231728	4.879839982467933e-10
114.1891891891892	0.20414091620523436	31487.163838404525	4.892742717975855e-10
114.46446446446447	0.20440550201098506	31445.869815390015	4.905676121716478e-10
114.73973973973975	0.20465429371991192	31404.62994807109	4.918640129251745e-10
115.01501501501502	0.2048747609377006	31363.444165423924	4.931633999321954e-10
115.2902902902903	0.2050724132642979	31322.312396517802	4.944657496582085e-10
115.56556556556556	0.20533713494358122	31281.23457051515	4.957715585914444e-10
115.84084084084084	0.20573099265065134	31240.21061667132	4.970815646220234e-10
116.11611611611612	0.2062220394809696	31199.240464334438	4.983961535482544e-10
116.3913913913914	0.20669427364142154	31158.32404294516	4.997149591904479e-10
116.66666666666667	0.20695750946404512	31117.461282036515	5.010366143411649e-10
116.94194194194195	0.20704242980313592	31076.652111233954	5.023602500229884e-10
117.21721721721723	0.207136429073631	31035.8964602554	5.036862768323209e-10
117.4924924924925	0.2073159445128918	30995.194258911015	5.050154498897243e-10
117.76776776776778	0.20758142226833903	30954.545437103036	5.06348352572612e-10
118.04304304304304	0.20783448097677548	30913.949924825505	5.076848676365102e-10
118.31831831831832	0.2080259546624138	30873.40765216424	5.090246239332553e-10
118.5935935935936	0.20829649220565413	30832.91854929688	5.103681515192942e-10
118.86886886886887	0.20869985524732862	30792.482546492683	5.117161692753375e-10
119.14414414414415	0.2091160068628461	30752.099574112246	5.130685343308334e-10
119.41941941941943	0.20949021661679834	30711.76956260744	5.144248222389607e-10
119.6946946946947	0.20984361825572564	30671.492442521358	5.157848334381611e-10
119.96996996996998	0.2102046772303026	30631.26814448821	5.17148582976765e-10
120.24524524524524	0.21059273794433706	30591.096599233202	5.185161968396742e-10
120.52052052052052	0.21096228976951484	30550.977737572335	5.198875086696347e-10
120.7957957957958	0.21126794682096464	30510.911490412298	5.212621299900148e-10
121.07107107107107	0.21153650656114478	30470.89778875042	5.226399233590369e-10
121.34634634634635	0.21180753597340077	30430.93656367456	5.240210170604282e-10
121.62162162162163	0.21211618295976964	30391.027746363	5.254057160883344e-10
121.8968968968969	0.21245811062584918	30351.17126808426	5.267942295241908e-10
122.17217217217218	0.21278722715539886	30311.36706019695	5.281864493135919e-10
122.44744744744746	0.2131063588728362	30271.61505414971	5.295823121430968e-10
122.72272272272272	0.21345262833015952	30231.915181481116	5.309819895802536e-10
122.997997997998	0.21384413983429448	30192.26737381954	5.323857203134218e-10
123.27327327327328	0.21426735154944948	30152.67156288301	5.337936082568928e-10
123.54854854854855	0.21461498740479867	30113.127680478996	5.352051047414069e-10
123.82382382382383	0.2148295610628283	30073.635658504343	5.366194585900977e-10
124.0990990990991	0.21502840351616465	30034.195428945328	5.380367927243413e-10
124.37437437437438	0.21529620279147904	29994.80692387749	5.394577011323421e-10
124.64964964964966	0.21563146962891044	29955.47007546548	5.408826276467201e-10
124.92492492492492	0.21598877282033144	29916.18481596284	5.423116428866965e-10
125.2002002002002	0.21629316801324291	29876.951077711892	5.437443600884074e-10
125.47547547547548	0.21650462898757572	29837.768793143638	5.451802523275573e-10
125.75075075075075	0.21663063228891807	29798.637894777705	5.466189674211538e-10
126.02602602602603	0.21682386851051866	29759.55831522238	5.480611458773451e-10
126.30130130130131	0.21717793745043026	29720.52998717442	5.495078303821348e-10
126.57657657657658	0.21746743688749123	29681.552843418616	5.509584727241803e-10
126.85185185185186	0.21760711072854153	29642.62681682783	5.524121534660315e-10
127.12712712712714	0.2178624666658502	29603.751840363217	5.538697618602125e-10
127.4024024024024	0.2182643955250942	29564.927847073894	5.553321568959276e-10
127.67767767767768	0.21856131164604928	29526.15477009651	5.567984869392135e-10
127.95295295295296	0.21871653782340728	29487.432542655366	5.582678921400683e-10
128.22822822822823	0.2188494266694145	29448.761098062463	5.597404405049505e-10
128.5035035035035	0.21907365312223068	29410.14036971738	5.612168673631021e-10
128.7787787787788	0.21945401895446154	29371.57029110711	5.626981195649862e-10
129.05405405405406	0.21988116310608868	29333.050795805757	5.641842561276503e-10
129.32932932932934	0.22023976306782783	29294.581817474416	5.656746294563765e-10
129.60460460460462	0.22049743871341335	29256.16328986114	5.671685592021808e-10
129.87987987987987	0.22071339703617826	29217.795146800956	5.686658930207146e-10
130.15515515515517	0.22104239605429166	29179.477322215793	5.701674535677095e-10
130.43043043043042	0.22139279363998743	29141.209750114183	5.716733081628592e-10
130.70570570570572	0.2215043676013156	29102.992364590875	5.731819346280629e-10
130.98098098098097	0.22152145648651295	29064.825099827256	5.746930654390672e-10
131.25625625625628	0.22172214721391126	29026.70789009128	5.76208189582992e-10
131.53153153153153	0.22199419805791396	28988.640669737026	5.7772774717267e-10
131.80680680680683	0.22217052232478882	28950.623373204453	5.792510540761144e-10
132.08208208208208	0.22227123854744874	28912.65593501955	5.807777210600361e-10
132.35735735735736	0.22236612102016257	28874.738289794226	5.823078840426903e-10
132.63263263263264	0.22254950721497066	28836.870372226247	5.838422251920617e-10
132.9079079079079	0.22282606523378068	28799.052117099032	5.853812889058168e-10
133.1831831831832	0.22311192286848833	28761.28345928144	5.869249719498179e-10
133.45845845845847	0.22341638419842785	28723.56433372776	5.884732568901205e-10
133.73373373373374	0.22377755185911433	28685.89467547761	5.900263682170001e-10
134.00900900900902	0.22401643574912325	28648.274419655627	5.91583372664778e-10
134.2842842842843	0.22400517350343932	28610.703501471373	5.931427830668458e-10
134.55955955955955	0.22410816137085401	28573.181856219784	5.947057409011525e-10
134.83483483483485	0.22454153970862903	28535.709419280884	5.962744448112257e-10
135.1101101101101	0.22497326159141712	28498.28612611911	5.978484844584557e-10
135.3853853853854	0.22524845431845136	28460.911912283325	5.994265923808302e-10
135.66066066066065	0.22552500603151523	28423.58671340712	6.010088053542374e-10
135.93593593593596	0.2258249208445958	28386.3104652085	6.025952907496225e-10
136.2112112112112	0.22605509011719285	28349.083103489687	6.041855956993084e-10
136.4864864864865	0.22621264715388154	28311.904564137072	6.057793664579909e-10
136.76176176176176	0.22634226065844754	28274.77478312122	6.073766204332625e-10
137.03703703703704	0.2264957309323273	28237.693696496674	6.089776975022771e-10
137.31231231231232	0.22671562112291985	28200.66124040192	6.105831214567814e-10
137.5875875875876	0.22701365038129662	28163.6773510592	6.121933604126903e-10
137.86286286286287	0.227349416438576	28126.74196477436	6.138085127882208e-10
138.13813813813815	0.22761034097902566	28089.855017936654	6.154279453556841e-10
138.41341341341342	0.22776510755096502	28053.0164470187	6.170509907345955e-10
138.6886886886887	0.2278720387678871	28016.226188576515	6.186775221599355e-10
138.96396396396398	0.22801374208311118	27979.484179249415	6.203079704117521e-10
139.23923923923923	0.22826158271257205	27942.79035575988	6.219431123065574e-10
139.51451451451453	0.228545451001913	27906.144654913296	6.235830850501405e-10
139.78978978978978	0.22877361973249383	27869.54701359785	6.252274103462456e-10
140.06506506506508	0.2289585372775495	27832.99736878448	6.2687581394102e-10
140.34034034034033	0.22912318244786373	27796.49565752683	6.285282409125287e-10
140.61561561561564	0.2292678132387924	27760.041816961064	6.301846546745822e-10
140.8908908908909	0.22942234266204806	27723.63578430588	6.318452222117616e-10
141.1661661661662	0.22965237155463616	27687.277496862334	6.335104916687329e-10
141.44144144144144	0.22996153439325343	27650.96689201376	6.351808978274858e-10
141.71671671671672	0.23030337940567702	27614.70390722552	6.368564685502684e-10
141.991991991992	0.2306228617270951	27578.48848004494	6.385368728821646e-10
142.26726726726727	0.23088686619316076	27542.320548101216	6.402216541819663e-10
142.54254254254255	0.23117275444711002	27506.20004910542	6.419109760889689e-10
142.81781781781783	0.23153037122389447	27470.126920850384	6.436052856198559e-10
143.0930930930931	0.23186451099183203	27434.10110121041	6.453043009065509e-10
143.36836836836838	0.23213557768778298	27398.12252814122	6.47007559178047e-10
143.64364364364366	0.23241867912040218	27362.19113967999	6.487152079892963e-10
143.9189189189189	0.23268707563575688	27326.306873945145	6.504271859578477e-10
144.1941941941942	0.23283045602004795	27290.469669136113	6.52142732690279e-10
144.46946946946946	0.2329595149109659	27254.679463533528	6.538620088723731e-10
144.74474474474476	0.233253307603705	27218.936195499147	6.555863051460069e-10
145.02002002002	0.23354289893738012	27183.2398034754	6.573154764927825e-10
145.29529529529532	0.23364699904544958	27147.5902259852	6.590482317064016e-10
145.57057057057057	0.23373480405034922	27111.9874016323	6.607847267526677e-10
145.84584584584587	0.2339630873723808	27076.431269101173	6.625261095884342e-10
146.12112112112112	0.23432668170718957	27040.921767156695	6.642731996161183e-10
146.3963963963964	0.23469249250765326	27005.45883464386	6.660257294924627e-10
146.67167167167167	0.23482478600690598	26970.04241048762	6.67781949228582e-10
146.94694694694695	0.2348373980278018	26934.672433693126	6.695413201301033e-10
147.22222222222223	0.23505480242019416	26899.34884334595	6.713055941471553e-10
147.4974974974975	0.23546433472549977	26864.071578611525	6.730759860703591e-10
147.77277277277278	0.2359096549878819	26828.84057873488	6.748523585633086e-10
148.04804804804806	0.23626234319489414	26793.65578304055	6.766337594045543e-10
148.32332332332334	0.23646123623636472	26758.51713093258	6.784190824933976e-10
148.59859859859858	0.2365882257373942	26723.42456189458	6.802080611893829e-10
148.8738738738739	0.23671106739099942	26688.378015489598	6.820009537287135e-10
149.14914914914914	0.2368458642523795	26653.37743135999	6.837980607987496e-10
149.42442442442444	0.23699436278355723	26618.42274922725	6.855996186805446e-10
149.6996996996997	0.23715073029079428	26583.513908891946	6.874057655282285e-10
149.974974974975	0.23732483981519323	26548.65085023355	6.892166727690769e-10
150.25025025025025	0.23752461040803557	26513.833513210466	6.910325234687516e-10
150.52552552552555	0.2377013504316689	26479.061837859725	6.928531275124211e-10
150.8008008008008	0.23783074113474145	26444.335764297	6.946781837012105e-10
151.07607607607608	0.23801806196243025	26409.655232716606	6.965081860355474e-10
151.35135135135135	0.23831774481588522	26375.020183391396	6.983438711907237e-10
151.62662662662663	0.2386482989826172	26340.430556672414	7.001852317608493e-10
151.9019019019019	0.2389282607861083	26305.886292988856	7.020317116754244e-10
152.17717717717719	0.23909953507494505	26271.387332847942	7.038825096877527e-10
152.45245245245246	0.23919873713371512	26236.933616834976	7.057372896633693e-10
152.72772772772774	0.23932741935645344	26202.52508561332	7.075965013213165e-10
153.00300300300302	0.23959204628855607	26168.16167992428	7.094612075059586e-10
153.2782782782783	0.24002667989135787	26133.843340586944	7.113324268542776e-10
153.55355355355357	0.24038005783417474	26099.570008497678	7.132091852910911e-10
153.82882882882885	0.24051976325998226	26065.34162463016	7.150898609549905e-10
154.10410410410412	0.24073297763849794	26031.158130035892	7.169752450340629e-10
154.37937937937937	0.24107660097388736	25997.019465843754	7.188663136305694e-10
154.65465465465465	0.24123331167445394	25962.925573259396	7.207615943622159e-10
154.92992992992993	0.24126534329409774	25928.87639356567	7.226604414438758e-10
155.2052052052052	0.24152612174037977	25894.871868122904	7.245648331048283e-10
155.48048048048048	0.24188179981325478	25860.91193836816	7.264752942559087e-10
155.75575575575576	0.2420296677049611	25826.996545814887	7.283901089240175e-10
156.03103103103103	0.2421150490424805	25793.12563205344	7.303090353384962e-10
156.3063063063063	0.2423427331978065	25759.29913875105	7.322333277942044e-10
156.5815815815816	0.24268927001633203	25725.517007651415	7.341637448055242e-10
156.85685685685687	0.2430749703701307	25691.779180574536	7.361002878065914e-10
157.13213213213214	0.24339693823845507	25658.085599416572	7.380422405960598e-10
157.40740740740742	0.2436416300197875	25624.43620614987	7.399889884838412e-10
157.6826826826827	0.24388407945693968	25590.830942822962	7.4194061313411e-10
157.95795795795797	0.24410596723208353	25557.269751560387	7.438970488647473e-10
158.23323323323325	0.24425441949860188	25523.752574562488	7.458578786892803e-10
158.50850850850853	0.24446109383240125	25490.27935410561	7.478237303765672e-10
158.7837837837838	0.24484384020617908	25456.850032541945	7.497958987302057e-10
159.05905905905905	0.2452056628441512	25423.46455229905	7.517739382509361e-10
159.33433433433433	0.24539391149716408	25390.12285587974	7.537564462875145e-10
159.6096096096096	0.24550402981422298	25356.82488586237	7.557430812245931e-10
159.88488488488488	0.2456247730378536	25323.57058490075	7.577342277592375e-10
160.16016016016016	0.24579389547327063	25290.359895723934	7.597304382293988e-10
160.43543543543544	0.24604095276298793	25257.192761136135	7.617323297499155e-10
160.7107107107107	0.24638048089477266	25224.069124016605	7.637404599869323e-10
160.985985985986	0.2467346604715835	25190.98892731939	7.657546823817698e-10
161.26126126126127	0.24699635612165194	25157.952114073203	7.67774126644851e-10
161.53653653653654	0.24713371290018393	25124.95862738142	7.697979349782121e-10
161.81181181181182	0.24719141083255644	25092.008410422095	7.71825807654458e-10
162.0870870870871	0.2473590074026818	25059.101406448084	7.738588939846471e-10
162.36236236236238	0.24768021427841977	25026.23755878673	7.758983491609578e-10
162.63763763763765	0.24793099092124252	24993.41681083938	7.779433991607018e-10
162.91291291291293	0.2480641670305222	24960.63910608153	7.799931440529386e-10
163.1881881881882	0.24821903720528238	24927.904388063027	7.820479428322826e-10
163.46346346346348	0.24837208264833688	24895.2126004077	7.841078891403744e-10
163.73873873873873	0.2484285196803473	24862.56368681318	7.861723650328412e-10
164.014014014014	0.24849850638494997	24829.9575910511	7.882417272325309e-10
164.2892892892893	0.24871118454839528	24797.39425696702	7.903171816459763e-10
164.56456456456456	0.24899855337393736	24764.873628480065	7.923991115081111e-10
164.83983983983984	0.2492602410981928	24732.39564958274	7.944870639982941e-10
165.11511511511512	0.24941923690583132	24699.9602643409	7.965801492920766e-10
165.3903903903904	0.2495117113304618	24667.56741689381	7.986779914801585e-10
165.66566566566567	0.24969624127601944	24635.217051454227	8.007814897535426e-10
165.94094094094095	0.2499209973391766	24602.909112307992	8.028909179033331e-10
166.21621621621622	0.250007734764295	24570.643543813756	8.050051603823547e-10
166.4914914914915	0.2500939231348202	24538.420290403345	8.071244302221717e-10
166.76676676676678	0.2503770258423885	24506.239296581763	8.092503517348778e-10
167.04204204204206	0.25066338225502865	24474.10050692649	8.11382666778434e-10
167.31731731731733	0.2507718421593467	24442.003866087445	8.135198431274091e-10
167.5925925925926	0.25082686014276373	24409.949318787283	8.156617033073262e-10
167.8678678678679	0.2509590945422729	24377.93680982139	8.178090989946383e-10
168.14314314314316	0.25122854981735826	24345.96628405763	8.19963100904632e-10
168.4184184184184	0.2515600041734784	24314.037686436073	8.221239245233965e-10
168.6936936936937	0.25177889175232954	24282.150961968706	8.242904179186207e-10
168.96896896896897	0.25194839410416037	24250.306055739748	8.264622280119498e-10
169.24424424424424	0.2522340841731139	24218.502912905686	8.286403525403904e-10
169.51951951951952	0.25258209784935703	24186.741478694858	8.308251101215828e-10
169.7947947947948	0.2528797344164476	24155.021698407243	8.330158826835155e-10
170.07007007007007	0.2530744363187996	24123.343517414505	8.352118302163987e-10
170.34534534534535	0.2531904260933673	24091.70688115996	8.374125342123904e-10
170.62062062062063	0.253370867768635	24060.111735158716	8.396187842600171e-10
170.8958958958959	0.2536094502362949	24028.55802499732	8.418311061470014e-10
171.17117117117118	0.25372822013180496	23997.045696333404	8.440485263288982e-10
171.44644644644646	0.25382040746304524	23965.57469489601	8.462710584154169e-10
171.72172172172174	0.2541262745765439	23934.144966485757	8.485005552751915e-10
171.996996996997	0.25446915539468923	23902.756456974043	8.507370034731989e-10
172.2722722722723	0.25458684511227414	23871.40911230284	8.529783843627249e-10
172.54754754754757	0.2546315185777199	23840.10287848527	8.552244177770826e-10
172.82282282282284	0.25476979378198483	23808.837701605524	8.574761891059519e-10
173.0980980980981	0.2549451194394043	23777.6135278184	8.597340479034668e-10
173.37337337337337	0.255100643668221	23746.430303349232	8.619978106290252e-10
173.64864864864865	0.2552309967591663	23715.287974493865	8.642673077580729e-10
173.92392392392392	0.2554069564201204	23684.186487618696	8.665429712270196e-10
174.1991991991992	0.25574133391223847	23653.12578916064	8.688259948150468e-10
174.47447447447448	0.2561288537880638	23622.105825626702	8.71116422224588e-10
174.74974974974975	0.2563877886534718	23591.126543593735	8.734128711595411e-10
175.02502502502503	0.2565759010764915	23560.18788970875	8.757148043933818e-10
175.3003003003003	0.25679476123738587	23529.289810688893	8.780226354288983e-10
175.57557557557558	0.25703771927313307	23498.43225332118	8.803366135075456e-10
175.85085085085086	0.25729067674646644	23467.615164462404	8.826568114358213e-10
176.12612612612614	0.2575607478982157	23436.838491039056	8.84983342070191e-10
176.40140140140142	0.25778185837699175	23406.10218004713	8.873157704902744e-10
176.6766766766767	0.25782477088436434	23375.406178551908	8.896527691587276e-10
176.95195195195197	0.25782696822771756	23344.750433688325	8.919944753318369e-10
177.22722722722725	0.2580596493408284	23314.134892661117	8.943431389735002e-10
177.50250250250252	0.2584352388306554	23283.55950274409	8.9669968499529e-10
177.77777777777777	0.25874061325433373	23253.024211279873	8.990630878316755e-10
178.05305305305305	0.2588625162993621	23222.52896567994	9.014317157634923e-10
178.32832832832833	0.2588214473428513	23192.073713424772	9.038045668251007e-10
178.6036036036036	0.258881990414191	23161.658402064175	9.061830395217533e-10
178.87887887887888	0.2591116945021401	23131.282979216863	9.085686814080009e-10
179.15415415415416	0.25927349358807006	23100.947392569848	9.10960704791253e-10
179.42942942942943	0.25938040137663904	23070.651589878766	9.133586546610785e-10
179.7047047047047	0.2596429529883989	23040.39551896813	9.157639058418067e-10
179.97997997998	0.25995605662564625	23010.17912773071	9.181766002760678e-10
180.25525525525526	0.26011700945690935	22980.002364127264	9.205952061724338e-10
180.53053053053054	0.26027852183649897	22949.865176187042	9.230198689379755e-10
180.80580580580582	0.26058798111991854	22919.767512007744	9.254518929607624e-10
181.0810810810811	0.2608600237928157	22889.70931975478	9.278907099118147e-10
181.35635635635637	0.2609867632171268	22859.690547661387	9.30335040598603e-10
181.63163163163165	0.26109395494245946	22829.711144028894	9.327850004603778e-10
181.90690690690693	0.2612661868568	22799.771057226575	9.35241366939621e-10
182.1821821821822	0.26151381047741706	22769.870235691455	9.377047850437563e-10
182.45745745745745	0.2617731917521283	22740.008627928048	9.401751991345667e-10
182.73273273273273	0.26195136767193716	22710.186182508263	9.42651811358567e-10
183.008008008008	0.2620626188975966	22680.402848071466	9.45134174416132e-10
183.28328328328328	0.2621611704806042	22650.658573324494	9.47622420054847e-10
183.55855855855856	0.2622915663171885	22620.953307041505	9.501170142790493e-10
183.83383383383384	0.26247199581866393	22591.286998063893	9.526184449124396e-10
184.1091091091091	0.2626692226802498	22561.65959530009	9.551267897689519e-10
184.3843843843844	0.26286544679838825	22532.07104772549	9.576419618508833e-10
184.65965965965967	0.2630719930841249	22502.521304382433	9.601639986228174e-10
184.93493493493494	0.26330258006955287	22473.010314380124	9.626930464357177e-10
185.21021021021022	0.2635630864728831	22443.5380268945	9.652292640407492e-10
185.4854854854855	0.2637913435311271	22414.10439116806	9.67772249946456e-10
185.76076076076077	0.2639330493457998	22384.709356509764	9.703212685065859e-10
186.03603603603605	0.2641285100428136	22355.35287229531	9.728769782506177e-10
186.31131131131133	0.26444752785415304	22326.034887966904	9.75440439823936e-10
186.5865865865866	0.26461730420463386	22296.755353032586	9.780101161457949e-10
186.86186186186188	0.26457834771643995	22267.514217066488	9.805844167405506e-10
187.13713713713713	0.26469954552093533	22238.311429709545	9.831653310801588e-10
187.4124124124124	0.2650590069850982	22209.146940668892	9.85754941192754e-10
187.68768768768768	0.26541682539162614	22180.0206997172	9.883526984191175e-10
187.96296296296296	0.2656844276688531	22150.932656692825	9.909574661442098e-10
188.23823823823824	0.2658779672104879	22121.88276149995	9.935685802497053e-10
188.51351351351352	0.26602669946711327	22092.870964108493	9.961858236115525e-10
188.7887887887888	0.26617493906251966	22063.897214554097	9.988094250777149e-10
189.06406406406407	0.26640347418442606	22034.961462938063	1.0014402429485993e-09
189.33933933933935	0.26670349909511654	22006.063659427124	1.0040788163403102e-09
189.61461461461462	0.26687306437379493	21977.203754252998	1.0067238000939778e-09
189.8898898898899	0.26688631599042156	21948.381697712608	1.0093740228787313e-09
190.16516516516518	0.2669568618169238	21919.597440168483	1.0120304974954644e-09
190.44044044044045	0.26716785193602216	21890.85093204839	1.0146946646356244e-09
190.71571571571573	0.2674730677832921	21862.142123845046	1.0173671524081313e-09
190.990990990991	0.26769145248138526	21833.470966115732	1.0200468435276439e-09
191.26626626626629	0.26766805287084283	21804.837409482283	1.0227316067141863e-09
191.54154154154156	0.2676356477993518	21776.241404631743	1.0254219592830433e-09
191.8168168168168	0.2678083437163971	21747.682902316235	1.0281201378513276e-09
192.0920920920921	0.2680785381360536	21719.16185335226	1.030826794164338e-09
192.36736736736736	0.26833364872863646	21690.67820862061	1.0335414112976386e-09
192.64264264264264	0.2685325365309409	21662.23191906642	1.0362632687424805e-09
192.91791791791792	0.2686486211762163	21633.822935699118	1.03899162866187e-09
193.1931931931932	0.26867298245750737	21605.45120959234	1.0417258950260418e-09
193.46846846846847	0.2686952808762772	21577.116691884083	1.044466440439868e-09
193.74374374374375	0.2688408778721386	21548.81933377666	1.0472146411986818e-09
194.01901901901903	0.26911155597529846	21520.559086536396	1.0499714936518891e-09
194.2942942942943	0.2694535935498633	21492.33590149343	1.052737232914379e-09
194.56956956956958	0.26977506530056866	21464.14973004153	1.055511214609967e-09
194.84484484484486	0.27002595072101876	21436.000523638133	1.0582925444071823e-09
195.12012012012013	0.2702512245509229	21407.888233804417	1.0610809977634493e-09
195.3953953953954	0.27047873519226834	21379.812812125198	1.0638766705197078e-09
195.6706706706707	0.27070344449685757	21351.774210248775	1.0666795908414157e-09
195.94594594594597	0.270921539083811	21323.77237988687	1.0694897500683757e-09
196.22122122122124	0.2711316003395609	21295.807272814494	1.0723071349973844e-09
196.4964964964965	0.27133304098713545	21267.878840869944	1.0751317366598322e-09
196.77177177177177	0.27153671824833003	21239.98703595467	1.0779636521298588e-09
197.04704704704704	0.27179939386209073	21212.131810033345	1.0808034676353448e-09
197.32232232232232	0.2721198584712852	21184.31311513362	1.0836515913541637e-09
197.5975975975976	0.2723307851315448	21156.530903345734	1.0865068026739902e-09
197.87287287287288	0.27241049964251246	21128.7851268227	1.0893680515393491e-09
198.14814814814815	0.27257485709100965	21101.075737780742	1.0922365635296437e-09
198.42342342342343	0.27281456657212466	21073.402688498703	1.095113122302879e-09
198.6986986986987	0.27292953360330435	21045.76593131764	1.0979964617525938e-09
198.97397397397398	0.2730085093075516	21018.165418641278	1.100886506528675e-09
199.24924924924926	0.2732492191401945	20990.60110293616	1.1037850179049876e-09
199.52452452452454	0.2735527519134121	20963.07293673098	1.1066923349209395e-09
199.7997997997998	0.2737903563488263	20935.580872616425	1.1096075205172226e-09
200.0750750750751	0.27404396950727966	20908.124863245524	1.1125306761523866e-09
200.35035035035037	0.27434161523072714	20880.704861333463	1.1154621375410282e-09
200.62562562562564	0.2745455590841481	20853.320819657158	1.1184008759097722e-09
200.90090090090092	0.2746848410224373	20825.972691055496	1.121346443398099e-09
201.17617617617617	0.2749733984058604	20798.660428429703	1.1243005118091918e-09
201.45145145145145	0.2753470512555855	20771.383984742606	1.1272636653265138e-09
201.72672672672672	0.27557889372052913	20744.143313018267	1.1302342130565573e-09
202.002002002002	0.27569510067629655	20716.938366342394	1.133211219511685e-09
202.27727727727728	0.27580401603971855	20689.769097862452	1.1361950434529566e-09
202.55255255255256	0.2759140194130658	20662.63546078739	1.1391860193745612e-09
202.82782782782783	0.2760088608785855	20635.537408387463	1.142184234899603e-09
203.1031031031031	0.276072486488817	20608.474893994196	1.1451896061682403e-09
203.3783783783784	0.2761068485441196	20581.447871000306	1.1482020976880015e-09
203.65365365365366	0.2761394914129073	20554.456292859715	1.151221948740434e-09
203.92892892892894	0.27620936234868704	20527.50011308746	1.1542496999722205e-09
204.20420420420422	0.27635366840303843	20500.57928525961	1.1572860888173344e-09
204.4794794794795	0.2765208966133806	20473.693763013056	1.1603311513185877e-09
204.75475475475477	0.27663475184557923	20446.84350004527	1.1633841951510084e-09
205.03003003003005	0.2767290019362569	20420.028450114572	1.1664450630116026e-09
205.30530530530532	0.2768380204538423	20393.248567039976	1.169513978730989e-09
205.5805805805806	0.2768990031888631	20366.50380470093	1.1725905048294824e-09
205.85585585585588	0.2769066002081594	20339.794117037356	1.175674289056427e-09
206.13113113113113	0.27698180135197226	20313.11945804986	1.1787662519123267e-09
206.4064064064064	0.2771688979546222	20286.47978179944	1.1818674714681133e-09
206.68168168168168	0.27741789204812833	20259.875042407286	1.1849782284610375e-09
206.95695695695696	0.277686149978177	20233.305194054625	1.188098315302688e-09
207.23223223223223	0.2779458212569771	20206.77019098273	1.1912273246878744e-09
207.5075075075075	0.2782136941648112	20180.269987492928	1.1943651419388662e-09
207.7827827827828	0.2785065233564934	20153.804537946497	1.1975118567603212e-09
208.05805805805807	0.278776216376651	20127.373796764474	1.200667070804318e-09
208.33333333333334	0.2789989875900186	20100.977718427624	1.2038302810105967e-09
208.60860860860862	0.2792348215328736	20074.616257476548	1.2070017284163056e-09
208.8838838838839	0.27950317055895235	20048.289368511494	1.210181777937383e-09
209.15915915915917	0.279756961000837	20021.997006192163	1.2133702298547745e-09
209.43443443443445	0.2799694767204763	19995.73912523765	1.2165666896396475e-09
209.70970970970973	0.2801286579861074	19969.515680426415	1.2197707702592801e-09
209.984984984985	0.2801751052028194	19943.32662659607	1.222981623086995e-09
210.26026026026028	0.28008137018783963	19917.171918643402	1.2261983897947738e-09
210.53553553553556	0.2800827213391399	19891.0515115249	1.2294227998595716e-09
210.8108108108108	0.28031627349881444	19864.965360256432	1.2326574242830064e-09
211.08608608608608	0.2804438315436289	19838.913419912093	1.2359007065066799e-09
211.36136136136136	0.28033356327738157	19812.895645624598	1.2391502554787413e-09
211.63663663663664	0.2803117100462478	19786.91199258624	1.2424076613849683e-09
211.91191191191191	0.28045022734042835	19760.96241604825	1.2456747591141152e-09
212.1871871871872	0.2805421046528342	19735.046871320083	1.2489507616869546e-09
212.46246246246247	0.2806081886374239	19709.165313769838	1.2522353371707618e-09
212.73773773773775	0.2807910174722261	19683.317698824492	1.2555296970920009e-09
213.01301301301302	0.2810633843964963	19657.503981969418	1.2588344200063318e-09
213.2882882882883	0.2813297268526566	19631.724118748138	1.2621489512767505e-09
213.56356356356358	0.28148119485077927	19605.978064762217	1.26547180998405e-09
213.83883883883885	0.281519538741642	19580.26577567147	1.268801989762129e-09
214.11411411411413	0.28167306121987173	19554.58720719438	1.2721411177873288e-09
214.3893893893894	0.2819823536923202	19528.942315107626	1.2754907474989495e-09
214.66466466466468	0.28223289014288133	19503.331055245366	1.278849777503293e-09
214.93993993993996	0.2824217956523073	19477.753383499665	1.2822174204398291e-09
215.21521521521524	0.28269704304075294	19452.209255820824	1.2855946524132386e-09
215.4904904904905	0.28300706806713144	19426.69862821675	1.2889816298969604e-09
215.76576576576576	0.2832346554600111	19401.221456752774	1.2923772644044318e-09
216.04104104104104	0.2833978034277256	19375.77769755191	1.295780992963838e-09
216.31631631631632	0.2835362398720314	19350.367306794782	1.2991928410822787e-09
216.5915915915916	0.28364854296855	19324.990240719515	1.3026128179220343e-09
216.86686686686687	0.2837206746141311	19299.646455621558	1.3060407904700425e-09
217.14214214214215	0.28373424498232797	19274.335907853652	1.3094764811147495e-09
217.41741741741743	0.28377894486706956	19249.05855382599	1.3129206349235649e-09
217.6926926926927	0.2840178791435969	19223.814350006345	1.3163754759287666e-09
217.96796796796798	0.2842990298559697	19198.603252919213	1.3198409693229587e-09
218.24324324324326	0.284362986386909	19173.42521914545	1.3233143853306396e-09
218.51851851851853	0.28440841690107466	19148.280205323357	1.3267959200068646e-09
218.7937937937938	0.2846671173663878	19123.168168148688	1.3302881511957895e-09
219.0690690690691	0.2849486962332594	19098.089064373504	1.3337908706488985e-09
219.34434434434436	0.28511623263923375	19073.042850806247	1.3373024986380956e-09
219.61961961961964	0.2853006348242153	19048.02948431234	1.3408233316351163e-09
219.89489489489492	0.2855578938578111	19023.048921813905	1.3443541751533524e-09
220.17017017017017	0.2858195922271006	18998.101120289404	1.3478948694029915e-09
220.44544544544544	0.2860284830295802	18973.186036773568	1.3514447038233397e-09
220.72072072072072	0.2861524107311246	18948.3036283574	1.3550028522536621e-09
220.995995995996	0.28624429796140066	18923.453852188297	1.35856931391406e-09
221.27127127127127	0.2863865968635833	18898.636665470083	1.3621449752355586e-09
221.54654654654655	0.28662719228306677	18873.85202546282	1.3657309692300218e-09
221.82182182182183	0.28694366698949375	18849.099889482583	1.36932784745255e-09
222.0970970970971	0.2871676253805435	18824.380214900975	1.372934191102932e-09
222.37237237237238	0.2872762802438316	18799.692959145465	1.376548782961957e-09
222.64764764764766	0.28748363074089817	18775.03807969989	1.3801730958790962e-09
222.92292292292294	0.2878221801008982	18750.415534103955	1.3838085056332294e-09
223.1981981981982	0.28814611277344543	18725.825279952653	1.3874543932038803e-09
223.4734734734735	0.288348693613412	18701.26727489632	1.3911091840036886e-09
223.74874874874877	0.2883916471849538	18676.74147664074	1.3947713845080414e-09
224.02402402402404	0.28846635983406543	18652.24784294765	1.3984420507937747e-09
224.29929929929932	0.2887223107683223	18627.786331634583	1.402123545915534e-09
224.5745745745746	0.2889457162219123	18603.356900573828	1.4058151747242158e-09
224.84984984984985	0.28901087002881043	18578.95950769261	1.4095150918328089e-09
225.12512512512512	0.2890789132623172	18554.594110973736	1.4132237972366367e-09
225.4004004004004	0.28924603686589084	18530.26066845538	1.4169426983915445e-09
225.67567567567568	0.28949567325262776	18505.959138230715	1.4206725915841826e-09
225.95095095095095	0.2897455903721206	18481.689478447646	1.4244131282262935e-09
226.22622622622623	0.2898881344555188	18457.451647308684	1.428162888340303e-09
226.5015015015015	0.2899269321372575	18433.245603071162	1.4319209418900481e-09
226.77677677677679	0.28992231970561205	18409.071304047327	1.4356873231073769e-09
227.05205205205206	0.28997180559050734	18384.92870860435	1.4394631445642902e-09
227.32732732732734	0.29013808483808506	18360.817775164174	1.4432498784309896e-09
227.60260260260262	0.2903828060781272	18336.73846220318	1.4470481200404104e-09
227.8778778778779	0.2906573483616191	18312.690728252066	1.4508577454013934e-09
228.15315315315317	0.2909185452422893	18288.674531895813	1.4546781952210805e-09
228.42842842842845	0.2911238161198197	18264.6898317736	1.4585086161790588e-09
228.70370370370372	0.29124076089811834	18240.73658657875	1.462348065820706e-09
228.978978978979	0.29132720336191364	18216.81475505892	1.466196555078988e-09
229.25425425425428	0.29146137244957127	18192.92429601609	1.470054981490267e-09
229.52952952952953	0.2915843581817298	18169.065168306093	1.473923303232395e-09
229.8048048048048	0.2916403228697963	18145.23733083858	1.477800866361062e-09
230.08008008008008	0.2917072060035042	18121.440742577313	1.481688114023199e-09
230.35535535535536	0.29181870819441663	18097.675362539958	1.4855857420626694e-09
230.63063063063063	0.29189503925913024	18073.94114979771	1.4894933264689588e-09
230.9059059059059	0.29199135581434865	18050.238063475594	1.4934112149387854e-09
231.1811811811812	0.29229556091684317	18026.566062752772	1.497341809384574e-09
231.45645645645646	0.2927130972268178	18002.92510686169	1.501285683810806e-09
231.73173173173174	0.29300323754125834	17979.315155087563	1.5052404733175548e-09
232.00700700700702	0.2932150753196454	17955.73616676916	1.5092051320611135e-09
232.2822822822823	0.2934673898738312	17932.1881012989	1.5131803225824849e-09
232.55755755755757	0.2937050271816345	17908.6709181223	1.5171658698213594e-09
232.83283283283285	0.2938727417197401	17885.18457673792	1.5211610229244798e-09
233.10810810810813	0.29400319743757	17861.729036697514	1.5251656545382332e-09
233.3833833833834	0.2941497329604194	17838.30425760605	1.5291803047310992e-09
233.65865865865868	0.2943709217905436	17814.910199121638	1.533206033275963e-09
233.93393393393396	0.29461285525843045	17791.546820955133	1.5372429459523735e-09
234.2092092092092	0.29475429479088594	17768.214082869894	1.541289707816508e-09
234.48448448448448	0.29488585394170674	17744.9119446823	1.5453464746993301e-09
234.75975975975976	0.29515064417478026	17721.64036626185	1.5494150400889184e-09
235.03503503503504	0.29543212450707074	17698.399307530337	1.553495270611818e-09
235.3103103103103	0.2956183497635791	17675.1887284618	1.5575857672546845e-09
235.5855855855856	0.29582026254198895	17652.008589083067	1.5616868912858715e-09
235.86086086086087	0.2960925642827925	17628.85884947358	1.5657995444857735e-09
236.13613613613614	0.29633648783563027	17605.73946976484	1.569923183419258e-09
236.41141141141142	0.29648280106171393	17582.650410140428	1.5740566258792107e-09
236.6866866866867	0.2965180832454766	17559.591630836097	1.5781989135693843e-09
236.96196196196198	0.29655542818221337	17536.563092140088	1.5823507442006533e-09
237.23723723723725	0.2967425044600844	17513.564754393174	1.5865143622094347e-09
237.51251251251253	0.29696465386983595	17490.596577987777	1.5906899395199515e-09
237.7877877877878	0.2970662566056602	17467.658523367827	1.594875740308236e-09
238.06306306306308	0.2970943495886326	17444.75055102925	1.5990711529110908e-09
238.33833833833836	0.2971271469196097	17421.87262152003	1.6032767073775476e-09
238.61361361361364	0.29721440912584607	17399.024695440035	1.6074933728328369e-09
238.88888888888889	0.2973468462064546	17376.20673344077	1.6117217077296875e-09
239.16416416416416	0.2974479057429768	17353.41869622513	1.615961176290753e-09
239.43943943943944	0.29747849050414504	17330.66054454742	1.6202109477777216e-09
239.71471471471472	0.2974398865653696	17307.932239213424	1.6244704786412197e-09
239.98998998999	0.29739586362657344	17285.23374108052	1.6287401819017036e-09
240.26526526526527	0.2974322980279745	17262.565011057675	1.6330213967254213e-09
240.54054054054055	0.2976034252989843	17239.926010105308	1.6373157123415612e-09
240.81581581581582	0.29789118390372543	17217.31669923498	1.6416240039529568e-09
241.0910910910911	0.2981155695652625	17194.737039508826	1.6459446653352784e-09
241.36636636636638	0.29822255890568483	17172.186992039875	1.6502759466979754e-09
241.64164164164166	0.2983881117061283	17149.666517992722	1.6546188395869985e-09
241.91691691691693	0.29864629129296344	17127.17557858299	1.658974450972245e-09
242.1921921921922	0.29888227727083416	17104.714135076796	1.663342120995701e-09
242.4674674674675	0.29905360745918996	17082.282148790953	1.6677208833626194e-09
242.74274274274276	0.29916427959788316	17059.87958109299	1.6721101398070735e-09
243.01801801801804	0.29921776609202155	17037.506393401127	1.6765095348386937e-09
243.29329329329332	0.299250601006011	17015.162547184296	1.6809192906675145e-09
243.56856856856857	0.2994082910149606	16992.848003962426	1.6853413898095877e-09
243.84384384384384	0.29972158075563027	16970.562725305994	1.6897775781022582e-09
244.11911911911912	0.2999609124575725	16948.306672835166	1.6942261668273065e-09
244.3943943943944	0.30009695795058017	16926.079808220347	1.6986856496261924e-09
244.66966966966967	0.3003537934686672	16903.88209318293	1.703157842104266e-09
244.94494494494495	0.3006623671484609	16881.71348949428	1.7076431144771454e-09
245.22022022022023	0.3007766175591837	16859.57395897512	1.7121386110981034e-09
245.4954954954955	0.30082210391854186	16837.463463496642	1.7166439963719844e-09
245.77077077077078	0.30102105985115407	16815.381964980752	1.721161877093615e-09
246.04604604604606	0.30129299911779733	16793.329425399043	1.725693007066373e-09
246.32132132132134	0.3015127388120498	16771.305806772587	1.7302363105618156e-09
246.5965965965966	0.3016421552830678	16749.31107117213	1.734790580924517e-09
246.8718718718719	0.3017273948482788	16727.345180718305	1.7393556004624497e-09
247.14714714714717	0.3019116670711264	16705.4080975819	1.7439330695411776e-09
247.42242242242244	0.30217871502200633	16683.499783983265	1.748523942312486e-09
247.69769769769772	0.30237756324736137	16661.620202191796	1.7531269304176523e-09
247.972972972973	0.3025336743648615	16639.76931452647	1.7577415005866303e-09
248.24824824824825	0.3027499843710194	16617.947083356015	1.7623686336659142e-09
248.52352352352352	0.3029972434618857	16596.1534710984	1.7670086252389392e-09
248.7987987987988	0.30320749127734375	16574.38844022068	1.7716608037461673e-09
249.07407407407408	0.3033318245822663	16552.651953238958	1.7763240889278643e-09
249.34934934934935	0.3033984521467687	16530.943972718596	1.7809981266548476e-09
249.62462462462463	0.30356530050407327	16509.264461274575	1.7856847489308486e-09
249.8998998998999	0.3038341033249181	16487.61338157092	1.7903852285903766e-09
250.17517517517518	0.30402562101874947	16465.990696320012	1.7950980876953947e-09
250.45045045045046	0.30410967451374094	16444.39636828304	1.7998219413074086e-09
250.72572572572574	0.3041672891438099	16422.83036027029	1.8045569287123288e-09
251.00100100100101	0.30427967448738347	16401.29263514111	1.8093042241686664e-09
251.2762762762763	0.30448351021366865	16379.783155803687	1.8140651170061332e-09
251.55155155155157	0.3046431051285401	16358.301885214376	1.8188386925830547e-09
251.82682682682685	0.3046535303460194	16336.848786377765	1.8236229503364554e-09
252.10210210210212	0.3045802929406648	16315.423822347184	1.8284174173702122e-09
252.3773773773774	0.30453930637681953	16294.026956224814	1.833223326044608e-09
252.65265265265268	0.30467293266995027	16272.65815116171	1.8380434227072787e-09
252.92792792792793	0.30493381634998207	16251.317370357106	1.8428789430633236e-09
253.2032032032032	0.3051343282903996	16230.004577057847	1.8477282157983513e-09
253.47847847847848	0.3053228167305757	16208.719734559152	1.8525907757743946e-09
253.75375375375376	0.305623336002277	16187.462806204803	1.8574679942563465e-09
254.02902902902903	0.3058942667991764	16166.233755386176	1.8623588955305608e-09
254.3043043043043	0.30600092145040364	16145.032545542177	1.8672610106191366e-09
254.5795795795796	0.3060741378914753	16123.859140160119	1.8721744585758164e-09
254.85485485485486	0.30619879029177755	16102.713502775492	1.8771004817051734e-09
255.13013013013014	0.30629854588211214	16081.595596971358	1.8820388882964758e-09
255.40540540540542	0.3063772471666456	16060.505386378529	1.886989611659934e-09
255.6806806806807	0.3065274949166392	16039.442834675867	1.891953883664015e-09
255.95595595595597	0.3066642066028853	16018.407905589555	1.8969313803419386e-09
256.2312312312313	0.3066374115241785	15997.400562892815	1.901919834192905e-09
256.5065065065065	0.3066617156149049	15976.420770407138	1.906920679246092e-09
256.7817817817818	0.3069694022431301	15955.468492002308	1.911938098816337e-09
257.0570570570571	0.30731272688650835	15934.543691594616	1.916971501122485e-09
257.3323323323324	0.307474457285535	15913.646333146868	1.9220174925285717e-09
257.60760760760763	0.30754653092659595	15892.776380669498	1.9270750762798854e-09
257.8828828828829	0.30755946540430334	15871.93379822021	1.932144014638245e-09
258.15815815815813	0.30742036939315237	15851.118549903538	1.9372228592490238e-09
258.43343343343344	0.30724447593517396	15830.330599871473	1.9423122479089833e-09
258.70870870870874	0.30728944282495213	15809.569912323992	1.947416227291552e-09
258.983983983984	0.3075078397816407	15788.836451507852	1.952536873352139e-09
259.25925925925924	0.30772648535364294	15768.13018171606	1.9576731624526086e-09
259.53453453453454	0.3079164209380734	15747.451067288337	1.962824011661967e-09
259.80980980980985	0.30808256995610206	15726.799072611217	1.967988775270457e-09
260.0850850850851	0.30820473002961124	15706.174162117848	1.973166744870748e-09
260.36036036036035	0.30831228606452427	15685.576300288129	1.9783578725974447e-09
260.63563563563565	0.3085184313984815	15665.005451648965	1.9835637486708e-09
260.91091091091096	0.30881302746502876	15644.461580773761	1.9887853108592782e-09
261.1861861861862	0.30906334262859986	15623.944652281882	1.9940213069232864e-09
261.46146146146145	0.3092613097503406	15603.454630839058	1.9992707933447675e-09
261.73673673673676	0.3094640730703388	15582.99148115758	2.004533967848174e-09
262.01201201201206	0.30962635297318003	15562.555167995848	2.0098103245058438e-09
262.2872872872873	0.3097067868058099	15542.145656158322	2.015098939546201e-09
262.56256256256256	0.3098147699349217	15521.762910496022	2.0204007803073716e-09
262.8378378378378	0.3100153193511522	15501.40689590633	2.0257174465855477e-09
263.1131131131131	0.3102151456666437	15481.0775773323	2.031048674086318e-09
263.3883883883884	0.310377155805667	15460.774919762838	2.036393760334322e-09
263.66366366366367	0.31055524204245644	15440.49888823296	2.0417530298510884e-09
263.9389389389389	0.31073255425504387	15420.24944782347	2.0471264671448173e-09
264.2142142142142	0.31084328169437253	15400.026563660715	2.05251311362468e-09
264.48948948948953	0.31090790730319634	15379.83020091687	2.0579126372215518e-09
264.7647647647648	0.31098951528460095	15359.660324810015	2.0633257500594144e-09
265.04004004004	0.3111546346986286	15339.516900604116	2.0687539180906814e-09
265.31531531531533	0.31141420445524404	15319.39989360872	2.074198298436773e-09
265.59059059059064	0.311633073540773	15299.309269178377	2.079657687792743e-09
265.8658658658659	0.3117209740158944	15279.244992712702	2.0851299601483334e-09
266.14114114114113	0.3116989874046569	15259.20702965676	2.090614014454273e-09
266.41641641641644	0.3116820516482756	15239.19534550139	2.0961108265584566e-09
266.69169169169174	0.31184124256151957	15219.209905783368	2.101623604834739e-09
266.966966966967	0.31208358247523055	15199.250676084308	2.1071531268226866e-09
267.24224224224224	0.3122014743756137	15179.317622030137	2.11269682698137e-09
267.5175175175175	0.31224215432744634	15159.410709292048	2.1182537079514814e-09
267.7927927927928	0.3123095381026858	15139.529903586656	2.1238246720303087e-09
268.0680680680681	0.31239232650901494	15119.675170675524	2.1294101647280443e-09
268.34334334334335	0.3125050456916959	15099.846476365161	2.1350107157990242e-09
268.6186186186186	0.31275443767463046	15080.04378650734	2.140628306326846e-09
268.8938938938939	0.313093115494526	15060.267066998436	2.1462635598213324e-09
269.1691691691692	0.3132942993645298	15040.516283778656	2.1519134697841305e-09
269.44444444444446	0.3133843036169059	15020.791402832969	2.1575764409380606e-09
269.7197197197197	0.3135574014227463	15001.092390191734	2.163254375992913e-09
269.994994994995	0.3138028308582037	14981.419211929819	2.1689483944149087e-09
270.2702702702703	0.31401252585013756	14961.771834166148	2.1746576065445662e-09
270.54554554554556	0.31406620988795947	14942.150223063589	2.1803795904827772e-09
270.8208208208208	0.3139460958458028	14922.554344829312	2.1861124656601416e-09
271.0960960960961	0.31389183710931107	14902.984165715776	2.1918586665858546e-09
271.3713713713714	0.3140483363511479	14883.43965202031	2.197622063934336e-09
271.6466466466467	0.3143570864566061	14863.920770084194	2.203404356128008e-09
271.9219219219219	0.31465913531291284	14844.42748629222	2.2092042333875695e-09
272.19719719719717	0.31474764932880517	14824.959767072389	2.2150176292132276e-09
272.4724724724725	0.31470061039551017	14805.517578897052	2.220843055046057e-09
272.7477477477478	0.3147243720090936	14786.10088828339	2.2266827407660385e-09
273.02302302302303	0.31484322503488205	14766.709661792607	2.232538564810493e-09
273.2982982982983	0.3150081431807529	14747.34386602955	2.2384110277579528e-09
273.5735735735736	0.3151350219926684	14728.003467642515	2.244299159397515e-09
273.8488488488489	0.31519478818260194	14708.688433323412	2.250201869538603e-09
274.12412412412414	0.3152709044126594	14689.39872980819	2.25611975881302e-09
274.3993993993994	0.31539376019763005	14670.134323876551	2.2620537208098674e-09
274.6746746746747	0.3155213717039772	14650.89518235158	2.2680037011176488e-09
274.94994994995	0.3156352149695702	14631.681272099808	2.2739693840456927e-09
275.22522522522524	0.31573264519015926	14612.492560031209	2.279950531067613e-09
275.5005005005005	0.3157874142516382	14593.329013099023	2.2859465782189896e-09
275.7757757757758	0.31578675147896185	14574.190598299785	2.2919569577118444e-09
276.0510510510511	0.31581190955610544	14555.077282673665	2.297982603172429e-09
276.32632632632635	0.31591053623945436	14535.98903330427	2.304024914618824e-09
276.6016016016016	0.3159990338724243	14516.925817318008	2.310083495359828e-09
276.87687687687685	0.31603846689119097	14497.887601884233	2.316157467774209e-09
277.15215215215215	0.31607719822237235	14478.874354215557	2.3222470420450113e-09
277.42742742742746	0.3161314585448357	14459.886041567683	2.328352634558443e-09
277.7027027027027	0.3161904721634271	14440.922631239202	2.3344743617698146e-09
277.97797797797796	0.3163048776268913	14421.984090571817	2.3406131404573893e-09
278.25325325325326	0.3165236916508891	14403.070386950261	2.3467703975489496e-09
278.52852852852857	0.3167178984893667	14384.181487801503	2.3529449907294443e-09
278.8038038038038	0.3167685507891395	14365.31736059469	2.3591342264030758e-09
279.07907907907907	0.31675238091637864	14346.477972841969	2.3653375841799934e-09
279.35435435435437	0.31675269799079586	14327.66329209846	2.3715560991683977e-09
279.6296296296297	0.3168006419504835	14308.87328596199	2.3777909861854843e-09
279.9049049049049	0.3169004320775003	14290.107922072888	2.3840431382859394e-09
280.1801801801802	0.31703325503273044	14271.367168113824	2.3903128541447496e-09
280.4554554554555	0.3171840217965604	14252.650991809816	2.396600098395641e-09
280.7307307307308	0.3173460659744291	14233.95936092817	2.4029047529722398e-09
281.00600600600603	0.31754660114121064	14215.292243278585	2.4092272099161344e-09
281.2812812812813	0.3177993143226992	14196.649606713043	2.4155679753282947e-09
281.5565565565566	0.31801664816100045	14178.031419125276	2.4219259350159674e-09
281.83183183183183	0.3181630912548683	14159.437648450994	2.4282997684990113e-09
282.10710710710714	0.31836598525592436	14140.868262668519	2.4346907552164626e-09
282.3823823823824	0.3186164421323594	14122.323229798125	2.441099609846228e-09
282.6576576576577	0.31871087939271975	14103.802517901098	2.44752338509818e-09
282.93293293293294	0.3187158937752363	14085.306095080914	2.453961264399063e-09
283.20820820820825	0.3188871410075531	14066.833929484052	2.460417051476925e-09
283.4834834834835	0.31909042935205406	14048.385989298165	2.466891006089006e-09
283.75875875875874	0.31907589268727854	14029.962242751462	2.4733790620785667e-09
284.03403403403405	0.31899997525632606	14011.562658114532	2.479881201416201e-09
284.3093093093093	0.3190742144323931	13993.187203700576	2.486401040627297e-09
284.5845845845846	0.3193232637752009	13974.835847864451	2.492941419578165e-09
284.85985985985985	0.3196474135326758	13956.508559002083	2.4995025288939725e-09
285.13513513513516	0.31980513787680703	13938.205305549704	2.5060803556196775e-09
285.4104104104104	0.3198245915329785	13919.926055985057	2.5126727413655304e-09
285.6856856856857	0.3199971930188097	13901.670778828608	2.5192833060335735e-09
285.96096096096096	0.3203140713280234	13883.439442642079	2.525914310767152e-09
286.23623623623627	0.32059487116112023	13865.23201602755	2.5325641412493724e-09
286.5115115115115	0.32081944114441047	13847.048467628207	2.539231396163815e-09
286.7867867867868	0.3209995815350257	13828.888766128386	2.545915369862131e-09
287.06206206206207	0.3210417331395248	13810.752880253078	2.552613977303039e-09
287.3373373373374	0.3209486505029296	13792.640778768262	2.559325897275191e-09
287.6126126126126	0.320966876994253	13774.552430482085	2.566054584236478e-09
287.8878878878879	0.3211872944103377	13756.487804244038	2.5728039364596515e-09
288.1631631631632	0.3214664775971311	13738.446868943778	2.579574028468618e-09
288.4384384384384	0.32168352861350746	13720.429593511191	2.5863627961536066e-09
288.71371371371373	0.3217680584544106	13702.435946916545	2.5931676478203982e-09
288.988988988989	0.32181689393184026	13684.465898171291	2.599988599107305e-09
289.2642642642643	0.32196785519495136	13666.519416328183	2.606828120439181e-09
289.53953953953953	0.32218483346461296	13648.596470480386	2.6136872191389413e-09
289.81481481481484	0.32240150001288975	13630.697029761279	2.6205653966067736e-09
290.0900900900901	0.32260164882226294	13612.821063344652	2.627462051796458e-09
290.3653653653654	0.3228096716696846	13594.968540444823	2.634377241369816e-09
290.64064064064064	0.3230958134023478	13577.139430316858	2.64131227917571e-09
290.91591591591595	0.3234152552668923	13559.333702255899	2.6482672449221706e-09
291.1911911911912	0.3236250040742571	13541.551325596674	2.655239636739035e-09
291.4664664664665	0.3237671748581932	13523.792269714311	2.6622285805863285e-09
291.74174174174175	0.3239695467454021	13506.056504024746	2.6692358219038883e-09
292.01701701701705	0.3241993480636989	13488.34399798387	2.6762619341164487e-09
292.2922922922923	0.32437990331867766	13470.654721087236	2.683305922433505e-09
292.5675675675676	0.3244820399606275	13452.988642870263	2.6903666177909194e-09
292.84284284284286	0.3245205059260414	13435.345732908398	2.6974435321235215e-09
293.1181181181181	0.32457619583869823	13417.725960817386	2.7045378313208618e-09
293.3933933933934	0.3247077788711243	13400.129296253126	2.711651370204175e-09
293.66866866866866	0.32493042242380504	13382.555708911405	2.7187856663869357e-09
293.94394394394396	0.32515268276432796	13365.005168527257	2.725940060760971e-09
294.2192192192192	0.3252319533886462	13347.477644874716	2.7331115156753732e-09
294.4944944944945	0.3252226886308757	13329.973107767704	2.7402990493982706e-09
294.76976976976977	0.3252555943698729	13312.49152706041	2.747504441577451e-09
295.0450450450451	0.32540302413875727	13295.032872646942	2.7547302187379976e-09
295.3203203203203	0.3256793400284575	13277.597114460965	2.7619783304035304e-09
295.5955955955956	0.32599483957440634	13260.184222475107	2.769248412985583e-09
295.8708708708709	0.32628795166980246	13242.794166701071	2.776539101294386e-09
296.1461461461462	0.3265613734915434	13225.426917189892	2.7838495679271925e-09
296.4214214214214	0.32679261911733937	13208.082444031776	2.7911788675812048e-09
296.69669669669673	0.3269412993504011	13190.760717355926	2.798525640717391e-09
296.971971971972	0.3270669706970909	13173.461707331047	2.8058901270894505e-09
297.2472472472473	0.3272458779552549	13156.185384165348	2.8132739319854544e-09
297.52252252252254	0.3273341631088109	13138.93171810537	2.8206754170190587e-09
297.7977977977978	0.3272319415868203	13121.700679436137	2.828091635420181e-09
298.0730730730731	0.32720943178733086	13104.492238483059	2.8355257717425197e-09
298.34834834834834	0.32741863259316706	13087.306365611297	2.8429828153540844e-09
298.62362362362364	0.32766057433746515	13070.143031223806	2.8504622841505437e-09
298.8988988988989	0.32782886908016406	13053.002205761812	2.857961857541904e-09
299.1741741741742	0.32796587203380995	13035.883859705515	2.8654808403876585e-09
299.44944944944945	0.3281052918273544	13018.787963574008	2.873019438959263e-09
299.72472472472475	0.32826894676319973	13001.714487925166	2.880578224428333e-09
300.0	0.3284784053156146	12984.663403355607	2.8881580041522534e-09
