0.004263940291631168	8.750459967510228	7753.866459001253	5.865740961245343	0.004685187801387069
25.0	0.0412890365448505	33212.0	10.0
25.275275275275277	0.0420147151141508	34035.65118183632	9.344091693961465
25.55055055055055	0.04273818658407831	34814.8752698472	8.721011257454977
25.825825825825827	0.04347726180497063	35551.03391228491	8.129771224168676
26.1011011011011	0.04424727117361068	36245.73368814968	7.569197393046684
26.376376376376378	0.04504113336170084	36900.40257008709	7.038249207846924
26.65165165165165	0.04582160657212981	37515.91670224961	6.536302461469266
26.926926926926928	0.04657054809556185	38093.04035810804	6.062816783395365
27.2022022022022	0.04728912711982415	38632.72562268459	5.617108887302004
27.47747747747748	0.04798381153758371	39136.13806819415	5.198332950655608
27.75275275275275	0.048671336300798736	39604.70932803235	4.8054406070719615
28.02802802802803	0.04940815693264189	40040.426934182964	4.436961277683656
28.303303303303302	0.050228907420806324	40445.425430791154	4.091311157162059
28.57857857857858	0.05106643501845386	40821.066240011336	3.7674896163087768
28.853853853853856	0.05184899223390877	41168.15279743958	3.4649170979446553
29.12912912912913	0.05253300764065408	41487.33830405699	3.183126991027443
29.404404404404403	0.05316367428759748	41779.770625905956	2.9212775843365697
29.67967967967968	0.053868218352819706	42047.39798824813	2.6779201707373366
29.954954954954957	0.05463869430293913	42291.93160256051	2.451783563469774
30.23023023023023	0.055390444038233386	42514.52124263324	2.242019917776873
30.505505505505504	0.056148568689490835	42716.42995502319	2.0476945191832634
30.78078078078078	0.05695582028319217	42899.046879260895	1.8677759677053507
31.056056056056057	0.05775197469416766	43063.436801992444	1.7014770450669978
31.33133133133133	0.05850399379893624	43210.54005036266	1.5481037107767337
31.606606606606608	0.05928995849441237	43341.55032861729	1.406769198617583
31.88188188188188	0.06009134685006672	43457.53031354057	1.2766847660287244
32.15715715715716	0.06075145965352661	43559.10100028665	1.1573949895571332
32.432432432432435	0.0613055933133955	43647.05634041135	1.048312910631139
32.70770770770771	0.0619402392576721	43722.60206481915	0.9485390756700051
32.98298298298298	0.0627003820639159	43786.89681327783	0.8572085022529401
33.25825825825826	0.06354298825891407	43840.88343187996	0.7736184347272508
33.533533533533536	0.06435963661885855	43885.24802032953	0.6972595549520035
33.808808808808806	0.0650671339569234	43920.546982035776	0.6277200567575502
34.08408408408408	0.06570706903242914	43947.409782892515	0.5645322819194193
34.35935935935936	0.06634684536699896	43966.5280140559	0.5071809282763455
34.63463463463464	0.06705706901467419	43978.61481057871	0.45513370942578335
34.90990990990991	0.06781481888288965	43984.29011416867	0.4079281907685541
35.18518518518518	0.06851041479657634	43984.032551399	0.3652083091936747
35.46046046046046	0.069145308987271	43978.30796564103	0.3266272112366088
35.73573573573574	0.06978705411812536	43967.60632108435	0.2918193288264099
36.01101101101101	0.07045946149320237	43952.39207698771	0.260437922864163
36.286286286286284	0.07115123277336596	43933.08226334301	0.23217170506266752
36.56156156156156	0.07178781550592804	43910.02560999408	0.20676068375147175
36.83683683683684	0.07235985472160614	43883.54923759106	0.1839608850642257
37.112112112112115	0.07301936337595134	43854.01588827243	0.16350104977574453
37.38738738738739	0.07377810725298972	43821.74968040424	0.14513880294133508
37.66266266266266	0.07445563884537941	43786.986974294785	0.12869788683445318
37.93793793793794	0.07505969875695417	43749.95582557946	0.11400809959848907
38.213213213213216	0.07573764279105664	43710.90341941768	0.10088453533926164
38.488488488488485	0.07648655133761442	43670.04827053731	0.08916375053579069
38.76376376376376	0.07723766925733241	43627.57311513812	0.07870917296791607
39.03903903903904	0.07796054472401902	43583.640467152734	0.06939936040230082
39.314314314314316	0.07864608926302041	43538.39921225824	0.06112302860165264
39.58958958958959	0.07931253288814075	43491.988911020766	0.05377580710166987
39.86486486486486	0.07998227302980453	43444.53931352181	0.04726061575049873
40.14014014014014	0.08067465633429384	43396.16944883934	0.04148836356538855
40.41541541541542	0.08135129887434821	43346.9831505606	0.03638134645443294
40.690690690690694	0.08193135719625812	43297.06925213173	0.03187311418651773
40.965965965965964	0.08247864488031206	43246.514299241426	0.027898861598529064
41.24124124124124	0.08311649894463462	43195.4030897841	0.024395022062220353
41.51651651651652	0.08380131433910112	43143.807588909345	0.0213076606567666
41.791791791791795	0.08445173255872492	43091.788240982336	0.018591493542957926
42.06706706706707	0.08506293444209825	43039.39969143503	0.016205567697718998
42.34234234234234	0.0856655466909408	42986.69232490031	0.014112102188551209
42.61761761761762	0.08632602231279952	42933.71294452904	0.012275978079722269
42.892892892892895	0.0870260968525376	42880.50219877737	0.010666689898876824
43.168168168168165	0.08765036762620082	42827.093682753395	0.009259031960218834
43.44344344344344	0.08823139567080877	42773.51856170674	0.008029605194669935
43.71871871871872	0.0888919785637006	42719.8066500744	0.006956002655940783
43.993993993993996	0.08956761906245066	42665.98301884556	0.006019379144806436
44.26926926926927	0.09014585968463112	42612.06858004746	0.005204013397614619
44.54454454454455	0.09067834468629554	42558.082836077	0.004495230837944109
44.81981981981982	0.09123463851346775	42504.04375278013	0.0038795010295063666
45.0950950950951	0.09181962035943178	42449.96708229627	0.0033449518241840015
45.37037037037037	0.09242667062875437	42395.86653760354	0.0028812450579282353
45.645645645645644	0.09304766947085466	42341.754091039	0.0024793336398353893
45.92092092092092	0.09369316044061694	42287.64026697098	0.002131262205028868
46.1961961961962	0.09438628651977132	42233.53434761515	0.0018300054294219585
46.471471471471475	0.09510259621592082	42179.44431469306	0.0015695134098939617
46.74674674674675	0.0957957042726833	42125.37700759836	0.0013445932012192512
47.02202202202202	0.09644937635207593	42071.33841703202	0.0011506876459673357
47.2972972972973	0.09706089949797952	42017.333824120746	0.0009837708891915018
47.572572572572575	0.09763759938096103	41963.3678901009	0.0008402811801372129
47.847847847847845	0.09819730937626103	41909.444725230154	0.0007170693114487667
48.12312312312312	0.09877325627639384	41855.56795009968	0.0006113527440938297
48.3983983983984	0.0993822453323693	41801.740707549536	0.0005207070664467196
48.673673673673676	0.10001926357813158	41747.965693286555	0.000443043283456206
48.94894894894895	0.10066543836016233	41694.24520901378	0.0003765680351908422
49.22422422422423	0.10129281124885381	41640.581218748695	0.00031974135614663813
49.4994994994995	0.10187276040766666	41586.975404060606	0.000271235187289657
49.77477477477478	0.10240059557526131	41533.42922005145	0.00022989127494967725
50.05005005005005	0.10296840230196654	41479.94396188955	0.00019467102697615435
50.32532532532532	0.10361433596406365	41426.52073847198	0.00016467560758420696
50.6006006006006	0.10419541877766786	41373.160437321196	0.00013917269960752346
50.87587587587588	0.1046773978122701	41319.86381292407	0.00011752985352593226
51.151151151151154	0.10520838151416127	41266.63155708706	9.91600420612696e-05
51.42642642642643	0.10576854607322883	41213.46422023747	8.358458735016478e-05
51.70170170170171	0.10620175559005647	41160.362244596865	7.040538793763189e-05
51.97697697697698	0.10657090251167917	41107.32601403978	5.926808079658904e-05
52.252252252252255	0.10703508430601359	41054.35586412285	4.985450700560801e-05
52.527527527527525	0.107625953950441	41001.45206523769	4.189550668185495e-05
52.8028028028028	0.10829765701649359	40948.614826008896	3.5168406427943166e-05
53.07807807807808	0.10889799698855086	40895.84429953009	2.949235298275668e-05
53.353353353353356	0.10938020474176062	40843.14060412791	2.471264754587232e-05
53.62862862862863	0.10991407897289707	40790.50383864771	2.068921230992071e-05
53.90390390390391	0.11054337137734851	40737.93407441498	1.7302687280765195e-05
54.17917917917918	0.11115871129527964	40685.4313538088	1.4455521796757759e-05
54.454454454454456	0.11175291415815583	40632.9957000039	1.2064623109009096e-05
54.729729729729726	0.11238117390789486	40580.627121110105	1.0058248519376111e-05
55.005005005005	0.11302139543409452	40528.32561008384	8.376205613033031e-06
55.28028028028028	0.1136340399757445	40476.09114717215	6.9679559374444905e-06
55.55555555555556	0.11423438999625675	40423.92370292587	5.790318958776332e-06
55.830830830830834	0.11481817430707487	40371.82323922165	4.806704832587013e-06
56.10610610610611	0.11531110269967465	40319.789709951656	3.986588816574197e-06
56.38138138138139	0.11572781866596146	40267.823063294825	3.303812996795558e-06
56.65665665665666	0.11620649695594366	40215.923243136334	2.735539929884375e-06
56.931931931931935	0.11673114208693869	40164.09018829633	2.2628143108603887e-06
57.20720720720721	0.11717953113886369	40112.323833008464	1.8701831972152843e-06
57.48248248248248	0.11768702522374973	40060.624108966804	1.544202177246815e-06
57.75775775775776	0.11843216974035459	40008.990945500256	1.2733194083717262e-06
58.033033033033036	0.11915599628206795	39957.4242685331	1.0485658961270092e-06
58.30830830830831	0.1196341249948041	39905.92400174055	8.626836082670823e-07
58.58358358358358	0.12010875285460766	39854.49006806142	7.090967538656233e-07
58.85885885885886	0.12073549124534015	39803.12238934206	5.821668516740695e-07
59.134134134134136	0.1213896119149053	39751.82088599971	4.77371839436523e-07
59.40940940940941	0.12196459206488597	39700.585477412285	3.910119801054458e-07
59.68468468468468	0.122411480432886	39649.41608222323	3.199931038087627e-07
59.95995995995996	0.12280771362713877	39598.31261860741	2.616664624430972e-07
60.23523523523524	0.12328641193839142	39547.27500482366	2.1377960444996925e-07
60.510510510510514	0.12383538352858506	39496.303161781776	1.745069856384708e-07
60.78578578578579	0.12439583754728992	39445.39700670219	1.423263783075486e-07
61.06106106106106	0.12494340776958611	39394.55645656004	1.1598481695272946e-07
61.33633633633634	0.12545910760929252	39343.78142815137	9.444805689195234e-08
61.611611611611615	0.12592076526702556	39293.07183814353	7.68621691300321e-08
61.88688688688689	0.1263693167822066	39242.427603125514	6.251506013908763e-08
62.16216216216216	0.12691541428575842	39191.84863964145	5.081090570029544e-08
62.43743743743744	0.12748932485466358	39141.33486419155	4.126986510120632e-08
62.712712712712715	0.1279104060599466	39090.88619325793	3.350839854668941e-08
62.98798798798799	0.1282864086534435	39040.50254335388	2.7201187035635818e-08
63.26326326326326	0.1288075755552402	38990.183831033726	2.2073727451674938e-08
63.53853853853854	0.12939644448086535	38939.92997288671	1.790709045429437e-08
63.813813813813816	0.12994176060503784	38889.740885552936	1.4525729174013941e-08
64.0890890890891	0.13044523394400603	38839.6164857394	1.1785051733728362e-08
64.36436436436436	0.1309170489861817	38789.556690226906	9.566105264145276e-09
64.63963963963964	0.1313535257369392	38739.56141587526	7.771496282014589e-09
64.91491491491492	0.13179568259322677	38689.63057962884	6.3211340947054424e-09
65.1901901901902	0.1323205786523998	38639.764098520405	5.149228521310073e-09
65.46546546546547	0.13290899733337377	38589.96188967286	4.202787540280426e-09
65.74074074074073	0.13348416035489472	38540.22387030222	3.4393096205331007e-09
66.01601601601601	0.13397895811699162	38490.54995772055	2.824405907546284e-09
66.29129129129129	0.13437146033243455	38440.940069338205	2.3299629546767206e-09
66.56656656656656	0.13477826065678283	38391.39412266584	1.932644026344651e-09
66.84184184184184	0.13526997023116066	38341.91203531481	1.6134432374697192e-09
67.11711711711712	0.1357702998615422	38292.493724997534	1.35723740920687e-09
67.3923923923924	0.13626686526552775	38243.13910952865	1.1518110068883398e-09
67.66766766766767	0.13683653937376367	38193.84810682587	9.871946489899045e-10
67.94294294294295	0.1374205292604461	38144.62063490997	8.55433407668681e-10
68.21821821821823	0.13788242852712063	38095.45661190518	7.501973712731844e-10
68.4934934934935	0.13830144812461492	38046.35595603991	6.662735791891637e-10
68.76876876876878	0.13880531438980825	37997.31858564671	5.993933718385326e-10
69.04404404404404	0.13930221207998678	37948.34441916225	5.46181343293344e-10
69.31931931931932	0.13972446247382997	37899.433375127286	5.03938692149236e-10
69.5945945945946	0.1402091886056768	37850.585372187095	4.704529483955174e-10
69.86986986986987	0.14074792745115866	37801.800329091195	4.439603194898549e-10
70.14514514514515	0.1410821088736267	37753.078164693114	4.230867700565492e-10
70.42042042042041	0.14128850691748968	37704.418797950726	4.067032442172025e-10
70.69569569569569	0.14173198979463014	37655.82214792631	3.9386915812671947e-10
70.97097097097097	0.14234412925627019	37607.28813378616	3.8385354149759517e-10
71.24624624624624	0.14285674821149325	37558.81667480038	3.7609287971137823e-10
71.52152152152152	0.14330504987983203	37510.407690342945	3.7013062604086193e-10
71.7967967967968	0.14378440748442833	37462.06109989174	3.655974438343235e-10
72.07207207207207	0.1442494799891894	37413.77682302826	3.6220053689199244e-10
72.34734734734735	0.14468371076978725	37365.55477943758	3.5970652030083576e-10
72.62262262262263	0.14517290875867234	37317.39488890825	3.5792818334959787e-10
72.8978978978979	0.14568619644435518	37269.29707133219	3.5671751053961624e-10
73.17317317317318	0.1460593140627126	37221.26124670432	3.5595776662636545e-10
73.44844844844846	0.1463168005720887	37173.28733512273	3.555551370080593e-10
73.72372372372374	0.14661404828525876	37125.375256788495	3.5543457925500967e-10
73.998998998999	0.14704132419662788	37077.52493200566	3.5553704344155746e-10
74.27427427427428	0.1476036452691472	37029.73628118095	3.5581630782212513e-10
74.54954954954955	0.14808080636812573	36982.00922482348	3.562355619221126e-10
74.82482482482483	0.148324129021868	36934.3436835447	3.567649615318318e-10
75.1001001001001	0.14848729373199474	36886.73957805848	3.573811134474333e-10
75.37537537537537	0.14871726406344402	36839.19682918097	3.580661255524454e-10
75.65065065065065	0.14908085716294298	36791.71535783041	3.5880631193020257e-10
75.92592592592592	0.14949104327489987	36744.29508502693	3.595906014664611e-10
76.2012012012012	0.1497569483797145	36696.93593189228	3.6040935594849e-10
76.47647647647648	0.14993596750725077	36649.637819649884	3.6125521222643863e-10
76.75175175175175	0.15020417621986443	36602.40066962487	3.6212327961080575e-10
77.02702702702703	0.15064345741645774	36555.2244032438	3.6301018742567635e-10
77.30230230230231	0.15123480711880896	36508.10894203449	3.639132233372689e-10
77.57757757757759	0.1517516011135502	36461.054207625704	3.6482903726063065e-10
77.85285285285286	0.1520875382613792	36414.06012174716	3.6575439953014007e-10
78.12812812812814	0.15241461059102449	36367.126606229554	3.666877135700294e-10
78.40340340340342	0.1527910202115297	36320.253583004385	3.6762805339713244e-10
78.67867867867868	0.1531277868248246	36273.4409741037	3.685742006643764e-10
78.95395395395396	0.1534439527990988	36226.68870166003	3.6952530903008907e-10
79.22922922922923	0.15382649027699766	36179.99668790634	3.704812059434811e-10
79.50450450450451	0.1542939953789122	36133.36485517585	3.714418623734007e-10
79.77977977977977	0.1548140162381956	36086.79312590184	3.7240707286926516e-10
80.05505505505505	0.15526879316235026	36040.28142261745	3.733760135349187e-10
80.33033033033033	0.1556211533336715	35993.829667955644	3.7434783499956395e-10
80.6056056056056	0.1560547606372402	35947.437784649264	3.753229140773403e-10
80.88088088088088	0.15659174445816074	35901.105695530736	3.763016676004628e-10
81.15615615615616	0.15700760245542145	35854.83332353173	3.7728315296674095e-10
81.43143143143143	0.15729512295366052	35808.62059168329	3.78266602518299e-10
81.70670670670671	0.157624623149009	35762.467423115755	3.7925238490019687e-10
81.98198198198199	0.15799629588239192	35716.37374105855	3.8024078745684823e-10
82.25725725725727	0.1583405094784926	35670.339468839986	3.8123164109035376e-10
82.53253253253254	0.15868766830935885	35624.36452988721	3.8222498833874913e-10
82.80780780780782	0.15907070497198336	35578.4488477261	3.8322104909818854e-10
83.0830830830831	0.15944369473935485	35532.59234598104	3.842197353151067e-10
83.35835835835836	0.15977479896377578	35486.79494837481	3.8522080133108745e-10
83.63363363363364	0.16008034237292637	35441.056578728545	3.862241519841922e-10
83.90890890890891	0.16040663433364666	35395.37716096157	3.8722997698678754e-10
84.18418418418419	0.1608155977538803	35349.756619091335	3.882387728651567e-10
84.45945945945945	0.1612457146427827	35304.19487723317	3.892505751692049e-10
84.73473473473473	0.1615804138255518	35258.69185960006	3.9026475502363523e-10
85.01001001001	0.16185735324851053	35213.24749050276	3.912810444333754e-10
85.28528528528528	0.1621519350770651	35167.86169434961	3.9229966530861037e-10
85.56056056056056	0.16245976610883453	35122.53439564636	3.933207647848906e-10
85.83583583583584	0.16276263243671474	35077.265518996064	3.9434435453390303e-10
86.11111111111111	0.16305226146028878	35032.05498909891	3.9537039853022596e-10
86.38638638638639	0.16337064929668008	34986.90273075222	3.9639910818333406e-10
86.66166166166167	0.16381116335295856	34941.808668850266	3.974311744000573e-10
86.93693693693695	0.16428404106008831	34896.77272838407	3.9846661870445815e-10
87.21221221221222	0.1645891243778426	34851.79483444115	3.9950432694694085e-10
87.4874874874875	0.16483638476000353	34806.874912205676	4.005440727504986e-10
87.76276276276278	0.16522711959252967	34762.012886958386	4.015868238742372e-10
88.03803803803804	0.16568212352077072	34717.2086840763	4.0263287146121145e-10
88.31331331331332	0.16609116718329	34672.46222903248	4.036818146293729e-10
88.58858858858859	0.16647541714929712	34627.77344739604	4.0473346938196147e-10
88.86386386386387	0.16683759841229676	34583.14226483207	4.0578771290227333e-10
89.13913913913915	0.16712198555921	34538.568607101406	4.068441385401477e-10
89.41441441441442	0.16739542207901092	34494.0524000606	4.079028177941542e-10
89.68968968968969	0.16782105939556702	34449.59356966192	4.0896473048733127e-10
89.96496496496496	0.16824341457962258	34405.19204195293	4.1002974135635226e-10
90.24024024024024	0.16839493034637312	34360.847743076265	4.1109623430407675e-10
90.51551551551552	0.16850372819562676	34316.560599269964	4.121642784543427e-10
90.7907907907908	0.16883744880335838	34272.330536867354	4.132354457146216e-10
91.06606606606607	0.1691849554028546	34228.15748229652	4.1430973202914397e-10
91.34134134134135	0.16939412547386656	34184.041362080265	4.15386272103695e-10
91.61661661661662	0.16962895699128477	34139.9821028362	4.1646534401843373e-10
91.8918918918919	0.16995494019053653	34095.979631276554	4.175475327426678e-10
92.16716716716716	0.1702765154868052	34052.03387420798	4.186327390376227e-10
92.44244244244244	0.1705699372124551	34008.1447585314	4.1972075419394245e-10
92.71771771771772	0.1708683639897161	33964.312211241995	4.208116110718403e-10
92.992992992993	0.17116859521686492	33920.53615942905	4.2190531803119297e-10
93.26826826826827	0.1714578160385444	33876.81653027577	4.2300181004790145e-10
93.54354354354355	0.17175681074245264	33833.15325105926	4.241011585099683e-10
93.81881881881883	0.17209658349282386	33789.54624915036	4.2520359621873046e-10
94.0940940940941	0.1725096366619775	33745.99545201356	4.2630948614972814e-10
94.36936936936937	0.17295322666519197	33702.50078720678	4.274188585620951e-10
94.64464464464464	0.1732793117683987	33659.062182381196	4.28530890640819e-10
94.91991991991992	0.17352241327257265	33615.67956528124	4.2964516297057314e-10
95.1951951951952	0.17387107583051392	33572.35286374468	4.307624416547683e-10
95.47047047047047	0.17426312047504025	33529.082005702156	4.318829482611118e-10
95.74574574574575	0.17453403655645439	33485.866919177104	4.3300590840339637e-10
96.02102102102103	0.1747717632902253	33442.70753228578	4.341312468535617e-10
96.2962962962963	0.1751047707148836	33399.60377323723	4.3525964610620453e-10
96.57157157157158	0.1755121852010421	33356.555570332974	4.363915002764505e-10
96.84684684684684	0.17592959114947423	33313.562851966904	4.3752673640752104e-10
97.12212212212212	0.17627000888810607	33270.625546625124	4.386648017903178e-10
97.3973973973974	0.17655528753435126	33227.7435828859	4.3980541023111533e-10
97.67267267267268	0.1769276802171453	33184.91688941971	4.4094916729904906e-10
97.94794794794795	0.17741478722971316	33142.14539498897	4.42096686135754e-10
98.22322322322323	0.1779488965405124	33099.42902844786	4.4324803617126265e-10
98.4984984984985	0.17840333292742286	33056.76771874213	4.444025415152476e-10
98.77377377377378	0.1786889908304811	33014.16139490902	4.4555918815080147e-10
99.04904904904905	0.17897000233984348	32971.60998607738	4.4671816717092133e-10
99.32432432432432	0.17939767297253212	32929.113421467584	4.4788049341703836e-10
99.5995995995996	0.17993921713221245	32886.67163039112	4.4904673517026696e-10
99.87487487487488	0.18049811635314594	32844.28454225056	4.502167602733953e-10
100.15015015015015	0.18093034817964468	32801.952086539306	4.513896433375003e-10
100.42542542542543	0.1811975952460144	32759.674192841598	4.525644801664807e-10
100.70070070070071	0.18136600150573792	32717.450790832474	4.537409836131649e-10
100.97597597597598	0.18156965567568764	32675.28181027776	4.549197145280548e-10
101.25125125125126	0.18193660870519912	32633.16718103391	4.5610182840756337e-10
101.52652652652652	0.18238074944852004	32591.106833047717	4.5728768827989216e-10
101.8018018018018	0.18278071351463088	32549.100696356127	4.584768653375307e-10
102.07707707707708	0.18311842868115785	32507.148701086255	4.596689397007169e-10
102.35235235235236	0.18342348597781805	32465.250777455283	4.608637735087154e-10
102.62762762762763	0.18377381208356797	32423.406855770416	4.6206171655870316e-10
102.90290290290291	0.18418422477261887	32381.616866428707	4.632631149890861e-10
103.17817817817819	0.18459416641285703	32339.88073991684	4.6446787668888376e-10
103.45345345345346	0.18493694315152515	32298.198406811036	4.656755504754083e-10
103.72872872872873	0.18515764777128302	32256.569797776923	4.668854887664346e-10
104.004004004004	0.1852906801672203	32214.994843569548	4.680974152492724e-10
104.27927927927928	0.18540568302427737	32173.47347503325	4.693115310247012e-10
104.55455455455456	0.18556670822391674	32132.005623101566	4.705283573761151e-10
104.82982982982983	0.18580661452036418	32090.591218797093	4.717484717570258e-10
105.10510510510511	0.18609185350484336	32049.23019323129	4.729721077177991e-10
105.38038038038039	0.1864039621453492	32007.922477604385	4.741993323133326e-10
105.65565565565566	0.18675260640480076	31966.66800320529	4.754302532411525e-10
105.93093093093094	0.18706631205440888	31925.466701411402	4.766645354594986e-10
106.2062062062062	0.1872282641112623	31884.318503688446	4.77901253552898e-10
106.48148148148148	0.18733807619690293	31843.223341590558	4.791403099994072e-10
106.75675675675676	0.18755716782119833	31802.181146760286	4.803825781765826e-10
107.03203203203203	0.1877980031969011	31761.191850928164	4.81628190853646e-10
107.30730730730731	0.18796914024119568	31720.255385912642	4.828767122154111e-10
107.58258258258259	0.18818352189438528	31679.37168362015	4.84128486409653e-10
107.85785785785787	0.1885158741323633	31638.54067604496	4.853842076338328e-10
108.13313313313314	0.18891632614581672	31597.762295268934	4.866440947943267e-10
108.4084084084084	0.18935760070579363	31557.03647346147	4.879081496529885e-10
108.68368368368368	0.18984263150691857	31516.363142879363	4.891763920191787e-10
108.95895895895896	0.1903052400030959	31475.74223586666	4.904484477923188e-10
109.23423423423424	0.19065615891018034	31435.173684854508	4.917235194081393e-10
109.50950950950951	0.19094709094931267	31394.65742236121	4.930013313750824e-10
109.78478478478479	0.19125359736170924	31354.19338099211	4.942821305610485e-10
110.06006006006007	0.19153914049613247	31313.78149343938	4.955658842736135e-10
110.33533533533534	0.19175061479491617	31273.421692481872	4.968522577762535e-10
110.61061061061062	0.1918568568756403	31233.113910985063	4.981408250624486e-10
110.88588588588588	0.19196053132355057	31192.858081901046	4.99431884229313e-10
111.16116116116116	0.19231234216355855	31152.654138268612	5.007271398499416e-10
111.43643643643644	0.1928265733719947	31112.502013212754	5.020273302270866e-10
111.71171171171171	0.19318410985772827	31072.40163994432	5.033311016679278e-10
111.98698698698699	0.1934231961041386	31032.352951760273	5.046376975127254e-10
112.26226226226227	0.19370689002702063	30992.355882043743	5.05947538218318e-10
112.53753753753755	0.1939526929845078	30952.410364263615	5.07260441674122e-10
112.81281281281282	0.19409234594046298	30912.51633197444	5.085758715910409e-10
113.08808808808809	0.19428382553877177	30872.673718816593	5.098943813690682e-10
113.36336336336336	0.1945943436388232	30832.882458516047	5.112167769351415e-10
113.63863863863864	0.19488880837347086	30793.142484884043	5.125428399039216e-10
113.91391391391392	0.19510605616221924	30753.453731817062	5.138720482764837e-10
114.1891891891892	0.19528230720685358	30713.816133296834	5.152042420596299e-10
114.46446446446447	0.19551925775340356	30674.22962339027	5.165399168684852e-10
114.73973973973975	0.1959105869759145	30634.694136249374	5.178799970984751e-10
115.01501501501502	0.19628086409119452	30595.209606110835	5.192241020028351e-10
115.2902902902903	0.19645879708162045	30555.7759672959	5.20570928326698e-10
115.56556556556556	0.19662183050725204	30516.393154210655	5.219206019172277e-10
115.84084084084084	0.19691430014055464	30477.061101345895	5.232740857972182e-10
116.11611611611612	0.1972656313111283	30437.779743276784	5.246316543508474e-10
116.3913913913914	0.19759301848448932	30398.549014662698	5.259930086702709e-10
116.66666666666667	0.19783896340416293	30359.368850247163	5.273575876568373e-10
116.94194194194195	0.1980751497631898	30320.239184857906	5.287254217717853e-10
117.21721721721723	0.19844274304605455	30281.15995340681	5.300973900744558e-10
117.4924924924925	0.19887270235507296	30242.13109088955	5.314737113787657e-10
117.76776776776778	0.19922464738306944	30203.15253238545	5.32853694600698e-10
118.04304304304304	0.19947453644073543	30164.224213057467	5.342366983094231e-10
118.31831831831832	0.1996427495666332	30125.346068152143	5.356223868052052e-10
118.5935935935936	0.19978194736223687	30086.51803299955	5.370108406906455e-10
118.86886886886887	0.19995887030081935	30047.740043013164	5.384025264682857e-10
119.14414414414415	0.20024676378105905	30009.012033689818	5.39798229198751e-10
119.41941941941943	0.20056866879982113	29970.333940609373	5.411980476325517e-10
119.6946946946947	0.20073617095339583	29931.705699434508	5.426009047099463e-10
119.96996996996998	0.2008659295540126	29893.127245910964	5.440067410790026e-10
120.24524524524524	0.20118953815173113	29854.59851586755	5.454169346988972e-10
120.52052052052052	0.20158078819586986	29816.119445215645	5.468317057386027e-10
120.7957957957958	0.20185444424797866	29777.689969949024	5.482500780909374e-10
121.07107107107107	0.20203453145685782	29739.31002614399	5.496715009687147e-10
121.34634634634635	0.20218300931142502	29700.979549959273	5.510959624959989e-10
121.62162162162163	0.20235306890352653	29662.698477635975	5.525237841214635e-10
121.8968968968969	0.2025550614037632	29624.466745497382	5.539552630364541e-10
122.17217217217218	0.2027550362692536	29586.284289948806	5.55390405593794e-10
122.44744744744746	0.20297868240401656	29548.151047477568	5.568293779576486e-10
122.72272272272272	0.20327452230724366	29510.06695465289	5.582726026531691e-10
122.997997997998	0.20353357094268895	29472.031948125634	5.597197095992867e-10
123.27327327327328	0.20364204259203664	29434.04596462816	5.611697298500786e-10
123.54854854854855	0.20374900660098794	29396.10894097456	5.626228983466607e-10
123.82382382382383	0.20397461932411995	29358.220814060496	5.640801341516726e-10
124.0990990990991	0.20421144128278929	29320.381520862855	5.655414284863987e-10
124.37437437437438	0.20441348542641977	29282.590998439682	5.670064906966333e-10
124.64964964964966	0.2046670178148112	29244.849183930248	5.68475655161925e-10
124.92492492492492	0.20497806546501768	29207.15601455487	5.699492017390195e-10
125.2002002002002	0.20527633499630737	29169.511427614667	5.71426892550466e-10
125.47547547547548	0.20553394671336256	29131.915360491563	5.729083854641398e-10
125.75075075075075	0.20574601156001698	29094.367750648158	5.743934083195647e-10
126.02602602602603	0.20589845977391097	29056.868535627655	5.758816810846629e-10
126.30130130130131	0.20601378311449586	29019.41765305377	5.773731481311645e-10
126.57657657657658	0.20623275643077538	28982.015040630806	5.788686606549682e-10
126.85185185185186	0.20658725371775818	28944.660636143377	5.80369030513956e-10
127.12712712712714	0.2068793477720742	28907.354377456053	5.818735871893434e-10
127.4024024024024	0.20706630560604433	28870.09620251343	5.83381585094518e-10
127.67767767767768	0.2072908447241093	28832.88604934025	5.848934011883651e-10
127.95295295295296	0.2075391281975379	28795.72385604114	5.864092189018914e-10
128.22822822822823	0.20770785930413135	28758.609560800374	5.879285148824469e-10
128.5035035035035	0.20785610681218858	28721.543101881954	5.894512955439973e-10
128.7787787787788	0.2080900505882948	28684.524417629586	5.909782453227066e-10
129.05405405405406	0.20843579119722916	28647.553446466496	5.925100208449983e-10
129.32932932932934	0.20888467421382592	28610.630126895256	5.940470363408345e-10
129.60460460460462	0.209392077622931	28573.75439749763	5.955893024468229e-10
129.87987987987987	0.2098584806566667	28536.926196934433	5.971361913785324e-10
130.15515515515517	0.21012869321000735	28500.145463945344	5.986862676088229e-10
130.43043043043042	0.2102677494058285	28463.412137349074	6.002389355250855e-10
130.70570570570572	0.21050052284107781	28426.72615604346	6.017952188136484e-10
130.98098098098097	0.2107868215046843	28390.087459005077	6.033555868789037e-10
131.25625625625628	0.21098468917464366	28353.49598528893	6.049194624243642e-10
131.53153153153153	0.21114232762446491	28316.951674028667	6.064867501894114e-10
131.80680680680683	0.2113406123920659	28280.45446443647	6.080579068067929e-10
132.08208208208208	0.21158580435929913	28244.004295802897	6.096332986918882e-10
132.35735735735736	0.21185470359011052	28207.601107496703	6.112130381661889e-10
132.63263263263264	0.2120979993846456	28171.244838964736	6.127968886975593e-10
132.9079079079079	0.2123051963767616	28134.93542973188	6.143846183124765e-10
133.1831831831832	0.21250988919650818	28098.672819400992	6.159762841935756e-10
133.45845845845847	0.2127541637293024	28062.456947652838	6.175722032040509e-10
133.73373373373374	0.21306791927308594	28026.28775424599	6.191727966491193e-10
134.00900900900902	0.21337766449184675	27990.165179016527	6.207778862481423e-10
134.2842842842843	0.21360944719322364	27954.08916187801	6.223868673991029e-10
134.55955955955955	0.21383360112969957	27918.059642821518	6.239997764259657e-10
134.83483483483485	0.21410529994743205	27882.076561915543	6.256170026248731e-10
135.1101101101101	0.21437836312183953	27846.139859305782	6.272385211122276e-10
135.3853853853854	0.21462561784135603	27810.249475215016	6.288641396191049e-10
135.66066066066065	0.2148616191565604	27774.405349943114	6.304938215989886e-10
135.93593593593596	0.21510371932878528	27738.60742386689	6.321276585137511e-10
136.2112112112112	0.21536243917847045	27702.855637440054	6.33765787056269e-10
136.4864864864865	0.21559209098433715	27667.149931192966	6.354080057868351e-10
136.76176176176176	0.21576001622970498	27631.49024573262	6.370539611915013e-10
137.03703703703704	0.2160214716552877	27595.87652174275	6.387044328935315e-10
137.31231231231232	0.21645629307823855	27560.308699983667	6.403604989936737e-10
137.5875875875876	0.21679815886412315	27524.78672129166	6.420211568251401e-10
137.86286286286287	0.2169301373056147	27489.31052657913	6.436849330441951e-10
138.13813813813815	0.21706296319803453	27453.8800568349	6.453521956118168e-10
138.41341341341342	0.21727344088923337	27418.495253123972	6.470237150197268e-10
138.6886886886887	0.21748450768869956	27383.156056587195	6.486995219350476e-10
138.96396396396398	0.21771751996298905	27347.862408441328	6.503797833922494e-10
139.23923923923923	0.21803431419245817	27312.61424997896	6.520650320486078e-10
139.51451451451453	0.2183535953783023	27277.411522568236	6.537551013420919e-10
139.78978978978978	0.21858492416899147	27242.254167652773	6.55449273892423e-10
140.06506506506508	0.21878740981140604	27207.142126751703	6.571474473110613e-10
140.34034034034033	0.21900217784338366	27172.07534145962	6.588498288816169e-10
140.61561561561564	0.21917072327178838	27137.05375344629	6.605561741977829e-10
140.8908908908909	0.21926285265204878	27102.07730445664	6.622661127983913e-10
141.1661661661662	0.2193020370113061	27067.145936310706	6.639795464441003e-10
141.44144144144144	0.21937137960621902	27032.259590903635	6.656969691677955e-10
141.71671671671672	0.21957379097435153	26997.418210205582	6.674194246167155e-10
141.991991991992	0.21983371616742192	26962.621736261426	6.691471345192273e-10
142.26726726726727	0.2200375379274843	26927.870111190565	6.708794873520053e-10
142.54254254254255	0.2202688885310827	26893.163277187115	6.726166279897688e-10
142.81781781781783	0.22060526138351053	26858.501176519825	6.743591881271401e-10
143.0930930930931	0.22097151893798728	26823.883751531732	6.761070999891753e-10
143.36836836836838	0.22126272361236055	26789.31094464005	6.778596047145351e-10
143.64364364364366	0.22137507402745543	26754.78269833603	6.796154698154796e-10
143.9189189189189	0.22141760677180183	26720.298955185233	6.813745858064169e-10
144.1941941941942	0.22166522501175745	26685.85965782763	6.831387605303047e-10
144.46946946946946	0.22203686604590886	26651.464748977014	6.84908699898593e-10
144.74474474474476	0.22228666364547595	26617.11417142065	6.866832110090717e-10
145.02002002002	0.2224274073411845	26582.807868019572	6.884615566855045e-10
145.29529529529532	0.22256877306461043	26548.545781708595	6.902439828759288e-10
145.57057057057057	0.22283893636357696	26514.32785549632	6.92031547194682e-10
145.84584584584587	0.223225933893545	26480.15403246474	6.93824905159838e-10
146.12112112112112	0.2234527037372784	26446.024255768833	6.956226007391829e-10
146.3963963963964	0.22351883861578342	26411.93846863681	6.974236252653853e-10
146.67167167167167	0.223756894759665	26377.896614370584	6.992295867828273e-10
146.94694694694695	0.22415415759729984	26343.898636345104	7.010415154789325e-10
147.22222222222223	0.22446239609472726	26309.944478007943	7.028584040783522e-10
147.4974974974975	0.22463675877548858	26276.034082879483	7.046792473549441e-10
147.77277277277278	0.22473389323482199	26242.167394553013	7.065037477658392e-10
148.04804804804806	0.2248501765217033	26208.344356694644	7.083323745485004e-10
148.32332332332334	0.22505439656412676	26174.56491304321	7.101659363271811e-10
148.59859859859858	0.22532471303933996	26140.829007410022	7.120048437082801e-10
148.8738738738739	0.22561626738734616	26107.136583678748	7.138490703326235e-10
149.14914914914914	0.22587295503691077	26073.487585805316	7.156982082449736e-10
149.42442442442444	0.2260927287996613	26039.881957817855	7.175519652011664e-10
149.6996996996997	0.22631118636963332	26006.319643816718	7.194103937172142e-10
149.974974974975	0.2264539363885832	25972.800587974154	7.212730095807007e-10
150.25025025025025	0.22643941051922928	25939.324734534297	7.231389060061396e-10
150.52552552552555	0.22647127712755635	25905.892027813406	7.250088990520853e-10
150.8008008008008	0.22674436250601107	25872.502412199847	7.268849361099582e-10
151.07607607607608	0.22714264078719634	25839.155832153465	7.287675428689929e-10
151.35135135135135	0.22752435601701937	25805.85223220549	7.306560784535671e-10
151.62662662662663	0.22781094587453457	25772.591556958512	7.325495463915149e-10
151.9019019019019	0.22802428270709174	25739.37375108656	7.34447420701828e-10
152.17717717717719	0.22828137171207305	25706.19875933514	7.363501777578656e-10
152.45245245245246	0.22858606426958275	25673.066526521012	7.382581766057697e-10
152.72772772772774	0.22886815789622944	25639.97699753193	7.401711662636247e-10
153.00300300300302	0.22910532844175321	25606.93011732665	7.420888185894686e-10
153.2782782782783	0.22928797796065284	25573.925830934848	7.440108433961895e-10
153.55355355355357	0.22937665164759502	25540.964083457005	7.459367619061816e-10
153.82882882882885	0.22939075229608538	25508.044820064384	7.478663875269419e-10
154.10410410410412	0.22949600985487825	25475.16798599918	7.498007880431843e-10
154.37937937937937	0.229719873504401	25442.3335265742	7.517408991907788e-10
154.65465465465465	0.2298792089034217	25409.541387172456	7.536860446090903e-10
154.92992992992993	0.22991632803391904	25376.791513247266	7.556353459659508e-10
155.2052052052052	0.22990448614938155	25344.083850322364	7.575887343261204e-10
155.48048048048048	0.23001497190455192	25311.418343991983	7.595474107855109e-10
155.75575575575576	0.23039353300296334	25278.794939920703	7.615132673898867e-10
156.03103103103103	0.23081684903757238	25246.213583842793	7.634859779212794e-10
156.3063063063063	0.23106696053846007	25213.674221562098	7.654637304316748e-10
156.5815815815816	0.231267032338278	25181.17679895252	7.674461894360159e-10
156.85685685685687	0.2315127972810218	25148.721261957893	7.694338306225833e-10
157.13213213213214	0.23175018873592826	25116.307556591615	7.71426587081653e-10
157.40740740740742	0.2319443325549954	25083.935628936615	7.734241610677184e-10
157.6826826826827	0.23210026273533998	25051.60542514534	7.754263899993531e-10
157.95795795795797	0.23227251004948354	25019.316891439707	7.774335683322648e-10
158.23323323323325	0.23252298589794632	24987.069974111077	7.794463583816448e-10
158.50850850850853	0.23276330284482583	24954.864619519867	7.814645640319882e-10
158.7837837837838	0.23289942119898377	24922.70077409549	7.834873596254129e-10
159.05905905905905	0.23303187913139228	24890.578384336564	7.855149304029469e-10
159.33433433433433	0.23325714939251097	24858.49739681082	7.87548123241398e-10
159.6096096096096	0.23356654621357523	24826.457758154866	7.895874563126212e-10
159.88488488488488	0.23388796381978919	24794.45941507395	7.916327507590015e-10
160.16016016016016	0.23409618238109886	24762.50231434182	7.936829554278508e-10
160.43543543543544	0.23425731225055096	24730.586402800905	7.957378519786792e-10
160.7107107107107	0.23456738467617155	24698.711627362525	7.977987617049507e-10
160.985985985986	0.23499441885209707	24666.87793500634	7.998663492934475e-10
161.26126126126127	0.23540355004519062	24635.08527278014	8.019400602260209e-10
161.53653653653654	0.23571441379677746	24603.333587799814	8.04018919214779e-10
161.81181181181182	0.2359020087222833	24571.622827249383	8.061020809218013e-10
162.0870870870871	0.23604666230175908	24539.95293838106	8.081895793470125e-10
162.36236236236238	0.23619238248202049	24508.323868515137	8.10281772554419e-10
162.63763763763765	0.23630047229270135	24476.735565039733	8.123786156688918e-10
162.91291291291293	0.23643897194683053	24445.187975410892	8.144805958480539e-10
163.1881881881882	0.23676256229884088	24413.68104715266	8.165892187709948e-10
163.46346346346348	0.23712341922843785	24382.21472785645	8.187043914425134e-10
163.73873873873873	0.23726185967504418	24350.788965180807	8.208240854919858e-10
164.014014014014	0.23738016694815395	24319.40370685205	8.229484667672187e-10
164.2892892892893	0.2377260719209883	24288.05890066431	8.250795370103756e-10
164.56456456456456	0.23811362931575245	24256.754494478722	8.272172404722332e-10
164.83983983983984	0.23838165038515818	24225.490436223306	8.293603145106967e-10
165.11511511511512	0.23860554341851117	24194.266673893344	8.315084856220813e-10
165.3903903903904	0.2387980045356243	24163.083155551154	8.336616704124823e-10
165.66566566566567	0.2388695915971119	24131.939829325853	8.358191316678737e-10
165.94094094094095	0.2388924772678547	24100.836643413535	8.379809275859703e-10
166.21621621621622	0.23903709487805336	24069.773546077373	8.401484107569543e-10
166.4914914914915	0.2392373648783495	24038.7504856471	8.423219922056553e-10
166.76676676676678	0.23936320253022045	24007.767410518816	8.44500951353882e-10
167.04204204204206	0.23949410628817805	23976.824269155284	8.466854199656898e-10
167.31731731731733	0.23969933127148757	23945.921010085814	8.488760281703904e-10
167.5925925925926	0.23987694208148583	23915.05758190587	8.51072416224295e-10
167.8678678678679	0.24002168564480114	23884.233933277166	8.532743051430027e-10
168.14314314314316	0.24030702827977446	23853.4500129279	8.554828617294127e-10
168.4184184184184	0.24067512255886012	23822.705769652257	8.576984279132227e-10
168.6936936936937	0.2408705501261723	23792.001152309953	8.599192456419006e-10
168.96896896896897	0.24100951256422842	23761.336109826814	8.62145043012036e-10
169.24424424424424	0.24135694730536988	23730.71059119501	8.643777154603484e-10
169.51951951951952	0.2417657060715982	23700.12454547218	8.666173911192117e-10
169.7947947947948	0.24203119155300395	23669.577921781227	8.688625556646524e-10
170.07007007007007	0.24223149941867206	23639.07066931079	8.711128093589243e-10
170.34534534534535	0.24246812930109463	23608.60273731518	8.733686865374906e-10
170.62062062062063	0.24277569193192913	23578.17407511419	8.756308237537055e-10
170.8958958958959	0.24311578372712983	23547.78463209285	8.778993507797237e-10
171.17117117117118	0.24337648435609152	23517.434357701226	8.80173476214431e-10
171.44644644644646	0.24349193797775323	23487.12320145442	8.824521533893875e-10
171.72172172172174	0.24346156321615117	23456.851112932593	8.847346788872537e-10
171.996996996997	0.24349322291166106	23426.618041781283	8.870222314077675e-10
172.2722722722723	0.2437843467390187	23396.423937711304	8.893171763150566e-10
172.54754754754757	0.2441112918721394	23366.268750497886	8.91619327176203e-10
172.82282282282284	0.2442671581846546	23336.152429980575	8.939269146234798e-10
173.0980980980981	0.24434728238649567	23306.07492606377	8.962395183655534e-10
173.37337337337337	0.24445652903984633	23276.03618871662	8.985576996952882e-10
173.64864864864865	0.24464632081714577	23246.036167972863	9.008822519771007e-10
173.92392392392392	0.24492254255130094	23216.074813930667	9.032137599668243e-10
174.1991991991992	0.24524749815719035	23186.15207675243	9.055523180321598e-10
174.47447447447448	0.24552309080028292	23156.267906664616	9.078972048131729e-10
174.74974974974975	0.2456528908670605	23126.422253957637	9.102471652959316e-10
175.02502502502503	0.24572182201604167	23096.615068986142	9.12602050355925e-10
175.3003003003003	0.24582992854239127	23066.846302168975	9.149625736882159e-10
175.57557557557558	0.2459413590910789	23037.115903988808	9.173289266144495e-10
175.85085085085086	0.24605413610219493	23007.423824992125	9.197012259127847e-10
176.12612612612614	0.24627052077704456	22977.770015789367	9.220803874348138e-10
176.40140140140142	0.24657951199401593	22948.154427054604	9.244669400282136e-10
176.6766766766767	0.2468422736848967	22918.57700952522	9.268601092759664e-10
176.95195195195197	0.24705670580405037	22889.03771400208	9.292593665189158e-10
177.22722722722725	0.2473057433150502	22859.536491349627	9.316650435574689e-10
177.50250250250252	0.24757716163522558	22830.07329249563	9.340772669568987e-10
177.77777777777777	0.24782828618726738	22800.648068430994	9.364957761497884e-10
178.05305305305305	0.24805549099749732	22771.2607702098	9.389203731018685e-10
178.32832832832833	0.2482637685583955	22741.911348949227	9.413509723200082e-10
178.6036036036036	0.24845633223822258	22712.599755829466	9.437875485982274e-10
178.87887887887888	0.24864975600601685	22683.325942093656	9.462302272702673e-10
179.15415415415416	0.24887791293194322	22654.08985904786	9.486793773747672e-10
179.42942942942943	0.24914836651798253	22624.89145806092	9.51135312795435e-10
179.7047047047047	0.24944005540469566	22595.730690564298	9.535980732993004e-10
179.97997997998	0.24968715769282604	22566.607508051948	9.560671441320652e-10
180.25525525525526	0.2498268635375634	22537.521862080215	9.585416661090411e-10
180.53053053053054	0.2499259115750666	22508.473704267995	9.610216292713747e-10
180.80580580580582	0.250074565497327	22479.462986296745	9.635077850974353e-10
181.0810810810811	0.2503143173762807	22450.489659910283	9.660009853553726e-10
181.35635635635637	0.2506387060369113	22421.553676914617	9.685017477888592e-10
181.63163163163165	0.250974569741125	22392.654989177718	9.710098084046932e-10
181.90690690690693	0.25126588990610027	22363.793548629477	9.735245275831713e-10
182.1821821821822	0.2514851999815426	22334.9693072617	9.760452562990996e-10
182.45745745745745	0.2516457218731715	22306.182217128084	9.785716813648136e-10
182.73273273273273	0.2517843240619954	22277.432230344206	9.811039112256766e-10
183.008008008008	0.25192453524340164	22248.719299087403	9.836422213860661e-10
183.28328328328328	0.2520801947668137	22220.043375596695	9.861869166418293e-10
183.55855855855856	0.2522494938754778	22191.404412172644	9.887381890729638e-10
183.83383383383384	0.2524218371788616	22162.802361177277	9.91296081644161e-10
184.1091091091091	0.25257680998739807	22134.237175033984	9.93860454887605e-10
184.3843843843844	0.2527482074511022	22105.70880622755	9.964315102411173e-10
184.65965965965967	0.2530314775100303	22077.2172073042	9.990102019823356e-10
184.93493493493494	0.25334287209033307	22048.762330871145	1.0015964515559652e-09
185.21021021021022	0.25348265272884674	22020.344129596255	1.0041885029833462e-09
185.4854854854855	0.2535247206117909	21991.962556208564	1.0067858350212006e-09
185.76076076076077	0.2536429407913756	21963.617563498417	1.0093896014286748e-09
186.03603603603605	0.25383466275912386	21935.309104316995	1.0120005473580898e-09
186.31131131131133	0.2540533746772771	21907.03713157614	1.014618770354522e-09
186.5865865865866	0.2542746906968728	21878.801598248352	1.0172441306273928e-09
186.86186186186188	0.2544871114399846	21850.602457366713	1.019876442727461e-09
187.13713713713713	0.25469568672921816	21822.43966202486	1.0225156342523656e-09
187.4124124124124	0.25494335851558775	21794.313165376963	1.025162036410589e-09
187.68768768768768	0.25529225953929396	21766.222920637734	1.0278164140547337e-09
187.96296296296296	0.25561352063312587	21738.168881081896	1.0304781555143387e-09
188.23823823823824	0.2557047024933421	21710.151000043945	1.0331450999602167e-09
188.51351351351352	0.2556367762477636	21682.16923091868	1.0358164488623416e-09
188.7887887887888	0.25556666157121954	21654.223527161317	1.038493050621465e-09
189.06406406406407	0.25559434519526547	21626.313842287287	1.0411763440757614e-09
189.33933933933935	0.25576257685262194	21598.440129872033	1.0438676598019353e-09
189.61461461461462	0.2560219886234114	21570.60234355073	1.0465674478478022e-09
189.8898898898899	0.2562947383145863	21542.800437018133	1.04927532540258e-09
190.16516516516518	0.25648926501143493	21515.034364028485	1.051990238251232e-09
190.44044044044045	0.2566300023144132	21487.304078395693	1.054711715668554e-09
190.71571571571573	0.25681631904104074	21459.609533993396	1.0574403354170816e-09
190.990990990991	0.25702994392145223	21431.95068475467	1.0601763213185597e-09
191.26626626626629	0.2572110492191285	21404.32748467182	1.06291929449612e-09
191.54154154154156	0.25736445558808335	21376.739887796466	1.0656690552325535e-09
191.8168168168168	0.2575064588283302	21349.187848239482	1.0684256238428058e-09
192.0920920920921	0.25763702401642385	21321.671320170895	1.0711890192639268e-09
192.36736736736736	0.25776514934064654	21294.19025781982	1.0739593405199883e-09
192.64264264264264	0.2579179762049316	21266.744615474443	1.0767369025111572e-09
192.91791791791792	0.2581274009134039	21239.33434748192	1.0795222055463474e-09
193.1931931931932	0.258420467706982	21211.95940824833	1.082315828761097e-09
193.46846846846847	0.25874312626364104	21184.61975223839	1.0851176711875969e-09
193.74374374374375	0.2590149222501026	21157.315333975326	1.0879269464391757e-09
194.01901901901903	0.259275096210008	21130.046108041064	1.0907435015018225e-09
194.2942942942943	0.2595809097872443	21102.8120290762	1.0935677617471539e-09
194.56956956956958	0.25991079999924127	21075.61305177977	1.0963998163709155e-09
194.84484484484486	0.2602228817971522	21048.44913090907	1.0992393498758656e-09
195.12012012012013	0.2604688076711785	21021.320221279613	1.1020857231632214e-09
195.3953953953954	0.26065786328018997	20994.226277765174	1.104938609884918e-09
195.6706706706707	0.2608615625761866	20967.16725529785	1.1077984551959968e-09
195.94594594594597	0.26105932051887815	20940.143108867782	1.1106653678923373e-09
196.22122122122124	0.26118283667900427	20913.15379352297	1.1135388003441908e-09
196.4964964964965	0.26132622967513963	20886.19926436957	1.1164192633602545e-09
196.77177177177177	0.2616011258764717	20859.279476571868	1.1193081215221728e-09
197.04704704704704	0.26189003849509745	20832.394385351658	1.1222051921579104e-09
197.32232232232232	0.26207936771740736	20805.54394598819	1.1251093173438835e-09
197.5975975975976	0.26220944363363324	20778.728113818444	1.1280201208115648e-09
197.87287287287288	0.2623465702181854	20751.946844237133	1.1309379757566597e-09
198.14814814814815	0.2625569706463419	20725.200092696603	1.1338637445893444e-09
198.42342342342343	0.26281679863560903	20698.487814706583	1.136797775250119e-09
198.6986986986987	0.263033256725258	20671.80996583391	1.139739440013873e-09
198.97397397397398	0.2632341505478285	20645.16650170276	1.142688595922665e-09
199.24924924924926	0.2634890309043219	20618.55737799468	1.145645804693399e-09
199.52452452452454	0.26372476733074307	20591.98255044816	1.1486107565984268e-09
199.7997997997998	0.2638608652751289	20565.441974858546	1.1515825051807954e-09
200.0750750750751	0.26394015339122945	20538.935607078263	1.1545608420115248e-09
200.35035035035037	0.26404745368326943	20512.46340301683	1.1575464324101833e-09
200.62562562562564	0.2642953960061511	20486.025318640903	1.1605407736673449e-09
200.90090090090092	0.2646328964725901	20459.62130997375	1.1635443659815764e-09
201.17617617617617	0.2648418547106844	20433.25133309479	1.1665554866072671e-09
201.45145145145145	0.2649567213179351	20406.915344140125	1.1695733497225923e-09
201.72672672672672	0.26516158266002315	20380.613299302866	1.1725991921528386e-09
202.002002002002	0.2654237406956012	20354.345154832496	1.1756335137900242e-09
202.27727727727728	0.2656262566702293	20328.110867034604	1.1786755371335912e-09
202.55255255255256	0.2656843061251778	20301.91039227088	1.181723959073895e-09
202.82782782782783	0.2656111564418928	20275.74368695929	1.1847780655456607e-09
203.1031031031031	0.2656224972060562	20249.61070757452	1.1878394544543289e-09
203.3783783783784	0.26577430469484215	20223.511410647498	1.190909704355257e-09
203.65365365365366	0.2658714746450195	20197.44575276469	1.1939879777160524e-09
203.92892892892894	0.2658908942048751	20171.413690568443	1.1970735164169527e-09
204.20420420420422	0.2659582673770939	20145.415180757336	1.2001670452306365e-09
204.4794794794795	0.26606571171032545	20119.450180085732	1.203268965574271e-09
204.75475475475477	0.26615448037214356	20093.518645363572	1.2063789775167158e-09
205.03003003003005	0.2662767303002345	20067.620533456604	1.209497399762739e-09
205.30530530530532	0.2664755384215769	20041.755801286297	1.212624865475614e-09
205.5805805805806	0.2666678630403242	20015.924405829417	1.215760985477234e-09
205.85585585585588	0.26682829737167696	19990.126304118123	1.21890526820976e-09
206.13113113113113	0.26706628858772646	19964.36145324025	1.2220584721133303e-09
206.4064064064064	0.2673945151665441	19938.629810338956	1.2252212201410054e-09
206.68168168168168	0.26770802304340074	19912.93133261239	1.2283928952136789e-09
206.95695695695696	0.26789610370138595	19887.265977313553	1.2315720208401194e-09
207.23223223223223	0.2678891995039559	19861.633701750387	1.2347569667991745e-09
207.5075075075075	0.2678828516108727	19836.034463286345	1.2379486084979158e-09
207.7827827827828	0.2680821369951573	19810.468219340404	1.241149540125708e-09
208.05805805805807	0.2683408275652026	19784.93492738601	1.2443600015329888e-09
208.33333333333334	0.26850079357814427	19759.43454495103	1.2475785907104326e-09
208.60860860860862	0.2685550814313201	19733.96702961805	1.2508043408967578e-09
208.8838838838839	0.26857610371337803	19708.532339024503	1.2540373533603955e-09
209.15915915915917	0.2687066560443559	19683.130430862835	1.25727912200497e-09
209.43443443443445	0.2689570513756446	19657.76126288002	1.260530722850178e-09
209.70970970970973	0.2692348410743795	19632.424792877267	1.263791935159529e-09
209.984984984985	0.26952486702375394	19607.120978710132	1.2670624736763087e-09
210.26026026026028	0.26982666398309724	19581.8497782885	1.2703421584266848e-09
210.53553553553556	0.2700202513959507	19556.611149576158	1.2736296768179965e-09
210.8108108108108	0.2700725790565722	19531.40505059101	1.2769238586655922e-09
211.08608608608608	0.27027990386964884	19506.231439405845	1.280226942028263e-09
211.36136136136136	0.27068400935833636	19481.090274147642	1.283540797309518e-09
211.63663663663664	0.2708376364717124	19455.98151299611	1.2868621155347603e-09
211.91191191191191	0.27071941840625713	19430.905114184803	1.290188559224697e-09
212.1871871871872	0.27075021203851707	19405.86103600227	1.2935228971938433e-09
212.46246246246247	0.2709803707735395	19380.84923679095	1.2968674304101284e-09
212.73773773773775	0.2712353076654027	19355.869674946505	1.3002218702286947e-09
213.01301301301302	0.27145084872361913	19330.922308918045	1.30358538543075e-09
213.2882882882883	0.2716280742975636	19306.007097208243	1.3069574615114017e-09
213.56356356356358	0.27184616534528433	19281.123998373467	1.3103385870204576e-09
213.83883883883885	0.272146244587141	19256.272971023624	1.3137295059663285e-09
214.11411411411413	0.2724571615548288	19231.453973821783	1.3171299736471537e-09
214.3893893893894	0.2727099571452373	19206.666965484066	1.320539132482071e-09
214.66466466466468	0.2728610466734611	19181.91190477973	1.3239559920334856e-09
214.93993993993996	0.27294927443675754	19157.18875053124	1.3273803253317531e-09
215.21521521521524	0.27306861952419237	19132.497461614425	1.33081296474033e-09
215.4904904904905	0.27325474480098344	19107.837996958224	1.3342548206295688e-09
215.76576576576576	0.27349014549552947	19083.210315544453	1.3377063034731101e-09
216.04104104104104	0.2736468849093816	19058.614376407433	1.3411663554313795e-09
216.31631631631632	0.2736635339942962	19034.05013863411	1.3446336669789174e-09
216.5915915915916	0.27372634027160675	19009.517561364704	1.348109348387877e-09
216.86686686686687	0.2738987917988342	18985.016603792283	1.351594782281295e-09
217.14214214214215	0.27400055076061974	18960.547225161987	1.3550889738362055e-09
217.41741741741743	0.27401156419430134	18936.109384771426	1.358591083153899e-09
217.6926926926927	0.27407265881768084	18911.703041971083	1.3621020608276626e-09
217.96796796796798	0.27419175360671116	18887.32815616386	1.3656226073994926e-09
218.24324324324326	0.2743115331068598	18862.984686804823	1.3691525749471923e-09
218.51851851851853	0.2744720560511625	18838.672593401396	1.3726923023346135e-09
218.7937937937938	0.2747280947939652	18814.391835513383	1.3762425974191177e-09
219.0690690690691	0.27506845833113325	18790.142372752664	1.379803867996779e-09
219.34434434434436	0.27541583023040134	18765.924164782966	1.3833755613553961e-09
219.61961961961964	0.2755970325779101	18741.737171319477	1.3869554882696015e-09
219.89489489489492	0.27562886057037084	18717.581352129364	1.3905424387090572e-09
220.17017017017017	0.2757500570481205	18693.45666703235	1.394138199502373e-09
220.44544544544544	0.27597174396527563	18669.363075899993	1.3977440384360333e-09
220.72072072072072	0.2761480122832033	18645.30053865513	1.401359207651052e-09
220.995995995996	0.2762772187570845	18621.269015272253	1.404983221128465e-09
221.27127127127127	0.27642055000945415	18597.268465777634	1.4086164362888034e-09
221.54654654654655	0.27662546024775964	18573.298850249197	1.4122596020278551e-09
221.82182182182183	0.27688537269374713	18549.360128816315	1.4159131342136235e-09
222.0970970970971	0.2770729609383812	18525.45226165936	1.419575928441656e-09
222.37237237237238	0.27714540706625385	18501.575209009905	1.4232468252267815e-09
222.64764764764766	0.277207057386633	18477.72893115109	1.4269262271709928e-09
222.92292292292294	0.27729264091518635	18453.913388417357	1.430614776233957e-09
223.1981981981982	0.2773739958980161	18430.128541194186	1.4343125821145449e-09
223.4734734734735	0.2775305601223032	18406.37434991835	1.4380205925825504e-09
223.74874874874877	0.2778558186509392	18382.65077507793	1.4417404463853381e-09
224.02402402402404	0.27818936692184726	18358.957777211424	1.445471436307287e-09
224.29929929929932	0.2783756801064041	18335.29531690772	1.449211413045471e-09
224.5745745745746	0.2785350182655159	18311.663354806875	1.4529603436848297e-09
224.84984984984985	0.27877080257827813	18288.061851599996	1.4567193564878783e-09
225.12512512512512	0.2790575521439696	18264.490768028772	1.4604888960921383e-09
225.4004004004004	0.2793407971895617	18240.95006488534	1.4642686519602124e-09
225.67567567567568	0.2795547675635872	18217.439703012147	1.4680577080145723e-09
225.95095095095095	0.2797084826646664	18193.959643302158	1.4718555921523038e-09
226.22622622622623	0.2798610190139247	18170.50984669891	1.4756626697396045e-09
226.5015015015015	0.28005438359161056	18147.090274196427	1.4794796487308322e-09
226.77677677677679	0.28030125299675884	18123.700886839044	1.4833071288119039e-09
227.05205205205206	0.28052913214030534	18100.34164572108	1.4871446901425932e-09
227.32732732732734	0.2806908328455723	18077.012511986857	1.4909915483171853e-09
227.60260260260262	0.28084407924585847	18053.71344683094	1.4948478622454728e-09
227.8778778778779	0.2809883932113739	18030.444411497934	1.4987137359189256e-09
228.15315315315317	0.2810318397174824	18007.20536728209	1.5025882093736423e-09
228.42842842842845	0.28106490688971836	17983.996275527832	1.506471701687905e-09
228.70370370370372	0.28130310577108303	17960.817097630108	1.51036692165991e-09
228.978978978979	0.28161648694778024	17937.667795033212	1.5142741253210055e-09
229.25425425425428	0.2817570683916544	17914.548329230332	1.5181906745856157e-09
229.52952952952953	0.2818156041856828	17891.45866176458	1.5221159403511959e-09
229.8048048048048	0.2819553954087603	17868.398754229158	1.5260513907158645e-09
230.08008008008008	0.2822386908936851	17845.368568266982	1.5299986738813138e-09
230.35535535535536	0.28260992420309977	17822.36806557023	1.5339582083445236e-09
230.63063063063063	0.2828483182915447	17799.397207879738	1.5379277447751265e-09
230.9059059059059	0.2829258928946298	17776.45595698555	1.541905552721017e-09
231.1811811811812	0.28302689719385155	17753.544274727567	1.5458926611320628e-09
231.45645645645646	0.2831988018574717	17730.662122995032	1.549890273565489e-09
231.73173173173174	0.28339666924380863	17707.809463726167	1.5538986422067555e-09
232.00700700700702	0.2836068261219684	17684.9862589082	1.5579177788927019e-09
232.2822822822823	0.28381936008626824	17662.192470577338	1.5619475869842486e-09
232.55755755755757	0.28398982321725647	17639.428060818555	1.5659875012395545e-09
232.83283283283285	0.2840996228962384	17616.692991765638	1.570036959224766e-09
233.10810810810813	0.2842037209328313	17593.98722560137	1.5740962536924954e-09
233.3833833833834	0.2843590959089811	17571.31072455745	1.578166241654918e-09
233.65865865865868	0.2846061103710158	17548.663450914413	1.5822479445208015e-09
233.93393393393396	0.28487817872472493	17526.045367001185	1.5863412390867683e-09
234.2092092092092	0.2850365049269051	17503.45643519478	1.590444434611969e-09
234.48448448448448	0.2850644932995157	17480.896617920644	1.5945562815871153e-09
234.75975975975976	0.28502912634951466	17458.365877652857	1.5986767866469521e-09
235.03503503503504	0.2850975891992373	17435.864176914474	1.6028079290900673e-09
235.3103103103103	0.28535773083524457	17413.391478277128	1.606952003095353e-09
235.5855855855856	0.2856005030451463	17390.94774436	1.6111079940564238e-09
235.86086086086087	0.2857060044967627	17368.532937830038	1.6152738552366858e-09
236.13613613613614	0.2857809917528057	17346.147021402663	1.6194495755973058e-09
236.41141141141142	0.2858656428079047	17323.789957841494	1.6236356347115082e-09
236.6866866866867	0.2859177665627137	17301.461709958003	1.6278318405993787e-09
236.96196196196198	0.28596867295148437	17279.162240611713	1.6320384555256893e-09
237.23723723723725	0.2860949266817859	17256.891512710263	1.6362565709483927e-09
237.51251251251253	0.28635425198642894	17234.649489209318	1.640487577695109e-09
237.7877877877878	0.28673374847732797	17212.436133112256	1.6447322077261923e-09
238.06306306306308	0.2870007908330953	17190.25140746931	1.6489881336950223e-09
238.33833833833836	0.2870477141369394	17168.095275377975	1.653252608988267e-09
238.61361361361364	0.28711795964233394	17145.96769998414	1.657526857158767e-09
238.88888888888889	0.2873148390135992	17123.868644481587	1.661812904647419e-09
239.16416416416416	0.28751549873502785	17101.798072111087	1.6661105451367714e-09
239.43943943943944	0.2876579267593576	17079.755946160585	1.6704189075184396e-09
239.71471471471472	0.2877381514629139	17057.74222996532	1.6747374073188194e-09
239.98998998999	0.28774857309305857	17035.75688690776	1.6790655940101343e-09
240.26526526526527	0.2877087393673011	17013.79988041765	1.6834034310842359e-09
240.54054054054055	0.28776994203316186	16991.87117397239	1.6877527567113156e-09
240.81581581581582	0.2879840175915612	16969.970731096666	1.6921153727234626e-09
241.0910910910911	0.28805450292222506	16948.098515361107	1.696488775217582e-09
241.36636636636638	0.28791916661102157	16926.254490383075	1.7008706356225872e-09
241.64164164164166	0.2879526388761918	16904.438619828146	1.705264129992255e-09
241.91691691691693	0.2882121421109029	16882.650867408982	1.7096719726387327e-09
242.1921921921922	0.28843289148642526	16860.89119688404	1.7140925927425194e-09
242.4674674674675	0.28855920348434333	16839.159572058295	1.718524326438443e-09
242.74274274274276	0.28865567732089886	16817.45595678359	1.7229669475854591e-09
243.01801801801804	0.288720360394361	16795.780314958363	1.7274203000988633e-09
243.29329329329332	0.2887618253770492	16774.132610527617	1.7318844030232088e-09
243.56856856856857	0.2889020404176005	16752.51280748327	1.73636080859292e-09
243.84384384384384	0.28917332510146615	16730.920869863774	1.740850907902712e-09
244.11911911911912	0.2893933377706776	16709.35676175328	1.7453532889090724e-09
244.3943943943944	0.28953519273320283	16687.8204472821	1.7498667415778018e-09
244.66966966966967	0.28977532151787044	16666.311890627458	1.7543927500695425e-09
244.94494494494495	0.2901306663741214	16644.831056012812	1.7589324685631106e-09
245.22022022022023	0.2904984272842245	16623.377907707338	1.7634853273709054e-09
245.4954954954955	0.29082570938735763	16601.952410026082	1.7680503121604463e-09
245.77077077077078	0.29108841257729967	16580.554527329998	1.7726264963310255e-09
246.04604604604606	0.29128399343099576	16559.18422402594	1.7772132813193002e-09
246.32132132132134	0.29141913066817804	16537.84146456668	1.7818103894731703e-09
246.5965965965966	0.2915095336020128	16516.52621345087	1.786417857563008e-09
246.8718718718719	0.2915847283954066	16495.23843522302	1.7910360950084258e-09
247.14714714714717	0.2916883673695968	16473.9780944735	1.7956659260138317e-09
247.42242242242244	0.2917799409974927	16452.745155838187	1.8003073550040257e-09
247.69769769769772	0.2917653109305125	16431.539583998165	1.8049591834587821e-09
247.972972972973	0.29178630212356765	16410.36134368058	1.809622502039839e-09
248.24824824824825	0.2920471219460458	16389.210399658845	1.8143006431996423e-09
248.52352352352352	0.29236755074328913	16368.086716751079	1.8189933649322518e-09
248.7987987987988	0.2925329184686254	16346.990259819915	1.823697745580269e-09
249.07407407407408	0.292621867601117	16325.920993773585	1.8284130003199932e-09
249.34934934934935	0.29272716739199506	16304.878883565898	1.833139858743157e-09
249.62462462462463	0.29286247584970493	16283.8638941959	1.8378789640799116e-09
249.8998998998999	0.2930189981315054	16262.875990707713	1.8426306136430115e-09
250.17517517517518	0.293174489649298	16241.915138190425	1.8473947134366973e-09
250.45045045045046	0.2933366361436671	16220.981301778158	1.8521713182557182e-09
250.72572572572574	0.29351969597992517	16200.074446650025	1.85696066215065e-09
251.00100100100101	0.2936346862025266	16179.19453802967	1.8617617306602504e-09
251.2762762762763	0.29361545077815193	16158.341541185293	1.866573030187712e-09
251.55155155155157	0.29365918292005155	16137.515421430644	1.871396249444788e-09
251.82682682682685	0.2938754216478527	16116.716144124624	1.8762339030932794e-09
252.10210210210212	0.29402504519332184	16095.943674669832	1.881084391539544e-09
252.3773773773774	0.29405433311028367	16075.197978513237	1.8859460180724646e-09
252.65265265265268	0.2942240403800646	16054.479021147394	1.890821218611679e-09
252.92792792792793	0.29454012333028834	16033.786768109367	1.8957116000115838e-09
253.2032032032032	0.294786887781228	16013.12118497976	1.900615286203716e-09
253.47847847847848	0.29492839530159365	15992.482237383403	1.9055306447601623e-09
253.75375375375376	0.2950251071426247	15971.869890989676	1.910457486834212e-09
254.02902902902903	0.2951208193651719	15951.28411151238	1.915396295343297e-09
254.3043043043043	0.2952530430054841	15930.72486470966	1.9203478870973184e-09
254.5795795795796	0.2954566069487559	15910.19211638395	1.925313252244234e-09
254.85485485485486	0.2957205100112189	15889.685832381718	1.93029286967358e-09
255.13013013013014	0.29595730664365777	15869.205978593087	1.9352858641858983e-09
255.40540540540542	0.29614726417198917	15848.752520952063	1.9402914391466812e-09
255.6806806806807	0.2963505206368507	15828.325425436813	1.9453099323874824e-09
255.95595595595597	0.29661424107069656	15807.92465806955	1.950342208746661e-09
256.2312312312313	0.2969567940116144	15787.550184916365	1.955389067485702e-09
256.5065065065065	0.2972821633582516	15767.201972086681	1.9604497039597207e-09
256.7817817817818	0.2974833972645917	15746.879985733156	1.965522170860215e-09
257.0570570570571	0.2975831567368516	15726.584192052173	1.970605588049626e-09
257.3323323323324	0.2976681956649336	15706.314557284035	1.975700613105686e-09
257.60760760760763	0.2978938472983181	15686.071047713227	1.980809800633333e-09
257.8828828828829	0.298196285085111	15665.853629667412	1.9859338625845583e-09
258.15815815815813	0.2982346207558329	15645.662269516224	1.9910685460563674e-09
258.43343343343344	0.2981040994192951	15625.496933673021	1.996212551120705e-09
258.70870870870874	0.29821622760843997	15605.357588596218	2.0013707878278122e-09
258.983983983984	0.29848507618672904	15585.244200787109	2.0065451100217302e-09
259.25925925925924	0.2986426914277729	15565.156736789002	2.0117329472953747e-09
259.53453453453454	0.2987718189913562	15545.095163188686	2.0169338819215893e-09
259.80980980980985	0.29898555760486045	15525.05944661651	2.0221492505415935e-09
260.0850850850851	0.29919174445486435	15505.04955374545	2.0273786013050173e-09
260.36036036036035	0.2993004363662529	15485.065451291019	2.0326204076641155e-09
260.63563563563565	0.2992880746035441	15465.107106011532	2.0378734085299357e-09
260.91091091091096	0.29924409575774347	15445.17448470855	2.0431380944588985e-09
261.1861861861862	0.2993473947654594	15425.267554227214	2.048417304894039e-09
261.46146146146145	0.2995596958433432	15405.386281455201	2.0537122650656033e-09
261.73673673673676	0.2997275978931717	15385.530633322218	2.059021571174157e-09
262.01201201201206	0.29984531052207786	15365.700576800571	2.0643442906911506e-09
262.2872872872873	0.2999470088948905	15345.896078905284	2.0696803490063587e-09
262.56256256256256	0.3000088266273375	15326.117106693791	2.0750293722118283e-09
262.8378378378378	0.30003828726539417	15306.363627266013	2.0803912493651787e-09
263.1131131131131	0.30013206669844367	15286.635607764696	2.085767310072756e-09
263.3883883883884	0.3003159204597323	15266.933015375093	2.09115875825119e-09
263.66366366366367	0.3005148390761887	15247.255817324383	2.096565271823612e-09
263.9389389389389	0.3006937993841604	15227.603980881839	2.1019861631671186e-09
264.2142142142142	0.30085364823299615	15207.977473358917	2.107421036143994e-09
264.48948948948953	0.30099188891890066	15188.376262109208	2.112869624907424e-09
264.7647647647648	0.30109713903875795	15168.800314528335	2.118331614233364e-09
265.04004004004	0.3011274866062173	15149.249598053731	2.1238062134778852e-09
265.31531531531533	0.3010964600311018	15129.724080164875	2.129293143759581e-09
265.59059059059064	0.3011819841041934	15110.223728383977	2.134794842320372e-09
265.8658658658659	0.3014419809690974	15090.74851027536	2.1403136722521188e-09
266.14114114114113	0.30171011566410305	15071.298393444402	2.1458486658495618e-09
266.41641641641644	0.3019276801237741	15051.87334553797	2.151398383261507e-09
266.69169169169174	0.30215217568233566	15032.473334244902	2.1569628015560914e-09
266.966966966967	0.30236930686645946	15013.098327295605	2.1625417108563377e-09
267.24224224224224	0.3025319168216427	14993.748292461869	2.1681343008748475e-09
267.5175175175175	0.3026665591341794	14974.423197557138	2.173740480618219e-09
267.7927927927928	0.3028092533499647	14955.123010436508	2.179360740969943e-09
268.0680680680681	0.3029399668724217	14935.847698996411	2.1849950993459627e-09
268.34334334334335	0.3030646500424268	14916.597231174703	2.1906436686982504e-09
268.6186186186186	0.303259024157781	14897.371574950901	2.1963076608695734e-09
268.8938938938939	0.30348172420034786	14878.170698345608	2.2019872170104255e-09
269.1691691691692	0.3035567673387934	14858.994569419825	2.2076798073656975e-09
269.44444444444446	0.30352335360258476	14839.843156275901	2.2133844806138422e-09
269.7197197197197	0.30355905549212947	14820.716427058114	2.219103330199862e-09
269.994994994995	0.3036400278676087	14801.61434995171	2.2248372939184493e-09
270.2702702702703	0.303696462143985	14782.536893182596	2.2305859084077183e-09
270.54554554554556	0.30385431015034414	14763.48402501826	2.2363508100817123e-09
270.8208208208208	0.3041623407644183	14744.455713767311	2.242133758669698e-09
271.0960960960961	0.3043559219682133	14725.451927777935	2.247931832699686e-09
271.3713713713714	0.3043434889453906	14706.472635438684	2.253741866662514e-09
271.6466466466467	0.3043528182425253	14687.517805179936	2.2595654041949105e-09
271.9219219219219	0.30445732065664793	14668.58740547312	2.265404524001845e-09
272.19719719719717	0.30457265286038365	14649.681404829897	2.2712592232308476e-09
272.4724724724725	0.3046908609816036	14630.799771802458	2.2771293943054304e-09
272.7477477477478	0.30484528368414837	14611.942474983733	2.283015500212758e-09
273.02302302302303	0.3050411101561735	14593.109483007118	2.288917920936211e-09
273.2982982982983	0.3052703161952646	14574.300764546424	2.29483678213053e-09
273.5735735735736	0.3055137326452823	14555.516288315728	2.3007718812740697e-09
273.8488488488489	0.305747163672326	14536.756023069329	2.3067227366161913e-09
274.12412412412414	0.3059420984382845	14518.019937601664	2.3126886277981045e-09
274.3993993993994	0.30609868985962096	14499.308000747367	2.3186691326040993e-09
274.6746746746747	0.30624751620620705	14480.620181381404	2.3246644837673017e-09
274.94994994995	0.30638413890031024	14461.956448418841	2.330674768594649e-09
275.22522522522524	0.30648547069695786	14443.3167708147	2.3366996940472753e-09
275.5005005005005	0.30657826316516895	14424.70111756413	2.342739514210886e-09
275.7757757757758	0.3066955013434353	14406.109457702403	2.3487949162196284e-09
276.0510510510511	0.3068098513398108	14387.541760304595	2.354865905089368e-09
276.32632632632635	0.30691659368645396	14368.997994485615	2.360952425179929e-09
276.6016016016016	0.30709626440602783	14350.478129400566	2.3670557302210575e-09
276.87687687687685	0.307333799053648	14331.98213424423	2.3731763640710444e-09
277.15215215215215	0.30747314089270367	14313.509978250337	2.379312202874118e-09
277.42742742742746	0.3075510096692218	14295.061630692417	2.385462550746027e-09
277.7027027027027	0.3077586548149695	14276.63706088462	2.3916300409515043e-09
277.97797797797796	0.30807963610768313	14258.23623818053	2.397816033069123e-09
278.25325325325326	0.3083883461113051	14239.859131972611	2.4040193681876146e-09
278.52852852852857	0.30858371903608106	14221.505711692256	2.410237743682146e-09
278.8038038038038	0.3086258180519763	14203.175946810046	2.4164691349013447e-09
279.07907907907907	0.3086302877746557	14184.869806836508	2.422714176484077e-09
279.35435435435437	0.3087173989295348	14166.587261322073	2.4289752000178768e-09
279.6296296296297	0.3089584289664839	14148.328279856802	2.4352547894379406e-09
279.9049049049049	0.3092320786571373	14130.092832069346	2.441552577495843e-09
280.1801801801802	0.30924753709794295	14111.880887625959	2.44786365598393e-09
280.4554554554555	0.3091131430657723	14093.692416232549	2.454186807080617e-09
280.7307307307308	0.3091526047912577	14075.52738763578	2.4605265577081133e-09
281.00600600600603	0.30931921713533633	14057.385771621062	2.4668849185472736e-09
281.2812812812813	0.3094517994251038	14039.267538011909	2.4732605016229734e-09
281.5565565565566	0.3095258068111361	14021.172656670593	2.479652079797753e-09
281.83183183183183	0.3095681876133046	14003.10109749838	2.486059364732396e-09
282.10710710710714	0.30964702509915587	13985.05283043568	2.4924833153531495e-09
282.3823823823824	0.30977179572598296	13967.027825461711	2.4989246878497844e-09
282.6576576576577	0.309871172679562	13949.026052593998	2.5053827826775322e-09
282.93293293293294	0.3099536255220175	13931.047481888752	2.511857332074481e-09
283.20820820820825	0.3100856659549049	13913.09208344115	2.51834929294718e-09
283.4834834834835	0.3102259878823268	13895.159827384683	2.524858578524773e-09
283.75875875875874	0.31028955375829387	13877.250683890881	2.5313837381833853e-09
284.03403403403405	0.31024797277691524	13859.364623169555	2.53792343180568e-09
284.3093093093093	0.3101449978564205	13841.501615469166	2.5444775876691255e-09
284.5845845845846	0.3101752749867597	13823.66163107755	2.5510494385140066e-09
284.85985985985985	0.3104193652584432	13805.844640321324	2.55764232373909e-09
285.13513513513516	0.31072738932545285	13788.050613564501	2.564255770320348e-09
285.4104104104104	0.3109962892366346	13770.279521208762	2.5708877743942967e-09
285.6856856856857	0.3111983887141306	13752.531333693758	2.577536673201173e-09
285.96096096096096	0.31136432776377143	13734.806021497432	2.5842019953844567e-09
286.23623623623627	0.3115461132073559	13717.103555136042	2.5908843539140005e-09
286.5115115115115	0.3117135511889735	13699.4239051637	2.5975836242417797e-09
286.7867867867868	0.3118231161153447	13681.767042172205	2.604299006943217e-09
287.06206206206207	0.3118952038094328	13664.132936791395	2.611030381097125e-09
287.3373373373374	0.31197505777263107	13646.5215596892	2.617778461696746e-09
287.6126126126126	0.3121285980556068	13628.932881571744	2.6245448275564927e-09
287.8878878878879	0.3123627689007359	13611.366873182928	2.631330573357721e-09
288.1631631631632	0.31260822805698607	13593.823505303992	2.6381351901093446e-09
288.4384384384384	0.31282212828503764	13576.302748753587	2.644957651980147e-09
288.71371371371373	0.3129970573498216	13558.80457438793	2.651797229428149e-09
288.988988988989	0.31321150576823414	13541.328953101263	2.6586548553901777e-09
289.2642642642643	0.3135403996564283	13523.875855825749	2.665532409058191e-09
289.53953953953953	0.3138589130630058	13506.44525353032	2.6724288816343046e-09
289.81481481481484	0.3140521847204583	13489.037117220667	2.679341690394594e-09
290.0900900900901	0.31417910460855164	13471.651417940202	2.686270317633103e-09
290.3653653653654	0.3143263797614304	13454.288126770125	2.693215976291166e-09
290.64064064064064	0.31457261732252173	13436.947214829384	2.700180786830043e-09
290.91591591591595	0.31482862425265556	13419.628653273629	2.707164489081629e-09
291.1911911911912	0.3148754664049679	13402.332413294433	2.7141631126340132e-09
291.4664664664665	0.3148380471803375	13385.058466121209	2.721176466818041e-09
291.74174174174175	0.3149874610870821	13367.80678302203	2.7282092156605984e-09
292.01701701701705	0.31522934976226735	13350.577335301452	2.735262530662083e-09
292.2922922922923	0.31538710527884956	13333.370094299997	2.7423340226664296e-09
292.5675675675676	0.31545000089069186	13316.185031395058	2.749422080728026e-09
292.84284284284286	0.3154843292547804	13299.022118001316	2.756526924171897e-09
293.1181181181181	0.31563514183626784	13281.881325571128	2.763651278157337e-09
293.3933933933934	0.31589085141680173	13264.762625593592	2.7707965998877385e-09
293.66866866866866	0.3160544182446617	13247.665989593408	2.777960275974357e-09
293.94394394394396	0.3161280032399392	13230.591389131965	2.7851407904641544e-09
294.2192192192192	0.3162491250948388	13213.538795808132	2.7923397088518064e-09
294.4944944944945	0.31639612147344337	13196.508181257248	2.799557603735189e-09
294.76976976976977	0.3164959848405179	13179.499517150794	2.806793526994376e-09
295.0450450450451	0.316570620437476	13162.51277519687	2.814047320528909e-09
295.3203203203203	0.3166757723376	13145.547927140406	2.821319913249332e-09
295.5955955955956	0.31688623115819076	13128.604944763169	2.828613237078456e-09
295.8708708708709	0.3171655946615311	13111.683799883112	2.835927816910128e-09
296.1461461461462	0.31731858622181364	13094.78446435331	2.8432604458760287e-09
296.4214214214214	0.31737536188299814	13077.906910063302	2.8506097634563685e-09
296.69669669669673	0.31755553345340054	13061.051108940199	2.8579789704304324e-09
296.971971971972	0.317778850367891	13044.217032946804	2.865368545606759e-09
297.2472472472473	0.3178531179803346	13027.404654080878	2.87277528199116e-09
297.52252252252254	0.31792578634755597	13010.613944377194	2.8801999726284455e-09
297.7977977977978	0.31816017220631787	12993.844875907547	2.887646112023028e-09
298.0730730730731	0.318408067842738	12977.097420778837	2.8951130939723263e-09
298.34834834834834	0.3185651158989494	12960.371551133268	2.9025986532644483e-09
298.62362362362364	0.3187196262740114	12943.6672391495	2.9101030810479545e-09
298.8988988988989	0.3189015683572628	12926.984457042228	2.9176271257577275e-09
299.1741741741742	0.3190523826699877	12910.323177061604	2.9251701710306636e-09
299.44944944944945	0.31914075246319	12893.683371493351	2.932731284849793e-09
299.72472472472475	0.31915810502388464	12877.065012658844	2.9403097656455084e-09
300.0	0.31909634551495014	12860.468072915097	2.947905055749837e-09
