0.0008796947493086053	3.125523966940165	7905.637024637862	6.456429697469461	0.008299110220759113
25.0	0.02259136212624585	33212.0	10.0
25.275275275275277	0.022986895439126062	33625.805671533766	9.599688186326743
25.55055055055055	0.02341227701367446	34027.585867554255	9.208436854836064
25.825825825825827	0.023967215727522435	34419.59649986618	8.824423892976379
26.1011011011011	0.02447407256288863	34800.43937938263	8.448810748112779
26.376376376376378	0.024885529878740896	35168.091524846655	8.08327233782505
26.65165165165165	0.02538512362226731	35523.95703714051	7.7266852069550715
26.926926926926928	0.02598365014283858	35869.375446916296	7.377976076129044
27.2022022022022	0.026538673713987423	36203.253524702275	7.038058309895274
27.47747747747748	0.027030772522737636	36524.3946340717	6.7079318643965875
27.75275275275275	0.027501505512925874	36832.40348854333	6.387943706647313
28.02802802802803	0.02795149226080996	37126.98848703077	6.078356763757607
28.303303303303302	0.028388715860148645	37408.04572093833	5.779281041057982
28.57857857857858	0.028881481897568114	37676.347175901865	5.490110563798849
28.853853853853856	0.029449924568499115	37932.781504816325	5.2101425238337065
29.12912912912913	0.03001307951077693	38177.21907078133	4.939505059484767
29.404404404404403	0.03057570621519281	38409.62958988459	4.678245315597744
29.67967967967968	0.031236037469615677	38630.96529647485	4.425607137343993
29.954954954954957	0.03196278748407746	38841.71932332597	4.181207977394311
30.23023023023023	0.03264311257772123	39041.32378949079	3.9455319074587507
30.505505505505504	0.033219592128341774	39228.88902661761	3.719327170091154
30.78078078078078	0.03368409517246817	39403.703661954845	3.5031978857429444
31.056056056056057	0.034127077539124535	39565.93503831901	3.2970310199570374
31.33133133133133	0.03462347613673726	39716.30371188584	3.100260890319957
31.606606606606608	0.03516272272385993	39855.38210587968	2.912441590599485
31.88188188188188	0.03572685608431328	39983.58029251817	2.733258894034684
32.15715715715716	0.036303865758426486	40101.21896745886	2.5624708873407016
32.432432432432435	0.036890603060071574	40208.59968492145	2.399850710061882
32.70770770770771	0.037488456318224166	40306.0326255602	2.245163885794801
32.98298298298298	0.03807752463689614	40393.7369513412	2.098249781298708
33.25825825825826	0.03863669813072117	40471.86588827582	1.9590012674700292
33.533533533533536	0.03919161335080618	40540.71944705135	1.8271909104649213
33.808808808808806	0.03977074988047695	40600.713390871424	1.702496071136055
34.08408408408408	0.04037073759995939	40652.23057456035	1.584620242173926
34.35935935935936	0.040945946857160326	40695.49175395137	1.4733987429732454
34.63463463463464	0.04139520806709432	40730.444049868136	1.3688902204686575
34.90990990990991	0.0417566096328136	40757.2492672621	1.270977883021231
35.18518518518518	0.042203701931413755	40776.57438584786	1.179131577951227
35.46046046046046	0.04275955077736224	40789.05896982456	1.09284232396703
35.73573573573574	0.04335413002276137	40795.10039072855	1.0117979763013074
36.01101101101101	0.043957697004900216	40795.00572797282	0.9357594764809736
36.286286286286284	0.04454913510715092	40789.03437589459	0.864526182992261
36.56156156156156	0.04508153388197333	40777.36868261481	0.7979599684143545
36.83683683683684	0.04555354801210107	40760.21643466681	0.7359015637150528
37.112112112112115	0.046068737767838534	40737.9602144125	0.6780483896315338
37.38738738738739	0.04665549573154659	40710.98866523541	0.6240921968411063
37.66266266266266	0.04723502467333604	40679.55070959944	0.5738382545486574
37.93793793793794	0.047810297982830346	40643.89481982549	0.5270917354027943
38.213213213213216	0.04844286735638537	40604.32821324721	0.48360931480487207
38.488488488488485	0.04910250785782969	40561.10064072234	0.4431940826484125
38.76376376376376	0.04972515202122493	40514.39033463784	0.4057071404322652
39.03903903903904	0.050297397352893965	40464.37040017562	0.37101344931650676
39.314314314314316	0.05082123701431153	40411.22228480745	0.33897082619702534
39.58958958958959	0.051301270349211774	40355.13390114545	0.30943146297362134
39.86486486486486	0.051747708001146135	40296.299212084996	0.282242253665361
40.14014014014014	0.05218058126349865	40234.919029154546	0.2572441303085002
40.41541541541542	0.05265564620834837	40171.21304916575	0.23426220822419416
40.690690690690694	0.053252683565148264	40105.4180589124	0.21310721866281299
40.965965965965964	0.05394538939008049	40037.72846759895	0.19362410129526025
41.24124124124124	0.05464376068560987	39968.28174584478	0.17570398936772932
41.51651651651652	0.05526261533586841	39897.17944163213	0.15926713211677887
41.791791791791795	0.05575879490316744	39824.51444861717	0.14424066555623147
42.06706706706707	0.05622244372894645	39750.41297776436	0.13052430989636765
42.34234234234234	0.05672926931010091	39675.015428862884	0.11800594796766957
42.61761761761762	0.057271797511861115	39598.44730619169	0.10658537995408511
42.892892892892895	0.05784875481330499	39520.82279731607	0.09617142495436674
43.168168168168165	0.058474749543187494	39442.24900686854	0.08667848029638404
43.44344344344344	0.05911553493324925	39362.81725173013	0.07803365240603112
43.71871871871872	0.0597070384691872	39282.602556196995	0.0701771990941726
43.993993993993996	0.06024133689326383	39201.67676815492	0.06305183532569582
44.26926926926927	0.06073984294775045	39120.11218984933	0.05659977038044052
44.54454454454455	0.061238433260095884	39037.98129138348	0.05076294125634802
44.81981981981982	0.06175165408145589	38955.35241385803	0.04548652575679369
45.0950950950951	0.062232822779393286	38872.283943230614	0.0407237140636461
45.37037037037037	0.06269945168465137	38788.832066779396	0.036429385106785235
45.645645645645644	0.06327110380210356	38705.05726262361	0.032554804361808375
45.92092092092092	0.06390270703760056	38621.00954315475	0.02905968185428144
46.1961961961962	0.06441257101488158	38536.72342272561	0.025916306527003705
46.471471471471475	0.06485416297494637	38452.23596513673	0.02309481825508483
46.74674674674675	0.06538425026465047	38367.58932488152	0.020561125137551723
47.02202202202202	0.06597413709603776	38282.819341727045	0.018286219909688473
47.2972972972973	0.0665572823639121	38197.95556953094	0.016246168198396287
47.572572572572575	0.06714812370411471	38113.02562729236	0.01441856251198256
47.847847847847845	0.06775306264517579	38028.054859171614	0.01278280385019175
48.12312312312312	0.06833478909549785	37943.065350647645	0.011320910438288586
48.3983983983984	0.06888675198334364	37858.07733158902	0.010016376554240198
48.673673673673676	0.06943750119283669	37773.11000413291	0.008853499043947083
48.94894894894895	0.06994014029323686	37688.179996610605	0.007818643477003062
49.22422422422423	0.07031903990056626	37603.3015421543	0.006900102949160725
49.4994994994995	0.07068362045717957	37518.48962300446	0.006085531408215919
49.77477477477478	0.07117581222232504	37433.759371924105	0.0053624316434729095
50.05005005005005	0.07174644522176436	37349.12324729928	0.0047204650291607034
50.32532532532532	0.07231741592869294	37264.591420533034	0.004151139780819839
50.6006006006006	0.07285627842296935	37180.172802104884	0.003646996595249095
50.87587587587588	0.07336466263222559	37095.875481227464	0.003201185226997901
51.151151151151154	0.07388146831515448	37011.70702876966	0.002807289000100531
51.42642642642643	0.07441126613216037	36927.674202653056	0.0024595418166664497
51.70170170170171	0.07492905187937453	36843.78287769322	0.0021528870423644787
51.97697697697698	0.07543882041693878	36760.038317074686	0.0018827571788101567
52.252252252252255	0.07595833130270853	36676.445264584734	0.0016449995903418343
52.527527527527525	0.07649266654033972	36593.00791728496	0.0014358998205597346
52.8028028028028	0.07704309737111016	36509.72996376685	0.0012521513336979867
53.07807807807808	0.07761160400479782	36426.61463895558	0.0010908116537955966
53.353353353353356	0.07818258520474029	36343.66473476316	0.0009492945009004156
53.62862862862863	0.07871118884829148	36260.88261403188	0.0008253592156792271
53.90390390390391	0.07920860539048104	36178.27038591997	0.0007169681587135715
54.17917917917918	0.07974451679841506	36095.82999189285	0.0006222168796436424
54.454454454454456	0.0803172382210346	36013.56308082278	0.0005394365727521405
54.729729729729726	0.08088249914889938	35931.471004059764	0.00046719866019047856
55.005005005005	0.081445586409303	35849.554921173585	0.0004042288753092392
55.28028028028028	0.08201182717463965	35767.81581648979	0.00034939410442370823
55.55555555555556	0.0825093398033191	35686.25446450416	0.000301731002087559
55.830830830830834	0.08291620613104499	35604.871508453194	0.0002603821559962454
56.10610610610611	0.08336008190949964	35523.667549341895	0.00022452353106102991
56.38138138138139	0.08389943523181378	35442.64307920474	0.00019341911158902536
56.65665665665666	0.08447196804988273	35361.79843831831	0.00016645612067458506
56.931931931931935	0.08500960496514753	35281.133853591244	0.00014310684182920963
57.20720720720721	0.0854636340081969	35200.649456581006	0.00012293250190828684
57.48248248248248	0.08593241440839154	35120.34534951406	0.00010551334573861495
57.75775775775776	0.08653393343138156	35040.22159129957	9.046486204272035e-05
58.033033033033036	0.0871181169193882	34960.27814417938	7.748143220549718e-05
58.30830830830831	0.08756184330228105	34880.51490804241	6.630845805631728e-05
58.58358358358358	0.08804327848662806	34800.93177540122	5.6697574511731275e-05
58.85885885885886	0.08863870466283695	34721.52860535445	4.842792790055172e-05
59.134134134134136	0.08917091791298289	34642.30520073526	4.1324866863280776e-05
59.40940940940941	0.0895864262090748	34563.26133613937	3.5237136571959737e-05
59.68468468468468	0.08998085451552916	34484.3967729208	3.0024687062218932e-05
59.95995995995996	0.09040615000862547	34405.71125334133	2.556346184121731e-05
60.23523523523524	0.0908705207874587	34327.20449908671	2.1746620643040933e-05
60.510510510510514	0.09131097960120482	34248.87621115198	1.8484613081198853e-05
60.78578578578579	0.09167823233044572	34170.72607490495	1.5701025903989122e-05
61.06106106106106	0.09206816764547962	34092.753767593735	1.332671889355356e-05
61.33633633633634	0.09253958937448704	34014.95895700029	1.1301378897570597e-05
61.611611611611615	0.09300794014785937	33937.34129860519	9.575322384446786e-06
61.88688688688689	0.09347051021757873	33859.90044026651	8.105726644765922e-06
62.16216216216216	0.09404325376187973	33782.63602528185	6.854251942487565e-06
62.43743743743744	0.09469859288080403	33705.5476900354	5.788843069301865e-06
62.712712712712715	0.09530164297747962	33628.63506423329	4.883435552174729e-06
62.98798798798799	0.09581958912367987	33551.897774008416	4.1155226979198035e-06
63.26326326326326	0.0962733354204704	33475.33544306736	3.4652789518041113e-06
63.53853853853854	0.09669670081145042	33398.94769300552	2.915323145859682e-06
63.813813813813816	0.09711909933819901	33322.73414347587	2.450582473851885e-06
64.0890890890891	0.09754859934677142	33246.69441232866	2.0581575946821196e-06
64.36436436436436	0.0979771294183291	33170.82811963321	1.7271560535623334e-06
64.63963963963964	0.09837700230290597	33095.13488584414	1.4483536470435062e-06
64.91491491491492	0.09873114247762277	33019.61432574312	1.2137921226089383e-06
65.1901901901902	0.09904189594023641	32944.266053594045	1.016659624258549e-06
65.46546546546547	0.09938935168445939	32869.08968347115	8.510212743499822e-07
65.74074074074073	0.09986090031547881	32794.08482931514	7.117742241052863e-07
66.01601601601601	0.10031425066169747	32719.251104708273	5.948355725339828e-07
66.29129129129129	0.10063474304257392	32644.588123249378	4.968336213420923e-07
66.56656656656656	0.10107942978332428	32570.095499099018	4.14656842214761e-07
66.84184184184184	0.10176240620195008	32495.77284673348	3.456572292624486e-07
67.11711711711712	0.10236534372424237	32421.619780718527	2.87837931176347e-07
67.3923923923924	0.10276206477599993	32347.635916098305	2.395315806697536e-07
67.66766766766767	0.10311573562027387	32273.82086861448	1.9921823685667008e-07
67.94294294294295	0.10350345032921733	32200.174254630492	1.6558713753769387e-07
68.21821821821823	0.10392522836186344	32126.695691123645	1.3754233828100946e-07
68.4934934934935	0.10438718631016305	32053.384795728485	1.1416595795208853e-07
68.76876876876878	0.10489195932296956	31980.241186769206	9.469031925617105e-08
69.04404404404404	0.10541155452667553	31907.26448328274	7.847771977053997e-08
69.31931931931932	0.10591619527591228	31834.454305046424	6.499633301526487e-08
69.5945945945946	0.10639274083907643	31761.810272601662	5.3799370486050616e-08
69.86986986986987	0.10686030293390307	31689.332007272053	4.450875845609299e-08
70.14514514514515	0.10737749920815501	31617.01913117588	3.680341282259528e-08
70.42042042042041	0.10789702530198304	31544.871267224742	3.0418934614603885e-08
70.69569569569569	0.10828501759217488	31472.888039130903	2.5139987100716328e-08
70.97097097097097	0.10855829410338085	31401.069071427104	2.0782580141023852e-08
71.24624624624624	0.10882465385256582	31329.4139894722	1.718793313731804e-08
71.52152152152152	0.10920633027083368	31257.922419450933	1.4221170723058146e-08
71.7967967967968	0.10974503521395597	31186.59398837219	1.1771198942897688e-08
72.07207207207207	0.1102143591964882	31115.428324066186	9.751271102587219e-09
72.34734734734735	0.11049845182471651	31044.42505519363	8.089988372445912e-09
72.62262262262263	0.11078541837074139	30973.583811252363	6.724431412012069e-09
72.8978978978979	0.11117395597274186	30902.904222573678	5.601686776240752e-09
73.17317317317318	0.11162340252206909	30832.38592032015	4.67885958715459e-09
73.44844844844846	0.11212472778982577	30762.028536486676	3.920742572928523e-09
73.72372372372374	0.11268094719634639	30691.831703900385	3.2983207508550757e-09
73.998998998999	0.11318120258856208	30621.795056219376	2.7881491762422225e-09
74.27427427427428	0.11353280176810436	30551.918227932514	2.3709569616153013e-09
74.54954954954955	0.11391600037701213	30482.200854359846	2.0300171959801937e-09
74.82482482482483	0.11443706932492362	30412.642571650347	1.7513674353463417e-09
75.1001001001001	0.11486850442113072	30343.24301677929	1.5240965810080619e-09
75.37537537537537	0.11513447647233922	30274.00182754795	1.3392098274042634e-09
75.65065065065065	0.115437944721051	30204.918642582867	1.1889197126697387e-09
75.92592592592592	0.11585920554881655	30135.99310133365	1.0667960160772617e-09
76.2012012012012	0.11634290222561205	30067.22484407105	9.676790414088246e-10
76.47647647647648	0.11675734696551524	29998.613511885298	8.874421804112197e-10
76.75175175175175	0.1169949386293407	29930.158746684574	8.227215989428242e-10
77.02702702702703	0.11727413483869471	29861.860191193886	7.706169543620688e-10
77.30230230230231	0.11777559774955368	29793.71748895314	7.28714144688309e-10
77.57757757757759	0.11825461362682985	29725.730284314708	6.951510180759433e-10
77.85285285285286	0.11857145524237438	29657.898222441923	6.684254380157505e-10
78.12812812812814	0.11890899293866304	29590.22094930778	6.472561057496765e-10
78.40340340340342	0.11932499440191056	29522.69811169292	6.305937696263856e-10
78.67867867867868	0.1197137150642862	29455.329357183655	6.176007788966982e-10
78.95395395395396	0.12009040921413183	29388.11433417027	6.07590692316065e-10
79.22922922922923	0.12053386255859071	29321.052691845383	5.999991067025988e-10
79.50450450450451	0.12096293363894237	29254.1440802019	5.943732225098412e-10
79.77977977977977	0.12128285767912583	29187.388150031165	5.903465815832563e-10
80.05505505505505	0.12159799259834934	29120.78455292149	5.876156763611564e-10
80.33033033033033	0.12200343863242581	29054.33294125628	5.859331287799705e-10
80.6056056056056	0.12246713027061401	28988.032968212065	5.851004678214784e-10
80.88088088088088	0.12291762346089456	28921.884287756686	5.849576435408418e-10
81.15615615615616	0.1232596428160433	28855.886554647434	5.853742706349887e-10
81.43143143143143	0.12350402908366455	28790.039424429433	5.862436139846113e-10
81.70670670670671	0.1237491927133834	28724.342553433908	5.87479529275216e-10
81.98198198198199	0.12406816452067407	28658.795598776414	5.890134303110155e-10
82.25725725725727	0.12448726000984577	28593.398218354945	5.907908042440729e-10
82.53253253253254	0.12487577790122727	28528.150070847983	5.927662417413887e-10
82.80780780780782	0.12513767730792416	28463.05081571276	5.94901489749302e-10
83.0830830830831	0.12540778181225334	28398.100113183755	5.971675771087455e-10
83.35835835835836	0.12576397121546173	28333.29762427089	5.995425782901643e-10
83.63363363363364	0.12612142948259333	28268.64301075749	6.020075350637166e-10
83.90890890890891	0.12642473640609325	28204.135935198632	6.04546200673886e-10
84.18418418418419	0.12666681665533233	28139.776060919397	6.071453354901561e-10
84.45945945945945	0.12685849142103856	28075.56305201317	6.097944776415044e-10
84.73473473473473	0.12702829424203438	28011.496573339853	6.124857691220832e-10
85.01001001001	0.1272527303595056	27947.57629052425	6.152144065670628e-10
85.28528528528528	0.12758163905532063	27883.80186995425	6.179775668659824e-10
85.56056056056056	0.12790353830315873	27820.172978778875	6.207708452509979e-10
85.83583583583584	0.1281515490593283	27756.689284906606	6.235893940957073e-10
86.11111111111111	0.12842711568183915	27693.350457003886	6.264313552426708e-10
86.38638638638639	0.128764598041954	27630.156164493274	6.292959522744557e-10
86.66166166166167	0.12909110310399943	27567.106077551605	6.321811159455577e-10
86.93693693693695	0.12943504370342307	27504.19986710839	6.350857784030294e-10
87.21221221221222	0.12988040086996597	27441.437204844173	6.380108063147705e-10
87.4874874874875	0.13026130960244295	27378.81776318849	6.40953527682541e-10
87.76276276276278	0.13038550929837459	27316.341215318083	6.439078925041615e-10
88.03803803803804	0.13050078762338388	27254.007235155863	6.468741582422868e-10
88.31331331331332	0.13083859397702066	27191.815497369138	6.498572985590431e-10
88.58858858858859	0.13125229175987627	27129.765677367417	6.528582743200057e-10
88.86386386386387	0.13162423383876798	27067.857451300733	6.558754338799052e-10
89.13913913913915	0.13198204749417927	27006.090496058183	6.589080473415488e-10
89.41441441441442	0.1323485506951802	26944.464489266204	6.619560206799264e-10
89.68968968968969	0.13272616416193644	26882.9791092869	6.650193424722927e-10
89.96496496496496	0.13308713580818707	26821.63403521628	6.680974389476582e-10
90.24024024024024	0.13340928830672055	26760.428946882603	6.711894062619221e-10
90.51551551551552	0.13380808831557364	26699.36352484493	6.742969546023116e-10
90.7907907907908	0.13435296073059064	26638.43745039139	6.774229025990323e-10
91.06606606606607	0.1347894091514988	26577.650405536984	6.805641551261226e-10
91.34134134134135	0.13498523710629118	26517.002073022177	6.837155092183049e-10
91.61661661661662	0.13518440922893546	26456.492136311746	6.868780020346387e-10
91.8918918918919	0.13550323455919336	26396.120279592975	6.900549150237891e-10
92.16716716716716	0.13585549748991904	26335.886187773693	6.932470322458656e-10
92.44244244244244	0.13626730918809413	26275.78954648077	6.964555382743078e-10
92.71771771771772	0.13682845279483863	26215.83004205863	6.996832808697313e-10
92.992992992993	0.13739630133983666	26156.007361567237	7.029294851699004e-10
93.26826826826827	0.13778419050917642	26096.321192780357	7.061895906015614e-10
93.54354354354355	0.13808057894436418	26036.77122418439	7.094619153004769e-10
93.81881881881883	0.13839930258147135	25977.357144976773	7.127475795213846e-10
94.0940940940941	0.13873124352501504	25918.07864506416	7.160472828223105e-10
94.36936936936937	0.13906029110727847	25858.935415060812	7.193612450140673e-10
94.64464464464464	0.13938688469804858	25799.927146286987	7.226896632529354e-10
94.91991991991992	0.13967848744058556	25741.053530767294	7.26032010179318e-10
95.1951951951952	0.13988336722006117	25682.31426122905	7.293867773997939e-10
95.47047047047047	0.14007942741261567	25623.709031100865	7.32754475040355e-10
95.74574574574575	0.1403884170539636	25565.23753451113	7.361381435049509e-10
96.02102102102103	0.1407588387765094	25506.899466286148	7.39539064892102e-10
96.2962962962963	0.14109945096744253	25448.69452194848	7.429562805976415e-10
96.57157157157158	0.1413833296307527	25390.622397715433	7.463884726268781e-10
96.84684684684684	0.14162541724684444	25332.682790497573	7.498349525430485e-10
97.12212212212212	0.14189424842258047	25274.875397897205	7.532966933455081e-10
97.3973973973974	0.14222016815956035	25217.19991820674	7.567751340604077e-10
97.67267267267268	0.142581777379455	25159.65605040706	7.602709448735656e-10
97.94794794794795	0.14294924108441487	25102.243494165898	7.637840094121441e-10
98.22322322322323	0.14329646451529154	25044.961949836295	7.673136792217271e-10
98.4984984984985	0.14365242253659824	24987.811118455116	7.708601051300568e-10
98.77377377377378	0.1440452266487178	24930.790701741505	7.744240421313453e-10
99.04904904904905	0.14440226951068508	24873.90040209517	7.780044864151498e-10
99.32432432432432	0.1446753796095731	24817.139922594808	7.815996074762643e-10
99.5995995995996	0.1449342376195061	24760.50896699683	7.852095501781382e-10
99.87487487487488	0.14521579699751946	24704.007239733706	7.888352666248024e-10
100.15015015015015	0.145485419619335	24647.634445912332	7.92476739149041e-10
100.42542542542543	0.14570678187956881	24591.390291312488	7.961331582815467e-10
100.70070070070071	0.14585847342622282	24535.274482385295	7.998034322828164e-10
100.97597597597598	0.14602634051836416	24479.286726251903	8.034886603183722e-10
101.25125125125126	0.14631591238298472	24423.426730701984	8.071920911525763e-10
101.52652652652652	0.14663182947979342	24367.694204191852	8.10914104808633e-10
101.8018018018018	0.14686155880708973	24312.08885584293	8.146524622178108e-10
102.07707707707708	0.14703749603584176	24256.61039544046	8.184061837822131e-10
102.35235235235236	0.147249703777304	24201.258533432123	8.221765813493198e-10
102.62762762762763	0.14763619610938822	24146.032980926575	8.25967844161114e-10
102.90290290290291	0.1481524192605591	24090.933449691638	8.297822093050499e-10
103.17817817817819	0.14856558536685738	24035.959652152473	8.336160735968e-10
103.45345345345346	0.14886651856988592	23981.111301390443	8.374664659523027e-10
103.72872872872873	0.1491787258982519	23926.388111141874	8.413339647234607e-10
104.004004004004	0.1494516078737706	23871.789795796238	8.452178646220714e-10
104.27927927927928	0.1496103010900457	23817.31607039463	8.491159069627369e-10
104.55455455455456	0.14976516185435024	23762.96665062862	8.530289321323452e-10
104.82982982982983	0.1500111111086589	23708.741252838732	8.569598139989125e-10
105.10510510510511	0.15030902913761007	23654.63959401271	8.609098703967461e-10
105.38038038038039	0.15061226795827934	23600.66139178406	8.648790430838974e-10
105.65565565565566	0.15089201960620963	23546.806364430555	8.688666310189188e-10
105.93093093093094	0.15117549845649747	23493.074230872935	8.728727558413848e-10
106.2062062062062	0.15151774276970473	23439.46471067343	8.768988296062724e-10
106.48148148148148	0.15181365447941406	23385.977524034046	8.809434705720991e-10
106.75675675675676	0.1519349418878545	23332.612391795017	8.850025968060226e-10
107.03203203203203	0.15204738364650683	23279.369035433916	8.8907703568197e-10
107.30730730730731	0.1523147687538773	23226.247177064237	8.931713445188723e-10
107.58258258258259	0.15264066270577445	23173.2465394334	8.972867331508508e-10
107.85785785785787	0.1529360105658247	23120.366845921344	9.014220147156344e-10
108.13313313313314	0.1532027983153148	23067.607820539255	9.055763492995142e-10
108.4084084084084	0.15347045995971767	23014.96918792816	9.097498246614167e-10
108.68368368368368	0.15378301306888795	22962.45067335755	9.139435930915024e-10
108.95895895895896	0.15412815517970174	22910.052002723805	9.181582588767775e-10
109.23423423423424	0.1544580273922107	22857.772902548724	9.223931425905989e-10
109.50950950950951	0.15473240160353255	22805.613099978087	9.266467676579458e-10
109.78478478478479	0.15493794960017357	22753.572322780277	9.309177034279356e-10
110.06006006006007	0.15514659403818504	22701.650299345067	9.352066392463006e-10
110.33533533533534	0.155408100718452	22649.846758682113	9.395153424821064e-10
110.61061061061062	0.15568534648550528	22598.16143041941	9.438442683403753e-10
110.88588588588588	0.15596679515531364	22546.59404480192	9.481935011801612e-10
111.16116116116116	0.15628669023215866	22495.144332690223	9.525639750832291e-10
111.43643643643644	0.15665404145081738	22443.812025559095	9.569566472390468e-10
111.71171171171171	0.15704752578654943	22392.596855496045	9.613717380628611e-10
111.98698698698699	0.15738287143023372	22341.498555199778	9.658073375858334e-10
112.26226226226227	0.15758614002053675	22290.516857978804	9.702601723504908e-10
112.53753753753755	0.15777108272759016	22239.65149775045	9.747306284190239e-10
112.81281281281282	0.15805877827161596	22188.9022090395	9.792220594125605e-10
113.08808808808809	0.15844427066699282	22138.268726976556	9.83736907220561e-10
113.36336336336336	0.15884264153747968	22087.75078729643	9.882749031927112e-10
113.63863863863864	0.15908474990177662	22037.348126336634	9.928315893818132e-10
113.91391391391392	0.1592412610034774	21987.060481036497	9.974054072323602e-10
114.1891891891892	0.15959449335763448	21936.88758893626	1.0020023768467715e-09
114.46446446446447	0.1600658654552347	21886.829188174917	1.0066250720385025e-09
114.73973973973975	0.16039159042524428	21836.885017488457	1.0112687222457565e-09
115.01501501501502	0.1605503545434949	21787.05481620901	1.0159292057050661e-09
115.2902902902903	0.16062729821710592	21737.33832426371	1.0206056179776416e-09
115.56556556556556	0.1607630297982427	21687.735282173522	1.0253009134289994e-09
115.84084084084084	0.16102949480778198	21638.245431051648	1.0300192022927007e-09
116.11611611611612	0.16133846935107723	21588.86851260191	1.0347613276611807e-09
116.3913913913914	0.16163055164360746	21539.604269117397	1.0395264085894984e-09
116.66666666666667	0.16190683790265786	21490.452443479287	1.0443138355019197e-09
116.94194194194195	0.16219341329223216	21441.412779155562	1.049123856383957e-09
117.21721721721723	0.16252136718392524	21392.48502019967	1.0539574983558979e-09
117.4924924924925	0.16283633491970775	21343.66891124901	1.0588141324657979e-09
117.76776776776778	0.16307531945934559	21294.964197523535	1.0636916528216185e-09
118.04304304304304	0.16330977753414846	21246.37062482479	1.0685903886447665e-09
118.31831831831832	0.16361193944215136	21197.887939534565	1.073512524806525e-09
118.5935935935936	0.16396360820548617	21149.51588861334	1.0784592453373442e-09
118.86886886886887	0.16432733029431001	21101.254219598937	1.0834304689076839e-09
119.14414414414415	0.16466048034928868	21053.102680605218	1.0884250244297282e-09
119.41941941941943	0.1649771139301511	21005.06102032085	1.0934424376752354e-09
119.6946946946947	0.16533275602908767	20957.128988008128	1.0984838691571127e-09
119.96996996996998	0.16565971954778994	20909.30633350136	1.1035483952562589e-09
120.24524524524524	0.16585819579088912	20861.592807205492	1.1086326640621099e-09
120.52052052052052	0.16605193731326	20813.98816009532	1.1137375374358753e-09
120.7957957957958	0.16637058079926728	20766.49214371423	1.1188671951682524e-09
121.07107107107107	0.1667148495361854	20719.104510172343	1.12402209181967e-09
121.34634634634635	0.1670062363569049	20671.82501214527	1.1292004579107229e-09
121.62162162162163	0.1672907787986093	20624.653402873108	1.134402258141759e-09
121.8968968968969	0.1675674242422423	20577.589436159076	1.139627465217085e-09
122.17217217217218	0.1677703583387468	20530.632866368025	1.1448742802722415e-09
122.44744744744746	0.1679181267379306	20483.78344842538	1.1501418988361018e-09
122.72272272272272	0.1680827150408805	20437.040937816007	1.1554317323804094e-09
122.997997997998	0.16826447314731036	20390.405090582753	1.160744867601627e-09
123.27327327327328	0.1684397162300618	20343.8756633251	1.166081483042613e-09
123.54854854854855	0.16861687095271558	20297.452413197996	1.171441973956388e-09
123.82382382382383	0.16882734517878004	20251.135097910632	1.1768275413456441e-09
124.0990990990991	0.1691365751899073	20204.92347572526	1.1822409459056031e-09
124.37437437437438	0.16955727858186628	20158.817305455817	1.1876846325437662e-09
124.64964964964966	0.17001710141105336	20112.816346466447	1.1931584090257024e-09
124.92492492492492	0.1704079962469852	20066.920358670122	1.198659108006223e-09
125.2002002002002	0.17061681124189643	20021.129102527393	1.2041812058375795e-09
125.47547547547548	0.1707262018178284	19975.442339045654	1.209722986961576e-09
125.75075075075075	0.1709034235383009	19929.859829778095	1.2152879703340458e-09
126.02602602602603	0.17119551098777577	19884.381336822164	1.2208801356733839e-09
126.30130130130131	0.17158034187291238	19839.00662281816	1.226501829247895e-09
126.57657657657658	0.171947146656345	19793.735450947726	1.2321516362013569e-09
126.85185185185186	0.17224239437624003	19748.567584932774	1.2378270000455073e-09
127.12712712712714	0.1725440721118551	19703.502789034614	1.2435283173457754e-09
127.4024024024024	0.1728986724284544	19658.540828052606	1.249257259608912e-09
127.67767767767768	0.17329675600879382	19613.68146732284	1.2550148185162162e-09
127.95295295295296	0.17365376966727944	19568.92447271665	1.2607992963931036e-09
128.22822822822823	0.17385866389083862	19524.269610639352	1.2666062346980161e-09
128.5035035035035	0.1739544673443184	19479.716648029425	1.2724336376362946e-09
128.7787787787788	0.1740386568528211	19435.265352357455	1.2782829183147107e-09
129.05405405405406	0.1741719599378755	19390.915491624837	1.2841569292928251e-09
129.32932932932934	0.17437790056008526	19346.666834362426	1.2900584971186877e-09
129.60460460460462	0.1746161844598589	19302.51914962918	1.295988544138856e-09
129.87987987987987	0.1748406850498622	19258.47220701095	1.3019464128532309e-09
130.15515515515517	0.1750145923502984	19214.525776619234	1.3079305545964539e-09
130.43043043043042	0.1751938212252657	19170.679629090355	1.3139415356525732e-09
130.70570570570572	0.17548553611668705	19126.933535584292	1.3199830255836381e-09
130.98098098098097	0.17576193611894497	19083.287267782893	1.3260539092092524e-09
131.25625625625628	0.17584974704764522	19039.7405978885	1.3321481642405258e-09
131.53153153153153	0.17595708099697027	18996.293298623896	1.3382677046927855e-09
131.80680680680683	0.1762521253782103	18952.945143230983	1.3444190863922274e-09
132.08208208208208	0.17645768234340053	18909.695905468347	1.3505986995381169e-09
132.35735735735736	0.17646025766561194	18866.54535961047	1.3568004497512606e-09
132.63263263263264	0.17654963669099	18823.493280447805	1.3630287954764493e-09
132.9079079079079	0.17678807120284723	18780.53944328492	1.3692889640335645e-09
133.1831831831832	0.17697490979003538	18737.683623938523	1.375578618730706e-09
133.45845845845847	0.17710636358628018	18694.925598736903	1.3818959637377653e-09
133.73373373373374	0.17729685384822283	18652.265144519104	1.3882432851689432e-09
134.00900900900902	0.1775504111106195	18609.70203863342	1.3946224239062627e-09
134.2842842842843	0.17783182739413625	18567.23605893614	1.4010336640888752e-09
134.55955955955955	0.17812286949657943	18524.866983790434	1.4074766799195956e-09
134.83483483483485	0.1784107677828565	18482.594592065165	1.4139508692785862e-09
135.1101101101101	0.17868564942682313	18440.418663133823	1.420455517986391e-09
135.3853853853854	0.17891841547640872	18398.33897687324	1.4269892172347694e-09
135.66066066066065	0.1790618511498751	18356.355313662432	1.4335494684942496e-09
135.93593593593596	0.1791856968779823	18314.467454381782	1.4401367096185783e-09
136.2112112112112	0.17943419807850275	18272.675180412178	1.4467559226798585e-09
136.4864864864865	0.17978287416016503	18230.978273633278	1.4534099973345906e-09
136.76176176176176	0.18013153637378612	18189.37651642223	1.4600978489622836e-09
137.03703703703704	0.18041867608613943	18147.86969165254	1.4668167367630366e-09
137.31231231231232	0.18063944799232132	18106.4575826932	1.4735645469460895e-09
137.5875875875876	0.1809093154226032	18065.139973407906	1.480343539056029e-09
137.86286286286287	0.18126437672247606	18023.9166481537	1.4871565755793035e-09
138.13813813813815	0.1815835888310331	17982.78739177933	1.4940018143168687e-09
138.41341341341342	0.1818146114877586	17941.751989624325	1.5008762384824686e-09
138.6886886886887	0.1819920455224157	17900.81022751818	1.5077788346275944e-09
138.96396396396398	0.18219781361583173	17859.961891779396	1.514711608908768e-09
139.23923923923923	0.18250343535477137	17819.206769214314	1.5216784262784703e-09
139.51451451451453	0.1827593502803978	17778.544647115283	1.5286771617341108e-09
139.78978978978978	0.18284485721123814	17737.97531325967	1.5357022890992634e-09
140.06506506506508	0.18301479509849794	17697.49855590993	1.5427583585350018e-09
140.34034034034033	0.1833918201641408	17657.114163812155	1.5498528263387476e-09
140.61561561561564	0.18367815431169468	17616.821926193483	1.5569811176352755e-09
140.8908908908909	0.18381540960187512	17576.621632761853	1.5641379911117846e-09
141.1661661661662	0.18408172954336802	17536.513073706003	1.5713291128408482e-09
141.44144144144144	0.18445191918173287	17496.496039693408	1.5785577702002583e-09
141.71671671671672	0.18469358152579712	17456.570321868403	1.5858184663173795e-09
141.991991991992	0.1848833663327484	17416.735711852212	1.593109891493235e-09
142.26726726726727	0.18517510351581698	17376.992001742077	1.6004364139142592e-09
142.54254254254255	0.18542144721579962	17337.338984109196	1.6077961644537772e-09
142.81781781781783	0.1855198392365973	17297.77645199771	1.615184298258924e-09
143.0930930930931	0.18568696904383822	17258.304198924827	1.6226048537289735e-09
143.36836836836838	0.18597890686364194	17218.922018879104	1.6300627333302074e-09
143.64364364364366	0.18614238171548808	17179.62970631834	1.6375526966144524e-09
143.9189189189189	0.18617998692495527	17140.427056169377	1.645071095031033e-09
144.1941941941942	0.18633664430060862	17101.313863827883	1.6526239232059847e-09
144.46946946946946	0.18661288060861936	17062.289925156467	1.6602155673944956e-09
144.74474474474476	0.18689080019257706	17023.355036483124	1.6678450755643966e-09
145.02002002002	0.187216959900044	16984.508994600812	1.6755134629180685e-09
145.29529529529532	0.18763827287676585	16945.751596766364	1.683223178521191e-09
145.57057057057057	0.18801768655823717	16907.082640698787	1.6909711477290699e-09
145.84584584584587	0.188278431100991	16868.501924578377	1.698752468719687e-09
146.12112112112112	0.1885257483873149	16830.00924704637	1.706567441958935e-09
146.3963963963964	0.18876423826191954	16791.604407203522	1.7144164921269051e-09
146.67167167167167	0.18887243955229885	16753.28720460856	1.7222955881800264e-09
146.94694694694695	0.18894069596580992	16715.05743927797	1.7302051427448723e-09
147.22222222222223	0.18917510570501597	16676.914911685348	1.7381529683945878e-09
147.4974974974975	0.18947282271154522	16638.85942275923	1.7461409727799885e-09
147.77277277277278	0.18965942723279722	16600.89077388178	1.7541642029939765e-09
148.04804804804806	0.18982951458147362	16563.00876688874	1.7622226252559793e-09
148.32332332332334	0.19006682043249756	16525.21320406839	1.7703193413381624e-09
148.59859859859858	0.19026550373283407	16487.503888159772	1.7784527158942104e-09
148.8738738738739	0.190425522052599	16449.88062235206	1.7866216250464454e-09
149.14914914914914	0.19072801676698176	16412.34321028427	1.79483204249897e-09
149.42442442442444	0.19111749306442127	16374.891456043282	1.8030862265072443e-09
149.6996996996997	0.19134391119999133	16337.525164162089	1.811376499457622e-09
149.974974974975	0.191445223929791	16300.244139619832	1.8196988523585852e-09
150.25025025025025	0.1915950433210556	16263.048187841403	1.8280569948553124e-09
150.52552552552555	0.19182492166391865	16225.937114695807	1.8364548112306226e-09
150.8008008008008	0.19209800677952968	16188.910726494956	1.8448937305211266e-09
151.07607607607608	0.19231383677366148	16151.968829992296	1.8533710091939852e-09
151.35135135135135	0.19246111167138297	16115.111232382236	1.8618843115643945e-09
151.62662662662663	0.19270563964106316	16078.337741299822	1.870438363812955e-09
151.9019019019019	0.19306167349289333	16041.648164819138	1.8790371349166106e-09
152.17717717717719	0.19336759825159558	16005.04231145159	1.8876772873806982e-09
152.45245245245246	0.19362579613610112	15968.519990145549	1.8963565956559245e-09
152.72772772772774	0.19392820277908485	15932.081010285743	1.9050770917556307e-09
153.00300300300302	0.19416770480564455	15895.725181691434	1.9138361132188897e-09
153.2782782782783	0.19423480572607643	15859.452314615415	1.922627553937726e-09
153.55355355355357	0.19433345869277716	15823.262219744307	1.9314550900706992e-09
153.82882882882885	0.19460586886728476	15787.154708197351	1.9403269569047863e-09
154.10410410410412	0.19488492218591383	15751.129591524113	1.9492424831290014e-09
154.37937937937937	0.19508801065647863	15715.186681703844	1.958197989291835e-09
154.65465465465465	0.19530296771211247	15679.325791145213	1.967194400975976e-09
154.92992992992993	0.1955432876231795	15643.546732685047	1.9762329659617846e-09
155.2052052052052	0.1957582076193158	15607.849319587038	1.9853126005601407e-09
155.48048048048048	0.19598174431822393	15572.233365541151	1.9944339542353435e-09
155.75575575575576	0.19626263348581705	15536.698684662728	2.003599500423724e-09
156.03103103103103	0.19649801114492213	15501.245091490839	2.0128069061993887e-09
156.3063063063063	0.19661209548904285	15465.872400987442	2.022051515638752e-09
156.5815815815816	0.1967398534111009	15430.58042853732	2.0313355560950278e-09
156.85685685685687	0.19695229837331663	15395.368989946872	2.0406635430246785e-09
157.13213213213214	0.19715011545806319	15360.237901442375	2.050034673063443e-09
157.40740740740742	0.19731034573388576	15325.186979669379	2.0594474963997427e-09
157.6826826826827	0.1975012679254079	15290.216041692134	2.0689038526861687e-09
157.95795795795797	0.19771128958851752	15255.324904992305	2.0784046223104107e-09
158.23323323323325	0.19789452406124478	15220.51338746784	2.087948587666223e-09
158.50850850850853	0.19813591889925228	15185.781307432639	2.0975384788521583e-09
158.7837837837838	0.19851060484522648	15151.128483615534	2.107179418387113e-09
159.05905905905905	0.1988701610259738	15116.554735158355	2.116868879137509e-09
159.33433433433433	0.19910006748715428	15082.059881615101	2.1266003457943215e-09
159.6096096096096	0.1992669754834486	15047.643742951843	2.136372096890132e-09
159.88488488488488	0.19942707651376418	15013.306139545755	2.1461853458089784e-09
160.16016016016016	0.1995899728633284	14979.046892183935	2.1560414063611785e-09
160.43543543543544	0.19972588639576183	14944.865822062304	2.1659399931139403e-09
160.7107107107107	0.19979442973409706	14910.762750784615	2.1758792371412754e-09
160.985985985986	0.1999096673587108	14876.73750036225	2.1858627572789737e-09
161.26126126126127	0.20019526915163685	14842.78989321336	2.195898474078227e-09
161.53653653653654	0.20046323548644737	14808.919752160427	2.205983924162524e-09
161.81181181181182	0.20054516674319475	14775.126900429445	2.2161101600907053e-09
162.0870870870871	0.2005706318196804	14741.411161650407	2.2262765758231196e-09
162.36236236236238	0.20067263607848834	14707.772359856432	2.236488590691023e-09
162.63763763763765	0.20090332657630536	14674.21031948243	2.246752356400315e-09
162.91291291291293	0.20118307450776352	14640.72486536358	2.2570687711902373e-09
163.1881881881882	0.20132868547022392	14607.31582273387	2.267430465481496e-09
163.46346346346348	0.20138464828561356	14573.983017226321	2.27783429958419e-09
163.73873873873873	0.201510612234402	14540.726274872624	2.2882852134777036e-09
164.014014014014	0.20169756774910383	14507.545422101437	2.29878633411168e-09
164.2892892892893	0.2018884081049566	14474.440285737212	2.309337370507779e-09
164.56456456456456	0.20207772481789246	14441.410692999556	2.319937947142814e-09
164.83983983983984	0.20225599792582105	14408.456471502303	2.3305874419335104e-09
165.11511511511512	0.20238526350905822	14375.577449252482	2.3412837699818434e-09
165.3903903903904	0.2025098518145955	14342.773454649818	2.3520275472091317e-09
165.66566566566567	0.20276861873571142	14310.044316486335	2.362825597489541e-09
165.94094094094095	0.20312849309923486	14277.389863944594	2.37368126173951e-09
166.21621621621622	0.20343068462341607	14244.809926596135	2.384589673472523e-09
166.4914914914915	0.20359866965151355	14212.304334401006	2.395543988799241e-09
166.76676676676678	0.2036315891972928	14179.87291770727	2.4065394525850036e-09
167.04204204204206	0.20368499955879465	14147.51550725093	2.417579999354407e-09
167.31731731731733	0.20386335781267803	14115.231934154797	2.428673290864426e-09
167.5925925925926	0.20403347300799116	14083.022029926367	2.4398185329138056e-09
167.8678678678679	0.2041487064325816	14050.885626457366	2.4510130586903748e-09
168.14314314314316	0.20434707440309377	14018.822556023884	2.4622615683456577e-09
168.4184184184184	0.20464971273519378	13986.832651284873	2.4735684175723103e-09
168.6936936936937	0.20495243556452777	13954.915745280583	2.4849317925808473e-09
168.96896896896897	0.20515667076730906	13923.07167143174	2.496345826873985e-09
169.24424424424424	0.20520871712023928	13891.30026353889	2.5078039461395096e-09
169.51951951951952	0.20527241695459064	13859.60135578273	2.519309468520788e-09
169.7947947947948	0.20550537480993497	13827.974782723206	2.530872336831477e-09
170.07007007007007	0.2057997309799768	13796.420379297218	2.5424943554358676e-09
170.34534534534535	0.20605694926880197	13764.937980817798	2.554172098980489e-09
170.62062062062063	0.20629714656355533	13733.527422973893	2.565904244277526e-09
170.8958958958959	0.20648166842584867	13702.188541829179	2.577688067142312e-09
171.17117117117118	0.20650304262812988	13670.92117382082	2.5895164933124003e-09
171.44644644644646	0.20647344208487328	13639.725155759856	2.6013901611543133e-09
171.72172172172174	0.20663092213560094	13608.600324831054	2.613321289977744e-09
171.996996996997	0.20694640164278477	13577.54651859057	2.6253170184601125e-09
172.2722722722723	0.20727786172266788	13546.563574964452	2.637375354505027e-09
172.54754754754757	0.20751034230632742	13515.651332247946	2.649489285232203e-09
172.82282282282284	0.2076343746541753	13484.80962910522	2.6616535572157063e-09
173.0980980980981	0.2078730229616821	13454.03830456991	2.673875780814401e-09
173.37337337337337	0.20824519222668228	13423.337198043073	2.6861622612953263e-09
173.64864864864865	0.20844016990932113	13392.706149290452	2.698501778465587e-09
173.92392392392392	0.20848511931135721	13362.144998443566	2.7108880210934023e-09
174.1991991991992	0.20869566589488897	13331.653586000619	2.7233327163303882e-09
174.47447447447448	0.20901158593737074	13301.231752823447	2.735840988195021e-09
174.74974974974975	0.20921350838364156	13270.879340135723	2.7484052505938273e-09
175.02502502502503	0.20937255128478224	13240.596189523862	2.761023993347295e-09
175.3003003003003	0.2096097954093077	13210.382142936502	2.773702485616876e-09
175.57557557557558	0.20990418922993087	13180.23704268282	2.786443363723154e-09
175.85085085085086	0.21017830874108318	13150.160731431384	2.799244523859836e-09
176.12612612612614	0.21030791518641484	13120.15305220902	2.8120981406845542e-09
176.40140140140142	0.21034903248633716	13090.213848401092	2.825001813612312e-09
176.6766766766767	0.21054169688451593	13060.342963751818	2.8379665246278837e-09
176.95195195195197	0.21083951782153648	13030.540242361718	2.850997494407329e-09
177.22722722722725	0.21102653657394857	13000.805528685732	2.864087024683136e-09
177.50250250250252	0.21112376591055365	12971.138667533874	2.8772310104985543e-09
177.77777777777777	0.21123314255788156	12941.539504070932	2.890432114453904e-09
178.05305305305305	0.2113804839440752	12912.007883815164	2.903693624558904e-09
178.32832832832833	0.21155858617347448	12882.543652637329	2.9170175055521756e-09
178.6036036036036	0.2117284599738779	12853.14665675965	2.9304031058891354e-09
178.87887887887888	0.21189553420410315	12823.8167427553	2.9438503602973287e-09
179.15415415415416	0.21212905272187482	12794.55375754801	2.9573630632844904e-09
179.42942942942943	0.21243465841248174	12765.35754841087	2.9709442283035006e-09
179.7047047047047	0.21276096862552202	12736.22796296516	2.9845932272235216e-09
179.97997997998	0.21306887979215888	12707.164849179628	2.998307591650964e-09
180.25525525525526	0.21332671787939245	12678.168055369748	3.012083988549472e-09
180.53053053053054	0.21350295060993932	12649.23743019691	3.0259184895595697e-09
180.80580580580582	0.21360917070865418	12620.372822667921	3.039809124045808e-09
181.0810810810811	0.21377925261975625	12591.574082135043	3.053762032965819e-09
181.35635635635637	0.21402277229877728	12562.84105829436	3.067782044072487e-09
181.63163163163165	0.21410787963450945	12534.173601183416	3.0818596252516187e-09
181.90690690690693	0.21404771580817397	12505.57156118203	3.0959890580942418e-09
182.1821821821822	0.21411901072051742	12477.034789013305	3.110182040831137e-09
182.45745745745745	0.21435087333083358	12448.563135741193	3.1244483244291223e-09
182.73273273273273	0.21460812325758358	12420.156452768617	3.1387870428929303e-09
183.008008008008	0.21479437223549808	12391.814591836928	3.1531922327159315e-09
183.28328328328328	0.2148753458200936	12363.537405025558	3.16765795545821e-09
183.55855855855856	0.2149837193894107	12335.32474475239	3.182187835743979e-09
183.83383383383384	0.21519976466610521	12307.176463772643	3.1967890622777225e-09
184.1091091091091	0.21540984782241646	12279.092415176774	3.211460096610808e-09
184.3843843843844	0.21553481730404633	12251.072452389908	3.2261954049965163e-09
184.65965965965967	0.215578270465304	12223.116429171674	3.2409915062699737e-09
184.93493493493494	0.21561790477895687	12195.224199615948	3.255850637552164e-09
185.21021021021022	0.2157673470948671	12167.39561815038	3.2707810758957283e-09
185.4854854854855	0.21597652612195786	12139.63053953445	3.2857856374188798e-09
185.76076076076077	0.21614673519292515	12111.928818858387	3.3008605271382795e-09
186.03603603603605	0.21633488414391605	12084.29031154348	3.316006637802124e-09
186.31131131131133	0.21660016647517602	12056.714873341392	3.3312282111065385e-09
186.5865865865866	0.21688373888450896	12029.202360332529	3.3465247392226167e-09
186.86186186186188	0.21710617668066165	12001.752628925133	3.3618912293954635e-09
187.13713713713713	0.21719350742461746	11974.365535854575	3.3773199362692676e-09
187.4124124124124	0.21722589476215934	11947.040938183705	3.392810508177426e-09
187.68768768768768	0.21741187843875487	11919.778693303113	3.4083754233649133e-09
187.96296296296296	0.21767393514070715	11892.578658928247	3.4240185737885103e-09
188.23823823823824	0.21779787881748247	11865.44069309765	3.4397296513527914e-09
188.51351351351352	0.2178360720140839	11838.364654174195	3.4555049495649198e-09
188.7887887887888	0.2179136164087217	11811.350400844898	3.4713497263965157e-09
189.06406406406407	0.2180606811706591	11784.397792119478	3.4872695200294307e-09
189.33933933933935	0.21824151475891015	11757.506687329118	3.5032659949365686e-09
189.61461461461462	0.21833122073099023	11730.67694612506	3.5193326247065263e-09
189.8898898898899	0.21831658622348754	11703.908428478708	3.5354642440576666e-09
190.16516516516518	0.2183318233247298	11677.200994682013	3.5516658436196548e-09
190.44044044044045	0.21843735422594582	11650.554505346217	3.5679447216747028e-09
190.71571571571573	0.21862388252868983	11623.968821400576	3.5843053741474963e-09
190.990990990991	0.21883726778275578	11597.443804091285	3.600747549481615e-09
191.26626626626629	0.21901596907913473	11570.979314980694	3.617267281187194e-09
191.54154154154156	0.2191551483129331	11544.575215947016	3.6338616855880957e-09
191.8168168168168	0.2192875818122464	11518.231369183906	3.6505310223851933e-09
192.0920920920921	0.2195006403697168	11491.947637200186	3.667281215314829e-09
192.36736736736736	0.21978871184133014	11465.723882818384	3.6841160438368053e-09
192.64264264264264	0.2199970975088749	11439.559969172835	3.7010281504451462e-09
192.91791791791792	0.22013355441854632	11413.455759710245	3.7180131747614356e-09
193.1931931931932	0.22035583024428929	11387.411118190199	3.735078591932291e-09
193.46846846846847	0.220645813468588	11361.425908683037	3.752228393643484e-09
193.74374374374375	0.22089037958325466	11335.499995568374	3.769457956987215e-09
194.01901901901903	0.22104377164274508	11309.633243534916	3.7867612534341415e-09
194.2942942942943	0.2211212803353892	11283.825517580259	3.8041353283282516e-09
194.56956956956958	0.2212575610622129	11258.076683011172	3.8215872458838155e-09
194.84484484484486	0.2215170193073244	11232.386605442347	3.839126198870535e-09
195.12012012012013	0.22178347999113981	11206.75515079417	3.856750740780107e-09
195.3953953953954	0.22197922154966296	11181.182185292346	3.874454797241705e-09
195.6706706706707	0.22209690336909718	11155.66757546776	3.8922338931733375e-09
195.94594594594597	0.2221393925324521	11130.211188155903	3.9100853076950625e-09
196.22122122122124	0.22212151516127332	11104.81289049623	3.92800830387538e-09
196.4964964964965	0.22211260842116418	11079.472549931994	3.946007207170375e-09
196.77177177177177	0.2221917874887493	11054.190034209598	3.964090469652903e-09
197.04704704704704	0.22237845964910088	11028.965211377435	3.98226526905269e-09
197.32232232232232	0.22263239568886695	11003.797949784665	4.000533818797808e-09
197.5975975975976	0.22280923156449478	10978.688118079623	4.0188877362492515e-09
197.87287287287288	0.22289170732123303	10953.635585210213	4.0373202991556764e-09
198.14814814814815	0.223062928099179	10928.640220425008	4.055839908351002e-09
198.42342342342343	0.22334726371957175	10903.701893271162	4.074454070682101e-09
198.6986986986987	0.2236194605796459	10878.820473592423	4.093159159549512e-09
198.97397397397398	0.22383604226843756	10853.995831529166	4.11194980247999e-09
199.24924924924926	0.22401435300435316	10829.22783751824	4.130823749686253e-09
199.52452452452454	0.22423690783488692	10804.516362292885	4.149785492414641e-09
199.7997997997998	0.22455189548658186	10779.861276881784	4.168841627180298e-09
200.0750750750751	0.2248372321141756	10755.262452606816	4.187987972975665e-09
200.35035035035037	0.22501116877518265	10730.719761082739	4.20721598229206e-09
200.62562562562564	0.22512354821511987	10706.233074217731	4.226523641846069e-09
200.90090090090092	0.22519030765252543	10681.802264212405	4.245910864799612e-09
201.17617617617617	0.22518186195313528	10657.427203558731	4.265375542569413e-09
201.45145145145145	0.2251731106300522	10633.107765040319	4.284921824114573e-09
201.72672672672672	0.22527912910500536	10608.843821732173	4.304561045932938e-09
202.002002002002	0.22538228254585177	10584.635246997846	4.324292297152425e-09
202.27727727727728	0.22534810612590012	10560.481914488597	4.344105157525792e-09
202.55255255255256	0.2253597224378428	10536.383698145717	4.3640063466814785e-09
202.82782782782783	0.2255453529257466	10512.340472199392	4.384010078418744e-09
203.1031031031031	0.22573196990110916	10488.352111165183	4.404113100499667e-09
203.3783783783784	0.2258274927435976	10464.41848984411	4.424306466652623e-09
203.65365365365366	0.22590991661024276	10440.539483323631	4.444590207049265e-09
203.92892892892894	0.22604851225667497	10416.714966976919	4.464969730770486e-09
204.20420420420422	0.22628260030909794	10392.944816461928	4.48545180897388e-09
204.4794794794795	0.22654715109712797	10369.228907719742	4.506036175216336e-09
204.75475475475477	0.22675127293173597	10345.567116973643	4.526715845361748e-09
205.03003003003005	0.22694758075085253	10321.959320729877	4.547490347312997e-09
205.30530530530532	0.22719248631479277	10298.405395777061	4.568363869322457e-09
205.5805805805806	0.2274241646063094	10274.905219184362	4.58933457245355e-09
205.85585585585588	0.22763376263516988	10251.458668301375	4.610400691376379e-09
206.13113113113113	0.22793397336218346	10228.06562075872	4.6315699907084125e-09
206.4064064064064	0.22826816038379938	10204.725954465675	4.652843377088302e-09
206.68168168168168	0.228413815243984	10181.4395476079	4.674204139664896e-09
206.95695695695696	0.22847039338255729	10158.206278649997	4.695649110666902e-09
207.23223223223223	0.22869363482601385	10135.026026336509	4.71719652521114e-09
207.5075075075075	0.2289483460775019	10111.89866968732	4.738847957431649e-09
207.7827827827828	0.22904055050764358	10088.824087996383	4.760589162088998e-09
208.05805805805807	0.22913495554654503	10065.802160834784	4.782423956059423e-09
208.33333333333334	0.22936224542020348	10042.832768049784	4.804365509760109e-09
208.60860860860862	0.22960243675092518	10019.915789761599	4.826413092344212e-09
208.8838838838839	0.2297938742131327	9997.051106363342	4.8485614013846665e-09
209.15915915915917	0.22999424234520793	9974.238598521679	4.8708117505128865e-09
209.43443443443445	0.23025196464591954	9951.478147176102	4.893169116648019e-09
209.70970970970973	0.23058678106811928	9928.769633538011	4.915638589932417e-09
209.984984984985	0.23089724476529425	9906.112939088802	4.938215409834231e-09
210.26026026026028	0.23106926280747211	9883.507945579091	4.960887204545907e-09
210.53553553553556	0.23121227427560864	9860.95453503049	4.98365494797234e-09
210.8108108108108	0.2314389552466075	9838.452589735063	5.006528758967522e-09
211.08608608608608	0.2316908364749758	9816.00199225284	5.0295106483264214e-09
211.36136136136136	0.23188372017316342	9793.602625410935	5.052595096063325e-09
211.63663663663664	0.2319446633348333	9771.254372303027	5.075772496991256e-09
211.91191191191191	0.23194110892685837	9748.95711629029	5.0990422801691605e-09
212.1871871871872	0.23206439072140986	9726.710741002182	5.122420328329912e-09
212.46246246246247	0.23231996183761489	9704.515130333803	5.145917797309897e-09
212.73773773773775	0.23259284418233694	9682.37016844392	5.169532499926081e-09
213.01301301301302	0.23276127808499114	9660.275739754296	5.193252793170071e-09
213.2882882882883	0.23275810018688634	9638.231728949637	5.217065386173508e-09
213.56356356356358	0.2327119097488107	9616.238020979226	5.2409726576584335e-09
213.83883883883885	0.23275309386900808	9594.294501056374	5.264987554748385e-09
214.11411411411413	0.23292632813167702	9572.401054656872	5.2891226871725484e-09
214.3893893893894	0.23318305902965855	9550.557567517297	5.313382378678483e-09
214.66466466466468	0.23337944679248174	9528.763925633324	5.337757129123488e-09
214.93993993993996	0.23349349963843877	9507.020015260516	5.362238918641436e-09
215.21521521521524	0.23359503092866787	9485.325722914788	5.386828760234996e-09
215.4904904904905	0.23369760541922283	9463.680935371187	5.41152868366398e-09
215.76576576576576	0.233801781256297	9442.08553966313	5.436340246087482e-09
216.04104104104104	0.23397320527499937	9420.539423082597	5.461270500586243e-09
216.31631631631632	0.23423744573483302	9399.042473179099	5.486326586272595e-09
216.5915915915916	0.23447130656086537	9377.594577757282	5.5115023615428614e-09
216.86686686686687	0.23460366547150985	9356.19562487695	5.5367875630067115e-09
217.14214214214215	0.23468088462265785	9334.845502853888	5.5621797853961725e-09
217.41741741741743	0.23475143606012358	9313.544100259334	5.587681997210563e-09
217.6926926926927	0.2348458270702395	9292.291305919154	5.613299096122616e-09
217.96796796796798	0.23488843617859334	9271.087008911996	5.639027560684092e-09
218.24324324324326	0.2347903894163372	9249.931098568519	5.664857054378713e-09
218.51851851851853	0.2347416151392794	9228.823464474244	5.690798415847707e-09
218.7937937937938	0.23492280353056552	9207.763996468912	5.716875724017795e-09
219.0690690690691	0.23516253597361	9186.752584641548	5.743089138861086e-09
219.34434434434436	0.23533566951088464	9165.789119330433	5.769427302670802e-09
219.61961961961964	0.23554231760754546	9144.873491125336	5.795892344014562e-09
219.89489489489492	0.23577697723365112	9124.005590865632	5.82248535516142e-09
220.17017017017017	0.2358925822300322	9103.185309637936	5.849193354822586e-09
220.44544544544544	0.23594088721207934	9082.412538778015	5.876012893527306e-09
220.72072072072072	0.23610192426302104	9061.687169871913	5.90295902184867e-09
220.995995995996	0.2363808235905388	9041.00909475316	5.9300423309619066e-09
221.27127127127127	0.23669782293139205	9020.378205501109	5.9572623527909124e-09
221.54654654654655	0.23695067737695166	8999.794394440054	5.984609157173314e-09
221.82182182182183	0.23708485143569027	8979.257554139276	6.012071163706709e-09
222.0970970970971	0.23717547519762647	8958.767577414166	6.039648239925678e-09
222.37237237237238	0.23728320785126172	8938.324357325493	6.06734637106712e-09
222.64764764764766	0.23741751383347456	8917.927787178194	6.095170589032623e-09
222.92292292292294	0.2375592714125045	8897.577760520431	6.123122514314197e-09
223.1981981981982	0.23767228671508916	8877.274171142793	6.151199844998209e-09
223.4734734734735	0.23777049002364414	8857.01691307842	6.179402645065185e-09
223.74874874874877	0.23788176444712794	8836.805880602633	6.20773391986843e-09
224.02402402402404	0.2379566882954182	8816.640968231352	6.2361909109718486e-09
224.29929929929932	0.23796576131414218	8796.52207072079	6.264769045643011e-09
224.5745745745746	0.23801992378157302	8776.449083068825	6.2934766574129505e-09
224.84984984984985	0.23818505357005837	8756.421900513864	6.322326066592342e-09
225.12512512512512	0.23839500266597827	8736.440418532486	6.35131888321322e-09
225.4004004004004	0.23858084332759613	8716.504532838835	6.380449392182285e-09
225.67567567567568	0.23869506547139277	8696.614139384372	6.409709226642546e-09
225.95095095095095	0.23880166186571805	8676.769134358865	6.439099678755316e-09
226.22622622622623	0.23901411408888218	8656.96941419056	6.468633485433715e-09
226.5015015015015	0.2392569401719	8637.214875543013	6.498311412438716e-09
226.77677677677679	0.2394170097425584	8617.505415313994	6.528122464591408e-09
227.05205205205206	0.23954861539628516	8597.84093063729	6.558065325952387e-09
227.32732732732734	0.23970975399654934	8578.221318882257	6.5881454038521305e-09
227.60260260260262	0.23987254844078768	8558.64647765205	6.6183635220549746e-09
227.8778778778779	0.24002366211109993	8539.116304783298	6.648719035045788e-09
228.15315315315317	0.24018316159582348	8519.630698346053	6.6792138625071265e-09
228.42842842842845	0.24030582722165078	8500.189556642305	6.709844680291267e-09
228.70370370370372	0.2403135712687358	8480.792778204956	6.740601208789685e-09
228.978978978979	0.24035921268930377	8461.440261800682	6.771493264699509e-09
229.25425425425428	0.24063981890857938	8442.131906430088	6.802548634235679e-09
229.52952952952953	0.2409561840670684	8422.867611321357	6.8337642440117115e-09
229.8048048048048	0.2411042350872792	8403.647275929583	6.865116285217566e-09
230.08008008008008	0.2412274774271098	8384.47079994141	6.89660506190882e-09
230.35535535535536	0.24142900197909276	8365.338083273942	6.9282422217857845e-09
230.63063063063063	0.2416361222776331	8346.249026071584	6.960027632627356e-09
230.9059059059059	0.24186268123134042	8327.203528706816	6.991962973617701e-09
231.1811811811812	0.24221769796463333	8308.201491781138	7.0240616008037924e-09
231.45645645645646	0.24261773836810896	8289.242816121616	7.056323236713189e-09
231.73173173173174	0.24288376251608826	8270.327402778888	7.08872811645159e-09
232.00700700700702	0.2430609926988146	8251.45515303004	7.121268694480712e-09
232.2822822822823	0.24325683816827853	8232.625968379094	7.153952280740163e-09
232.55755755755757	0.2434751515247835	8213.839750554893	7.1867842663402706e-09
232.83283283283285	0.24371660247490534	8195.096401510562	7.219768457635582e-09
233.10810810810813	0.2440251262152139	8176.395823423646	7.2529125251792735e-09
233.3833833833834	0.24436318096537635	8157.7379186943535	7.2862174501169324e-09
233.65865865865868	0.2445849494727466	8139.122589943284	7.319667579672257e-09
233.93393393393396	0.24466033909011647	8120.5497400127515	7.353249601817659e-09
234.2092092092092	0.24466080181861316	8102.019271967884	7.386963262638345e-09
234.48448448448448	0.24466272169000045	8083.531089096217	7.420817330286778e-09
234.75975975975976	0.24472361371741574	8065.085094906925	7.454824301489024e-09
235.03503503503504	0.2448070201413602	8046.681193128783	7.48898828242954e-09
235.3103103103103	0.24488454558786826	8028.319287709808	7.523308885851014e-09
235.5855855855856	0.2450250307777562	8009.9992828183185	7.557794158685819e-09
235.86086086086087	0.2452251648175063	7991.721082841288	7.592449202194542e-09
236.13613613613614	0.24534169997706312	7973.4845923815155	7.627260749047145e-09
236.41141141141142	0.24536860085075282	7955.289716259356	7.662219764457081e-09
236.6866866866867	0.24544279975980005	7937.136359514631	7.697336876323422e-09
236.96196196196198	0.24559600628227515	7919.02442740441	7.732622984348363e-09
237.23723723723725	0.24579447452782033	7900.953825401406	7.768081384873813e-09
237.51251251251253	0.2460316065930164	7882.9244591939405	7.80371371528463e-09
237.7877877877878	0.24629735662099017	7864.936234685384	7.839520123806554e-09
238.06306306306308	0.24653293104821886	7846.989057992838	7.875493893646498e-09
238.33833833833836	0.24671669139848912	7829.082835447252	7.9116283512101e-09
238.61361361361364	0.24692372539473506	7811.217473594612	7.947928606983356e-09
238.88888888888889	0.24717831200809443	7793.392879194583	7.984401191876183e-09
239.16416416416416	0.2474269797975845	7775.608959218688	8.021044037619592e-09
239.43943943943944	0.24763114121124524	7757.865620850051	8.05785134825611e-09
239.71471471471472	0.24777612856526351	7740.1627714833285	8.094817853212576e-09
239.98998998999	0.24791429760618408	7722.500318725408	8.13194690612505e-09
240.26526526526527	0.24811190961976703	7704.878170395194	8.169249166752435e-09
240.54054054054055	0.2483565727464375	7687.296234521735	8.20673022475104e-09
240.81581581581582	0.24860257587468898	7669.754419343148	8.244388243493574e-09
241.0910910910911	0.24877581781630417	7652.252633305612	8.282213019942075e-09
241.36636636636638	0.24885918346657687	7634.790785063895	8.32019611492414e-09
241.64164164164166	0.24892971506079342	7617.368783482587	8.358342115749096e-09
241.91691691691693	0.24902817341536398	7599.98653763498	8.396659398373437e-09
242.1921921921922	0.24915152728813975	7582.643956801811	8.435153224109277e-09
242.4674674674675	0.2492864680653759	7565.340950470605	8.473825554279358e-09
242.74274274274276	0.24941648950375103	7548.077428335121	8.51267582007811e-09
243.01801801801804	0.24953566645839065	7530.853300295088	8.551703186795497e-09
243.29329329329332	0.249645043059649	7513.668476455847	8.590907546580763e-09
243.56856856856857	0.24975616590836974	7496.5228671280875	8.630290625487356e-09
243.84384384384384	0.24988278843107237	7479.416382827433	8.669855624766242e-09
244.11911911911912	0.2500372834332004	7462.348934273941	8.709606526964699e-09
244.3943943943944	0.25018421757072196	7445.320432390737	8.749541524546916e-09
244.66966966966967	0.25024151185886157	7428.330788302645	8.78964889465081e-09
244.94494494494495	0.2502691247342657	7411.3799133384155	8.829929370631302e-09
245.22022022022023	0.25041200276508563	7394.46771903193	8.870403048515849e-09
245.4954954954955	0.25065353737315094	7377.59411711866	8.911080904490034e-09
245.77077077077078	0.25091045575212334	7360.759019533905	8.951959120776484e-09
246.04604604604606	0.2511280572467029	7343.9623384128645	8.993028221202838e-09
246.32132132132134	0.25128549273100176	7327.203986090804	9.034279650373784e-09
246.5965965965966	0.25142579717540375	7310.483875103871	9.075714098442576e-09
246.8718718718719	0.25157923661154885	7293.80191818839	9.117336435684705e-09
247.14714714714717	0.2517439619005039	7277.158028279796	9.15914982670783e-09
247.42242242242244	0.2519361131516161	7260.552118512516	9.201158832963151e-09
247.69769769769772	0.2521800320470392	7243.984102219706	9.243370061909445e-09
247.972972972973	0.252397219221674	7227.453892930717	9.285777191450324e-09
248.24824824824825	0.25248340617648324	7210.961404370108	9.328362011388332e-09
248.52352352352352	0.2525078207228373	7194.506550460667	9.371122858329302e-09
248.7987987987988	0.25256225108566904	7178.089245323469	9.414071799706052e-09
249.07407407407408	0.25262798131193626	7161.7094032751975	9.457214183148852e-09
249.34934934934935	0.252693652037124	7145.366938827821	9.500552124547752e-09
249.62462462462463	0.2527999631238319	7129.061766689233	9.544093079187814e-09
249.8998998998999	0.25296480668541493	7112.793801762349	9.587844703125614e-09
250.17517517517518	0.25317180139731477	7096.562959143952	9.631809904213164e-09
250.45045045045046	0.2533767654552936	7080.369154123644	9.675984563204125e-09
250.72572572572574	0.2535280534591518	7064.212302183247	9.720358970697614e-09
251.00100100100101	0.25364828680869833	7048.092318997905	9.764930560848204e-09
251.2762762762763	0.25378339659055277	7032.009120436159	9.809704702792759e-09
251.55155155155157	0.25394653745954143	7015.962622558815	9.85468706796574e-09
251.82682682682685	0.25414283279814975	6999.952741618347	9.899882368367118e-09
252.10210210210212	0.2543771439468139	6983.97939405846	9.945294683616264e-09
252.3773773773774	0.25463119661858	6968.042496513137	9.99092428646679e-09
252.65265265265268	0.2548536841240493	6952.141965805488	1.0036764126163617e-08
252.92792792792793	0.2549812388804787	6936.277718947029	1.0082800663862091e-08
253.2032032032032	0.2549618139165439	6920.449673137466	1.0129017849634248e-08
253.47847847847848	0.25492122518629035	6904.65774576819	1.0175424593965072e-08
253.75375375375376	0.2550265281581324	6888.901854422796	1.0222051966440472e-08
254.02902902902903	0.2551749116914607	6873.181916870723	1.0268904529346778e-08
254.3043043043043	0.25524719162407794	6857.497851066395	1.0315967484770363e-08
254.5795795795796	0.25532555241318067	6841.849575153277	1.0363244324336348e-08
254.85485485485486	0.2554709021785129	6826.237007463015	1.0410746946817286e-08
255.13013013013014	0.25564239049237325	6810.660066512703	1.045847701841417e-08
255.40540540540542	0.2557767810785533	6795.118671003953	1.050642624005793e-08
255.6806806806807	0.2558113680860528	6779.612739822433	1.0554580008039009e-08
255.95595595595597	0.2558472556647989	6764.142192041202	1.0602945112189742e-08
256.2312312312313	0.25604607222345266	6748.706946921737	1.0651551446904833e-08
256.5065065065065	0.256255445050189	6733.306923906276	1.0700394490008844e-08
256.7817817817818	0.2562868385855607	6717.9420426164825	1.0749442113475644e-08
257.0570570570571	0.2562874769271664	6702.612222860824	1.0798697568413854e-08
257.3323323323324	0.25640287109371757	6687.317384634179	1.0848186330679535e-08
257.60760760760763	0.25660330725312946	6672.057448113337	1.0897920200821308e-08
257.8828828828829	0.2568294984565644	6656.832333655869	1.0947897606087351e-08
258.15815815815813	0.2570168276893137	6641.641961799543	1.0998107610171934e-08
258.43343343343344	0.257153638458883	6626.486253263155	1.1048541825643793e-08
258.70870870870874	0.2572679698942546	6611.365128947079	1.1099199865212468e-08
258.983983983984	0.25735207542558064	6596.278509931996	1.1150080588923922e-08
259.25925925925924	0.2573988876335757	6581.226317478485	1.1201182478215546e-08
259.53453453453454	0.2574933465099256	6566.208473028865	1.1252518843720316e-08
259.80980980980985	0.2576998571241949	6551.224898206345	1.1304109093395932e-08
260.0850850850851	0.25795090865041925	6536.275514811342	1.135595479357725e-08
260.36036036036035	0.25818739427678256	6521.360244821283	1.1408047597810606e-08
260.63563563563565	0.25840019526858254	6506.479010391396	1.1460381165056052e-08
260.91091091091096	0.2585529121264179	6491.631733853626	1.151294583556215e-08
261.1861861861862	0.2585899821016538	6476.818337715742	1.1565726586386506e-08
261.46146146146145	0.25860645779799485	6462.038744664685	1.1618730267434008e-08
261.73673673673676	0.2587578786248006	6447.292877567755	1.1671987824587103e-08
262.01201201201206	0.2589864396785271	6432.580659466873	1.1725509400071211e-08
262.2872872872873	0.2591930845822059	6417.902013577057	1.1779284990461472e-08
262.56256256256256	0.25941848315192584	6403.256863289579	1.1833315708259774e-08
262.8378378378378	0.25968007375806457	6388.645132170989	1.1887605697878175e-08
263.1131131131131	0.2598853906320292	6374.0667439598665	1.1942142097882443e-08
263.3883883883884	0.25999098211391797	6359.52162256765	1.199690973721883e-08
263.66366366366367	0.2600353906896598	6345.009692080395	1.205190613529812e-08
263.9389389389389	0.2601030751953923	6330.530876759565	1.210714479038974e-08
264.2142142142142	0.26029145363937845	6316.085101042055	1.2162651622288659e-08
264.48948948948953	0.2605486167132238	6301.672289535857	1.2218434284320356e-08
264.7647647647648	0.2607782405275497	6287.292367018484	1.2274481108162267e-08
265.04004004004	0.2610051486828356	6272.94525843973	1.2330789636898463e-08
265.31531531531533	0.2612556795913304	6258.630888921366	1.2387363466359923e-08
265.59059059059064	0.2614723123628174	6244.349183754487	1.2444195066760033e-08
265.8658658658659	0.2616459167914655	6230.100068400404	1.2501278533308547e-08
266.14114114114113	0.26185986092260954	6215.883468492775	1.2558625555232181e-08
266.41641641641644	0.2621030882166348	6201.699309834681	1.2616241913214883e-08
266.69169169169174	0.26227609473478214	6187.547518395782	1.2674113708604802e-08
266.966966966967	0.2623914756659178	6173.428020314996	1.2732234963561564e-08
267.24224224224224	0.2625182406916893	6159.340741901675	1.2790614911404428e-08
267.5175175175175	0.2626527339168422	6145.285609633232	1.284925908640231e-08
267.7927927927928	0.26277313709746053	6131.262550154248	1.290816739157097e-08
268.0680680680681	0.2628845693055406	6117.271490276846	1.296734115636795e-08
268.34334334334335	0.2630240651294263	6103.3123569812005	1.3026788515413168e-08
268.6186186186186	0.2632763334551502	6089.385077416528	1.3086530770571817e-08
268.8938938938939	0.263602685126293	6075.489578897242	1.3146574557555818e-08
269.1691691691692	0.2638208255635157	6061.625788898423	1.3206890465390413e-08
269.44444444444446	0.263900056439925	6047.7936350597065	1.3267454862737598e-08
269.7197197197197	0.26392647702675504	6033.993045188271	1.3328269622841554e-08
269.994994994995	0.26397201657914954	6020.223947258116	1.3389349894938706e-08
270.2702702702703	0.2640925712976986	6006.486269409246	1.3450716181277954e-08
270.54554554554556	0.2643084575153506	5992.779939946292	1.3512385660276965e-08
270.8208208208208	0.2645890169503794	5979.104887336608	1.3574363737229755e-08
271.0960960960961	0.26480309189243795	5965.461040206939	1.363662913542063e-08
271.3713713713714	0.26490527207996717	5951.848327345515	1.3699160353224611e-08
271.6466466466467	0.2649962446522533	5938.266677706012	1.3761963943445625e-08
271.9219219219219	0.2651032764808544	5924.716020405052	1.3825049729546497e-08
272.19719719719717	0.26518445488080733	5911.196284719757	1.3888416114551186e-08
272.4724724724725	0.2652870719424109	5897.70740009005	1.3952071848985243e-08
272.7477477477478	0.26547735146097334	5884.249296118903	1.4016035923608697e-08
273.02302302302303	0.26564331059597596	5870.821902566556	1.408029858345198e-08
273.2982982982983	0.2656753654417075	5857.425149350135	1.4144832542865101e-08
273.5735735735736	0.26565858915332835	5844.058966549259	1.4209638207079594e-08
273.8488488488489	0.2656750439086546	5830.723284405618	1.4274732658887083e-08
274.12412412412414	0.2657312795190316	5817.418033320326	1.4340128320573338e-08
274.3993993993994	0.26583436472701594	5804.143143853544	1.4405834882700444e-08
274.6746746746747	0.2659948170687248	5790.898546724258	1.4471861079855102e-08
274.94994994995	0.2661388062491848	5777.684172807234	1.4538197910257974e-08
275.22522522522524	0.26616966241113116	5764.499953131918	1.46048205757334e-08
275.5005005005005	0.26624618969386615	5751.345818890133	1.4671746730213286e-08
275.7757757757758	0.2665388890395551	5738.221701436201	1.4739023022109125e-08
276.0510510510511	0.2668308883919551	5725.127532274233	1.4806634223737967e-08
276.32632632632635	0.26696089775876836	5712.063243059427	1.4874538023913657e-08
276.6016016016016	0.2671176324760623	5699.028765608977	1.4942748018867718e-08
276.87687687687685	0.2673694071422355	5686.0240318979095	1.5011287456471465e-08
277.15215215215215	0.26755363833122336	5673.048974051204	1.5080137198824673e-08
277.42742742742746	0.2676612766365337	5660.103524348392	1.5149284027141196e-08
277.7027027027027	0.2678103537915531	5647.1876152274135	1.521874522034067e-08
277.97797797797796	0.2679190338447318	5634.301179277667	1.5288514633256558e-08
278.25325325325326	0.26785875174754076	5621.444149238077	1.5358561548132455e-08
278.52852852852857	0.26781930475864757	5608.616458007327	1.5428907970081647e-08
278.8038038038038	0.2679789320108797	5595.818038643247	1.5499606355670207e-08
279.07907907907907	0.2681850578102043	5583.048824351377	1.557065691898641e-08
279.35435435435437	0.26832701672320486	5570.308748485931	1.5642036463299858e-08
279.6296296296297	0.2684714537073138	5557.597744555439	1.5713745743464272e-08
279.9049049049049	0.26863088902475335	5544.915746220606	1.5785788551476108e-08
280.1801801801802	0.2687450700129788	5532.262687291444	1.5858154600887292e-08
280.4554554554555	0.2688141061014197	5519.638501728982	1.593083811080771e-08
280.7307307307308	0.2688793430095147	5507.04312364636	1.6003845182719826e-08
281.00600600600603	0.2689726292712059	5494.476487308193	1.6077187211722184e-08
281.2812812812813	0.26911057388934473	5481.938527129684	1.6150875539625123e-08
281.5565565565566	0.2692681836440816	5469.429177674852	1.6224912209031538e-08
281.83183183183183	0.2694144468301168	5456.948373655949	1.6299292143606098e-08
282.10710710710714	0.2695275525201164	5444.496049933422	1.6374007897885696e-08
282.3823823823824	0.26962896360261457	5432.072141517112	1.6449060325603078e-08
282.6576576576577	0.26979274857941726	5419.676583567821	1.6524467402478908e-08
282.93293293293294	0.27003354958585885	5407.309311394881	1.6600244216327038e-08
283.20820820820825	0.2703084612989922	5394.970260453723	1.6676390923276456e-08
283.4834834834835	0.2705291060704152	5382.659366343876	1.6752887960787002e-08
283.75875875875874	0.27062095536577596	5370.376564809059	1.682970668457536e-08
284.03403403403405	0.2706819577330957	5358.12179174314	1.6906852695486004e-08
284.3093093093093	0.27078681531268045	5345.894983189029	1.6984347362943013e-08
284.5845845845846	0.27080438574056953	5333.696075330735	1.706217376778555e-08
284.85985985985985	0.2707095729469667	5321.52500449692	1.7140316106662926e-08
285.13513513513516	0.27070433772546637	5309.381707169016	1.7218812735849176e-08
285.4104104104104	0.2708062561156956	5297.26611997414	1.7297692081527187e-08
285.6856856856857	0.270841058887871	5285.1781796775	1.7376930905624332e-08
285.96096096096096	0.2708480373870686	5273.1178231900585	1.74565249188418e-08
286.23623623623627	0.2709804461187496	5261.084987572549	1.7536508909025372e-08
286.5115115115115	0.27122761742313284	5249.07961002902	1.7616902491084394e-08
286.7867867867868	0.27150337604631314	5237.1016279035575	1.7697697684814213e-08
287.06206206206207	0.271678313249624	5225.150978678249	1.777885890268208e-08
287.3373373373374	0.27170501148300175	5213.227599975925	1.7860353349510774e-08
287.6126126126126	0.27172447895245205	5201.331429567167	1.79421959120265e-08
287.8878878878879	0.2718277876019769	5189.462405368123	1.8024418695408862e-08
288.1631631631632	0.27201009427425554	5177.620465436493	1.8107040928410126e-08
288.4384384384384	0.2722222522161056	5165.805547969425	1.819006299927415e-08
288.71371371371373	0.2723909798108766	5154.017591302209	1.8273467656613172e-08
288.988988988989	0.2724892903063994	5142.256533909746	1.8357238253230406e-08
289.2642642642643	0.2725257471593008	5130.522314407616	1.8441367334068634e-08
289.53953953953953	0.2725676336527714	5118.814871554161	1.852586784860565e-08
289.81481481481484	0.2726685040384965	5107.13414424964	1.8610761921923898e-08
290.0900900900901	0.27280318101792145	5095.480071532764	1.869605745411485e-08
290.3653653653654	0.27296365485298213	5083.85259258104	1.878175799683687e-08
290.64064064064064	0.27318516731695386	5072.25164671224	1.8867875513841166e-08
290.91591591591595	0.27342045388597747	5060.677173380692	1.8954405977313267e-08
291.1911911911912	0.27355471123828373	5049.129112174156	1.904131806059807e-08
291.4664664664665	0.27364526258027816	5037.607402820548	1.912860808730654e-08
291.74174174174175	0.2738088494625894	5026.111985190177	1.9216304805864607e-08
292.01701701701705	0.2738993125043374	5014.642799284476	1.9304388381423337e-08
292.2922922922923	0.27379847797600126	5003.19978523678	1.9392816324604146e-08
292.5675675675676	0.27379466580308504	4991.782883329098	1.948163900029158e-08
292.84284284284286	0.27404619092114385	4980.392033986527	1.957092983453722e-08
293.1181181181181	0.2742945409751711	4969.027177759246	1.9660666091669915e-08
293.3933933933934	0.27441413752087307	4957.688255327692	1.975080124470627e-08
293.66866866866866	0.2744938064969139	4946.3752075114135	1.984133131406241e-08
293.94394394394396	0.27456598472255256	4935.087975266367	1.9932263247269743e-08
294.2192192192192	0.2746233853797246	4923.826499682937	2.0023600008724204e-08
294.4944944944945	0.27474685478549443	4912.590721989455	2.0115366022131974e-08
294.76976976976977	0.27499065677710915	4901.380583550809	2.0207591787245223e-08
295.0450450450451	0.2751249774103502	4890.196025855627	2.0300234052447e-08
295.3203203203203	0.27502000333281634	4879.036990520231	2.039323151644845e-08
295.5955955955956	0.2749756141765042	4867.90341930733	2.0486629785884644e-08
295.8708708708709	0.27511435866927525	4856.79525411808	2.0580491299548478e-08
296.1461461461462	0.2752066991924106	4845.712436976034	2.0674791337625034e-08
296.4214214214214	0.27521748069845764	4834.6549100354305	2.0769505790119663e-08
296.69669669669673	0.27530204283654514	4823.622615589474	2.0864664181400375e-08
296.971971971972	0.27546423870285197	4812.6154960633	2.0960286459443504e-08
297.2472472472473	0.2756343258928108	4801.633494010286	2.105636598977762e-08
297.52252252252254	0.27583242796771645	4790.676552115829	2.1152905304137454e-08
297.7977977977978	0.276088244495214	4779.744613197504	2.1249915278548486e-08
298.0730730730731	0.276365223963165	4768.837620201719	2.1347392986771832e-08
298.34834834834834	0.27662608071632316	4757.955516203359	2.1445326827402792e-08
298.62362362362364	0.27685556027344105	4747.098244406463	2.15437061871425e-08
298.8988988988989	0.2770185772311813	4736.265748143017	2.1642515271467966e-08
299.1741741741742	0.2770619662236431	4725.457970871743	2.174172978574384e-08
299.44944944944945	0.27702883407627005	4714.674856182359	2.184134811780013e-08
299.72472472472475	0.27703124802916257	4703.9163477985885	2.194140264676763e-08
300.0	0.27718272425249174	4693.18238957806	2.2041947170418022e-08
