0.0005545009447324664	5.172845609047812	6572.6195906502835	8.640013064144394	0.0015113608138874566
25.0	0.01603986710963455	33212.0	10.0
25.275275275275277	0.016431871514577714	33489.6827076782	9.616725816897992
25.55055055055055	0.016886479064891033	33763.6784669855	9.238147578639262
25.825825825825827	0.017393182044681484	34034.35468119639	8.863784218669283
26.1011011011011	0.017864042158464755	34300.61993609123	8.495072592330867
26.376376376376378	0.018257224502737097	34560.897390078775	8.13408841451932
26.65165165165165	0.01861223002032941	34814.399571694106	7.781870360841374
26.926926926926928	0.018977751564776005	35061.11710655499	7.438434458657349
27.2022022022022	0.019397449396268116	35301.59978357432	7.1030615263624455
27.47747747747748	0.019844580421949712	35535.96542444398	6.7756000528898985
27.75275275275275	0.02026921132942345	35763.71396885643	6.456710883307429
28.02802802802803	0.02069612696878855	35984.70230273359	6.14658580653932
28.303303303303302	0.021146139195431134	36199.030357851356	5.845097121819214
28.57857857857858	0.021558241863055064	36406.163775154186	5.552951069334191
28.853853853853856	0.021920383003937317	36605.55990725324	5.270865079537437
29.12912912912913	0.022329347338011195	36797.67397463129	4.998244836296756
29.404404404404403	0.02278024010529235	36982.84773965897	4.734644954812016
29.67967967967968	0.02315766967848528	37160.43207482022	4.480922732091991
29.954954954954957	0.023489486404331208	37330.14610253304	4.237451628055928
30.23023023023023	0.023884504564096798	37492.59021881175	4.0034465166106346
30.505505505505504	0.024327853462365035	37648.17033054436	3.7783776669136317
30.78078078078078	0.024758531624718368	37796.83907333669	3.5623111086239803
31.056056056056057	0.025133080651283446	37938.32331865347	3.3556097427706324
31.33133133133133	0.025456947991705253	38072.47796596007	3.1584682827435064
31.606606606606608	0.025832677988830977	38199.787770065996	2.9702533581350923
31.88188188188188	0.02629917824898878	38320.8701953475	2.7901568406924393
32.15715715715716	0.026793778049376306	38435.940717616715	2.6178988181084804
32.432432432432435	0.027274813085627084	38545.01115310127	2.4534670414523734
32.70770770770771	0.027726907595168708	38648.060614128124	2.296892256105345
32.98298298298298	0.028159461148778344	38745.14924495949	2.1480986744190473
33.25825825825826	0.028585221193330505	38836.41304680726	2.0069107356867044
33.533533533533536	0.02897427235849615	38921.90003696392	1.8732684903387342
33.808808808808806	0.029325772775074838	39001.69435876312	1.7470644624431022
34.08408408408408	0.02975458019549075	39076.252125860025	1.6277020459843066
34.35935935935936	0.03030208074278099	39146.077480579246	1.5145212350955268
34.63463463463464	0.030856681899558154	39211.30113128739	1.4073527567991333
34.90990990990991	0.03137739883017943	39271.96122437654	1.3061489715791785
35.18518518518518	0.031904180290743794	39328.215476535865	1.210705002432381
35.46046046046046	0.03240122053086748	39380.15038579091	1.1209095278390058
35.73573573573574	0.03280568784046372	39427.7573919115	1.0367761661839945
36.01101101101101	0.03320003476540915	39471.225547980524	0.958058709197078
36.286286286286284	0.033674037440971444	39510.888758030225	0.8843203882529772
36.56156156156156	0.03414600688924224	39546.91558781323	0.8153416469617105
36.83683683683684	0.03456665176210913	39579.40703582181	0.7509916770182806
37.112112112112115	0.03503225364439277	39608.60459314136	0.6909548886925234
37.38738738738739	0.03559202504654385	39634.78299874163	0.6348718442072177
37.66266266266266	0.03620899246038255	39658.138955182694	0.5824855614953368
37.93793793793794	0.03679939716152978	39678.76796919782	0.5336720080539892
38.213213213213216	0.03726958827805764	39696.69287318036	0.4884026549251293
38.488488488488485	0.0377073744645226	39712.0435746343	0.4465081731450221
38.76376376376376	0.03823686757508595	39725.04548061038	0.4076935952179066
39.03903903903904	0.038749617321377924	39735.820856198494	0.3717994463906651
39.314314314314316	0.03914777607592225	39744.432360833154	0.33874455746484666
39.58958958958959	0.03953449161973838	39751.02101783235	0.30834468830076833
39.86486486486486	0.03999089428850427	39755.76362445716	0.280368484248685
40.14014014014014	0.04051006554142215	39758.81303069679	0.25461598095063576
40.41541541541542	0.041049887228497325	39760.28779155815	0.2309322231315434
40.690690690690694	0.04154826093615933	39760.27515671053	0.20920335244773366
40.965965965965964	0.042014961046154445	39758.86748225898	0.1893087486209876
41.24124124124124	0.04248855306674437	39756.1681712749	0.17111321572998717
41.51651651651652	0.042920271723857095	39752.26060156666	0.15450783147577218
41.791791791791795	0.04326970495149925	39747.2172278916	0.1393979901039046
42.06706706706707	0.04362982508871699	39741.134025391686	0.1256581204283002
42.34234234234234	0.04405710909265294	39734.110862587826	0.11315747951775702
42.61761761761762	0.04448274997156748	39726.223235326856	0.10179731618828707
42.892892892892895	0.04489284784706544	39717.539403719195	0.09148835184183612
43.168168168168165	0.04535344280504219	39708.13365218438	0.0821333494494593
43.44344344344344	0.045870631975010186	39698.073225662934	0.07364428717817503
43.71871871871872	0.04640382323006455	39687.413321893524	0.0659489466533303
43.993993993993996	0.04692576968204936	39676.202009935856	0.05898445243299269
44.26926926926927	0.04742834173298536	39664.483923421736	0.0526924198369267
44.54454454454455	0.04795674203962609	39652.3052029515	0.047012458311093304
44.81981981981982	0.04852280369576228	39639.70880714652	0.041888335868600364
45.0950950950951	0.0490217499560615	39626.72654635096	0.037278455331271394
45.37037037037037	0.04942817772206271	39613.388218333785	0.03314384834503485
45.645645645645644	0.04985781945541982	39599.72955902989	0.029437722434712814
45.92092092092092	0.0503354696816974	39585.78397395561	0.026116329712148834
46.1961961961962	0.05079763650160602	39571.578536165325	0.023144230247363555
46.471471471471475	0.05124793846770556	39557.138462250376	0.020488410260977637
46.74674674674675	0.05172055612702045	39542.48810800212	0.01811697398999203
47.02202202202202	0.0521968406165103	39527.64888353204	0.0160018854686045
47.2972972972973	0.052641379941252765	39512.639388487696	0.01411879235331726
47.572572572572575	0.05302358599369522	39497.476205695064	0.012445983940049856
47.847847847847845	0.053370387388427455	39482.17547104871	0.010962328093354772
48.12312312312312	0.05381056162775021	39466.75427054845	0.009645434589627725
48.3983983983984	0.05435966209849517	39451.22759058866	0.008475664519000139
48.673673673673676	0.054895576494498124	39435.60668664485	0.007438276379142353
48.94894894894895	0.05536294551335549	39419.90122592254	0.006520610850067865
49.22422422422423	0.05576736362920308	39404.12037196514	0.005710665561779505
49.4994994994995	0.056171968567405306	39388.27322336788	0.004996518522221543
49.77477477477478	0.0566359694743955	39372.368409411836	0.004366859836428669
50.05005005005005	0.057105332717295225	39356.413099014215	0.0038122950515705016
50.32532532532532	0.05752086823166255	39340.41336134138	0.003324871809834975
50.6006006006006	0.05787908250415489	39324.37475807652	0.0028973017018079908
50.87587587587588	0.058225467912683154	39308.30258556677	0.002522643314040891
51.151151151151154	0.05865778432294594	39292.20196931555	0.0021941742608244676
51.42642642642643	0.05916288527090867	39276.07726615885	0.0019061815262503706
51.70170170170171	0.05963941166554955	39259.931949723075	0.001654110999395381
51.97697697697698	0.06010509188844917	39243.76920758521	0.0014337827795350268
52.252252252252255	0.06062181775456191	39227.592030774154	0.0012412736515086684
52.527527527527525	0.06113896785786745	39211.40293116352	0.00107328878097928
52.8028028028028	0.06158527993575369	39195.204026069	0.0009270507436176898
53.07807807807808	0.06193679445785578	39178.99721572548	0.0008000663847445446
53.353353353353356	0.06224817782405322	39162.784308388575	0.0006899624478397804
53.62862862862863	0.06269121018361225	39146.56709903654	0.0005943821435498021
53.90390390390391	0.06326293044673652	39130.347095754216	0.0005113449224463765
54.17917917917918	0.06377230020033615	39114.12542275562	0.0004393741431543546
54.454454454454456	0.06421622012201814	39097.90309696399	0.00037713362037507876
54.729729729729726	0.06470493228873478	39081.681099850255	0.00032333322698030014
55.005005005005	0.06521842415873387	39065.46027070335	0.0002768692471072176
55.28028028028028	0.06571052565301214	39049.24132124084	0.00023680524342479712
55.55555555555556	0.06623986631695425	39033.024902212244	0.00020228455351299017
55.830830830830834	0.0668146046779196	39016.811579829555	0.00017256131367814677
56.10610610610611	0.06727920132769323	39000.60180215872	0.00014704469591675595
56.38138138138139	0.06761181514161463	38984.39597820116	0.0001251949520413153
56.65665665665666	0.06799288690059353	38968.19450024047	0.00010649414830425642
56.931931931931935	0.06847237388487137	38951.99771616527	9.048248746752168e-05
57.20720720720721	0.06898254534369967	38935.805909867035	7.678412859951853e-05
57.48248248248248	0.06948388676391286	38919.619321026905	6.508120525411231e-05
57.75775775775776	0.06995377788394769	38903.43815587272	5.50997057692851e-05
58.033033033033036	0.07037250902257852	38887.262592826424	4.6602066059002634e-05
58.30830830830831	0.0707268737557221	38871.092787026035	3.9381238879757136e-05
58.58358358358358	0.07102037596828846	38854.928874249264	3.325554760867082e-05
58.85885885885886	0.0713216791831269	38838.77097593115	2.80620992891945e-05
59.134134134134136	0.07179563196662685	38822.61920241806	2.365251443883938e-05
59.40940940940941	0.07240812541583223	38806.47364282086	1.9906273790254766e-05
59.68468468468468	0.07292707354932651	38790.334363939095	1.6732142956805432e-05
59.95995995995996	0.0733170875717569	38774.20142373438	1.405046914967842e-05
60.23523523523524	0.07367254080213574	38758.07487533116	1.178792625376673e-05
60.510510510510514	0.07407709240296552	38741.95476548075	9.87954310747276e-06
60.78578578578579	0.07457228268020888	38725.841133754446	8.269766646472525e-06
61.06106106106106	0.0750673147750393	38709.73401167746	6.9136004141327235e-06
61.33633633633634	0.07549886100727365	38693.63342515489	5.773419216247505e-06
61.611611611611615	0.07592145957659349	38677.539396733955	4.8159993645971616e-06
61.88688688688689	0.07633347496236602	38661.4519452145	4.013031818097908e-06
62.16216216216216	0.07665142350188436	38645.37108568256	3.3410788437439864e-06
62.43743743743744	0.07693307476076053	38629.29683110345	2.7794834309880415e-06
62.712712712712715	0.0773289804378468	38613.229192720944	2.3098473252110064e-06
62.98798798798799	0.07780035221048258	38597.16817918206	1.9171796613518484e-06
63.26326326326326	0.07824719202551109	38581.11379693696	1.5893713197159497e-06
63.53853853853854	0.07871428675620709	38565.06605117119	1.3159729009148895e-06
63.813813813813816	0.07924391631037045	38549.02494589655	1.0880760356000767e-06
64.0890890890891	0.07976272060437771	38532.99048388215	8.984022395412354e-07
64.36436436436436	0.08021930604277527	38516.96266698095	7.408744742181916e-07
64.63963963963964	0.080627931882535	38500.94149638735	6.102803653725407e-07
64.91491491491492	0.08101913207485975	38484.92697272269	5.021604974239586e-07
65.1901901901902	0.0814337347557608	38468.91909610035	4.127235725765706e-07
65.46546546546547	0.08191324431008733	38452.91786618005	3.3877531366242573e-07
65.74074074074073	0.0824774311806114	38436.923282212774	2.776592609587037e-07
66.01601601601601	0.08301811513451193	38420.935343048965	2.2724210158233204e-07
66.29129129129129	0.08343582138805536	38404.95404724704	1.8577109496927e-07
66.56656656656656	0.08381569248754642	38388.979393198664	1.5171532274583523e-07
66.84184184184184	0.08421927177880752	38373.011379121985	1.2377415204431158e-07
67.11711711711712	0.08458721622392294	38357.05000305108	1.008868217034196e-07
67.3923923923924	0.08495255975681724	38341.09526289264	8.216137937126856e-08
67.66766766766767	0.08546312912235723	38325.1471564602	6.683490264253928e-08
67.94294294294295	0.08605446890890178	38309.20568144806	5.429900758788624e-08
68.21821821821823	0.08653099377957048	38293.27083544411	4.407609853764948e-08
68.4934934934935	0.08695269474049125	38277.34261598661	3.5756485023652394e-08
68.76876876876878	0.08744296195686646	38261.421020573405	2.8990012161503362e-08
69.04404404404404	0.08788835221880738	38245.506046643575	2.349762694789179e-08
69.31931931931932	0.0881979689777813	38229.597691713585	1.889299131128825e-08
69.5945945945946	0.08849524246082749	38213.69595300341	1.5169602901862603e-08
69.86986986986987	0.08886142957969646	38197.80082786773	1.2159418846089932e-08
70.14514514514515	0.08926384427871027	38181.912317313756	9.872860203785741e-09
70.42042042042041	0.08965249967462309	38166.03041527493	8.019641656383388e-09
70.69569569569569	0.08998582250213596	38150.15511905559	6.5202264389584715e-09
70.97097097097097	0.09037864921402582	38134.286426033876	5.308449661400612e-09
71.24624624624624	0.09097374130952385	38118.4243335278	4.328341516012725e-09
71.52152152152152	0.09157492885327148	38102.56883443499	3.557636709595911e-09
71.7967967967968	0.09197524760890584	38086.71993044103	2.9337308581326456e-09
72.07207207207207	0.09230105168406934	38070.87761882277	2.4294023670678667e-09
72.34734734734735	0.09266273102579885	38055.041896854906	2.02190589686195e-09
72.62262262262263	0.09301736608500764	38039.21276181004	1.6929253298473223e-09
72.8978978978979	0.09333061127665158	38023.39021095931	1.4276230039639643e-09
73.17317317317318	0.09360137348406979	38007.57424157297	1.2138916155213592e-09
73.44844844844846	0.09388014622343586	37991.76485092087	1.04180107883519e-09
73.72372372372374	0.09423588586864162	37975.96203627266	9.032448534386119e-10
73.998998998999	0.09461663732945126	37960.1657948979	7.917573233935554e-10
74.27427427427428	0.09494600614788015	37944.376124066366	7.021641386502967e-10
74.54954954954955	0.09526121623727431	37928.593021048204	6.30231228531414e-10
74.82482482482483	0.09559243031940738	37912.81648311417	5.72517482426601e-10
75.1001001001001	0.09588634390072438	37897.04650753564	5.262662047798236e-10
75.37537537537537	0.09613507937020858	37881.2830915847	4.892456954685584e-10
75.65065065065065	0.09641085549456377	37865.52623253434	4.596334993974813e-10
75.92592592592592	0.09674910399346436	37849.77592765843	4.3596048473544924e-10
76.2012012012012	0.09714663961001067	37834.03217423179	4.170513471225411e-10
76.47647647647648	0.09759434129673926	37818.294969530165	4.0196533696509835e-10
76.75175175175175	0.0980664666525738	37802.56431083027	3.899496497102266e-10
77.02702702702703	0.09846427196155756	37786.84019540981	3.804049803120295e-10
77.30230230230231	0.09873825563676702	37771.122620547474	3.7284745363245264e-10
77.57757757757759	0.09905485782348791	37755.41158352318	3.668769932965361e-10
77.85285285285286	0.09948633060284608	37739.707081617904	3.621719591237802e-10
78.12812812812814	0.09987184615221566	37724.009112113636	3.5848095540467945e-10
78.40340340340342	0.1002056613510648	37708.31767229344	3.5560140982803367e-10
78.67867867867868	0.10065751852124569	37692.632759441585	3.5336783671090736e-10
78.95395395395396	0.10114319596962439	37676.954370843414	3.516500044172139e-10
79.22922922922923	0.10145361603179176	37661.28250378524	3.5034544419028346e-10
79.50450450450451	0.10173345263438766	37645.61715555456	3.493700462701512e-10
79.77977977977977	0.10217931781678552	37629.958323440136	3.486557811801503e-10
80.05505505505505	0.10263080635862808	37614.306004731756	3.4814954357135054e-10
80.33033033033033	0.10295370860035459	37598.6601967202	3.478091170979928e-10
80.6056056056056	0.10325997499797804	37583.02089669747	3.4760039310071403e-10
80.88088088088088	0.10359251832620153	37567.388101956705	3.4749619748080714e-10
81.15615615615616	0.10386261834635478	37551.76180979214	3.4747492428237466e-10
81.43143143143143	0.10410174409520946	37536.14201749911	3.475193514764331e-10
81.70670670670671	0.10443161289453105	37520.528722374154	3.4761593213917075e-10
81.98198198198199	0.10481336042077782	37504.92192171492	3.477539382992301e-10
82.25725725725727	0.10514506405122637	37489.321612820124	3.4792471668017147e-10
82.53253253253254	0.10542714394005537	37473.72779298958	3.481213757978518e-10
82.80780780780782	0.10569866934077446	37458.14045952427	3.4833851097446523e-10
83.0830830830831	0.1060186334632284	37442.559609726326	3.4857195954063513e-10
83.35835835835836	0.10639297228690302	37426.985240899005	3.4881845056754347e-10
83.63363363363364	0.10673441333515625	37411.41735034664	3.490752190037077e-10
83.90890890890891	0.10700518621475362	37395.85593537462	3.4933999156688477e-10
84.18418418418419	0.10723224323944418	37380.30099328954	3.496110245732576e-10
84.45945945945945	0.10748858076219817	37364.75252139911	3.4988710030834085e-10
84.73473473473473	0.10785293802651932	37349.21051701222	3.5016743447470173e-10
85.01001001001	0.10826715464295536	37333.67497743883	3.5045128137053517e-10
85.28528528528528	0.1086502112663547	37318.14589999001	3.5073787189234775e-10
85.56056056056056	0.10902902751255074	37302.623281977925	3.5102665914137746e-10
85.83583583583584	0.10943547474774061	37287.107120715875	3.5131728288577354e-10
86.11111111111111	0.10986092078984429	37271.59741351831	3.5160943943946326e-10
86.38638638638639	0.11029937871033246	37256.094157700754	3.519028757338536e-10
86.66166166166167	0.11075233832767194	37240.59735057987	3.521973953502023e-10
86.93693693693695	0.11118148643957695	37225.106989473396	3.524927588528661e-10
87.21221221221222	0.11153101339446302	37209.623071700174	3.527886564768662e-10
87.4874874874875	0.11186371987944149	37194.14559458018	3.5308498512541807e-10
87.76276276276278	0.11227116598761902	37178.674555434576	3.533818641246551e-10
88.03803803803804	0.11271088054362291	37163.20995158561	3.536792921736978e-10
88.31331331331332	0.11312243924310476	37147.75178035657	3.539771364893091e-10
88.58858858858859	0.11350001069868397	37132.3000390719	3.5427528168784333e-10
88.86386386386387	0.1138413060678286	37116.854725057165	3.5457363390042727e-10
89.13913913913915	0.1141356676329952	37101.41583563896	3.548720982841788e-10
89.41441441441442	0.1143792457605341	37085.98336814506	3.5517059403906934e-10
89.68968968968969	0.11457959167634373	37070.55731990435	3.554690755110887e-10
89.96496496496496	0.11478661722308778	37055.13768824682	3.5576761391662633e-10
90.24024024024024	0.11506282528093602	37039.724470503636	3.5606639686098976e-10
90.51551551551552	0.11539491301087561	37024.31766400706	3.563655408741509e-10
90.7907907907908	0.11574899738627072	37008.917266090444	3.566650640911502e-10
91.06606606606607	0.11611544555731362	36993.52327408824	3.5696495986551785e-10
91.34134134134135	0.11649715892878812	36978.13568533603	3.572652287206245e-10
91.61661661661662	0.11691016941625999	36962.75449717047	3.5756590386345404e-10
91.8918918918919	0.11731517694109758	36947.37970692933	3.5786692892749085e-10
92.16716716716716	0.11761216471176353	36932.01131195141	3.581680546399981e-10
92.44244244244244	0.11782749715489146	36916.64930957666	3.5846914446621763e-10
92.71771771771772	0.11807479454121111	36901.29369714616	3.587703269336646e-10
92.992992992993	0.1183834597582855	36885.94447200218	3.590717611665368e-10
93.26826826826827	0.11875008363493687	36870.601631488054	3.593735622036878e-10
93.54354354354355	0.11920119411164037	36855.265172948224	3.5967587131208154e-10
93.81881881881883	0.11970224041567758	36839.93509372822	3.599787255570816e-10
94.0940940940941	0.1200477300745	36824.611391174585	3.6028174021902157e-10
94.36936936936937	0.12017451468608131	36809.294062634865	3.605844955278046e-10
94.64464464464464	0.12027104001952257	36793.98310545788	3.608870467079366e-10
94.91991991991992	0.12044854775859089	36778.678516993605	3.611896588336071e-10
95.1951951951952	0.12072133406775624	36763.38029459312	3.614925642290053e-10
95.47047047047047	0.12105321935047075	36748.08843560857	3.6179586895932075e-10
95.74574574574575	0.1213837055511503	36732.802937393215	3.620995341174186e-10
96.02102102102103	0.12166688481585627	36717.52379730132	3.624034392563508e-10
96.2962962962963	0.12189539312983527	36702.2510126883	3.6270747790022686e-10
96.57157157157158	0.1221676554278991	36686.984580910685	3.630117618628058e-10
96.84684684684684	0.12252997697832146	36671.724499326185	3.633164671066146e-10
97.12212212212212	0.12289280319846582	36656.47076529352	3.636215530479213e-10
97.3973973973974	0.12323004295989175	36641.22337617249	3.63926937809634e-10
97.67267267267268	0.12360237702584266	36625.98232932403	3.6423267606802016e-10
97.94794794794795	0.12401401276412245	36610.747622110204	3.6453881716475845e-10
98.22322322322323	0.12442630769893921	36595.519251894126	3.6484532409863415e-10
98.4984984984985	0.12480867653807187	36580.29721603997	3.6515211012355536e-10
98.77377377377378	0.12514336665485828	36565.081511913035	3.654590756321587e-10
99.04904904904905	0.12544880193198626	36549.87213687969	3.6576618001350994e-10
99.32432432432432	0.12572968460302014	36534.66908830743	3.6607340161525467e-10
99.5995995995996	0.12593752567549682	36519.4723635648	3.663806332136029e-10
99.87487487487488	0.12607583236807285	36504.28196002143	3.666878000949046e-10
100.15015015015015	0.12623170442636636	36489.097875048115	3.6699500893791067e-10
100.42542542542543	0.12645283420983056	36473.92010601678	3.6730243089050303e-10
100.70070070070071	0.126743210224493	36458.74865030043	3.6761020408848167e-10
100.97597597597598	0.12707936633225705	36443.58350527318	3.6791838983476744e-10
101.25125125125126	0.12741488011054056	36428.42466831015	3.6822694830485395e-10
101.52652652652652	0.12765764288614712	36413.272136787535	3.68535678888889e-10
101.8018018018018	0.1277795479699727	36398.1259080826	3.688443771925287e-10
102.07707707707708	0.1279873858659384	36382.98597957381	3.6915326850913294e-10
102.35235235235236	0.12837653240623303	36367.85234864081	3.694626997494869e-10
102.62762762762763	0.1287679838369121	36352.725012664225	3.697726062107723e-10
102.90290290290291	0.1290672517223078	36337.60396902565	3.700827663022949e-10
103.17817817817819	0.12930707645352252	36322.48921510787	3.703930712840121e-10
103.45345345345346	0.1295579225502885	36307.38074829473	3.707035663462547e-10
103.72872872872873	0.12989196928855676	36292.27856597127	3.7101441629206606e-10
104.004004004004	0.13025070978389344	36277.18266552353	3.713256406912007e-10
104.27927927927928	0.130559667574285	36262.09304433862	3.716371207363984e-10
104.55455455455456	0.13088890105171672	36247.00969980479	3.7194889141985853e-10
104.82982982982983	0.13126810322596086	36231.932629311355	3.7226103192801817e-10
105.10510510510511	0.13156104782166075	36216.861830248665	3.7257336082929686e-10
105.38038038038039	0.13171478259155228	36201.797300008104	3.7288564724544436e-10
105.65565565565566	0.1318201707480658	36186.739035982195	3.7319787621286604e-10
105.93093093093094	0.1319629958232501	36171.68703556462	3.7351018798476836e-10
106.2062062062062	0.13220215442430536	36156.64129615016	3.7382279341864687e-10
106.48148148148148	0.1324751934630488	36141.601815134665	3.741357431411482e-10
106.75675675675676	0.13268186052326156	36126.568589914976	3.744488999780825e-10
107.03203203203203	0.13284199503440516	36111.541617889045	3.7476219444865963e-10
107.30730730730731	0.13301572441872336	36096.52089645594	3.750756788314312e-10
107.58258258258259	0.1332720462690131	36081.506423015875	3.7538951325993216e-10
107.85785785785787	0.1336161161601425	36066.49819497012	3.757038280390632e-10
108.13313313313314	0.1339453615143888	36051.496209720965	3.7601854392855915e-10
108.4084084084084	0.13423056068233602	36036.50046467177	3.763335503074886e-10
108.68368368368368	0.13452185355350968	36021.510957227	3.7664884947878185e-10
108.95895895895896	0.13477581978262498	36006.527684792185	3.769643688245766e-10
109.23423423423424	0.13491432418457402	35991.55064477385	3.7727991985381027e-10
109.50950950950951	0.13503562721116125	35976.5798345797	3.7759552727001613e-10
109.78478478478479	0.13526317689214284	35961.61525161859	3.7791142075384325e-10
110.06006006006007	0.13556310918163886	35946.65689330042	3.78227717107439e-10
110.33533533533534	0.13586405879133726	35931.70475703612	3.785443835974858e-10
110.61061061061062	0.13609237641886981	35916.758840237635	3.7886127086840093e-10
110.88588588588588	0.136250450839697	35901.81914031803	3.7917826975830664e-10
111.16116116116116	0.13643440908602075	35886.88565469149	3.79495459424129e-10
111.43643643643644	0.13666333731998911	35871.95838077326	3.7981293225395517e-10
111.71171171171171	0.13689201828325764	35857.03731597968	3.80130682578973e-10
111.98698698698699	0.1370943461687648	35842.12245772809	3.804486624622843e-10
112.26226226226227	0.13726340991127634	35827.21380343694	3.8076682406444745e-10
112.53753753753755	0.1374335988789533	35812.31135052578	3.8108518852410496e-10
112.81281281281282	0.13764729355666933	35797.41509641522	3.814038425858845e-10
113.08808808808809	0.13793577250999758	35782.52503852701	3.8172290397968436e-10
113.36336336336336	0.13828119499562566	35767.641174283934	3.820424319847244e-10
113.63863863863864	0.1385937211158559	35752.76350110979	3.8236232298606055e-10
113.91391391391392	0.1388703154826724	35737.89201642946	3.8268249351670393e-10
114.1891891891892	0.13918947610846277	35723.02671766892	3.830030088232236e-10
114.46446446446447	0.13951210871459188	35708.16760225524	3.8332385436491397e-10
114.73973973973975	0.13975557111309544	35693.31466761645	3.8364488490720453e-10
115.01501501501502	0.1400174963833603	35678.46791118173	3.8396614883271243e-10
115.2902902902903	0.14039151573024958	35663.62733038144	3.8428783389138545e-10
115.56556556556556	0.14073282998130096	35648.792922646826	3.8460984885231227e-10
115.84084084084084	0.14094991526636708	35633.96468541022	3.8493197831449725e-10
116.11611611611612	0.14115740924923556	35619.14261610503	3.852542425433905e-10
116.3913913913914	0.1414054053550205	35604.326712165835	3.855767370307039e-10
116.66666666666667	0.14163582828453022	35589.51697102819	3.8589944194607605e-10
116.94194194194195	0.1418074240777302	35574.7133901287	3.8622227695315457e-10
117.21721721721723	0.14191272465387555	35559.91596690504	3.865451693510709e-10
117.4924924924925	0.14206659380606734	35545.124698796026	3.868682459870995e-10
117.76776776776778	0.1423775199178552	35530.33958324161	3.8719177485222194e-10
118.04304304304304	0.14268236819182395	35515.560617682706	3.875157016458295e-10
118.31831831831832	0.1428468958890328	35500.78779956118	3.8783977452691024e-10
118.5935935935936	0.14299460394841085	35486.02112632007	3.881639960579485e-10
118.86886886886887	0.14319791831277	35471.2605954035	3.8848848175348535e-10
119.14414414414415	0.14339301639986304	35456.50620425665	3.888132197067038e-10
119.41941941941943	0.1435636714825348	35441.75795032573	3.8913817565612943e-10
119.6946946946947	0.14375035502975497	35427.01583105803	3.8946338668249576e-10
119.96996996996998	0.1440054366390604	35412.27984390195	3.8978896232699247e-10
120.24524524524524	0.14435249214669943	35397.54998630698	3.9011502179408386e-10
120.52052052052052	0.14462375529753554	35382.82625572353	3.9044139632142833e-10
120.7957957957958	0.14469130197848037	35368.108649602975	3.9076776138544174e-10
121.07107107107107	0.14476522539983874	35353.397165397924	3.9109419313798885e-10
121.34634634634635	0.1449683668755996	35338.69180056212	3.914209387967768e-10
121.62162162162163	0.1451346156708314	35323.99255255026	3.91747931439948e-10
121.8968968968969	0.14523478733664472	35309.29941881805	3.920750755103491e-10
122.17217217217218	0.14542539662588597	35294.612396822384	3.924025380959292e-10
122.44744744744746	0.1457112817807458	35279.93148402123	3.927304534560526e-10
122.72272272272272	0.14599498846165163	35265.25667787351	3.93058774683788e-10
122.997997997998	0.14628346742629597	35250.58797583923	3.933874765873284e-10
123.27327327327328	0.14661389664206745	35235.9253753795	3.9371659599683183e-10
123.54854854854855	0.14695619103117236	35221.2688739564	3.940461151839544e-10
123.82382382382383	0.14727996554459813	35206.61846903309	3.943759750529336e-10
124.0990990990991	0.14759428537973518	35191.974158073805	3.9470614436334304e-10
124.37437437437438	0.14786542662339822	35177.33593854378	3.950365494474068e-10
124.64964964964966	0.14799790439793561	35162.70380790924	3.953669932000945e-10
124.92492492492492	0.14805197199062317	35148.07776363751	3.9569741486731594e-10
125.2002002002002	0.14821010375038612	35133.45780319712	3.960280386416623e-10
125.47547547547548	0.14845645973541513	35118.8439240576	3.963590119792644e-10
125.75075075075075	0.14868310533309706	35104.23612368948	3.9669028768940176e-10
126.02602602602603	0.14888209792425525	35089.63439956435	3.9702181829905013e-10
126.30130130130131	0.14907915874315095	35075.03874915484	3.97353605551425e-10
126.57657657657658	0.14930178191039373	35060.44916993466	3.9768569108974545e-10
126.85185185185186	0.14954457120538822	35045.86565937857	3.9801809867121825e-10
127.12712712712714	0.149744619450394	35031.28821496235	3.9835075475760483e-10
127.4024024024024	0.14989783121601233	35016.716834162806	3.986835975784589e-10
127.67767767767768	0.1500705054181509	35002.15151445785	3.9901667645864803e-10
127.95295295295296	0.15031395943827922	34987.59225332647	3.993501033461621e-10
128.22822822822823	0.1506468177156896	34973.03904824873	3.9968398989826154e-10
128.5035035035035	0.15095318636764704	34958.49189670564	4.0001825386346197e-10
128.7787787787788	0.15112523593119465	34943.950796179204	4.0035267858729247e-10
129.05405405405406	0.1512991194824509	34929.41574415254	4.006872940249762e-10
129.32932932932934	0.15159331176626137	34914.886738109926	4.0102229205040165e-10
129.60460460460462	0.15195412672477107	34900.36377553664	4.0135774166389403e-10
129.87987987987987	0.15231750963443558	34885.84685391897	4.0169360418262853e-10
130.15515515515517	0.15263856772918424	34871.335970744185	4.0202978709911027e-10
130.43043043043042	0.15289160962239481	34856.831123500604	4.0236618445730297e-10
130.70570570570572	0.15307362248887416	34842.332309677586	4.0270271172983e-10
130.98098098098097	0.15324818341986604	34827.83952676557	4.030393933151126e-10
131.25625625625628	0.1534860946201572	34813.352772256105	4.0337634650145225e-10
131.53153153153153	0.15372520403900863	34798.87204364173	4.037135744331214e-10
131.80680680680683	0.1539125167737833	34784.39733841598	4.040510062814594e-10
132.08208208208208	0.15413666985288804	34769.92865407353	4.043887105636389e-10
132.35735735735736	0.1544263855481161	34755.46598811005	4.047267789815296e-10
132.63263263263264	0.15467039104590355	34741.00933802225	4.050651286509453e-10
132.9079079079079	0.15487015576399957	34726.55870130784	4.05403698593513e-10
133.1831831831832	0.15514509521697953	34712.11407546565	4.057426052621297e-10
133.45845845845847	0.15544460423346096	34697.67545799555	4.0608186842365945e-10
133.73373373373374	0.1556406645930862	34683.2428463983	4.06421329912246e-10
134.00900900900902	0.15583560319376702	34668.81623817584	4.067610074576042e-10
134.2842842842843	0.1561367396165799	34654.39563083117	4.071010592043796e-10
134.55955955955955	0.1563421372356399	34639.981021868225	4.0744133460039276e-10
134.83483483483485	0.1563400448062183	34625.57240879185	4.0778156877082494e-10
135.1101101101101	0.15635708462847406	34611.16978910814	4.08121862261531e-10
135.3853853853854	0.15651733382334174	34596.77316032429	4.0846245955917726e-10
135.66066066066065	0.15675683508460445	34582.38251994848	4.088034621303519e-10
135.93593593593596	0.15703434615521997	34567.99786548991	4.091448920495828e-10
136.2112112112112	0.1573305111745523	34553.61919445881	4.094867401122308e-10
136.4864864864865	0.15757264452007327	34539.24650436638	4.0982890292284836e-10
136.76176176176176	0.157705852679975	34524.87979272483	4.1017122913622155e-10
137.03703703703704	0.157880577034701	34510.51905704749	4.105138015647752e-10
137.31231231231232	0.15820868833497503	34496.16429484879	4.108568307922203e-10
137.5875875875876	0.1585397480328786	34481.81550364415	4.112002798022206e-10
137.86286286286287	0.15877411427971727	34467.47268094991	4.1154399056308526e-10
138.13813813813815	0.15896422608257435	34453.13582428346	4.118879106970612e-10
138.41341341341342	0.1591605953169778	34438.80493116329	4.12232065756781e-10
138.6886886886887	0.15939525264279514	34424.47999910894	4.1257651685017527e-10
138.96396396396398	0.15966965843179015	34410.16102564097	4.129213125773098e-10
139.23923923923923	0.1599565685233985	34395.848008280955	4.132664549791851e-10
139.51451451451453	0.1601668353406264	34381.54094455145	4.136118316151109e-10
139.78978978978978	0.16024895306173909	34367.239831975996	4.1395729060119757e-10
140.06506506506508	0.16035684164022532	34352.94466807927	4.1430291176390283e-10
140.34034034034033	0.1605938298543372	34338.655450387065	4.1464888862212025e-10
140.61561561561564	0.1608732819276855	34324.37217642612	4.1499525915440226e-10
140.8908908908909	0.1611113976178241	34310.09484372415	4.1534194621231494e-10
141.1661661661662	0.16126301171189192	34295.82344980989	4.156888337639831e-10
141.44144144144144	0.16138645274699007	34281.557992213115	4.1603590628619487e-10
141.71671671671672	0.16159909496194502	34267.29846846471	4.163832998560498e-10
141.991991991992	0.16187879057349977	34253.04487609659	4.167310910226284e-10
142.26726726726727	0.16213931246125834	34238.797212641635	4.1707923045518e-10
142.54254254254255	0.16230131829841357	34224.555475633664	4.1742758157356253e-10
142.81781781781783	0.16235086488835618	34210.31966260755	4.177760218929546e-10
143.0930930930931	0.16243351678105644	34196.08977109926	4.18124638197594e-10
143.36836836836838	0.16263100134998837	34181.865798645864	4.18473599540531e-10
143.64364364364366	0.1628888195533018	34167.64774278544	4.1882296818503355e-10
143.9189189189189	0.16313990722211996	34153.435601057	4.1917270881468724e-10
144.1941941941942	0.1633251934574596	34139.229371000554	4.1952272158175166e-10
144.46946946946946	0.1634766368540817	34125.02905015716	4.1987296906084913e-10
144.74474474474476	0.1636697364593295	34110.834636068954	4.2022351518952333e-10
145.02002002002	0.1639280704207393	34096.646126279105	4.2057443802430434e-10
145.29529529529532	0.1642229849089331	34082.46351833179	4.2092576238989896e-10
145.57057057057057	0.16441755258981652	34068.2868097721	4.212773412074085e-10
145.84584584584587	0.16447917207292506	34054.11599814611	4.216290217030996e-10
146.12112112112112	0.16461165201821093	34039.951081001105	4.21980932764549e-10
146.3963963963964	0.16490226388728668	34025.792055885424	4.2233327965009734e-10
146.67167167167167	0.16526877140817373	34011.63892034837	4.2268612051524356e-10
146.94694694694695	0.16559901321240594	33997.49167194018	4.2303936548207707e-10
147.22222222222223	0.1657924454194118	33983.350308212044	4.233928262735942e-10
147.4974974974975	0.1659385569679789	33969.21482671623	4.2374646404194295e-10
147.77277277277278	0.1661551658518022	33955.08522500611	4.241003885154415e-10
148.04804804804806	0.16633364458551367	33940.961500636	4.244545561266167e-10
148.32332332332334	0.1664199746644401	33926.84365116118	4.24808869444868e-10
148.59859859859858	0.16662678785829346	33912.73167413812	4.251635039353403e-10
148.8738738738739	0.1669963009013971	33898.62556712432	4.2551864443065593e-10
149.14914914914914	0.16727975096817993	33884.525327678144	4.2587414222123377e-10
149.42442442442444	0.1674692220530907	33870.43095335893	4.262298738517512e-10
149.6996996996997	0.16776384094560173	33856.342441727196	4.265859747379058e-10
149.974974974975	0.16808411000492068	33842.25979034441	4.2694245743276455e-10
150.25025025025025	0.16824580615430437	33828.18299677293	4.27299120367964e-10
150.52552552552555	0.1683435642195486	33814.11205857615	4.276559158062193e-10
150.8008008008008	0.16851441235820233	33800.04697331864	4.2801296381530053e-10
151.07607607607608	0.1687451953556071	33785.98773856595	4.283703426784068e-10
151.35135135135135	0.1690060272320632	33771.934351884614	4.28728078903214e-10
151.62662662662663	0.16928719874494008	33757.886810842174	4.2908618187847615e-10
151.9019019019019	0.16955459608357515	33743.84511300717	4.2944462032804305e-10
152.17717717717719	0.16975223435808276	33729.80925594908	4.298033072372956e-10
152.45245245245246	0.16991981787952087	33715.779237238465	4.3016221970218464e-10
152.72772772772774	0.17015047271419045	33701.75505444694	4.305214442188104e-10
153.00300300300302	0.17044868311423145	33687.73670514712	4.3088105280525694e-10
153.2782782782783	0.17077540296405877	33673.72418691264	4.312410576767525e-10
153.55355355355357	0.17106763178275183	33659.71749731805	4.3160139883218214e-10
153.82882882882885	0.1712951874044428	33645.71663393893	4.319619968697838e-10
154.10410410410412	0.1715137310408067	33631.72159435189	4.3232285104933624e-10
154.37937937937937	0.1717170265213107	33617.73237613454	4.326839541002165e-10
154.65465465465465	0.17180815910436786	33603.748976865405	4.330451949559156e-10
154.92992992992993	0.1718763269002213	33589.77139412413	4.3340658362065487e-10
155.2052052052052	0.1721380067801324	33575.79962549149	4.3376836371936347e-10
155.48048048048048	0.17248453505561673	33561.83366854922	4.3413060683238495e-10
155.75575575575576	0.17268594682417523	33547.87352087985	4.3449312120271183e-10
156.03103103103103	0.17276306113226317	33533.919180066965	4.348557797618057e-10
156.3063063063063	0.1728180014122763	33519.97064369521	4.3521859233924004e-10
156.5815815815816	0.17296163451630014	33506.02790935031	4.355816860501695e-10
156.85685685685687	0.17323257563346328	33492.09097461905	4.359452018836229e-10
157.13213213213214	0.17354434511160383	33478.159837089144	4.363091570510078e-10
157.40740740740742	0.1738365688130771	33464.23449434926	4.366735008002863e-10
157.6826826826827	0.17408962822056565	33450.31494398904	4.370381730510499e-10
157.95795795795797	0.17428777834125517	33436.401183599126	4.3740311055427497e-10
158.23323323323325	0.17443107014844156	33422.49321077119	4.3776826394119047e-10
158.50850850850853	0.17461207549475102	33408.591023097935	4.3813369131295464e-10
158.7837837837838	0.17491016888558883	33394.69461817314	4.384995208576926e-10
159.05905905905905	0.17522476748896562	33380.80399359152	4.3886574817275983e-10
159.33433433433433	0.1754672781057646	33366.91914694872	4.3923227873130824e-10
159.6096096096096	0.17566305916627742	33353.04007584137	4.3959906474831694e-10
159.88488488488488	0.17586158175377753	33339.166777867176	4.3996611939758216e-10
160.16016016016016	0.17611785031597638	33325.299250624885	4.403335091186219e-10
160.43543543543544	0.17637859590720992	33311.43749171416	4.4070123191600904e-10
160.7107107107107	0.17652071612255385	33297.58149873563	4.4106916196691503e-10
160.985985985986	0.17656961044545344	33283.73126929088	4.4143722556928045e-10
161.26126126126127	0.17661963979159	33269.886800982604	4.418054596653463e-10
161.53653653653654	0.17673973777249452	33256.048091414545	4.4217396360148017e-10
161.81181181181182	0.17695722659560953	33242.215138191445	4.4254284363776367e-10
162.0870870870871	0.17720783103914234	33228.38793891901	4.429121184896836e-10
162.36236236236238	0.17744289175720096	33214.56649120389	4.4328175405703303e-10
162.63763763763765	0.17766451076431244	33200.75079265374	4.4365172568508866e-10
162.91291291291293	0.17789009081759466	33186.94084087722	4.4402203129220535e-10
163.1881881881882	0.17813625520055257	33173.136633484006	4.44392685669857e-10
163.46346346346348	0.17829451588963832	33159.33816808466	4.447635937374016e-10
163.73873873873873	0.17823992706073075	33145.54544229066	4.451345567997729e-10
164.014014014014	0.1782109709125631	33131.758453714654	4.455056514774309e-10
164.2892892892893	0.17844895105682065	33117.9771999705	4.458771788064176e-10
164.56456456456456	0.17874251307869699	33104.20167867284	4.462491676769627e-10
164.83983983983984	0.17891801574203295	33090.43188743719	4.466214707644577e-10
165.11511511511512	0.17907365900073047	33076.66782388014	4.4699406779718443e-10
165.3903903903904	0.1792738406621352	33062.909485619326	4.47367005515395e-10
165.66566566566567	0.179501963474367	33049.15687027334	4.4774030473612784e-10
165.94094094094095	0.17976400457747502	33035.40997546181	4.481139875726769e-10
166.21621621621622	0.18007572920811762	33021.668798805316	4.484880863611478e-10
166.4914914914915	0.18036474761229934	33007.9333379254	4.488625574512502e-10
166.76676676676678	0.18056926302816173	32994.20359044454	4.492373080734651e-10
167.04204204204206	0.18085505818278516	32980.479553986326	4.4961242128906305e-10
167.31731731731733	0.18128428289634857	32966.761226175404	4.4998802019883957e-10
167.5925925925926	0.18150090432381316	32953.048604637086	4.503638713279992e-10
167.8678678678679	0.18142324017643063	32939.34168699766	4.507397131701688e-10
168.14314314314316	0.18147644037919033	32925.64047088468	4.5111573112447904e-10
168.4184184184184	0.18176484770096177	32911.94495392683	4.514921719668423e-10
168.6936936936937	0.18206424965475493	32898.25513375355	4.518690232915527e-10
168.96896896896897	0.1823230330112628	32884.57100799527	4.5224622784288426e-10
169.24424424424424	0.1825802000307527	32870.89257428342	4.526237759937847e-10
169.51951951951952	0.18277368264379446	32857.21983025033	4.530016037229667e-10
169.7947947947948	0.18285837132387336	32843.55277352933	4.5337961900069624e-10
170.07007007007007	0.18295915883478106	32829.891401754794	4.5375786146248606e-10
170.34534534534535	0.18315589386551326	32816.23571256218	4.541364356228041e-10
170.62062062062063	0.18337603282011497	32802.58570358784	4.545153593276192e-10
170.8958958958959	0.18353428347520057	32788.941372469075	4.5489457001303575e-10
171.17117117117118	0.18355743056761567	32775.30271684407	4.5527395154229034e-10
171.44644644644646	0.18346565154381186	32761.66973435203	4.556534275928996e-10
171.72172172172174	0.1833553659334956	32748.042422633203	4.560330232202478e-10
171.996996996997	0.18338688451441698	32734.42077932896	4.5641290609793807e-10
172.2722722722723	0.18366361418112442	32720.80480208176	4.5679330617931545e-10
172.54754754754757	0.18394059605876012	32707.194488534802	4.5717418356966143e-10
172.82282282282284	0.184030952038187	32693.589836332143	4.5755533843132005e-10
173.0980980980981	0.18410258365206486	32679.990843118947	4.579367617528802e-10
173.37337337337337	0.18425514350176483	32666.397506541427	4.5831853613368847e-10
173.64864864864865	0.1844152005581162	32652.80982424673	4.587006619351436e-10
173.92392392392392	0.1845576693070036	32639.22779388296	4.590831170303725e-10
174.1991991991992	0.18471138561120767	32625.65141309922	4.5946590946260443e-10
174.47447447447448	0.18488639698992612	32612.080679545583	4.598490546528699e-10
174.74974974974975	0.1850681804152441	32598.515590873114	4.6023255209377813e-10
175.02502502502503	0.18517302065335622	32584.956144733773	4.606163274116428e-10
175.3003003003003	0.18516381275463192	32571.402338780463	4.610002876299268e-10
175.57557557557558	0.185214020783851	32557.854170667208	4.6138451124504857e-10
175.85085085085086	0.18542836093753398	32544.311638049105	4.617691548385639e-10
176.12612612612614	0.1857141979793596	32530.774738582128	4.6215426180578827e-10
176.40140140140142	0.18597453163020658	32517.243469923174	4.6253978172802584e-10
176.6766766766767	0.18613947343049123	32503.717829730027	4.629256138152007e-10
176.95195195195197	0.18625005754626328	32490.1978156615	4.633117127182068e-10
177.22722722722725	0.18639861599579918	32476.683425377443	4.63698121858054e-10
177.50250250250252	0.18651207509816647	32463.174656538627	4.6408481316179205e-10
177.77777777777777	0.186499728882828	32449.671506806717	4.644716852665106e-10
178.05305305305305	0.18647282804299847	32436.173973844434	4.6485875188204993e-10
178.32832832832833	0.18654509755350573	32422.68205531558	4.6524612356121696e-10
178.6036036036036	0.1867229209872185	32409.195748884933	4.656338956689387e-10
178.87887887887888	0.18695941109463626	32395.715052218202	4.660221041446999e-10
179.15415415415416	0.18715623572738357	32382.239962981977	4.664106931423441e-10
179.42942942942943	0.18724316476081393	32368.77047884376	4.667995576824751e-10
179.7047047047047	0.18719793892265835	32355.306597472005	4.671885932199634e-10
179.97997997998	0.18718240163319305	32341.848316536285	4.675778536743176e-10
180.25525525525526	0.18738888094812597	32328.39563370729	4.679675495586531e-10
180.53053053053054	0.18768442860713214	32314.94854665657	4.683577358582102e-10
180.80580580580582	0.18789117382492765	32301.507053056495	4.687483052019836e-10
181.0810810810811	0.1879943913246871	32288.07115058039	4.691391590080369e-10
181.35635635635637	0.18807976433963425	32274.640836902614	4.695302899381706e-10
181.63163163163165	0.18834440365734642	32261.21610969866	4.699218586053676e-10
181.90690690690693	0.18870705548057365	32247.79696664494	4.703139252469616e-10
182.1821821821822	0.18881371486071893	32234.383405418506	4.707062445228775e-10
182.45745745745745	0.18870678997284557	32220.975423697422	4.710986518432439e-10
182.73273273273273	0.18867017461566588	32207.57301916096	4.714912491336334e-10
183.008008008008	0.18881795473193774	32194.176189489444	4.718842168538314e-10
183.28328328328328	0.1891430080963931	32180.784932364182	4.722776950296636e-10
183.55855855855856	0.1894464019337292	32167.399245467248	4.7267163057555e-10
183.83383383383384	0.18960965634910096	32154.01912648159	4.730658839602928e-10
184.1091091091091	0.18977935342100002	32140.644573091253	4.734604624504451e-10
184.3843843843844	0.19001624944616685	32127.27558298129	4.738554214717532e-10
184.65965965965967	0.1902275462938266	32113.912153837635	4.742507305955166e-10
184.93493493493494	0.19038547173343018	32100.554283347155	4.74646342873175e-10
185.21021021021022	0.1905245099618968	32087.20196919773	4.750422479590745e-10
185.4854854854855	0.19068753638986108	32073.85520907821	4.754384719416325e-10
185.76076076076077	0.1909018223181997	32060.514000678453	4.758350579172011e-10
186.03603603603605	0.1911062365949725	32047.17834168921	4.762319921682158e-10
186.31131131131133	0.19126879122148022	32033.848229802174	4.766292382615025e-10
186.5865865865866	0.19150500522554242	32020.5236627101	4.770268578454424e-10
186.86186186186188	0.19181715917932282	32007.20463810669	4.774249024417417e-10
187.13713713713713	0.19199266484128633	31993.891153686433	4.778232484145606e-10
187.4124124124124	0.19204611255256757	31980.583207144788	4.782218062767405e-10
187.68768768768768	0.19221600138714268	31967.28079617837	4.786206880230949e-10
187.96296296296296	0.19247428695747962	31953.983918484744	4.790199635595655e-10
188.23823823823824	0.1926561854136612	31940.692571762276	4.794195629807185e-10
188.51351351351352	0.1928057923477574	31927.40675371033	4.79819463142412e-10
188.7887887887888	0.19301525123860486	31914.126462029315	4.802197155827046e-10
189.06406406406407	0.1932709939805404	31900.851694420577	4.806203519916247e-10
189.33933933933935	0.1935261595698505	31887.58244858637	4.810213627463568e-10
189.61461461461462	0.19371436331689537	31874.318722229855	4.814226903818402e-10
189.8898898898899	0.1938307735949153	31861.06051305515	4.818242842842858e-10
190.16516516516518	0.19394763491975966	31847.80781876738	4.82226156707493e-10
190.44044044044045	0.19410106465515983	31834.560637072664	4.826283448042508e-10
190.71571571571573	0.19429725023738553	31821.318965678063	4.830308838046278e-10
190.990990990991	0.19455501957894042	31808.082802291647	4.834338164334112e-10
191.26626626626629	0.19486994108432043	31794.85214462238	4.838371740130366e-10
191.54154154154156	0.19510733617246243	31781.6269903801	4.84240884319076e-10
191.8168168168168	0.19519142439743178	31768.407337275523	4.846448336045454e-10
192.0920920920921	0.19528809282867474	31755.19318302046	4.850490475393709e-10
192.36736736736736	0.19550511255075076	31741.984525327767	4.854536254895448e-10
192.64264264264264	0.19580102999217883	31728.78136191122	4.858586192012275e-10
192.91791791791792	0.19612087508384524	31715.583690485488	4.86264031576013e-10
193.1931931931932	0.19641280964790409	31702.39150876615	4.866698285457622e-10
193.46846846846847	0.1966643280566828	31689.204814469736	4.870759737119545e-10
193.74374374374375	0.196883094396495	31676.02360531371	4.874824426124877e-10
194.01901901901903	0.19706046017194065	31662.847879016485	4.878892092045731e-10
194.2942942942943	0.1971944673819648	31649.677633297433	4.882962505751304e-10
194.56956956956958	0.19732384937684155	31636.5128658769	4.887035742253424e-10
194.84484484484486	0.1974888788451973	31623.35357447621	4.891112140716896e-10
195.12012012012013	0.19771532382201198	31610.199756817663	4.895192159055923e-10
195.3953953953954	0.19797942485336414	31597.051410624492	4.899276013926784e-10
195.6706706706707	0.19820731244354822	31583.908533620794	4.903363388138653e-10
195.94594594594597	0.1984135526730286	31570.77112353165	4.907454117774222e-10
196.22122122122124	0.19866596486875038	31557.639178083118	4.911548516818895e-10
196.4964964964965	0.19893369604514824	31544.512695002202	4.91564664135975e-10
196.77177177177177	0.19915452401679706	31531.391672016773	4.919748132790444e-10
197.04704704704704	0.19932044835597773	31518.27610685565	4.92385264262862e-10
197.32232232232232	0.19945303403695352	31505.165997248623	4.927960019530018e-10
197.5975975975976	0.1996098944951473	31492.061340926466	4.932070509508445e-10
197.87287287287288	0.19978409659159382	31478.962135620895	4.936184274631492e-10
198.14814814814815	0.19987273424440993	31465.868379064483	4.940300789154628e-10
198.42342342342343	0.19989456430775282	31452.78006899074	4.944419728005745e-10
198.6986986986987	0.19997089208564342	31439.69720313426	4.948541600157545e-10
198.97397397397398	0.2000839426877714	31426.619779230536	4.952666722812856e-10
199.24924924924926	0.20015993061008983	31413.54779501595	4.956794886675941e-10
199.52452452452454	0.20025021708748625	31400.481248227876	4.960926247517947e-10
199.7997997997998	0.20041471067820613	31387.420136604665	4.965061324169253e-10
200.0750750750751	0.20061156111757492	31374.364457885582	4.969200282296431e-10
200.35035035035037	0.20078410081128287	31361.31420981079	4.973342899181213e-10
200.62562562562564	0.20088843788281285	31348.269390121335	4.977488710515892e-10
200.90090090090092	0.20100400773084107	31335.229996559283	4.981637829073081e-10
201.17617617617617	0.20132268636445178	31322.196026867816	4.985791557583471e-10
201.45145145145145	0.20172611818452904	31309.16747879094	4.989950227545488e-10
201.72672672672672	0.20192801126283308	31296.144350073337	4.994112367793569e-10
202.002002002002	0.20199385779848492	31283.126638460697	4.998277150197474e-10
202.27727727727728	0.2020950510304669	31270.1143416998	5.002444915309104e-10
202.55255255255256	0.20223351664714886	31257.107457538357	5.006615965456186e-10
202.82782782782783	0.20239449288159136	31244.105983725014	5.01079046737351e-10
203.1031031031031	0.2026189776608865	31231.10991800938	5.014968809071451e-10
203.3783783783784	0.2028983349563488	31218.119258142	5.019151261888193e-10
203.65365365365366	0.20314885566368096	31205.13400187427	5.02333755647285e-10
203.92892892892894	0.20336821370879285	31192.15414695853	5.027527455322243e-10
204.20420420420422	0.2036199089846631	31179.179691148103	5.031721128289919e-10
204.4794794794795	0.20388797060393565	31166.210632197228	5.03591862518343e-10
204.75475475475477	0.20412860732176302	31153.24696786105	5.040119738856905e-10
205.03003003003005	0.20437424979447594	31140.288695895673	5.044324478973778e-10
205.30530530530532	0.20463988859754184	31127.335814058148	5.048532937285062e-10
205.5805805805806	0.20482203915774427	31114.38832010636	5.052744619048256e-10
205.85585585585588	0.20489711110750058	31101.446211799117	5.056958973346529e-10
206.13113113113113	0.20501082997560158	31088.509486896273	5.061176333801054e-10
206.4064064064064	0.20517143079421415	31075.578143158637	5.065397033560126e-10
206.68168168168168	0.20524158030067627	31062.652178347813	5.069620598717654e-10
206.95695695695696	0.20530459172285845	31049.73159022642	5.073847081645914e-10
207.23223223223223	0.20554286117500348	31036.81637655817	5.078077538275911e-10
207.5075075075075	0.2058127009136364	31023.90653510757	5.082312074096612e-10
207.7827827827828	0.2059250802602244	31011.002063639895	5.086549756284829e-10
208.05805805805807	0.20600314673784764	30998.102959921453	5.090790453281136e-10
208.33333333333334	0.20618094253496838	30985.2092217196	5.095034778639103e-10
208.60860860860862	0.20645866438560012	30972.320846802642	5.099283254906678e-10
208.8838838838839	0.2067600043888359	30959.437832939722	5.103535915098097e-10
209.15915915915917	0.2069396984739729	30946.56017790078	5.107792030749077e-10
209.43443443443445	0.20699542130299964	30933.687879456684	5.112050968720997e-10
209.70970970970973	0.20703407730186235	30920.820935379325	5.116312736650604e-10
209.984984984985	0.20706869201620226	30907.959343441533	5.120577409193838e-10
210.26026026026028	0.20708306253644926	30895.10310141706	5.124844965231275e-10
210.53553553553556	0.20715160404643843	30882.252207080637	5.129115782469656e-10
210.8108108108108	0.20733313074694953	30869.40665820799	5.133390501483098e-10
211.08608608608608	0.20757147252703095	30856.56645257571	5.137669373151763e-10
211.36136136136136	0.20784372480900934	30843.73158796128	5.141952488782642e-10
211.63663663663664	0.20820534457996975	30830.902062143177	5.146240201855409e-10
211.91191191191191	0.20852831444608955	30818.077872900678	5.150532166453006e-10
212.1871871871872	0.2085335416275349	30805.259018013723	5.154826720558811e-10
212.46246246246247	0.2084014030326569	30792.445495263342	5.15912329436652e-10
212.73773773773775	0.20852059798260011	30779.637302431838	5.163423352946394e-10
213.01301301301302	0.20878197706544552	30766.834437302365	5.167727624592232e-10
213.2882882882883	0.20895970025573934	30754.036897658752	5.172035608223414e-10
213.56356356356358	0.20907474352765354	30741.2446812858	5.176346979433907e-10
213.83883883883885	0.20920299539249665	30728.457785969276	5.180661831554992e-10
214.11411411411413	0.20942061246814853	30715.67620949597	5.184980618362014e-10
214.3893893893894	0.2097179885136776	30702.899949653558	5.189303678104957e-10
214.66466466466468	0.20998152243676357	30690.129004230534	5.193630755824844e-10
214.93993993993996	0.21014576636136792	30677.36337101625	5.197961330098159e-10
215.21521521521524	0.2101968094971838	30664.603047800967	5.20229488511735e-10
215.4904904904905	0.21019271056065264	30651.84803237592	5.20663123725133e-10
215.76576576576576	0.21021535272784833	30639.09832253335	5.210970612158355e-10
216.04104104104104	0.21030422546879382	30626.353916066437	5.21531340030154e-10
216.31631631631632	0.21047265460500508	30613.6148107693	5.219660008100628e-10
216.5915915915916	0.21069653723896814	30600.881004436946	5.224010672036294e-10
216.86686686686687	0.21092143369759903	30588.152494865248	5.228365340282881e-10
217.14214214214215	0.2110595745665082	30575.429279850923	5.232723565387174e-10
217.41741741741743	0.21111872701714793	30562.7113571916	5.237084994411569e-10
217.6926926926927	0.21119088875914233	30549.998724685916	5.241449740786198e-10
217.96796796796798	0.21126398919975087	30537.291380133414	5.245817849157869e-10
218.24324324324326	0.2112864524022036	30524.589321334497	5.250189119551714e-10
218.51851851851853	0.2113431134508006	30511.89254609057	5.254563769446562e-10
218.7937937937938	0.21150972966236964	30499.201052204022	5.258942343481712e-10
219.0690690690691	0.21167464789887558	30486.514837478047	5.263324800679637e-10
219.34434434434436	0.211778778394484	30473.833899716697	5.267710836222351e-10
219.61961961961964	0.2119358142191148	30461.158236725045	5.272100702180213e-10
219.89489489489492	0.2121673710512675	30448.487846309108	5.276494713517879e-10
220.17017017017017	0.2123699881223928	30435.822726275706	5.280892680294531e-10
220.44544544544544	0.2125457304294926	30423.162874432568	5.285294448897712e-10
220.72072072072072	0.21276747348055444	30410.50828858842	5.289700203693041e-10
220.995995995996	0.2130196398567748	30397.858966552867	5.294110035136952e-10
221.27127127127127	0.21325807197641303	30385.2149061364	5.29852383363475e-10
221.54654654654655	0.21348730665868168	30372.576105150412	5.302941524360999e-10
221.82182182182183	0.21369902213644112	30359.9425614072	5.307363009137203e-10
222.0970970970971	0.21382419698698296	30347.314272719916	5.311787922340055e-10
222.37237237237238	0.21387517577055895	30334.691236902614	5.316215991441642e-10
222.64764764764766	0.2139920387109318	30322.073451770415	5.320647547866933e-10
222.92292292292294	0.2142134469202911	30309.46091513936	5.325083042442674e-10
223.1981981981982	0.21447810136852927	30296.85362482635	5.329522618188029e-10
223.4734734734735	0.21474027800101372	30284.25157864917	5.333966216785223e-10
223.74874874874877	0.21496196202138987	30271.654774426446	5.338413641792469e-10
224.02402402402404	0.21508885842140468	30259.06320997767	5.34286451618847e-10
224.29929929929932	0.21510695895301746	30246.476883123232	5.34731845058945e-10
224.5745745745746	0.21514247615355275	30233.89579168454	5.351775581146864e-10
224.84984984984985	0.2152591883522536	30221.31993348398	5.356236281107567e-10
225.12512512512512	0.21536052040126644	30208.749306344747	5.360700508789987e-10
225.4004004004004	0.21544481736462356	30196.183908090938	5.365168220769106e-10
225.67567567567568	0.2156280879679592	30183.62373654767	5.369639827724337e-10
225.95095095095095	0.21591661545826665	30171.068789540965	5.37411570981558e-10
226.22622622622623	0.2162255410762862	30158.51906489767	5.378595873193616e-10
226.5015015015015	0.21639891519642615	30145.974560445382	5.383079758577637e-10
226.77677677677679	0.2163402944184096	30133.435274012514	5.387566521252134e-10
227.05205205205206	0.21630185908274463	30120.90120342862	5.392056315654169e-10
227.32732732732734	0.21646999502225092	30108.37234652435	5.396549986662169e-10
227.60260260260262	0.2166849337244298	30095.848701131094	5.40104769302585e-10
227.8778778778779	0.2168701320370064	30083.330265081055	5.405549294902296e-10
228.15315315315317	0.21712440151818777	30070.81703620745	5.410055023377267e-10
228.42842842842845	0.2173976595676824	30058.309012344344	5.414564900239095e-10
228.70370370370372	0.21752477503873638	30045.80619132655	5.419078377931799e-10
228.978978978979	0.21756369683746127	30033.308570989822	5.423595169681038e-10
229.25425425425428	0.21765126342051808	30020.81614917096	5.428115489928818e-10
229.52952952952953	0.21771606704304072	30008.3289237076	5.432639285109656e-10
229.8048048048048	0.21770519531622687	29995.84689243819	5.437166319926278e-10
230.08008008008008	0.21780844497799065	29983.3700532023	5.441697048573066e-10
230.35535535535536	0.21806631877609559	29970.898403840427	5.446232018858449e-10
230.63063063063063	0.2181943681242762	29958.43194219369	5.450770736564918e-10
230.9059059059059	0.21817050421233647	29945.97066610407	5.45531268531583e-10
231.1811811811812	0.21826453744026206	29933.514573414737	5.459858325810716e-10
231.45645645645646	0.21846901152363857	29921.063661969714	5.464408048377256e-10
231.73173173173174	0.21861293396504713	29908.617929613785	5.468961618710701e-10
232.00700700700702	0.2187137604827219	29896.177374192634	5.473518888567033e-10
232.2822822822823	0.21884380882212612	29883.741993552914	5.478079967567749e-10
232.55755755755757	0.21899594081371931	29871.311785542162	5.482644930077498e-10
232.83283283283285	0.21917764641445622	29858.886748008827	5.48721386646693e-10
233.10810810810813	0.21946515771069958	29846.466878802326	5.491787098826574e-10
233.3833833833834	0.21981055693446652	29834.05217577291	5.496364747415381e-10
233.65865865865868	0.22000359590497942	29821.64263677153	5.500946281106235e-10
233.93393393393396	0.22006209163638188	29809.238259650043	5.505531289934884e-10
234.2092092092092	0.22017921579832808	29796.839042261396	5.510119984185887e-10
234.48448448448448	0.22037358446581365	29784.444982459438	5.514712609753646e-10
234.75975975975976	0.22057094355453732	29772.056078098838	5.519309165398802e-10
235.03503503503504	0.22068447969261704	29759.672327035085	5.523909398740829e-10
235.3103103103103	0.22069152877915982	29747.29372712452	5.528513014228379e-10
235.5855855855856	0.2207533996046214	29734.920276224544	5.533120213087219e-10
235.86086086086087	0.22093352736343633	29722.551972193512	5.537731368025753e-10
236.13613613613614	0.2210878959795438	29710.188812890523	5.542346394647079e-10
236.41141141141142	0.2211860153664966	29697.830796175545	5.546965130647314e-10
236.6866866866867	0.22132445806323686	29685.477919909514	5.551587706179007e-10
236.96196196196198	0.22151393473478553	29673.130181954286	5.556214268182125e-10
237.23723723723725	0.221707068418541	29660.787580172557	5.560844814691841e-10
237.51251251251253	0.22185196526596818	29648.450112427843	5.565479202683697e-10
237.7877877877878	0.221924743811904	29636.117776584542	5.570117239292456e-10
238.06306306306308	0.22200390659279348	29623.79057050801	5.574758962301101e-10
238.33833833833836	0.2221623603180912	29611.46849206456	5.579404605316911e-10
238.61361361361364	0.22241333549258083	29599.151539121412	5.584054410644121e-10
238.88888888888889	0.22268581692553766	29586.839709546617	5.588708402097407e-10
239.16416416416416	0.2228249294837116	29574.53300120893	5.593366212239072e-10
239.43943943943944	0.22286816926181818	29562.23141197804	5.598027606471034e-10
239.71471471471472	0.22298153502139495	29549.934939724684	5.602692788447258e-10
239.98998998999	0.22313171330499193	29537.64358232047	5.607361861104977e-10
240.26526526526527	0.2232192410652991	29525.35733763777	5.612034670255061e-10
240.54054054054055	0.22327893704916016	29513.076203549892	5.616711161157208e-10
240.81581581581582	0.22337182281023404	29500.800177931073	5.621391436083574e-10
241.0910910910911	0.22352854263115196	29488.529258656483	5.626075665345787e-10
241.36636636636638	0.2237234842366715	29476.263443602133	5.630763938651097e-10
241.64164164164166	0.2238571148355886	29464.00273064482	5.635456097820818e-10
241.91691691691693	0.22396224356477393	29451.74711766228	5.640152079037549e-10
242.1921921921922	0.2241814439135293	29439.496602533243	5.644852159387672e-10
242.4674674674675	0.22440956841258625	29427.251183137232	5.649556341123636e-10
242.74274274274276	0.22444870466089645	29415.010857354453	5.654264184510971e-10
243.01801801801804	0.2244267441457926	29402.775623066114	5.658975569051865e-10
243.29329329329332	0.22451957309816775	29390.545478154483	5.663690788396726e-10
243.56856856856857	0.22467879610749023	29378.320420502674	5.668410004359142e-10
243.84384384384384	0.22485295176223902	29366.10044799461	5.673133246212411e-10
244.11911911911912	0.22507254749434175	29353.88555851514	5.677860605985017e-10
244.3943943943944	0.22531574459462153	29341.67574994996	5.682592115821852e-10
244.66966966966967	0.2254942801479217	29329.471020185574	5.687327622464102e-10
244.94494494494495	0.22562086483640326	29317.271367109344	5.692067017451497e-10
245.22022022022023	0.2257743703601062	29305.07678860963	5.6968103613028e-10
245.4954954954955	0.22595064961344918	29292.887282575626	5.701557700162068e-10
245.77077077077078	0.22611594940235905	29280.702846897406	5.706309010316036e-10
246.04604604604606	0.22627168879845003	29268.523479465905	5.711064273696235e-10
246.32132132132134	0.22642913340741144	29256.34917817294	5.715823495335656e-10
246.5965965965966	0.22660096535764332	29244.179940911232	5.720586702908429e-10
246.8718718718719	0.22680193184611652	29232.015765574393	5.725353946785887e-10
247.14714714714717	0.22704592930043152	29219.85665005691	5.730125293286183e-10
247.42242242242244	0.22727633692470378	29207.70259225411	5.734900705520375e-10
247.69769769769772	0.22739253565244605	29195.553590062074	5.739679993812971e-10
247.972972972973	0.22749162183913196	29183.409641377864	5.744463140474982e-10
248.24824824824825	0.22772957010631142	29171.270744099576	5.749250371669764e-10
248.52352352352352	0.22797589374346722	29159.136896126038	5.754041687348592e-10
248.7987987987988	0.2280984288334131	29147.008095356836	5.758836901751455e-10
249.07407407407408	0.2282572913398734	29134.884339692577	5.763636074239347e-10
249.34934934934935	0.228552192078456	29122.765627034856	5.76843938874979e-10
249.62462462462463	0.2288685916816301	29110.65195528601	5.773246847432825e-10
249.8998998998999	0.22911660995136915	29098.54332234916	5.778058348327341e-10
250.17517517517518	0.2292656039902222	29086.439726128272	5.782873777442767e-10
250.45045045045046	0.22935314383819866	29074.341164528214	5.787693075566368e-10
250.72572572572574	0.22945858975467615	29062.24763545482	5.792516272954745e-10
251.00100100100101	0.22963537429970188	29050.15913681484	5.797343453816762e-10
251.2762762762763	0.22990063539853323	29038.07566651592	5.802174705576586e-10
251.55155155155157	0.2301730099372871	29025.997222466485	5.807010021103549e-10
251.82682682682685	0.23037459191514068	29013.92380257575	5.811849331019407e-10
252.10210210210212	0.23049247304472525	29001.855404753787	5.816692570570138e-10
252.3773773773774	0.23055247271665483	28989.79202691156	5.821539702242479e-10
252.65265265265268	0.23062119031593492	28977.733666960976	5.826390742788266e-10
252.92792792792793	0.23075355581811208	28965.680322814867	5.831245752341666e-10
253.2032032032032	0.230979222082364	28953.631992386967	5.836104805399722e-10
253.47847847847848	0.2312146080727002	28941.58867359179	5.840967902356661e-10
253.75375375375376	0.2313596146707363	28929.550364344606	5.845834983004135e-10
254.02902902902903	0.23153358568319418	28917.517062561677	5.850706068560184e-10
254.3043043043043	0.2318472521943443	28905.488766160262	5.855581228381562e-10
254.5795795795796	0.23218340424748848	28893.46547305835	5.860460446975579e-10
254.85485485485486	0.23241317012669999	28881.447181174666	5.865343672532881e-10
255.13013013013014	0.23246584694966424	28869.433888428717	5.870230860606474e-10
255.40540540540542	0.23243472470933615	28857.425592740976	5.875121993067104e-10
255.6806806806807	0.23256041721196025	28845.42229203304	5.880017124697258e-10
255.95595595595597	0.23281269346092992	28833.42398422734	5.88491629129545e-10
256.2312312312313	0.23300209293231686	28821.430667246957	5.889819474151241e-10
256.5065065065065	0.23310474747727986	28809.442339015837	5.89472666230674e-10
256.7817817817818	0.23318089122673888	28797.45899745883	5.899637858043887e-10
257.0570570570571	0.23335194926202188	28785.480640501784	5.904553078564997e-10
257.3323323323324	0.23366773377722974	28773.507266071465	5.909472326004108e-10
257.60760760760763	0.2339920605492672	28761.538872095363	5.914395575306753e-10
257.8828828828829	0.23423985561186156	28749.575456501723	5.919322820709206e-10
258.15815815815813	0.23442986324456808	28737.61701721968	5.924254070936144e-10
258.43343343343344	0.234633936673354	28725.663552179303	5.929189319457317e-10
258.70870870870874	0.23493635168596563	28713.71505931163	5.93412851746979e-10
258.983983983984	0.23520629428707882	28701.771536548393	5.939071663123346e-10
259.25925925925924	0.2352782694106635	28689.832981822023	5.944018869413792e-10
259.53453453453454	0.23533915896283378	28677.899393066004	5.948970147539525e-10
259.80980980980985	0.2355529237042687	28665.970768214862	5.953925405192114e-10
260.0850850850851	0.23573212595843665	28654.047105203776	5.958884662110677e-10
260.36036036036035	0.23576506502215078	28642.12840196867	5.963848027206962e-10
260.63563563563565	0.23576396730254187	28630.21465644643	5.968815527852068e-10
260.91091091091096	0.23583173046845113	28618.305866574934	5.973787119188387e-10
261.1861861861862	0.23602745129397504	28606.402030292968	5.978762711684377e-10
261.46146146146145	0.2362655957685845	28594.50314554008	5.983742265144464e-10
261.73673673673676	0.23640332219811505	28582.609210256527	5.988725861400392e-10
262.01201201201206	0.23649662586578943	28570.720222383483	5.993713543038686e-10
262.2872872872873	0.23662115005071074	28558.83617986306	5.998705283769965e-10
262.56256256256256	0.23665685759374439	28546.957080638098	6.003701172030366e-10
262.8378378378378	0.23657537023798475	28535.082922652255	6.008701318679122e-10
263.1131131131131	0.2366206200263865	28523.213703850306	6.013705609299645e-10
263.3883883883884	0.2368368830062081	28511.349422177937	6.018713889624383e-10
263.66366366366367	0.23698780971546646	28499.490075581445	6.023726218730441e-10
263.9389389389389	0.23704719816047143	28487.63566200792	6.028742692051579e-10
264.2142142142142	0.2371511642682399	28475.786179405477	6.033763266744072e-10
264.48948948948953	0.23730921974031757	28463.941625723088	6.0387878858455e-10
264.7647647647648	0.23748064006376968	28452.10199891054	6.043816531812211e-10
265.04004004004	0.23767960050929232	28440.26729691848	6.048849166397769e-10
265.31531531531533	0.23791544200420406	28428.437517698414	6.053885731760145e-10
265.59059059059064	0.23814510879085962	28416.612659202667	6.05892622166972e-10
265.8658658658659	0.2383530434161243	28404.79271938439	6.063970655034164e-10
266.14114114114113	0.23857676808497164	28392.97769619762	6.069018993954537e-10
266.41641641641644	0.23878548065718821	28381.167587597225	6.07407124894815e-10
266.69169169169174	0.2388901327202328	28369.36239153882	6.07912759570076e-10
266.966966966967	0.23893070429900098	28357.562105978912	6.084188151034168e-10
267.24224224224224	0.23900598576957488	28345.76672887497	6.089252855097709e-10
267.5175175175175	0.23910203116348974	28333.97625818529	6.094321671201942e-10
267.7927927927928	0.239181697058038	28322.19069186897	6.099394631292209e-10
268.0680680680681	0.23926542449356014	28310.410027886013	6.104471729220818e-10
268.34334334334335	0.23939802160338775	28298.634264197288	6.109552869125618e-10
268.6186186186186	0.23964474011199857	28286.86339876458	6.114637808189301e-10
268.8938938938939	0.23994340755224872	28275.09742955048	6.119726402217735e-10
269.1691691691692	0.24009283097386314	28263.336354518186	6.12481896518624e-10
269.44444444444446	0.24012291806289796	28251.580171631776	6.129915775610727e-10
269.7197197197197	0.24021609123718946	28239.82887885639	6.135016685268147e-10
269.994994994995	0.24036930145203084	28228.082474157996	6.140121543086803e-10
270.2702702702703	0.24050972561402004	28216.340955503332	6.145230371572958e-10
270.54554554554556	0.24063029742545267	28204.604320859973	6.150343214608719e-10
270.8208208208208	0.2407336584256861	28192.87256819635	6.155460112927515e-10
271.0960960960961	0.24080414472085176	28181.145695481722	6.160581154002119e-10
271.3713713713714	0.24086621854287654	28169.4237006862	6.165706361745949e-10
271.6466466466467	0.24100367056127647	28157.70658178084	6.170835519899684e-10
271.9219219219219	0.24121438958890096	28145.99433673756	6.175968396992758e-10
272.19719719719717	0.24141862450525375	28134.28696352901	6.181104983399336e-10
272.4724724724725	0.24159200579432352	28122.584460128666	6.186245349819325e-10
272.7477477477478	0.24174364329349257	28110.88682451085	6.191389546052723e-10
273.02302302302303	0.24188556026140134	28099.194054650754	6.196537586382144e-10
273.2982982982983	0.24201508804917238	28087.50614852439	6.201689497001884e-10
273.5735735735736	0.24208187693313876	28075.823104108564	6.206845492140865e-10
273.8488488488489	0.2421077828098717	28064.144919380953	6.212005721118079e-10
274.12412412412414	0.24225984356159308	28052.47159232026	6.217169709570324e-10
274.3993993993994	0.2425448167603016	28040.803120906032	6.222336902755285e-10
274.6746746746747	0.24277870429443846	28029.139503118447	6.227507436375314e-10
274.94994994995	0.24289851012828542	28017.48073693847	6.232681744621237e-10
275.22522522522524	0.24294184223921308	28005.82682034792	6.237860143780908e-10
275.5005005005005	0.24300352257043512	27994.17775132959	6.243042550253834e-10
275.7757757757758	0.24317095185888932	27982.533527867185	6.248228468951563e-10
276.0510510510511	0.24340844190574143	27970.89414794523	6.253417517609405e-10
276.32632632632635	0.2436533995686888	27959.25960954901	6.258609578088887e-10
276.6016016016016	0.24385287027521638	27947.62991066459	6.263804799028294e-10
276.87687687687685	0.24400123871016585	27936.005049278858	6.269003385765423e-10
277.15215215215215	0.24415518850174595	27924.3850233796	6.274205254490206e-10
277.42742742742746	0.24432737202817031	27912.769830955476	6.27941023956181e-10
277.7027027027027	0.24449043862913908	27901.159469995924	6.284618322315364e-10
277.97797797797796	0.2446395927815518	27889.55393849123	6.289829516116115e-10
278.25325325325326	0.24478337602644232	27877.953234432523	6.295043785082736e-10
278.52852852852857	0.2449330935329993	27866.35735581178	6.300261016864251e-10
278.8038038038038	0.24510334098106007	27854.766300621824	6.305480986760442e-10
279.07907907907907	0.24531552483781047	27843.18006685635	6.310703287621512e-10
279.35435435435437	0.245558007153698	27831.598652509852	6.315927544377843e-10
279.6296296296297	0.2457615460813288	27820.022055577603	6.321153880095643e-10
279.9049049049049	0.2459218147239599	27808.450274055696	6.326382486880745e-10
280.1801801801802	0.24610443193932469	27796.883305941126	6.33161303576469e-10
280.4554554554555	0.24629772495066285	27785.321149231713	6.336845260588261e-10
280.7307307307308	0.24644034714867047	27773.763801926038	6.342079437088027e-10
281.00600600600603	0.2464985515719194	27762.211262023484	6.347316224526331e-10
281.2812812812813	0.24647933470941633	27750.66352752426	6.352556317817448e-10
281.5565565565566	0.24649898985378038	27739.12059642954	6.357799319276117e-10
281.83183183183183	0.24663935918447502	27727.582466741438	6.363043911416874e-10
282.10710710710714	0.24684913676171835	27716.04913646283	6.368289145407917e-10
282.3823823823824	0.24701491341160572	27704.520603597295	6.373535242430499e-10
282.6576576576577	0.24698274825746244	27692.996866149064	6.378784332920197e-10
282.93293293293294	0.24691228800717605	27681.47792212338	6.384036893302887e-10
283.20820820820825	0.24716031342683056	27669.963769526734	6.389288910165152e-10
283.4834834834835	0.24753231382422033	27658.454406366218	6.394538293326422e-10
283.75875875875874	0.2476574907407927	27646.94983064932	6.399787858490291e-10
284.03403403403405	0.2476736194293676	27635.450040384512	6.405038938129017e-10
284.3093093093093	0.24778929734079022	27623.955033581355	6.410289914599335e-10
284.5845845845846	0.24798548874339268	27612.4648082502	6.415539211323616e-10
284.85985985985985	0.2481847934752753	27600.97936240214	6.420786291806866e-10
285.13513513513516	0.24828398928653636	27589.49869404896	6.426032384771581e-10
285.4104104104104	0.2483255136012835	27578.022801203366	6.431278213441959e-10
285.6856856856857	0.24848274741044651	27566.55168187903	6.436521345833954e-10
285.96096096096096	0.2486952310306643	27555.08533409044	6.441760137443597e-10
286.23623623623627	0.24878913082281437	27543.62375585266	6.446996355357967e-10
286.5115115115115	0.24882632900763804	27532.16694518168	6.452230811633389e-10
286.7867867867868	0.24892617698632297	27520.714900094437	6.457461767362148e-10
287.06206206206207	0.24909164978780188	27509.267618608716	6.462687118442003e-10
287.3373373373374	0.24928826516431365	27497.825098743062	6.467905282466362e-10
287.6126126126126	0.2494587397271376	27486.3873385168	6.473115980767595e-10
287.8878878878879	0.24960431093785376	27474.954335950068	6.478318954890585e-10
288.1631631631632	0.24979551504252223	27463.526089063907	6.483511906265394e-10
288.4384384384384	0.24997247810562023	27452.102595880122	6.488694042338705e-10
288.71371371371373	0.2500003544277921	27440.68385442117	6.493869024995278e-10
288.988988988989	0.24999121919961073	27429.269862710473	6.499037548300346e-10
289.2642642642643	0.25012251551442116	27417.860618772473	6.504194049683326e-10
289.53953953953953	0.250327985773503	27406.456120632374	6.509334400349602e-10
289.81481481481484	0.25050653404302586	27395.05636631606	6.514457852505527e-10
290.0900900900901	0.2506465112688084	27383.66135385023	6.519564234106552e-10
290.3653653653654	0.250766367911335	27372.271081262435	6.524652740773253e-10
290.64064064064064	0.2509065288017381	27360.885546581092	6.529720670401286e-10
290.91591591591595	0.25104996689403036	27349.5047478354	6.534765817381824e-10
291.1911911911912	0.251131116459057	27338.128683055314	6.539789331004229e-10
291.4664664664665	0.25118106424500103	27326.75735027165	6.544791177855471e-10
291.74174174174175	0.25128651358989895	27315.390747516136	6.549766315617552e-10
292.01701701701705	0.2515136741572728	27304.0288728214	6.554704467593252e-10
292.2922922922923	0.2518525061955467	27292.671724220883	6.559593828736935e-10
292.5675675675676	0.2520662256551259	27281.319299748553	6.564437614575067e-10
292.84284284284286	0.2520530690447508	27269.971597439082	6.569248798243977e-10
293.1181181181181	0.2520643812559296	27258.62861532825	6.574023412297649e-10
293.3933933933934	0.2522097963272135	27247.29035145279	6.578747115914914e-10
293.66866866866866	0.25238329350092026	27235.95680385013	6.58341237367829e-10
293.94394394394396	0.25254045887133914	27224.62797055845	6.588014980155177e-10
294.2192192192192	0.25269098130554907	27213.303849616772	6.592549530916568e-10
294.4944944944945	0.2528344501373945	27201.984439064912	6.597010259615933e-10
294.76976976976977	0.25296980083582044	27190.669736943528	6.601391112029716e-10
295.0450450450451	0.25311510679235255	27179.359741294087	6.605683220387569e-10
295.3203203203203	0.2532821453864378	27168.05445015891	6.609874918794836e-10
295.5955955955956	0.2534546228182189	27156.753861581088	6.613955282002764e-10
295.8708708708709	0.2536171317724283	27145.457973604527	6.617914619419711e-10
296.1461461461462	0.25376204590259416	27134.166784273926	6.621743873026107e-10
296.4214214214214	0.253883748558297	27122.8802916348	6.625434716679691e-10
296.69669669669673	0.2539780132670658	27111.59849373346	6.628979740183971e-10
296.971971971972	0.25404181703807394	27100.321388617038	6.6323726435716e-10
297.2472472472473	0.25408116375209555	27089.04897433347	6.635606553117717e-10
297.52252252252254	0.2541475831020207	27077.78124893158	6.638662160650963e-10
297.7977977977978	0.25428002500434027	27066.518210461058	6.64150642029138e-10
298.0730730730731	0.2544300173993419	27055.25985697232	6.644113775459486e-10
298.34834834834834	0.2545610674582728	27044.006186516574	6.646466638510086e-10
298.62362362362364	0.2546903035252751	27032.757197145853	6.648540951139904e-10
298.8988988988989	0.2548233648360884	27021.512886913002	6.650308224909558e-10
299.1741741741742	0.25494712796449165	27010.27325387166	6.651742058562369e-10
299.44944944944945	0.25506206019721667	26999.03829607628	6.65281392597696e-10
299.72472472472475	0.2551789916319123	26987.808011582143	6.653488182496606e-10
300.0	0.2553089700996678	26976.582398445342	6.653719755909404e-10
