0.006563352713243989	7.63126622153643	8406.610615855216	3.463532122286632	0.008320779611273841
25.0	0.04850498338870433	33212.0	10.0
25.275275275275277	0.04919422099544592	34246.84508820762	9.54179988456155
25.55055055055055	0.049785396862058316	35240.862294387945	9.099464222747155
25.825825825825827	0.05045328817176031	36196.285178815946	8.672110195594778
26.1011011011011	0.05127005330980024	37116.46164335735	8.258393229607352
26.376376376376378	0.05218383497754524	38003.28733695851	7.857564632744753
26.65165165165165	0.05299658399224142	38854.95920167368	7.470399598421442
26.926926926926928	0.05366673402168261	39669.43222469394	7.097774827863669
27.2022022022022	0.05429376026801611	40446.75275640384	6.739706293431522
27.47747747747748	0.05492448455893487	41187.8292718121	6.395854310517974
27.75275275275275	0.05557447490537413	41893.796471205824	6.065785024232267
28.02802802802803	0.05625748232893339	42565.93188225961	5.749004596175823
28.303303303303302	0.05698631388421739	43205.59832999206	5.44498279977693
28.57857857857858	0.05777220271595283	43814.188532345484	5.153175793151788
28.853853853853856	0.05860718842407703	44392.88225398538	4.873126261721928
29.12912912912913	0.05944990597104456	44942.32802794944	4.604594904990678
29.404404404404403	0.06025546091184997	45462.74116190292	4.347520511561803
29.67967967967968	0.0609857835309389	45954.09525781335	4.101941368527175
29.954954954954957	0.061687964558498114	46416.97400591697	3.8676441348498134
30.23023023023023	0.06244648645553516	46852.74080058784	3.6440933007795366
30.505505505505504	0.06321758231517784	47262.30228921026	3.4309404729380537
30.78078078078078	0.06393166386517408	47646.03020937167	3.2280570467235097
31.056056056056057	0.0646186844952317	48004.6163227265	3.03518206116948
31.33133133133133	0.06532501830693514	48339.10111324018	2.8519100585996475
31.606606606606608	0.06607993125972132	48650.666021272686	2.677776457613376
31.88188188188188	0.06684679933290003	48940.19670393863	2.5124375686424303
32.15715715715716	0.06751404783792729	49207.949792460146	2.3558083324357115
32.432432432432435	0.06814521613436002	49454.63943252595	2.207614728479829
32.70770770770771	0.06892147824663157	49681.87494294614	2.06721281367474
32.98298298298298	0.06974677908454181	49890.63380723339	1.934217750763552
33.25825825825826	0.070443917716115	50081.086932836995	1.808576483613669
33.533533533533536	0.07113380308223659	50254.01430100355	1.689984558926974
33.808808808808806	0.07192692924852628	50410.58750908243	1.577975249921792
34.08408408408408	0.07265595386976981	50551.28661042301	1.4723659782752143
34.35935935935936	0.07326917629885826	50676.474976625395	1.3730218426972853
34.63463463463464	0.07398040159285375	50787.23073154615	1.2795127714026557
34.90990990990991	0.0748223368398115	50884.61341444178	1.1914153407612658
35.18518518518518	0.07562860446652789	50969.13460460409	1.1085311546405703
35.46046046046046	0.07638271796410409	51041.2806624686	1.0306717366144227
35.73573573573574	0.07714835817135426	51101.69921604883	0.9575816300018224
36.01101101101101	0.07785985962231604	51150.876362812705	0.8890713965044608
36.286286286286284	0.07844895228256124	51189.18168923746	0.8249991995639783
36.56156156156156	0.07901520514679496	51217.20680805601	0.7651312682759459
36.83683683683684	0.07964455096808884	51235.667322308465	0.7091821294332153
37.112112112112115	0.08031687870527371	51245.188310186604	0.6569029748313748
37.38738738738739	0.0810120955812633	51246.32183455818	0.6080745242398461
37.66266266266266	0.08172679890678118	51239.583206762865	0.562492135878146
37.93793793793794	0.08245358252550966	51225.4499653082	0.5199662623920412
38.213213213213216	0.08318357392763101	51204.36537808129	0.4803210418882755
38.488488488488485	0.0839283479618389	51176.76433276394	0.4433836507318425
38.76376376376376	0.08469332919904377	51143.06343564088	0.4089883955999141
39.03903903903904	0.08541133831677629	51103.5969300249	0.37700316382078214
39.314314314314316	0.08603849680297486	51058.66003209152	0.3473116255159742
39.58958958958959	0.08664563154092411	51008.60573144116	0.3197733410594151
39.86486486486486	0.08726698244543456	50953.795109890685	0.2942441995642668
40.14014014014014	0.08785298852542262	50894.535425627786	0.2706019509910445
40.41541541541542	0.08843141180509692	50831.13859608625	0.24872213328436832
40.690690690690694	0.08910030620979366	50763.95121545508	0.22846568598527547
40.965965965965964	0.08982567432950862	50693.26978847132	0.20971388283806025
41.24124124124124	0.09050130609727482	50619.31931481488	0.19237721286465642
41.51651651651652	0.09107404521625609	50542.29705103145	0.17637739645757589
41.791791791791795	0.09155089805411393	50462.403163746516	0.1616347673730708
42.06706706706707	0.09207411758158776	50379.883713093725	0.14805053963850323
42.34234234234234	0.09273229456869092	50294.991537234826	0.1355228990280094
42.61761761761762	0.09345137581534033	50207.92977352068	0.12397029375190083
42.892892892892895	0.09412047030679145	50118.855041495066	0.11333016844255085
43.168168168168165	0.09462039475490398	50027.8898357067	0.10355389615537348
43.44344344344344	0.0950206107656548	49935.17572980698	0.09458486428723709
43.71871871871872	0.0955140454945952	49840.888961647994	0.08635202779834862
43.993993993993996	0.09615711241852189	49745.197773460524	0.07878747334137245
44.26926926926927	0.09691493068545311	49648.24486273176	0.07183366570529605
44.54454454454455	0.09763463308623654	49550.13475628743	0.0654486800598904
44.81981981981982	0.09822109510768023	49450.95403169632	0.05959789682181621
45.0950950950951	0.09880015059195511	49350.804835562296	0.054240192518508
45.37037037037037	0.0994890551810358	49249.79567913951	0.04933172182232304
45.645645645645644	0.10033308762490227	49148.02824396269	0.044831354130955604
45.92092092092092	0.10120547924285758	49045.58043952749	0.040707668635424424
46.1961961961962	0.10185559972887044	48942.502986394946	0.03694038624691417
46.471471471471475	0.10233070517189649	48838.85294012617	0.03350656683328646
46.74674674674675	0.10283363077654677	48734.70152269685	0.030377372797073598
47.02202202202202	0.10347324946201449	48630.120614528765	0.027523627654110584
47.2972972972973	0.10424389973281173	48525.1734404378	0.024919657416248055
47.572572572572575	0.10488373811762518	48419.90247613031	0.02254828731440963
47.847847847847845	0.10528479715163713	48314.34419102637	0.020394780053304164
48.12312312312312	0.10571524454436873	48208.54713809665	0.018439379456939204
48.3983983983984	0.1062871439614194	48102.5596560995	0.01666237183252939
48.673673673673676	0.10688811077520818	47996.420400377356	0.015047992214721641
48.94894894894895	0.10743180175749778	47890.16185347692	0.013582985402577987
49.22422422422423	0.10787786858931551	47783.81327724374	0.012255394063610717
49.4994994994995	0.10831805183262255	47677.404685796646	0.011052922907288949
49.77477477477478	0.1088489986818732	47570.96574335032	0.009963392607506684
50.05005005005005	0.10936006216961827	47464.520555873794	0.008976888614815385
50.32532532532532	0.10977190417693179	47358.08979998958	0.008084888247488632
50.6006006006006	0.11019995059429066	47251.69486932754	0.007278553520834211
50.87587587587588	0.1107188531075001	47145.35625487621	0.006549398546861333
51.151151151151154	0.11130289623035305	47039.09179894342	0.005890010683537755
51.42642642642643	0.11187628546615559	46932.91656082765	0.005294121426559688
51.70170170170171	0.11234352484364422	46826.84322954616	0.004756397098819716
51.97697697697698	0.11277170586190678	46720.884406549114	0.004271543593908579
52.252252252252255	0.11329220138251696	46615.05280286745	0.0038342097000766185
52.527527527527525	0.11391280714014211	46509.35971954841	0.0034396138105803544
52.8028028028028	0.11456995210686254	46403.81468924876	0.003083693095934257
53.07807807807808	0.11510828689330993	46298.42529136106	0.0027631814316000465
53.353353353353356	0.11550745659958885	46193.19853968934	0.002475038834198318
53.62862862862863	0.11600875777476902	46088.14226366874	0.0022158822556268584
53.90390390390391	0.11666136786300663	45983.263554870835	0.001982625620064536
54.17917917917918	0.11728621128928372	45878.567835761576	0.0017728646474398366
54.454454454454456	0.11782910230369374	45774.059839656984	0.0015844742055343484
54.729729729729726	0.118325806814856	45669.744043041406	0.0014154306350368602
55.005005005005	0.11879919665417583	45565.62457387849	0.0012638498139639575
55.28028028028028	0.11928413628425942	45461.70523205638	0.0011279790613274842
55.55555555555556	0.119882849357492	45357.989629624135	0.0010061396077159532
55.830830830830834	0.12060059832541921	45254.480901729796	0.0008968459965936683
56.10610610610611	0.12119693542695398	45151.1813111023	0.0007989696805342538
56.38138138138139	0.12161898778395053	45048.09285756203	0.0007114884363311955
56.65665665665666	0.12210022928378826	44945.21774207822	0.0006332951945549439
56.931931931931935	0.12268496912080402	44842.557921160536	0.0005633816551723649
57.20720720720721	0.1232563965350233	44740.11492386491	0.0005009140085906173
57.48248248248248	0.12381697904421737	44637.89008838378	0.0004451357498328353
57.75775775775776	0.12440596502459557	44535.88461080833	0.0003953477435481094
58.033033033033036	0.12493279490866069	44434.09943520146	0.0003509537195038626
58.30830830830831	0.1253508063376483	44332.53536042074	0.00031141254399152176
58.58358358358358	0.12584463303484208	44231.19316943236	0.0002761953479441257
58.85885885885886	0.12646821765885327	44130.073537134194	0.0002448143690951401
59.134134134134136	0.1269984760727635	44029.17687842999	0.00021688843313083864
59.40940940940941	0.12744198289154077	43928.50353514826	0.00019206611671308095
59.68468468468468	0.12804279138845787	43828.053871009266	0.00016998666018745078
59.95995995995996	0.12873252183876743	43727.82811150678	0.00015034596775133493
60.23523523523524	0.12927911444040985	43627.826324206886	0.0001329048517072137
60.510510510510514	0.1297174041498839	43528.04854408742	0.00011743749916558211
60.78578578578579	0.13015570495921194	43428.49478577027	0.00010372646034124133
61.06106106106106	0.13059469071591423	43329.16500758351	9.157748103241295e-05
61.33633633633634	0.13104029367372053	43230.05911841757	8.081672541560261e-05
61.611611611611615	0.13155745429691593	43131.17699219386	7.128485819607222e-05
61.88688688688689	0.1321213635256067	43032.51845342532	6.284302262791858e-05
62.16216216216216	0.1325907979353972	42934.083270345436	5.537569914225039e-05
62.43743743743744	0.13294856072197783	42835.871184379175	4.8778605680090615e-05
62.712712712712715	0.1332759303672231	42737.881922646615	4.295357474746079e-05
62.98798798798799	0.13360661175098504	42640.11519025527	3.7811735426173574e-05
63.26326326326326	0.13394752381624758	42542.57066900493	3.327405655441852e-05
63.53853853853854	0.13429457179496318	42445.24801921886	2.927069328064576e-05
63.813813813813816	0.1346667635476767	42348.14688413903	2.5739347295812865e-05
64.0890890890891	0.13515079952214	42251.26689481758	2.2623121959229662e-05
64.36436436436436	0.1357386069937879	42154.6076650271	1.987259254874486e-05
64.63963963963964	0.13625987060442407	42058.168787296876	1.7447393157904532e-05
64.91491491491492	0.136674821438387	41961.949843962415	1.531172589285515e-05
65.1901901901902	0.1370802717091884	41865.95041319304	1.3431939928430292e-05
65.46546546546547	0.13751224669389384	41770.17006596226	1.1777762234507679e-05
65.74074074074073	0.13796587235428376	41674.60836542693	1.032254325867249e-05
66.01601601601601	0.1384326669391541	41579.26486797025	9.042831935081252e-06
66.29129129129129	0.1389134764782109	41484.13912439916	7.9178920976706e-06
66.56656656656656	0.13944394600872695	41389.230681307075	6.929162899054913e-06
66.84184184184184	0.14003188269959024	41294.53908097523	6.0602903860051575e-06
67.11711711711712	0.1406160635574884	41200.06386105746	5.2972246536294855e-06
67.3923923923924	0.1411567958794369	41105.80455592927	4.6276764218604335e-06
67.66766766766767	0.1416479631298578	41011.76069807279	4.040710942815117e-06
67.94294294294295	0.1420478990492695	40917.93182575049	3.5268453831316186e-06
68.21821821821823	0.14230941632395228	40824.317467695044	3.077563021898497e-06
68.4934934934935	0.14255742288545936	40730.91715241965	2.6848811667662573e-06
68.76876876876878	0.14295566177366226	40637.7304080739	2.341411696340546e-06
69.04404404404404	0.14349561774741332	40544.75676133043	2.040824820726802e-06
69.31931931931932	0.14410612479639728	40451.99573754229	1.7777857147885155e-06
69.5945945945946	0.1446766277785628	40359.44686111115	1.547803275080759e-06
69.86986986986987	0.14516832124611107	40267.10965619	1.3469392816180732e-06
70.14514514514515	0.14565503723434503	40174.98364719122	1.1715976675068832e-06
70.42042042042041	0.14611869072575118	40083.06835852907	1.0186316164706236e-06
70.69569569569569	0.14646808727791158	39991.363314618415	8.85344402990466e-07
70.97097097097097	0.14682282158219956	39899.868040474656	7.692401388618644e-07
71.24624624624624	0.14736673812108023	39808.582061729736	6.680167189817683e-07
71.52152152152152	0.14796310189214848	39717.50490410401	5.797850209840799e-07
71.7967967967968	0.1484218957137332	39626.63609359658	5.029899385702916e-07
72.07207207207207	0.14873385389901583	39535.97515689203	4.3624115458914016e-07
72.34734734734735	0.14900673178278936	39445.52162149567	3.7825641452420345e-07
72.62262262262263	0.14949213976322004	39355.2750158048	3.278311531847689e-07
72.8978978978979	0.15017884152634287	39265.234868849155	2.839456647844311e-07
73.17317317317318	0.15075416356878832	39175.40071019526	2.4580436809791315e-07
73.44844844844846	0.15117006116362544	39085.77207025523	2.1270706145313344e-07
73.72372372372374	0.15156701399602773	38996.348480398214	1.8400184180432275e-07
73.998998998999	0.151998351877526	38907.129472887624	1.591103271721773e-07
74.27427427427428	0.15246475445496213	38818.11458087264	1.375303759943274e-07
74.54954954954955	0.1529138758614956	38729.30333839614	1.1883202909885003e-07
74.82482482482483	0.1532968652728934	38640.69528042461	1.0264424202919951e-07
75.1001001001001	0.15360610186364856	38552.28994287825	8.864153111453613e-08
75.37537537537537	0.15390818715777152	38464.08686265491	7.653317069291842e-08
75.65065065065065	0.1543551367489422	38376.085577643375	6.605679730519841e-08
75.92592592592592	0.15487388151304163	38288.28562668701	5.699253298445477e-08
76.2012012012012	0.15522336712953927	38200.68654958375	4.916208473714461e-08
76.47647647647648	0.15550466769569268	38113.28788714694	4.240263115893951e-08
76.75175175175175	0.15594825450361152	38026.08918121085	3.656363518233788e-08
77.02702702702703	0.15647575678924647	37939.08997459779	3.151945695781224e-08
77.30230230230231	0.15692954919464946	37852.28981112363	2.7166120307742804e-08
77.57757757757759	0.1572160225215392	37765.68823561207	2.341445592309109e-08
77.85285285285286	0.15738640307058863	37679.28479390602	2.018447385746908e-08
78.12812812812814	0.15771806309337486	37593.079032874826	1.740146242828312e-08
78.40340340340342	0.15821289358728446	37507.07050039709	1.5002065804553178e-08
78.67867867867868	0.15857146589018886	37421.258745353836	1.2936108776454341e-08
78.95395395395396	0.15881150777755657	37335.64331764427	1.115915277579653e-08
79.22922922922923	0.1591453495292956	37250.22376818894	9.630318833418196e-09
79.50450450450451	0.1595823312148881	37164.99964892158	8.314629625320324e-09
79.77977977977977	0.16004429434753467	37079.97051278742	7.182724838315116e-09
80.05505505505505	0.16044241680585403	36995.13591374351	6.209771327564711e-09
80.33033033033033	0.1607459729818994	36910.49540675929	5.374268744470351e-09
80.6056056056056	0.1610580005498083	36826.04854781695	4.657011730303354e-09
80.88088088088088	0.1614338118291472	36741.79489390859	4.041261214098326e-09
81.15615615615616	0.16184160242342666	36657.73400303379	3.512784725324496e-09
81.43143143143143	0.16228491248702956	36573.8654341986	3.0593371441095917e-09
81.70670670670671	0.16278741342574826	36490.18874741395	2.670340158028218e-09
81.98198198198199	0.16324482427017922	36406.7035036933	2.3369209169786134e-09
82.25725725725727	0.1635505149261982	36323.40926505106	2.0515513793843894e-09
82.53253253253254	0.1639084878427102	36240.30559450234	1.8073444394269225e-09
82.80780780780782	0.1644864510092847	36157.39205606025	1.5982124461513554e-09
83.0830830830831	0.16508478059450837	36074.66821473239	1.4192373645195045e-09
83.35835835835836	0.1655620916505677	35992.13363651951	1.2663039318827663e-09
83.63363363363364	0.16598249655994776	35909.78788841424	1.1357649721378944e-09
83.90890890890891	0.16639126619588349	35827.630538398815	1.0244337204329205e-09
84.18418418418419	0.1667956520247095	35745.6611554428	9.29564026764222e-10
84.45945945945945	0.16722698655970908	35663.879309501084	8.487819359319767e-10
84.73473473473473	0.16771486390471288	35582.28457151163	7.800436729424842e-10
85.01001001001	0.16817418874162748	35500.87651339323	7.216321023451859e-10
85.28528528528528	0.16852500691891778	35419.65470804337	6.720896512722814e-10
85.56056056056056	0.16886450409255543	35338.61872933639	6.30128894241429e-10
85.83583583583584	0.1692672150029139	35257.76815212119	5.94631791743616e-10
86.11111111111111	0.16967726423617968	35177.10255221893	5.646567652121897e-10
86.38638638638639	0.17007463037685902	35096.62150642089	5.394008650283213e-10
86.66166166166167	0.17050378351135523	35016.324592486366	5.181706735858751e-10
86.93693693693695	0.17096408542481042	34936.211389140466	5.003748420196604e-10
87.21221221221222	0.17141804870295516	34856.2814760719	4.855119307941996e-10
87.4874874874875	0.171848237022956	34776.5344339308	4.731537282752284e-10
87.76276276276278	0.17224895654539366	34696.96984432657	4.6293346753768905e-10
88.03803803803804	0.17262135117314403	34617.587289825744	4.5453679785374525e-10
88.31331331331332	0.17299575336421452	34538.3863539498	4.476935128282369e-10
88.58858858858859	0.17347261345046436	34459.366621173096	4.4217020855066463e-10
88.86386386386387	0.17400817347619463	34380.52767692057	4.3777079826202666e-10
89.13913913913915	0.17432428483020895	34301.86910756526	4.343338904449166e-10
89.41441441441442	0.17446080277272702	34223.39050042658	4.31718131722538e-10
89.68968968968969	0.17475564480794176	34145.091443768404	4.297978052321339e-10
89.96496496496496	0.17515854784816376	34066.97152679649	4.28468186671949e-10
90.24024024024024	0.17543044643255398	33989.030339656216	4.2764219718790445e-10
90.51551551551552	0.17565620079608515	33911.26747343071	4.2724463957108313e-10
90.7907907907908	0.17598150897980547	33833.68252013874	4.2721137660155545e-10
91.06606606606607	0.176354966792805	33756.27507273249	4.274884303770501e-10
91.34134134134135	0.1767151538192866	33679.044725095315	4.280299872408666e-10
91.61661661661662	0.17706412344853997	33601.99107203974	4.2879708396849833e-10
91.8918918918919	0.177420119617082	33525.11370930529	4.2975669449154995e-10
92.16716716716716	0.1778096114984406	33448.412233556424	4.308809648517234e-10
92.44244244244244	0.17822519410191215	33371.88624238039	4.321462873484353e-10
92.71771771771772	0.17863076517130475	33295.53533428507	4.33532419199854e-10
92.992992992993	0.178969572283971	33219.35910869689	4.350217336256409e-10
93.26826826826827	0.1791948870263232	33143.35716595863	4.3659881910769255e-10
93.54354354354355	0.1793429793781491	33067.52910732754	4.3825081273931577e-10
93.81881881881883	0.17949275216114968	32991.874534973205	4.399674736154993e-10
94.0940940940941	0.17977206559197237	32916.39305197555	4.4174133270833785e-10
94.36936936936937	0.18021103590144869	32841.084262322634	4.435664667313294e-10
94.64464464464464	0.18068056935144342	32765.947770908442	4.4543673202243564e-10
94.91991991991992	0.18105459840789762	32690.98318353079	4.4734571543437787e-10
95.1951951951952	0.1812485936676271	32616.19010688928	4.4928711562848384e-10
95.47047047047047	0.18144085755433406	32541.568148583563	4.512573356063189e-10
95.74574574574575	0.1818783995676347	32467.11691711131	4.5325585623833553e-10
96.02102102102103	0.18235522537054694	32392.836021865696	4.5528020409010953e-10
96.2962962962963	0.18263422557403286	32318.725073133326	4.573258497389872e-10
96.57157157157158	0.18287580747993007	32244.783682092617	4.593906066254358e-10
96.84684684684684	0.18317710246996907	32171.01146081166	4.6147365147551256e-10
97.12212212212212	0.1833728474237566	32097.408022245923	4.6357256185622567e-10
97.3973973973974	0.18347925874269064	32023.972980236416	4.656854606734748e-10
97.67267267267268	0.1837371785112367	31950.70594950792	4.678133370928877e-10
97.94794794794795	0.18412795981706054	31877.60654566666	4.699568515696757e-10
98.22322322322323	0.18446030779606473	31804.674385198115	4.721145172749096e-10
98.4984984984985	0.1847031657774705	31731.909085465202	4.742847465991723e-10
98.77377377377378	0.18490815032601535	31659.3102647063	4.764667643993968e-10
99.04904904904905	0.1851724289257438	31586.877542033344	4.786609849739124e-10
99.32432432432432	0.18555830901013662	31514.61053742981	4.80868453146812e-10
99.5995995995996	0.18601808712908605	31442.508871748523	4.830895386574835e-10
99.87487487487488	0.18649210585430304	31370.572166709717	4.853239046962985e-10
100.15015015015015	0.18692787120786541	31298.800044899053	4.875706938250564e-10
100.42542542542543	0.18729946829325214	31227.192129765637	4.898289027722039e-10
100.70070070070071	0.18760825635570874	31155.748045620097	4.9209770866965e-10
100.97597597597598	0.18789436703455145	31084.46741763266	4.943768741718016e-10
101.25125125125126	0.18820717402266013	31013.34987183118	4.966667603720519e-10
101.52652652652652	0.18853666216012996	30942.39503509913	4.989675668472522e-10
101.8018018018018	0.18887519681037557	30871.602535173606	5.012793836884231e-10
102.07707707707708	0.1892793024405098	30800.97200064352	5.036029338618503e-10
102.35235235235236	0.18972412710065822	30730.50306094748	5.059385523401738e-10
102.62762762762763	0.19002459115072154	30660.195346371704	5.082844259076373e-10
102.90290290290291	0.19017573749610941	30590.04848804827	5.106389818098435e-10
103.17817817817819	0.19037704073133377	30520.062117953443	5.130031842631823e-10
103.45345345345346	0.19068018322658292	30450.235868905555	5.153784432900345e-10
103.72872872872873	0.19103287222026283	30380.569374562947	5.177653510782671e-10
104.004004004004	0.19140752139072192	30311.0622694221	5.201640957660452e-10
104.27927927927928	0.19178199843333882	30241.714188815713	5.225745881771837e-10
104.55455455455456	0.192113184908701	30172.52476891075	5.249962622366571e-10
104.82982982982983	0.1923956957068063	30103.49364670661	5.274285888562356e-10
105.10510510510511	0.19271838276543196	30034.620460033297	5.298721683793877e-10
105.38038038038039	0.1931064134364383	29965.90484754946	5.323278070390096e-10
105.65565565565566	0.19348151195158753	29897.346448740394	5.347952718956175e-10
105.93093093093094	0.19377774819568439	29828.94490391612	5.37273601626116e-10
106.2062062062062	0.1939671998258311	29760.69985420958	5.397616702343294e-10
106.48148148148148	0.1942082134257324	29692.610941574967	5.422604141647611e-10
106.75675675675676	0.1946809202568914	29624.677808785877	5.447727618581612e-10
107.03203203203203	0.19520351266710195	29556.900099432998	5.472990126293465e-10
107.30730730730731	0.195575044198751	29489.27745792219	5.498370308650732e-10
107.58258258258259	0.19585427207949424	29421.80952947296	5.523857426728773e-10
107.85785785785787	0.19613026872077774	29354.495960116627	5.549453265210005e-10
108.13313313313314	0.19646411003405975	29287.33639669446	5.57516673977435e-10
108.4084084084084	0.19686704065060884	29220.33048685575	5.601006744411368e-10
108.68368368368368	0.19729741497284164	29153.477879055856	5.626975769661383e-10
108.95895895895896	0.1976704026132061	29086.778222554352	5.653065714711103e-10
109.23423423423424	0.19790623569561824	29020.231167413174	5.679260227986424e-10
109.50950950950951	0.19812220132967165	28953.83636449503	5.705560038599813e-10
109.78478478478479	0.1984445836282588	28887.593465461603	5.731981261003605e-10
110.06006006006007	0.198756462885911	28821.502122771402	5.758523106575446e-10
110.33533533533534	0.1989768457621652	28755.561989677954	5.785175061723024e-10
110.61061061061062	0.1992142948184987	28689.772720228277	5.811941823578316e-10
110.88588588588588	0.19947866341135803	28624.133969260918	5.838828614167321e-10
111.16116116116116	0.19963237695015734	28558.64539240392	5.865822822098508e-10
111.43643643643644	0.19971732859381797	28493.3066460733	5.892919222410368e-10
111.71171171171171	0.19990478743462584	28428.117387471382	5.920134902990134e-10
111.98698698698699	0.20018543928702112	28363.0772745848	5.947483036521672e-10
112.26226226226227	0.2004745755565543	28298.18596618255	5.974964066540614e-10
112.53753753753755	0.20075554940824808	28233.44312181433	6.002576369842384e-10
112.81281281281282	0.20102616323999026	28168.848401808747	6.030318420406771e-10
113.08808808808809	0.20127024672318558	28104.40146727155	6.058186998312138e-10
113.36336336336336	0.20148769572978065	28040.101980083822	6.086179508736217e-10
113.63863863863864	0.20170724180970795	27975.949602900295	6.114297557318971e-10
113.91391391391392	0.20194317451340524	27911.943999147537	6.142544409329233e-10
114.1891891891892	0.20219344803287387	27848.084833022163	6.170922620482879e-10
114.46446446446447	0.20246194158321712	27784.371769489102	6.199434921755004e-10
114.73973973973975	0.20274963495867904	27720.804474279812	6.228083818510212e-10
115.01501501501502	0.20301641539592918	27657.382613890466	6.256866295611759e-10
115.2902902902903	0.20323347017133916	27594.105855580234	6.285776200572276e-10
115.56556556556556	0.2034611048239835	27530.973867369656	6.314816400726837e-10
115.84084084084084	0.2037138748986285	27467.986318038835	6.34399128947726e-10
116.11611611611612	0.20388058407768658	27405.14287712552	6.373289996767021e-10
116.3913913913914	0.20397835301439404	27342.443214923573	6.40270584585386e-10
116.66666666666667	0.2041899451053933	27279.887002481442	6.432257581114184e-10
116.94194194194195	0.20455064195313266	27217.47391160027	6.461965571150149e-10
117.21721721721723	0.20497195551527864	27155.203614831942	6.49183505642638e-10
117.4924924924925	0.20533438650466396	27093.075785477355	6.521854528576864e-10
117.76776776776778	0.20554916131009937	27031.090097584736	6.552002654496944e-10
118.04304304304304	0.20571691925776778	26969.24622594821	6.582275398105564e-10
118.31831831831832	0.20594481873189083	26907.543846106095	6.612683979563578e-10
118.5935935935936	0.20622615287343463	26845.982634339074	6.643236897525689e-10
118.86886886886887	0.2065092830965097	26784.562267668385	6.673934292455312e-10
119.14414414414415	0.20670643530486094	26723.28242385408	6.704764428152115e-10
119.41941941941943	0.2068389491151441	26662.142781393504	6.735720607182428e-10
119.6946946946947	0.2070237744629139	26601.14301951975	6.766813432318772e-10
119.96996996996998	0.20727869219209866	26540.282818199852	6.798054242319754e-10
120.24524524524524	0.20756201062412208	26479.56185813296	6.829446784935011e-10
120.52052052052052	0.2078328205814559	26418.979820748726	6.860988613706407e-10
120.7957957957958	0.20806828516358744	26358.536388205608	6.892674648474448e-10
121.07107107107107	0.20830159652739505	26298.231243389335	6.924505437840188e-10
121.34634634634635	0.2085570303386077	26238.06406991119	6.956484953865078e-10
121.62162162162163	0.20882070359582497	26178.03455210632	6.988614651454243e-10
121.8968968968969	0.20907744796141325	26118.14237503206	7.020893717503208e-10
122.17217217217218	0.20931595147257662	26058.3872244663	7.053320001741275e-10
122.44744744744746	0.20953017129454082	25998.768786905814	7.085890989233483e-10
122.72272272272272	0.20972562329413755	25939.286749564693	7.118605504193613e-10
122.997997997998	0.2099646657777684	25879.940800372733	7.151471602973059e-10
123.27327327327328	0.21029406442169876	25820.73062797381	7.184502770599758e-10
123.54854854854855	0.2105957962526659	25761.655921723963	7.217693296658062e-10
123.82382382382383	0.21077993954011895	25702.716371689818	7.251025620822834e-10
124.0990990990991	0.21092293443057214	25643.91166864721	7.284496438079813e-10
124.37437437437438	0.21106197263794554	25585.241504079557	7.318108531386952e-10
124.64964964964966	0.21115103426766108	25526.70557017602	7.35185759010315e-10
124.92492492492492	0.21130254807208756	25468.30355983023	7.385756615107184e-10
125.2002002002002	0.21173060239311187	25410.035166638805	7.419847912916365e-10
125.47547547547548	0.21222100114970668	25351.900084899033	7.454134966042522e-10
125.75075075075075	0.21242547452142435	25293.89800960703	7.488569301830249e-10
126.02602602602603	0.2125343728862797	25236.028636457064	7.523139354912659e-10
126.30130130130131	0.21277883457858102	25178.291661840023	7.557870110074129e-10
126.57657657657658	0.21298257514367303	25120.68678284113	7.592755943735795e-10
126.85185185185186	0.21306680780445195	25063.21369723853	7.627780539153037e-10
127.12712712712714	0.2132569768188783	25005.87210350219	7.662964475401305e-10
127.4024024024024	0.21354843532232606	24948.661700791985	7.698324129542458e-10
127.67767767767768	0.2136743951353322	24891.58218895559	7.733832715686179e-10
127.95295295295296	0.21370825940727634	24834.633268527552	7.769479457088797e-10
128.22822822822823	0.21391894829884425	24777.814640728055	7.805296621117192e-10
128.5035035035035	0.21426364416439184	24721.126007460767	7.84130436048351e-10
128.7787787787788	0.21459248340158874	24664.567071311147	7.877496389946896e-10
129.05405405405406	0.21484613119882917	24608.137535544996	7.913858546825673e-10
129.32932932932934	0.21500268904061795	24551.83710410696	7.950375941956932e-10
129.60460460460462	0.21507694194849872	24495.665481619086	7.987038754370375e-10
129.87987987987987	0.21515822076798866	24439.622373379374	8.023852938245427e-10
130.15515515515517	0.21541928535781818	24383.70748536041	8.060850534943075e-10
130.43043043043042	0.21583033567354254	24327.92052420744	8.098053366471196e-10
130.70570570570572	0.2162041284297908	24272.26119723651	8.135450037363711e-10
130.98098098098097	0.21652299271690018	24216.729212433336	8.17302856459403e-10
131.25625625625628	0.21685332309261754	24161.324278451786	8.210789800416969e-10
131.53153153153153	0.21722871917625883	24106.04610461246	8.248739944306844e-10
131.80680680680683	0.21763478996300464	24050.894400900885	8.286881941272446e-10
132.08208208208208	0.2179508726857099	23995.868877965964	8.32519905590693e-10
132.35735735735736	0.21812098278105693	23940.969247118464	8.363668748310557e-10
132.63263263263264	0.2182306094547636	23886.195220329828	8.40228645187048e-10
132.9079079079079	0.2183532580025547	23831.54651023062	8.44106041105282e-10
133.1831831831832	0.2185297526246729	23777.02283010898	8.480004115281242e-10
133.45845845845847	0.21873484987050046	23722.623893908953	8.519124644169931e-10
133.73373373373374	0.2189178265435821	23668.349416228975	8.558419661198652e-10
134.00900900900902	0.21913136249601323	23614.19911232056	8.597896031497398e-10
134.2842842842843	0.21943702259894718	23560.17269808682	8.63756965713466e-10
134.55955955955955	0.219781575110511	23506.269890080777	8.677444944128789e-10
134.83483483483485	0.2201084646933764	23452.49040550382	8.717516310016561e-10
135.1101101101101	0.22040927578248637	23398.833962204382	8.757777962890396e-10
135.3853853853854	0.22066895744073142	23345.300278676343	8.798222825464932e-10
135.66066066066065	0.22085861984673247	23291.889074057664	8.838840441143533e-10
135.93593593593596	0.22099398043193721	23238.600068128846	8.879625044680524e-10
136.2112112112112	0.22113387749896668	23185.432981311696	8.920581960627783e-10
136.4864864864865	0.22139060066042293	23132.38753466788	8.961734649047316e-10
136.76176176176176	0.22183170908898786	23079.4634498974	9.003113901648958e-10
137.03703703703704	0.22219858400816087	23026.660449336454	9.044701072383922e-10
137.31231231231232	0.22230675113718293	22973.978255956135	9.086449651530669e-10
137.5875875875876	0.22242241368865964	22921.416593361893	9.128367396449377e-10
137.86286286286287	0.22270097659591623	22868.975185791867	9.170487468026968e-10
138.13813813813815	0.22300231835594445	22816.653758114877	9.212812940377602e-10
138.41341341341342	0.22327353498641547	22764.45203582905	9.255337350664371e-10
138.6886886886887	0.2235672466026875	22712.369745060696	9.298064737709746e-10
138.96396396396398	0.22384912483115	22660.40661256266	9.340992593601207e-10
139.23923923923923	0.22405239504625016	22608.562365712784	9.384107383571838e-10
139.51451451451453	0.22425166252346257	22556.836732512827	9.427411320242794e-10
139.78978978978978	0.22453544881298326	22505.22944158707	9.47092193815021e-10
140.06506506506508	0.22486108515348133	22453.74022218055	9.514646166415012e-10
140.34034034034033	0.22516618362949237	22402.368804157664	9.558578787044794e-10
140.61561561561564	0.22540636639503428	22351.114918000734	9.602707854525426e-10
140.8908908908909	0.22558317741085415	22299.97829480876	9.647024097170678e-10
141.1661661661662	0.22575135763452678	22248.958666296032	9.691529920325873e-10
141.44144144144144	0.22595537144111458	22198.055764790814	9.73623541810466e-10
141.71671671671672	0.22621724389583125	22147.269323233795	9.781152938924252e-10
141.991991991992	0.22646588107009266	22096.599075176524	9.82627986148743e-10
142.26726726726727	0.22662657808017275	22046.044754780007	9.871600689196364e-10
142.54254254254255	0.2267966986643811	21995.60609681368	9.917120710985713e-10
142.81781781781783	0.2270471972998393	21945.282836653965	9.96285735628947e-10
143.0930930930931	0.2272648939712024	21895.07471028247	1.0008804232823662e-09
143.36836836836838	0.22743902353410667	21844.98145428483	1.0054954351308446e-09
143.64364364364366	0.22774839222569776	21795.00280584975	1.0101335224612222e-09
143.9189189189189	0.22814552756497194	21745.138502767157	1.0147960609132664e-09
144.1941941941942	0.22838348598645658	21695.38828342628	1.0194795988789976e-09
144.46946946946946	0.22851379872729996	21645.751886815036	1.0241823159304055e-09
144.74474474474476	0.2287280155618386	21596.229052518953	1.0289063362404614e-09
145.02002002002	0.22900336218082312	21546.81952071934	1.0336529735224248e-09
145.29529529529532	0.22927570395519428	21497.52303219175	1.0384221047395508e-09
145.57057057057057	0.2295893469471621	21448.33932830499	1.0432144883735877e-09
145.84584584584587	0.22994798766043598	21399.268151019554	1.0480308302898926e-09
146.12112112112112	0.2302387410799232	21350.309242886076	1.0528695750638922e-09
146.3963963963964	0.2304202002280059	21301.462347044064	1.0577286927593132e-09
146.67167167167167	0.2305501630312891	21252.727207220894	1.0626076650168726e-09
146.94694694694695	0.23069078239767923	21204.10356773039	1.0675072833390045e-09
147.22222222222223	0.2308953811082759	21155.591173471523	1.0724292346931052e-09
147.4974974974975	0.23116019547513586	21107.189769926877	1.0773748316325174e-09
147.77277277277278	0.23146130363792553	21058.89910316131	1.0823446931580954e-09
148.04804804804806	0.23179471624368944	21010.71891982068	1.0873392646470048e-09
148.32332332332334	0.23212859512230816	20962.64896713038	1.0923583059430526e-09
148.59859859859858	0.23235427843925877	20914.688992893887	1.097399511840671e-09
148.8738738738739	0.2324697998900187	20866.838745491634	1.1024610004466743e-09
149.14914914914914	0.2326354516247431	20819.097973880213	1.1075444365681193e-09
149.42442442442444	0.2328462637751072	20771.4664275905	1.1126510854537721e-09
149.6996996996997	0.23296195171448755	20723.94385672612	1.1177791962877795e-09
149.974974974975	0.23307235459441156	20676.53001196263	1.122929167648841e-09
150.25025025025025	0.2333368125469105	20629.224644546466	1.128104536835459e-09
150.52552552552555	0.23359865257351126	20582.027506292765	1.13330503071385e-09
150.8008008008008	0.23371090739485934	20534.938349584143	1.1385274818048539e-09
151.07607607607608	0.23386995750699777	20487.95692737022	1.1437733342446027e-09
151.35135135135135	0.23416760495029326	20441.082993166092	1.1490456439966796e-09
151.62662662662663	0.234396977469505	20394.316301050272	1.1543426758943803e-09
151.9019019019019	0.23454934252115675	20347.65660566389	1.159662873266516e-09
152.17717717717719	0.23484792568251778	20301.103662210022	1.1650095951861415e-09
152.45245245245246	0.23522820297293795	20254.657226451665	1.1703842432547461e-09
152.72772772772774	0.23547161398481564	20208.317054710005	1.1757834440715969e-09
153.00300300300302	0.23571123789501292	20162.082903864124	1.1812072694788677e-09
153.2782782782783	0.23610867460155308	20115.95453134978	1.1866591718719568e-09
153.55355355355357	0.23636603786469162	20069.931695156884	1.1921357209693731e-09
153.82882882882885	0.23631955129837576	20024.01415382857	1.197630737458506e-09
154.10410410410412	0.23635497025872762	19978.201666461497	1.2031473906260656e-09
154.37937937937937	0.236622930531161	19932.49399270389	1.2086914369477514e-09
154.65465465465465	0.23685888967890095	19886.890892753167	1.2142619186617857e-09
154.92992992992993	0.23700799297108147	19841.39212735522	1.219856919686119e-09
155.2052052052052	0.2372124631267937	19795.99745780375	1.2254779631138151e-09
155.48048048048048	0.2375511659322576	19750.70664593882	1.2311279930297845e-09
155.75575575575576	0.2380263343079036	19705.519454145393	1.2368094539447685e-09
156.03103103103103	0.23844097223028973	19660.43564535153	1.2425200803534329e-09
156.3063063063063	0.2386248582272223	19615.454983027186	1.248254387276757e-09
156.5815815815816	0.23866057288124848	19570.577231183695	1.2540097886015343e-09
156.85685685685687	0.23868746795635823	19525.802154372745	1.2597872659541507e-09
157.13213213213214	0.23885993837815298	19481.12951768514	1.2655910092815582e-09
157.40740740740742	0.23920213076736546	19436.55908674922	1.2714249407609109e-09
157.6826826826827	0.239597335725331	19392.090627729212	1.2772896624460343e-09
157.95795795795797	0.23990414636558122	19347.72390732393	1.2831825531509244e-09
158.23323323323325	0.24001362831360348	19303.458692765613	1.2890991138245564e-09
158.50850850850853	0.2400980304939836	19259.294751819572	1.295039599196082e-09
158.7837837837838	0.24035062429215603	19215.23185278305	1.3010085625413082e-09
159.05905905905905	0.24063990327766638	19171.269764483	1.3070067270225404e-09
159.33433433433433	0.2408543508953556	19127.408256274935	1.3130321844882691e-09
159.6096096096096	0.2410827603100925	19083.647098042355	1.3190854409424838e-09
159.88488488488488	0.2413839017833875	19039.98606019539	1.3251682634229184e-09
160.16016016016016	0.24174009963308035	18996.42491366945	1.3312816931225697e-09
160.43543543543544	0.24207623141132362	18952.963429923766	1.3374248746508597e-09
160.7107107107107	0.24229572650733436	18909.601380940163	1.3435949349639577e-09
160.985985985986	0.24247412657122805	18866.33853922237	1.3497913394217628e-09
161.26126126126127	0.24272353132824778	18823.174677794977	1.356016274577775e-09
161.53653653653654	0.2429286035252205	18780.109570201494	1.3622688411820263e-09
161.81181181181182	0.2430267979488602	18737.142990503347	1.3685468889727902e-09
162.0870870870871	0.2432743986873634	18694.27471327972	1.3748547065054506e-09
162.36236236236238	0.2437564671520514	18651.5045136258	1.3811977468488568e-09
162.63763763763765	0.24420078395971895	18608.832167150504	1.3875740000414569e-09
162.91291291291293	0.24448166945608102	18566.257449975696	1.3939789268328685e-09
163.1881881881882	0.24465353063613787	18523.78013873564	1.400410218524608e-09
163.46346346346348	0.24478040334234222	18481.400010575857	1.4068675762982111e-09
163.73873873873873	0.24491853665356703	18439.116843151885	1.4133521240883088e-09
164.014014014014	0.24507096839370882	18396.93041462801	1.4198648551881314e-09
164.2892892892893	0.24523229477977337	18354.84050367603	1.4264064579216371e-09
164.56456456456456	0.24543537601744406	18312.846889474244	1.4329783002599097e-09
164.83983983983984	0.24566717326272317	18270.94935170612	1.4395811875675838e-09
165.11511511511512	0.24580935870881784	18229.147670558807	1.446212919043101e-09
165.3903903903904	0.24588951444453955	18187.441626722433	1.4528724361848504e-09
165.66566566566567	0.24611650891637282	18145.831001389626	1.4595640287759744e-09
165.94094094094095	0.24647578684746013	18104.315576253553	1.4662907943335305e-09
166.21621621621622	0.2467907583808614	18062.895133506296	1.4730508866005055e-09
166.4914914914915	0.24702369413582193	18021.569455838075	1.4798419334200835e-09
166.76676676676678	0.24721569910611496	17980.338326436486	1.4866630941915471e-09
167.04204204204206	0.24746020288442747	17939.201528985457	1.4935160545771686e-09
167.31731731731733	0.2478017943580218	17898.158847663995	1.5004033025963344e-09
167.5925925925926	0.24812531497231433	17857.21006714451	1.5073239644441695e-09
167.8678678678679	0.2483654024534	17816.354972591813	1.514275732217449e-09
168.14314314314316	0.24857064313601634	17775.593349662417	1.521258026321217e-09
168.4184184184184	0.2487676145559145	17734.924984503315	1.5282710875203076e-09
168.6936936936937	0.24895214796712892	17694.349663750774	1.5353150296228228e-09
168.96896896896897	0.2491134565020769	17653.867174529187	1.5423896960985619e-09
169.24424424424424	0.24925558748022847	17613.477304449974	1.5494950939577758e-09
169.51951951951952	0.2494837666904878	17573.179841610887	1.556633962938339e-09
169.7947947947948	0.2498629528545606	17532.974574594722	1.5638101912777513e-09
170.07007007007007	0.25021452702174346	17492.861292467333	1.5710222807191736e-09
170.34534534534535	0.25044831229749526	17452.839784776857	1.5782667330997887e-09
170.62062062062063	0.25073309974883157	17412.909841553526	1.58554520387111e-09
170.8958958958959	0.25109493875061034	17373.071253308077	1.5928597219340858e-09
171.17117117117118	0.25136680829776237	17333.323811029903	1.6002075475513579e-09
171.44644644644646	0.2515054752802165	17293.667306186453	1.6075854007152426e-09
171.72172172172174	0.25158070998661713	17254.101530722528	1.6149925505491323e-09
171.996996996997	0.251770552716004	17214.626277059604	1.6224331658105374e-09
172.2722722722723	0.25219495701086614	17175.241338094525	1.6299137804349658e-09
172.54754754754757	0.2525412026993801	17135.946507196826	1.6374312587789435e-09
172.82282282282284	0.25259268118139194	17096.741578207948	1.6449773435936454e-09
173.0980980980981	0.25263051110963963	17057.626345442062	1.6525530806169151e-09
173.37337337337337	0.2528206054292626	17018.60060368456	1.6601638045980356e-09
173.64864864864865	0.25305777783755	16979.66414818998	1.6678109253792196e-09
173.92392392392392	0.25330570202849256	16940.816774681134	1.6754946079178295e-09
174.1991991991992	0.25359859884308633	16902.058279348345	1.6832159546528728e-09
174.47447447447448	0.2538677732514598	16863.38845884796	1.6909739931797263e-09
174.74974974974975	0.2540082026178775	16824.807110301157	1.6987650999341215e-09
175.02502502502503	0.2540318932227992	16786.314031293336	1.706586767729974e-09
175.3003003003003	0.25400261753818676	16747.909019873212	1.7144388026382077e-09
175.57557557557558	0.25402306692380133	16709.591874551992	1.7223239314977443e-09
175.85085085085086	0.254126146937358	16671.362394301974	1.7302452625026067e-09
176.12612612612614	0.2542087244222439	16633.220378555	1.7382023975074997e-09
176.40140140140142	0.2542771572771218	16595.165627201815	1.7461952341198995e-09
176.6766766766767	0.2544641512693457	16557.197940591534	1.7542274826017756e-09
176.95195195195197	0.2547525256285075	16519.317119529984	1.7623016354920277e-09
177.22722722722725	0.2550298913211396	16481.522965278302	1.7704165043907259e-09
177.50250250250252	0.25527117028978125	16443.815279552186	1.7785704732327654e-09
177.77777777777777	0.2554816485593058	16406.193864521043	1.7867624555514036e-09
178.05305305305305	0.25563980609103243	16368.65852280678	1.7949910088202599e-09
178.32832832832833	0.25574966186670134	16331.209057482914	1.8032551436260007e-09
178.6036036036036	0.25588759604926814	16293.845272073835	1.811556331471241e-09
178.87887887887888	0.2561046358560154	16256.566970553658	1.8198972607654925e-09
179.15415415415416	0.25640043185142236	16219.373957344991	1.828280086703056e-09
179.42942942942943	0.2567302173596818	16182.266037317724	1.8367052390439435e-09
179.7047047047047	0.25701293984080226	16145.243015787848	1.8451707084976847e-09
179.97997997998	0.2571541193299478	16108.304698516366	1.8536721510156758e-09
180.25525525525526	0.2571094431312872	16071.450891708468	1.8622048529868885e-09
180.53053053053054	0.25711625971063734	16034.681402013764	1.8707721994961924e-09
180.80580580580582	0.2573614934880516	15997.996036525028	1.879382494769916e-09
181.0810810810811	0.25763659607572376	15961.39460277551	1.888036065902143e-09
181.35635635635637	0.2577913942824147	15924.87690873815	1.896728680360215e-09
181.63163163163165	0.25789747652297995	15888.442762825523	1.9054592069934112e-09
181.90690690690693	0.2580277731454742	15852.091973888879	1.9142290086059826e-09
182.1821821821822	0.258226369753309	15815.82435121697	1.9230405456893647e-09
182.45745745745745	0.2584534215227587	15779.639704534728	1.931894579357119e-09
182.73273273273273	0.2586268678688161	15743.537844002036	1.940789226188028e-09
183.008008008008	0.25874020877312276	15707.518580213102	1.949722840240972e-09
183.28328328328328	0.2588103784644214	15671.581724195525	1.9586946856418856e-09
183.55855855855856	0.2588300839322452	15635.727087409232	1.9677039885167005e-09
183.83383383383384	0.25884130863160254	15599.954481745694	1.976751483601295e-09
184.1091091091091	0.2589995787075199	15564.263719527487	1.985842671615617e-09
184.3843843843844	0.25928936521131013	15528.654613506498	1.9949814469899217e-09
184.65965965965967	0.2594648235997485	15493.126976861908	2.004163143970265e-09
184.93493493493494	0.259493245618739	15457.680623200144	2.0133830885763095e-09
185.21021021021022	0.2595223915638308	15422.315366554782	2.0226423490795373e-09
185.4854854854855	0.25965629194554424	15387.031021385363	2.0319451382645516e-09
185.76076076076077	0.25994855743181733	15351.82740257618	2.0412965473387334e-09
186.03603603603605	0.2603304817345422	15316.704325434739	2.0506984199604797e-09
186.31131131131133	0.2607112763838524	15281.661605690691	2.060149316970445e-09
186.5865865865866	0.26103816600221225	15246.699059495017	2.0696464401330314e-09
186.86186186186188	0.26132493131698525	15211.816503419399	2.0791880879353863e-09
187.13713713713713	0.26167654133591	15177.013754455682	2.0887764096543574e-09
187.4124124124124	0.2620419156053297	15142.290630014175	2.0984114611576458e-09
187.68768768768768	0.26222880614331234	15107.646947922009	2.1080869904492376e-09
187.96296296296296	0.2623097424375764	15073.082526423432	2.1178005309285722e-09
188.23823823823824	0.26248169055868664	15038.597184179504	2.12755672478052e-09
188.51351351351352	0.2626788762314457	15004.19074026587	2.137357062217322e-09
188.7887887887888	0.2627996959939363	14969.86301417158	2.1471993541848527e-09
189.06406406406407	0.2629589819696407	14935.61382579927	2.157085781067926e-09
189.33933933933935	0.2632433237083637	14901.442995464036	2.1670210191607614e-09
189.61461461461462	0.26358554208678514	14867.350343891772	2.1770065147780455e-09
189.8898898898899	0.2638700175905099	14833.335692217941	2.187039526548669e-09
190.16516516516518	0.2639596465173705	14799.39886198654	2.1971132782447515e-09
190.44044044044045	0.2639490560737519	14765.53967515031	2.2072257326767013e-09
190.71571571571573	0.26407425511166494	14731.757954070554	2.2173834333017425e-09
190.990990990991	0.2642736169636211	14698.0535215147	2.22758942896531e-09
191.26626626626629	0.26440742938828105	14664.426200654932	2.2378413205720586e-09
191.54154154154156	0.26461610286688364	14630.875815068748	2.2481421560419165e-09
191.8168168168168	0.2649880586597564	14597.40218873775	2.2584974632401664e-09
192.0920920920921	0.2652829605356093	14564.005146044985	2.268903211696384e-09
192.36736736736736	0.26541003412263003	14530.684511774829	2.2793531062464525e-09
192.64264264264264	0.26557988152388556	14497.440111113621	2.2898496941584466e-09
192.91791791791792	0.26580157506995283	14464.271769647732	2.3003953367479547e-09
193.1931931931932	0.26589486544229823	14431.1793133616	2.31098552161475e-09
193.46846846846847	0.26596183665555917	14398.162568638321	2.321620402291488e-09
193.74374374374375	0.2662029846456697	14365.221362259317	2.3323073266601645e-09
194.01901901901903	0.2664114458973497	14332.355521401196	2.3430446575740483e-09
194.2942942942943	0.2663858954155855	14299.56487363487	2.353823892973445e-09
194.56956956956958	0.26640924623826073	14266.849246927286	2.3646486736881206e-09
194.84484484484486	0.2666663642522003	14234.208469639998	2.375528623628073e-09
195.12012012012013	0.2669664195208104	14201.642370526231	2.3864643583619678e-09
195.3953953953954	0.2671890528345833	14169.150778730334	2.3974520034137054e-09
195.6706706706707	0.26735167444687175	14136.733523787656	2.408489225580944e-09
195.94594594594597	0.2675287887130972	14104.390435623962	2.4195770065351333e-09
196.22122122122124	0.26780738202567833	14072.121344554622	2.4307193947729364e-09
196.4964964964965	0.2681031316907047	14039.926081282756	2.441916469748244e-09
196.77177177177177	0.26831113746536267	14007.804476898227	2.4531644286463164e-09
197.04704704704704	0.26855771834396375	13975.756362878072	2.4644650966857602e-09
197.32232232232232	0.2689411710349443	13943.781571085434	2.4758236566259696e-09
197.5975975975976	0.2693466031078198	13911.879933767515	2.4872398701558063e-09
197.87287287287288	0.26965425561953693	13880.051283554621	2.4987090705715336e-09
198.14814814814815	0.2697906547445854	13848.295453459546	2.510224880556439e-09
198.42342342342343	0.2698199036299607	13816.612276877486	2.5217848226312213e-09
198.6986986986987	0.2699097361732637	13785.001587585793	2.5333934321435065e-09
198.97397397397398	0.2700593400459609	13753.463219742129	2.545054257066005e-09
199.24924924924926	0.2701841428793715	13721.997007883081	2.5567668469229484e-09
199.52452452452454	0.27026457141967547	13690.602786923688	2.5685301417472973e-09
199.7997997997998	0.27032722838761	13659.280392156843	2.5803443990966327e-09
200.0750750750751	0.27047252168110014	13628.029659252874	2.5922137955377685e-09
200.35035035035037	0.27073800474386356	13596.850424258304	2.60414312035256e-09
200.62562562562564	0.27102275821529687	13565.742523594188	2.616132194744498e-09
200.90090090090092	0.2712753045936653	13534.705794055506	2.628178908426938e-09
201.17617617617617	0.27151441559410755	13503.740072810751	2.6402824259969287e-09
201.45145145145145	0.2717377861191091	13472.84519740095	2.6524420655102823e-09
201.72672672672672	0.27192541093170625	13442.021005738685	2.6646565543351435e-09
202.002002002002	0.27205381682118895	13411.26733610724	2.6769240151116186e-09
202.27727727727728	0.2721227197541159	13380.584027159874	2.6892430267477464e-09
202.55255255255256	0.27222741937084377	13349.970917919587	2.7016163888051635e-09
202.82782782782783	0.27241714863183303	13319.427847777988	2.7140483341022943e-09
203.1031031031031	0.27258396549697167	13288.954656493475	2.726537813310851e-09
203.3783783783784	0.2726860258940034	13258.551184190797	2.7390823557505244e-09
203.65365365365366	0.27279838570931453	13228.217271360953	2.7516831812619578e-09
203.92892892892894	0.2729036144228858	13197.952758859767	2.7643405749671185e-09
204.20420420420422	0.2729148395684618	13167.757487906618	2.777051211925334e-09
204.4794794794795	0.27290141165645826	13137.631300084597	2.7898154409172996e-09
204.75475475475477	0.272994048366773	13107.574037340071	2.802639048426277e-09
205.03003003003005	0.27321208820758874	13077.585541981174	2.8155274121300223e-09
205.30530530530532	0.2734925797934844	13047.665656676416	2.828482134935503e-09
205.5805805805806	0.273638148427418	13017.814224452977	2.8414961822405516e-09
205.85585585585588	0.2736255312347771	12988.031088697007	2.854563158856514e-09
206.13113113113113	0.27376364584695556	12958.316093155008	2.8676913272196656e-09
206.4064064064064	0.27410331174480107	12928.669081931319	2.880889352629975e-09
206.68168168168168	0.274400297082325	12899.08989948535	2.894153540072446e-09
206.95695695695696	0.274583083050635	12869.57839063189	2.907478005941266e-09
207.23223223223223	0.27470266740837335	12840.134400541105	2.920860457285995e-09
207.5075075075075	0.2748070317830191	12810.757774737714	2.93430125951815e-09
207.7827827827828	0.2749413545174793	12781.448359100164	2.9478027270452526e-09
208.05805805805807	0.27514789918318	12752.205999859812	2.961368572059319e-09
208.33333333333334	0.27544462033958833	12723.030543599962	2.975002535624781e-09
208.60860860860862	0.275797827137833	12693.921837254684	2.988706106467229e-09
208.8838838838839	0.27615005681788735	12664.879728107868	3.002477967285641e-09
209.15915915915917	0.27642460849731626	12635.90406379226	3.016313758495668e-09
209.43443443443445	0.27659668984650504	12606.994692289038	3.030209065119359e-09
209.70970970970973	0.27669056120208524	12578.151461927324	3.0441616159412565e-09
209.984984984985	0.2767776428211718	12549.374221383749	3.0581729194095827e-09
210.26026026026028	0.27693535423727617	12520.662819681713	3.072247696700461e-09
210.53553553553556	0.2771617394482449	12492.017106190026	3.086389580507315e-09
210.8108108108108	0.27741055940499565	12463.436930621814	3.1005993509090736e-09
211.08608608608608	0.277580206102974	12434.922143033304	3.1148730414203253e-09
211.36136136136136	0.2776748777808485	12406.472593823803	3.129207841203918e-09
211.63663663663664	0.27787926567850374	12378.088133736226	3.1436101428156904e-09
211.91191191191191	0.27819421379907117	12349.768613854989	3.158085004102217e-09
212.1871871871872	0.2784330483481844	12321.513885603865	3.172627754185304e-09
212.46246246246247	0.2785747595932299	12293.323800746386	3.187233876514887e-09
212.73773773773775	0.2786960817120827	12265.198211385787	3.201903532047817e-09
213.01301301301302	0.27880894181503324	12237.136969963762	3.216637467638099e-09
213.2882882882883	0.2788957216297788	12209.139929259476	3.2314354935243227e-09
213.56356356356358	0.2789227193366291	12181.20694238866	3.2462959298428275e-09
213.83883883883885	0.27888918064915624	12153.3378628031	3.2612174980427605e-09
214.11411411411413	0.2788688096663408	12125.53254429041	3.2762027788567043e-09
214.3893893893894	0.2789365643563444	12097.790840973295	3.291257421116735e-09
214.66466466466468	0.27914924961464277	12070.112607308669	3.306388605361684e-09
214.93993993993996	0.2794380601960922	12042.497698085917	3.3215986499584525e-09
215.21521521521524	0.27965371031601965	12014.945968425513	3.336882194212208e-09
215.4904904904905	0.2797713514652199	11987.457273779197	3.3522339675045233e-09
215.76576576576576	0.27982666859558225	11960.031469929681	3.367651714292664e-09
216.04104104104104	0.27985871166426374	11932.668412989944	3.383135673588696e-09
216.31631631631632	0.2799252750530552	11905.367959402596	3.3986889441842834e-09
216.5915915915916	0.28012766012927254	11878.129965939512	3.4143190107833162e-09
216.86686686686687	0.2804129132537947	11850.954289699846	3.430029109514738e-09
217.14214214214215	0.28049366905454126	11823.840788107425	3.445807480236683e-09
217.41741741741743	0.2804120942767982	11796.78931891258	3.4616472255723162e-09
217.6926926926927	0.2805073526689821	11769.799740193805	3.477560148695551e-09
217.96796796796798	0.28072448274835976	11742.871910353871	3.493552662769369e-09
218.24324324324326	0.2808318615432318	11716.005688117653	3.5096180490136172e-09
218.51851851851853	0.28095772854225315	11689.200932534273	3.5257577380243795e-09
218.7937937937938	0.28126428855142793	11662.457502976675	3.5419812199161597e-09
219.0690690690691	0.281606471089603	11635.775259138367	3.5582884583407306e-09
219.34434434434436	0.2818608982565847	11609.15406103285	3.5746731575327564e-09
219.61961961961964	0.28206763921403144	11582.593768994228	3.591132627062801e-09
219.89489489489492	0.2822703729263178	11556.09424367649	3.6076671446518403e-09
220.17017017017017	0.28249283651818835	11529.655346052647	3.624278242470078e-09
220.44544544544544	0.28273058221710096	11503.276937413733	3.6409669500407096e-09
220.72072072072072	0.2829609343162391	11476.958879367972	3.6577329525306835e-09
220.995995995996	0.2831731526153739	11450.701033840116	3.6745755247177893e-09
221.27127127127127	0.2833552643992253	11424.503263070697	3.691493556414289e-09
221.54654654654655	0.2834672528792638	11398.3654296151	3.7084841450997768e-09
221.82182182182183	0.2835186613057275	11372.287396343227	3.725545638046895e-09
222.0970970970971	0.28365522216523675	11346.269026439986	3.742684638129012e-09
222.37237237237238	0.2839165045347489	11320.310183403646	3.759908436558681e-09
222.64764764764766	0.28416330225158964	11294.410731043594	3.7772152222329055e-09
222.92292292292294	0.2843964666588301	11268.570533480808	3.794603742368929e-09
223.1981981981982	0.28473048004273094	11242.789455148148	3.812079354143401e-09
223.4734734734735	0.2850214927816474	11217.067360787383	3.829638417678714e-09
223.74874874874877	0.28506668575598004	11191.40411544793	3.847267114081229e-09
224.02402402402404	0.2851337035585558	11165.799584490305	3.864969619954472e-09
224.29929929929932	0.2854632775641744	11140.253633585236	3.882762511287437e-09
224.5745745745746	0.285730940189384	11114.7661287079	3.900640631777512e-09
224.84984984984985	0.28576559823389364	11089.336936138552	3.918590596402867e-09
225.12512512512512	0.285868053700382	11063.965922466072	3.936619003928477e-09
225.4004004004004	0.2861136144491525	11038.652954585283	3.9547352236306654e-09
225.67567567567568	0.28628406003793133	11013.397899693553	3.972934257381091e-09
225.95095095095095	0.28638255026792636	10988.20062529211	3.991212537679949e-09
226.22622622622623	0.2865475431315793	10963.060999186591	4.0095752671213965e-09
226.5015015015015	0.28671157513130396	10937.97888948447	4.028022684415098e-09
226.77677677677679	0.2867903721463837	10912.954164594186	4.046550242484667e-09
227.05205205205206	0.2869796805243065	10887.986693227074	4.065165780164226e-09
227.32732732732734	0.28739013122873824	10863.07634439591	4.083881789993847e-09
227.60260260260262	0.2877811845556746	10838.2229874109	4.102694044789157e-09
227.8778778778779	0.28802869167800643	10813.426491880076	4.121592206802264e-09
228.15315315315317	0.2882354559176676	10788.686727710752	4.140574449755451e-09
228.42842842842845	0.28843359903530824	10764.003565108183	4.159641344763499e-09
228.70370370370372	0.28858834020815693	10739.376874574236	4.178791375603887e-09
228.978978978979	0.28874319603307125	10714.80652690748	4.198026033238774e-09
229.25425425425428	0.2889703019950731	10690.292393202792	4.217350816487799e-09
229.52952952952953	0.28927102287846423	10665.834344849989	4.236770114152204e-09
229.8048048048048	0.2896134896052336	10641.43225353283	4.2562854914745234e-09
230.08008008008008	0.2899343820346688	10617.085991228041	4.275894466808003e-09
230.35535535535536	0.29018567535322687	10592.795430204766	4.295592366272313e-09
230.63063063063063	0.2903578054140725	10568.560443024271	4.3153751405957685e-09
230.9059059059059	0.29049512027177615	10544.38090253983	4.335242467239166e-09
231.1811811811812	0.29068667220802824	10520.256681896499	4.355199592462565e-09
231.45645645645646	0.2909161363432418	10496.187654529413	4.375249624765619e-09
231.73173173173174	0.29110229722327147	10472.173694162453	4.3953900724119385e-09
232.00700700700702	0.29120399762342875	10448.214674807987	4.4156166026785356e-09
232.2822822822823	0.2912322715887487	10424.310470766726	4.435926673262777e-09
232.55755755755757	0.2913300855128842	10400.460956628422	4.4563272712343595e-09
232.83283283283285	0.29156510205862235	10376.666007270467	4.476828034468097e-09
233.10810810810813	0.29177748585020324	10352.925497854896	4.497426465065155e-09
233.3833833833834	0.2918997501897595	10329.239303828641	4.518116539726187e-09
233.65865865865868	0.29202155974577265	10305.607300924521	4.53889939933723e-09
233.93393393393396	0.2921574800516544	10282.029365159833	4.559776933510164e-09
234.2092092092092	0.2922668830607203	10258.50537283509	4.5807481106387335e-09
234.48448448448448	0.29243729338835533	10235.035200534749	4.6018178171737074e-09
234.75975975975976	0.2927670334153108	10211.618725126693	4.62299617917573e-09
235.03503503503504	0.2930970934634211	10188.255823758844	4.644280846770148e-09
235.3103103103103	0.2932836394355491	10164.946373858635	4.665660890976595e-09
235.5855855855856	0.2934330526535302	10141.690253135064	4.687134967480179e-09
235.86086086086087	0.29362977924667166	10118.48733957784	4.708707632357422e-09
236.13613613613614	0.29385017836745786	10095.337511455542	4.730380924608089e-09
236.41141141141142	0.2940208291361053	10072.24064731449	4.752151708409578e-09
236.6866866866867	0.2940450713551661	10049.196625977775	4.774011354697221e-09
236.96196196196198	0.2940161914286043	10026.205326546748	4.795959522996079e-09
237.23723723723725	0.2941131793847644	10003.266628401347	4.818007881290945e-09
237.51251251251253	0.2943085221306362	9980.380411197191	4.84016359935245e-09
237.7877877877878	0.29450818712538274	9957.5465548642	4.862425989201928e-09
238.06306306306308	0.29465943024876606	9934.764939606406	4.8847911171032785e-09
238.33833833833836	0.29474445456255544	9912.035445901703	4.907254905538993e-09
238.61361361361364	0.2947981433224843	9889.357954501838	4.929816710885481e-09
238.88888888888889	0.2948363751054704	9866.73234643155	4.952477220366607e-09
239.16416416416416	0.2948479307154658	9844.158502987655	4.975236292771666e-09
239.43943943943944	0.29489599431452174	9821.63630573927	4.998098244361222e-09
239.71471471471472	0.2950786623263085	9799.165636527627	5.021073217433856e-09
239.98998998999	0.2953024227443211	9776.746377463216	5.044162617297334e-09
240.26526526526527	0.29543662110528623	9754.378410924726	5.067358597564078e-09
240.54054054054055	0.29559257454681137	9732.061619561257	5.090663055746314e-09
240.81581581581582	0.2958483563238174	9709.795886291302	5.114083014756533e-09
241.0910910910911	0.29602348889920377	9687.581094299112	5.137611293492513e-09
241.36636636636638	0.29607305966175773	9665.417127035656	5.161239391889043e-09
241.64164164164166	0.29622002108789575	9643.303868221183	5.184976715074689e-09
241.91691691691693	0.2965216877670742	9621.241201842697	5.208834604153348e-09
242.1921921921922	0.29685930407817057	9599.229012151223	5.232813359479259e-09
242.4674674674675	0.2971744139111549	9577.267183661905	5.256909173523201e-09
242.74274274274276	0.29744969949700406	9555.355601153893	5.281118051461273e-09
243.01801801801804	0.2976740819362856	9533.494149669796	5.305436294428364e-09
243.29329329329332	0.2978431668073651	9511.682714515175	5.329860900866687e-09
243.56856856856857	0.29796796626056743	9489.921181258114	5.354390507433479e-09
243.84384384384384	0.29807264267279115	9468.209435728808	5.37902594942588e-09
244.11911911911912	0.29820078249488835	9446.547364019201	5.403771158504615e-09
244.3943943943944	0.29839647215483295	9424.934852482398	5.4286324737236165e-09
244.66966966966967	0.29869331216697476	9403.371787731963	5.453617314009254e-09
244.94494494494495	0.29900680645910077	9381.858056639825	5.478725196585347e-09
245.22022022022023	0.29919051352799686	9360.39354633488	5.503945021165507e-09
245.4954954954955	0.29928101907129784	9338.978144204695	5.529271232233301e-09
245.77077077077078	0.2993830285685554	9317.611737895812	5.5547075697347925e-09
246.04604604604606	0.2995392532584071	9296.29421531238	5.580260192471009e-09
246.32132132132134	0.29973784932934056	9275.02546461487	5.605933001619119e-09
246.5965965965966	0.29987596214539664	9253.805374218296	5.631721296014311e-09
246.8718718718719	0.2999682055939329	9232.633832793159	5.657622754787639e-09
247.14714714714717	0.30021099522338385	9211.510729267216	5.683650746954518e-09
247.42242242242244	0.3005666896179431	9190.435952821912	5.709812658473013e-09
247.69769769769772	0.3007983149008391	9169.409392889094	5.7360960011396084e-09
247.972972972973	0.30094047191502266	9148.430939154023	5.762494144055594e-09
248.24824824824825	0.30114249186608555	9127.500481556317	5.7890137804636334e-09
248.52352352352352	0.30132685818243077	9106.617910286377	5.815654072164959e-09
248.7987987987988	0.3013858552242321	9085.783115784376	5.842406099843812e-09
249.07407407407408	0.3013556307440439	9064.995988741617	5.869266067253405e-09
249.34934934934935	0.3013247661457814	9044.256420100672	5.896238179882985e-09
249.62462462462463	0.301422579852901	9023.5643010554	5.923335962542797e-09
249.8998998998999	0.301645847115954	9002.919523048567	5.950569536832245e-09
250.17517517517518	0.3018451886395115	8982.321977769301	5.9779348032941464e-09
250.45045045045046	0.3019842996548059	8961.77155715401	6.005425911624798e-09
250.72572572572574	0.3021040124328338	8941.268153386894	6.033041869960143e-09
251.00100100100101	0.3021929172342205	8920.81165889866	6.060781146087752e-09
251.2762762762763	0.3022461649559749	8900.401966366046	6.088642322482468e-09
251.55155155155157	0.3023748499403012	8880.038968712892	6.1166335112222494e-09
251.82682682682685	0.30261239216529795	8859.72255910853	6.144763728985171e-09
252.10210210210212	0.3027506988560034	8839.452630963742	6.173022862024962e-09
252.3773773773774	0.30276506146436744	8819.229077932812	6.201401379239281e-09
252.65265265265268	0.3029205313229453	8799.051793917111	6.22991416084573e-09
252.92792792792793	0.30321414688887993	8778.920673060748	6.25857235732334e-09
253.2032032032032	0.30341492979913753	8758.835609746695	6.287365279926671e-09
253.47847847847848	0.3035033067275137	8738.796498599262	6.3162833796437645e-09
253.75375375375376	0.303571094195909	8718.803234485154	6.345327313600049e-09
254.02902902902903	0.3036833743294399	8698.855712512566	6.374503211409789e-09
254.3043043043043	0.30387388505459983	8678.953828030193	6.403818710651855e-09
254.5795795795796	0.3041102723106472	8659.0974766257	6.433276983712061e-09
254.85485485485486	0.3043409346281772	8639.286554124874	6.462876182126879e-09
255.13013013013014	0.3045041855845651	8619.52095659091	6.492609782356611e-09
255.40540540540542	0.3046043694450017	8599.80058032485	6.522473394224913e-09
255.6806806806807	0.30471170032730027	8580.125321866037	6.552469927736292e-09
255.95595595595597	0.3048227295668192	8560.495077990467	6.582601421375858e-09
256.2312312312313	0.3048970722926244	8540.90974570969	6.612866035366555e-09
256.5065065065065	0.30498634533116814	8521.36922227168	6.6432670517087106e-09
256.7817817817818	0.3051407476976454	8501.87340516024	6.673811515256406e-09
257.0570570570571	0.30526711530243605	8482.422192092328	6.704496669794116e-09
257.3323323323324	0.30531934866938726	8463.015481018176	6.735316508238219e-09
257.60760760760763	0.3054248328166495	8443.653170123473	6.766278003689948e-09
257.8828828828829	0.3056251313358015	8424.335157827501	6.797390293356539e-09
258.15815815815813	0.30582050841129027	8405.061342780413	6.828651481917164e-09
258.43343343343344	0.3059652366928805	8385.831623863514	6.860056195766592e-09
258.70870870870874	0.30607242484619407	8366.645900189638	6.8916017424367e-09
258.983983983984	0.3062085103217265	8347.504071103518	6.92329229651546e-09
259.25925925925924	0.3064373168586149	8328.406036181183	6.955136997829034e-09
259.53453453453454	0.3066863090062359	8309.351695227278	6.987136260650833e-09
259.80980980980985	0.30687558061588166	8290.340948274414	7.0192832286168964e-09
260.0850850850851	0.3070165609498934	8271.373695584072	7.051573974483373e-09
260.36036036036035	0.30710408068175465	8252.449837645816	7.08400522607002e-09
260.63563563563565	0.3070837509284026	8233.569275175985	7.116569603228656e-09
260.91091091091096	0.3069961174503386	8214.731909118713	7.1492654717629e-09
261.1861861861862	0.30697366802461656	8195.93764064693	7.182104168130361e-09
261.46146146146145	0.3070421330459291	8177.186371160133	7.215096801822189e-09
261.73673673673676	0.307164294761172	8158.478002282804	7.248248388007311e-09
262.01201201201206	0.30734493651794575	8139.812435864594	7.281563353631104e-09
262.2872872872873	0.3075912145711821	8121.189573979861	7.315045920641835e-09
262.56256256256256	0.30786150517316646	8102.609318926302	7.348695480909374e-09
262.8378378378378	0.30810783231455047	8084.0715732243425	7.382507162707205e-09
263.1131131131131	0.30829279391745984	8065.576239616766	7.4164738849187485e-09
263.3883883883884	0.3084371224355323	8047.12322106923	7.45059252489589e-09
263.66366366366367	0.3086252650779604	8028.712420770838	7.48486914649649e-09
263.9389389389389	0.3088199670243289	8010.343742131546	7.519304837806236e-09
264.2142142142142	0.30890805179705716	7992.017088780321	7.55388947467993e-09
264.48948948948953	0.30895387953273706	7973.73236456772	7.588621971003951e-09
264.7647647647648	0.3090716731850672	7955.489473566293	7.623512986833688e-09
265.04004004004	0.3092149930249426	7937.288320067247	7.658566082305278e-09
265.31531531531533	0.3093356516205019	7919.12880857991	7.693779303854784e-09
265.59059059059064	0.3094974288421673	7901.010843833225	7.729157771648371e-09
265.8658658658659	0.3097071538583798	7882.934330774244	7.764706213041221e-09
266.14114114114113	0.3098599277487471	7864.8991745655985	7.800417769066906e-09
266.41641641641644	0.30997222588242523	7846.905280587187	7.836289159781216e-09
266.69169169169174	0.31016549970236656	7828.952554437583	7.87233049376075e-09
266.966966966967	0.3103323180257864	7811.040901929419	7.90853855243708e-09
267.24224224224224	0.3102926934723037	7793.170229087475	7.944892611066896e-09
267.5175175175175	0.31024951108999527	7775.3404421552295	7.981398215860189e-09
267.7927927927928	0.31043040940264005	7757.5514475948885	8.018083281206787e-09
268.0680680680681	0.31069140963804953	7739.803152080058	8.054953971316531e-09
268.34334334334335	0.31085137497212023	7722.095462494499	8.091996205818484e-09
268.6186186186186	0.31081319903112825	7704.428285933141	8.129189441118707e-09
268.8938938938939	0.31069791381852324	7686.8015297057	8.166531183884274e-09
269.1691691691692	0.3108451143854402	7669.215101340377	8.204055663512552e-09
269.44444444444446	0.31115768278956374	7651.668908575183	8.241778442098607e-09
269.7197197197197	0.3112661699935826	7634.162859352186	8.279671987089567e-09
269.994994994995	0.3112552958675192	7616.696861825633	8.317724957524569e-09
270.2702702702703	0.3113520222827181	7599.2708243642555	8.355953465562379e-09
270.54554554554556	0.31150604541198273	7581.8846555454875	8.394364344689535e-09
270.8208208208208	0.31164385284629165	7564.538264154508	8.432954951921848e-09
271.0960960960961	0.3118149352047257	7547.231559186151	8.471728922866797e-09
271.3713713713714	0.3120491013173306	7529.964449844059	8.510692468640358e-09
271.6466466466467	0.31231706042137725	7512.7368455390515	8.549847254843332e-09
271.9219219219219	0.3125436102993118	7495.548655887724	8.589186466244332e-09
272.19719719719717	0.3126355571184503	7478.399790711582	8.628694902201087e-09
272.4724724724725	0.312692513056658	7461.290160040396	8.668372462495234e-09
272.7477477477478	0.3128841266478852	7444.219674113189	8.708238203479768e-09
273.02302302302303	0.3131672231512499	7427.188243373526	8.748301758635955e-09
273.2982982982983	0.3134336284506631	7410.195778467697	8.788558398003194e-09
273.5735735735736	0.313598021396419	7393.242190244665	8.828995182650025e-09
273.8488488488489	0.3136769990312302	7376.32738975768	8.869604538532562e-09
274.12412412412414	0.31386085249407464	7359.451288267381	8.910402673280214e-09
274.3993993993994	0.31414837607883656	7342.613797237445	8.951401777338091e-09
274.6746746746747	0.31431606952304747	7325.8148283294895	8.992585540902994e-09
274.94994994995	0.3143588711564565	7309.054293407114	9.033941420415919e-09
275.22522522522524	0.31441567565926004	7292.33210453842	9.075476305614004e-09
275.5005005005005	0.31449848682409964	7275.648173992949	9.117196925235915e-09
275.7757757757758	0.31459129538898667	7259.0024142406355	9.159106643217223e-09
276.0510510510511	0.3147866259794279	7242.394737953645	9.201219035763716e-09
276.32632632632635	0.3150736260872936	7225.8250580037475	9.24354321419105e-09
276.6016016016016	0.31514496873341735	7209.293287455493	9.286049936831083e-09
276.87687687687685	0.31497666946039893	7192.7993395717185	9.328714737428667e-09
277.15215215215215	0.31498411414993566	7176.34312782262	9.37156897116708e-09
277.42742742742746	0.31524309775764203	7159.9245658781065	9.414645327690514e-09
277.7027027027027	0.3155164018507096	7143.543567600487	9.45793999322998e-09
277.97797797797796	0.3156752534712853	7127.200047046324	9.5014348690237e-09
278.25325325325326	0.3156906359690738	7110.893918468123	9.545113182357376e-09
278.52852852852857	0.3157170807310146	7094.625096317946	9.588981418916032e-09
278.8038038038038	0.3158837345776312	7078.393495246467	9.63306040302599e-09
279.07907907907907	0.31607531446428294	7062.199030097089	9.677351780278013e-09
279.35435435435437	0.31621095983045827	7046.04161590625	9.721847080800867e-09
279.6296296296297	0.316346117400044	7029.921167905994	9.766547095496091e-09
279.9049049049049	0.3164762951734019	7013.837601522217	9.811452098868024e-09
280.1801801801802	0.31653315589815106	6997.79083237275	9.856554011787569e-09
280.4554554554555	0.3166390017078074	6981.78077627124	9.90186235395382e-09
280.7307307307308	0.31697668390568823	6965.80734922818	9.947407465416997e-09
281.00600600600603	0.3172787999424213	6949.870467440132	9.993178488456529e-09
281.2812812812813	0.31725432822430905	6933.970047288627	1.0039130734471273e-08
281.5565565565566	0.31720455717906887	6918.106005353385	1.0085269465543435e-08
281.83183183183183	0.31737173599924556	6902.278258410666	1.0131629745101716e-08
282.10710710710714	0.31756614213254414	6886.486723422753	1.0178213599305645e-08
282.3823823823824	0.3176762800485598	6870.731317539294	1.0225008445068522e-08
282.6576576576577	0.3177691048411362	6855.011958101028	1.0272013831829164e-08
282.93293293293294	0.31786587526735793	6839.328562638332	1.0319232430439816e-08
283.20820820820825	0.3179476763221607	6823.681048869792	1.0366664007548506e-08
283.4834834834835	0.31806325547950026	6808.069334703437	1.0414315026777268e-08
283.75875875875874	0.31826424189074143	6792.493338236356	1.0462197358911502e-08
284.03403403403405	0.31844890598719894	6776.952977750601	1.0510306682534399e-08
284.3093093093093	0.31853597434037306	6761.44817171319	1.0558629278752057e-08
284.5845845845846	0.31862743610320593	6745.9788387801345	1.0607168781393667e-08
284.85985985985985	0.31878416819125655	6730.544897795064	1.0655936289486706e-08
285.13513513513516	0.3189465055010469	6715.146267785829	1.0704932316596635e-08
285.4104104104104	0.31905449007939063	6699.782867964051	1.07541494340873e-08
285.6856856856857	0.3190741505470533	6684.454617725304	1.0803577774403375e-08
285.96096096096096	0.31913684262547454	6669.161436652864	1.0853228102178181e-08
286.23623623623627	0.31941567841053287	6653.903244518337	1.0903132331912333e-08
286.5115115115115	0.3197018381081575	6638.679961271725	1.0953285868175034e-08
286.7867867867868	0.3197624127853411	6623.491507040229	1.1003653541405173e-08
287.06206206206207	0.3197927048810244	6608.337802138697	1.1054236481023584e-08
287.3373373373374	0.319948908071521	6593.218767068261	1.1105057448309096e-08
287.6126126126126	0.32011221685222496	6578.134322508966	1.1156117068743057e-08
287.8878878878879	0.32024080582362824	6563.084389321225	1.1207410243844337e-08
288.1631631631632	0.3204255797292813	6548.068888548881	1.1258946251185746e-08
288.4384384384384	0.32063033716026745	6533.087741415485	1.131072716741631e-08
288.71371371371373	0.320738617861739	6518.140869321781	1.1362738330472055e-08
288.988988988989	0.32084361387739535	6503.228193850755	1.1414982392850244e-08
289.2642642642643	0.3210764530982855	6488.349636768265	1.1467480333079913e-08
289.53953953953953	0.32128134513198386	6473.505120015085	1.1520225679802434e-08
289.81481481481484	0.32134782125642297	6458.694565707607	1.1573198027106658e-08
290.0900900900901	0.3214930657565984	6443.917896146186	1.162641391344938e-08
290.3653653653654	0.3217774089758608	6429.175033810603	1.1679894654024192e-08
290.64064064064064	0.32194434872792455	6414.4659013511255	1.1733618989397988e-08
290.91591591591595	0.32202643785394425	6399.790421595797	1.1787576226623222e-08
291.1911911911912	0.32232560661700416	6385.148517557461	1.1841803085145217e-08
291.4664664664665	0.3227368134405858	6370.54011242231	1.1896311609910262e-08
291.74174174174175	0.32296159100762084	6355.965129544095	1.195106688758573e-08
292.01701701701705	0.32303269613599467	6341.423492452721	1.20060482567766e-08
292.2922922922923	0.3230805308972024	6326.915124856634	1.2061260129227788e-08
292.5675675675676	0.3231610693415658	6312.439950640368	1.2116714395361146e-08
292.84284284284286	0.32328656643600173	6297.997893862982	1.2172421970121042e-08
293.1181181181181	0.3234148265061257	6283.5888787561	1.2228384857837429e-08
293.3933933933934	0.32353566249815635	6269.212829724415	1.2284603303530656e-08
293.66866866866866	0.3236837544222278	6254.869671346556	1.234108307923735e-08
293.94394394394396	0.32387569619940015	6240.559328374197	1.2397831315456136e-08
294.2192192192192	0.3241078755168702	6226.281725731098	1.2454853070717668e-08
294.4944944944945	0.32434121364205054	6212.036788511668	1.2512146409116015e-08
294.76976976976977	0.3245345841217391	6197.824441980493	1.2569703876323905e-08
295.0450450450451	0.3247055983928191	6183.644611573644	1.2627523024642603e-08
295.3203203203203	0.32489321161862955	6169.497222898922	1.268560843871516e-08
295.5955955955956	0.32514876959228994	6155.382201735842	1.2743971873096527e-08
295.8708708708709	0.32542841597434624	6141.299474032471	1.2802615463070269e-08
296.1461461461462	0.3255516684191571	6127.248965900938	1.2861512650222559e-08
296.4214214214214	0.32550136021715803	6113.230603621839	1.2920641397336135e-08
296.69669669669673	0.3254143112877062	6099.24431364843	1.2980007415560407e-08
296.971971971972	0.32535841947558747	6085.290022604296	1.3039625985394222e-08
297.2472472472473	0.32535638586504234	6071.367657281581	1.3099512301095571e-08
297.52252252252254	0.3254158784926504	6057.4771446402065	1.3159679140238858e-08
297.7977977977978	0.3255287047543512	6043.61841180697	1.322013497175927e-08
298.0730730730731	0.3256525951031149	6029.79138607413	1.32808795512222e-08
298.34834834834834	0.3257614211521382	6015.995994899499	1.33419088001092e-08
298.62362362362364	0.3258715369030506	6002.232165907345	1.3403222748312866e-08
298.8988988988989	0.32600270212146687	5988.499826888152	1.3464825030601349e-08
299.1741741741742	0.32617020805758	5974.798905798077	1.352672122578434e-08
299.44944944944945	0.3263489242038873	5961.129330757365	1.3588911651490393e-08
299.72472472472475	0.3264852326519822	5947.491030049008	1.3651387967947058e-08
300.0	0.3265249169435216	5933.883932118343	1.371413528409224e-08
