0.009258757188353353	8.531123576280457	9070.449440713477	2.62665778552463	0.008873660832899343
25.0	0.049235880398671106	33212.0	10.0
25.275275275275277	0.05004092115460989	34356.56501637421	9.644644960790599
25.55055055055055	0.050836787948845955	35473.24223774943	9.296566376976486
25.825825825825827	0.051546829331305964	36559.73220827049	8.956450672899733
26.1011011011011	0.0522504202151047	37615.79248023475	8.62438947875116
26.376376376376378	0.05300891235101423	38642.52010117739	8.30008621318482
26.65165165165165	0.05382622103400255	39640.960216473635	7.983258571555977
26.926926926926928	0.05469757645019157	40611.93375874217	7.673688521963502
27.2022022022022	0.05561377480629432	41555.98378294311	7.371238023404686
27.47747747747748	0.05655972004629029	42473.31426037955	7.075866968539398
27.75275275275275	0.05750778134089416	43363.63939975511	6.787677112247095
28.02802802802803	0.05838203043850118	44225.501583358935	6.507110180305442
28.303303303303302	0.05913757940602677	45057.01379899	6.234733432337376
28.57857857857858	0.05986588032034236	45858.022110237245	5.970612963760243
28.853853853853856	0.060601027969885826	46628.965952902545	5.71464293340129
29.12912912912913	0.061237128612632766	47368.85529927156	5.467131658786517
29.404404404404403	0.06180418228564375	48077.36119600743	5.22819648212966
29.67967967967968	0.06247754295260082	48756.516871065396	4.997270071802666
29.954954954954957	0.06322007919011778	49407.67928089685	4.773979741354151
30.23023023023023	0.06388238615265109	50030.37324031034	4.558483068940419
30.505505505505504	0.06454598323442576	50625.19992905604	4.350625880669333
30.78078078078078	0.06533477548734098	51194.05231230758	4.149879028467236
31.056056056056057	0.06617678864254453	51737.87902207683	3.9559858320446932
31.33133133133133	0.06698501458760937	52256.73297086053	3.7689486516414155
31.606606606606608	0.0677410868273331	52750.59038988974	3.588792043998949
31.88188188188188	0.06842639189731221	53219.38090431158	3.415554096388224
32.15715715715716	0.06901612233240233	53662.96543765395	3.249292866106931
32.432432432432435	0.06959415428355135	54082.009616677955	3.0898331877346576
32.70770770770771	0.07030935471335965	54478.28072429824	2.936680002503103
32.98298298298298	0.07108997971180235	54852.83496462722	2.7895431778366087
33.25825825825826	0.07179396454754018	55205.700453220656	2.648429925117056
33.533533533533536	0.07248669269822496	55537.42767152718	2.5131959774807546
33.808808808808806	0.0732459049978135	55849.04359004368	2.3835585220075806
34.08408408408408	0.07400943352050188	56141.13914749742	2.2593604456224052
34.35935935935936	0.07471889067994368	56413.990347638	2.1405355319428967
34.63463463463464	0.07536537270919305	56667.89115048657	2.027012163131101
34.90990990990991	0.07600847226441576	56903.485086512155	1.9186171564228167
35.18518518518518	0.07676168904290336	57121.92279155882	1.8150298398268225
35.46046046046046	0.07760520751783176	57324.14926069032	1.715988352340413
35.73573573573574	0.07843939482306848	57510.61665817792	1.6213730595864075
36.01101101101101	0.07920483276099122	57681.55996733004	1.5311269785389903
36.286286286286284	0.07989151861939439	57837.23716213885	1.4451862939597522
36.56156156156156	0.08060784674234571	57978.33372816564	1.363363052097338
36.83683683683684	0.08139106320646877	58105.6196954968	1.2854443007143972
37.112112112112115	0.08208024309289805	58219.31873211584	1.2113749594184384
37.38738738738739	0.08269528662380754	58319.77084071197	1.1410660586446442
37.66266266266266	0.08349561372645038	58408.04810207857	1.0742161236043268
37.93793793793794	0.08439360208062306	58484.86631925558	1.0106262229967082
38.213213213213216	0.08507244920976172	58550.1234561085	0.9503340501644258
38.488488488488485	0.08567225362023782	58604.152189329434	0.8932513265133943
38.76376376376376	0.0864660727243089	58647.88533845567	0.8391155286545342
39.03903903903904	0.08731751067124176	58681.869283487875	0.787775518536748
39.314314314314316	0.0880609957827825	58706.307505116936	0.7391791957767033
39.58958958958959	0.0887599977441241	58721.555539675326	0.693230227755231
39.86486486486486	0.08947097934539877	58728.06762386896	0.6498034122678175
40.14014014014014	0.09018161453709204	58726.260340053595	0.608784143539508
40.41541541541542	0.09090480097438539	58716.55523092946	0.570056082789738
40.690690690690694	0.09167649785649806	58699.40359849707	0.533493964282632
40.965965965965964	0.0924530335854216	58675.17258262192	0.49899660565985854
41.24124124124124	0.0931578518729756	58644.127257376334	0.46649215866321125
41.51651651651652	0.0938055644761841	58606.559394133845	0.4359008466334728
41.791791791791795	0.09444664142477073	58562.81530551688	0.4071268722753701
42.06706706706707	0.09514021958335868	58513.284621229825	0.3800616334811554
42.34234234234234	0.09587393159395799	58458.31823979086	0.354607482499877
42.61761761761762	0.09649460997175059	58398.11834688688	0.33070964246310053
42.892892892892895	0.09697564628842252	58332.88061864483	0.3083150808946777
43.168168168168165	0.09745848690516155	58262.91783026415	0.28733667405119273
43.44344344344344	0.09801495255803672	58188.57419760945	0.26767796064225047
43.71871871871872	0.0986483492013491	58110.16694686802	0.24925006142334083
43.993993993993996	0.09929539804211462	58027.9499327992	0.23198224717391971
44.26926926926927	0.09988846446456102	57942.1268050718	0.21581816598285528
44.54454454454455	0.10046775324162216	57852.91857436379	0.20069628800798073
44.81981981981982	0.10109557870379096	57760.56578631411	0.1865492628379228
45.0950950950951	0.1018161535323728	57665.31047271887	0.1733091389122781
45.37037037037037	0.10259372547522301	57567.358700262004	0.1609182214615131
45.645645645645644	0.10328209640659686	57466.846908614716	0.14933885824004067
45.92092092092092	0.10384091655372774	57363.899685307835	0.13853673698474067
46.1961961961962	0.10434209427405697	57258.66939385807	0.12846940361691253
46.471471471471475	0.104913782260635	57151.34245866259	0.11908442026621192
46.74674674674675	0.10565674450670798	57042.11726248426	0.11032574978420474
47.02202202202202	0.10635962329849838	56931.11584847624	0.10215934931789183
47.2972972972973	0.10686522224395066	56818.41967338184	0.09456285770027245
47.572572572572575	0.10751889828495438	56704.19289918351	0.08748987568292058
47.847847847847845	0.10844470630118819	56588.6070177454	0.08089176251314986
48.12312312312312	0.10918084495267372	56471.72419911838	0.07475145401070486
48.3983983983984	0.10962012559383894	56353.594664161246	0.06905530669205957
48.673673673673676	0.1101126395461831	56234.33464924323	0.06377050027040443
48.94894894894895	0.1107001286669167	56114.056944367425	0.05886513146243444
49.22422422422423	0.11122183397353334	55992.84196977943	0.054316602805962046
49.4994994994995	0.11175969026859288	55870.7777524387	0.050100054342141355
49.77477477477478	0.11243186857727966	55747.95985016358	0.046188380217309546
50.05005005005005	0.1130744839346106	55624.45646313426	0.04256233933363818
50.32532532532532	0.11358344435502904	55500.32237270093	0.03920653314240743
50.6006006006006	0.11415816273424613	55375.63034143844	0.03610031062648229
50.87587587587588	0.11485302944620565	55250.451334915066	0.03322349030430142
51.151151151151154	0.11546463768845089	55124.833675927744	0.03056240579295821
51.42642642642643	0.11597780904996191	54998.823342525175	0.028104036378171555
51.70170170170171	0.11654447070694794	54872.47493919762	0.02583282753513381
51.97697697697698	0.11717001931647557	54745.83878421797	0.023734428884508656
52.252252252252255	0.11778271918310426	54618.957016074164	0.021796826187339382
52.527527527527525	0.11833757193961279	54491.8669437549	0.020009375713459884
52.8028028028028	0.1188085515979458	54364.60296058515	0.018362252740531725
53.07807807807808	0.11920037925944475	54237.1982974392	0.01684594526471732
53.353353353353356	0.11957756471894679	54109.68715035003	0.015450637904292071
53.62862862862863	0.1200928139663854	53982.10670679985	0.014165623661792106
53.90390390390391	0.12069658963328887	53854.48847495714	0.012981815958662768
54.17917917917918	0.12114137387194757	53726.85358772007	0.011893114323817159
54.454454454454456	0.12157466556303914	53599.22697030625	0.010892303714941882
54.729729729729726	0.12232194328005291	53471.63984705758	0.009970324882213213
55.005005005005	0.12308035527443002	53344.11209962317	0.009121385424789508
55.28028028028028	0.12346467406721785	53216.654178774406	0.008342413545292993
55.55555555555556	0.1237515645602587	53089.28324122128	0.007628385564986084
55.830830830830834	0.12422336310752591	52962.02048432246	0.006973093949881719
56.10610610610611	0.1248264697515648	52834.88370579694	0.0063713135814397436
56.38138138138139	0.12546478123283394	52707.88725984344	0.005818779475111687
56.65665665665666	0.12604995177314995	52581.043147052544	0.005311912831461935
56.931931931931935	0.12656376951277518	52454.36243835621	0.004847395911747849
57.20720720720721	0.1270446382437368	52327.85600590394	0.0044219607777325415
57.48248248248248	0.12751789966080568	52201.5342019647	0.004032482535684691
57.75775775775776	0.12800713544347794	52075.40676595527	0.003676006662080224
58.033033033033036	0.12856401707951448	51949.4830187697	0.0033496930922153217
58.30830830830831	0.12918058750179146	51823.77128527785	0.0030509839632268383
58.58358358358358	0.12966040830417894	51698.27771291976	0.002777946864947592
58.85885885885886	0.12996855028428364	51573.007985826946	0.002528779371932656
59.134134134134136	0.13038592416044117	51447.969202180066	0.0023012650378048064
59.40940940940941	0.13095513570196157	51323.16785702375	0.0020933572768524655
59.68468468468468	0.13146238820564368	51198.60862180803	0.001903533663624436
59.95995995995996	0.13193591573736463	51074.29595670071	0.0017303297333873132
60.23523523523524	0.13252089045069276	50950.234521415914	0.001572220012817524
60.510510510510514	0.13308112013412488	50826.427930853475	0.0014279786772759407
60.78578578578579	0.13346242564530386	50702.87898765845	0.0012966128632707625
61.06106106106106	0.13383465708782552	50579.59088275139	0.0011770151523440573
61.33633633633634	0.13434210296798985	50456.56687134463	0.0010680572311958553
61.611611611611615	0.1349230003430563	50333.80962018138	0.0009687791152261355
61.88688688688689	0.1354761103333993	50211.32124616379	0.0008783783699577348
62.16216216216216	0.13589352995302414	50089.10344285784	0.0007961738276953597
62.43743743743744	0.1362330820759102	49967.157892233896	0.0007214864987192444
62.712712712712715	0.1366665974167305	49845.486394830106	0.0006536018238053041
62.98798798798799	0.1372227604558508	49724.090530940346	0.0005918678338352408
63.26326326326326	0.137844756880786	49602.97158016737	0.0005357146881155456
63.53853853853854	0.1384092190103616	49482.13043633049	0.00048469038161977666
63.813813813813816	0.13884145052671212	49361.56782453976	0.00043838815044728116
64.0890890890891	0.13924487837892582	49241.28449703596	0.00039639285863626384
64.36436436436436	0.13971654617775275	49121.28117551651	0.0003582976997386075
64.63963963963964	0.14029244657105824	49001.558468070565	0.00032372829788990915
64.91491491491492	0.1409050278561928	48882.11679523481	0.00029236422107640434
65.1901901901902	0.14140293980129495	48762.95637540934	0.0002639433370754689
65.46546546546547	0.14176774371982193	48644.077362632044	0.0002382220171022951
65.74074074074073	0.14206681284022746	48525.47989762181	0.00021496038578204063
66.01601601601601	0.14238622496333098	48407.16409844314	0.0001939250375094179
66.29129129129129	0.14279041102363524	48289.13003418711	0.0001748966817381775
66.56656656656656	0.1432498636501108	48171.37768174544	0.00015768270373088848
66.84184184184184	0.14374269645311696	48053.90694382408	0.00014211200610850643
67.11711711711712	0.14429835693965146	47936.71767647047	0.0001280270830662882
67.3923923923924	0.1448499127045163	47819.80966230174	0.00011529180557115266
67.66766766766767	0.1452230593161538	47703.18259830917	0.00010379499192211216
67.94294294294295	0.14548913351247633	47586.83617929663	9.342629561595439e-05
68.21821821821823	0.14587764146075766	47470.770121485046	8.406938832660083e-05
68.4934934934935	0.14637976054385315	47354.98409415733	7.562173684407423e-05
68.76876876876878	0.1469029487950121	47239.47771217701	6.799678546715858e-05
69.04404404404404	0.14747170301867119	47124.25056683681	6.111506664077475e-05
69.31931931931932	0.14809736905600673	47009.30222490056	5.4904499633247964e-05
69.5945945945946	0.14868094245384386	46894.632217264116	4.93037818674374e-05
69.86986986986987	0.14918641755477982	46780.24005482631	4.4257766594234286e-05
70.14514514514515	0.14969353934722	46666.12524319149	3.971321016364793e-05
70.42042042042041	0.1501876330538747	46552.28727079828	3.5622189481148943e-05
70.69569569569569	0.15057534562615857	46438.72560479808	3.1943283005154e-05
70.97097097097097	0.15094432320405626	46325.439709353916	2.8636338545170066e-05
71.24624624624624	0.15143170408216233	46212.4290460263	2.5662382858514985e-05
71.52152152152152	0.15186624408362534	46099.69305224997	2.2989757746108816e-05
71.7967967967968	0.15209170053635618	45987.23114924207	2.0591844806474037e-05
72.07207207207207	0.15233317520855866	45875.04276492867	1.8440568735554904e-05
72.34734734734735	0.15272054062824572	45763.127324238085	1.6509176916943593e-05
72.62262262262263	0.15306812332250655	45651.484235248805	1.4776135073117796e-05
72.8978978978979	0.15332956170084247	45540.11289911026	1.3222314192666584e-05
73.17317317317318	0.15365206096042	45429.012717413156	1.1828939312549455e-05
73.44844844844846	0.1540872917064602	45318.18308757936	1.0578888985839389e-05
73.72372372372374	0.15459927826670866	45207.623400761484	9.457269155694548e-06
73.998998998999	0.15506832919748262	45097.3330432147	8.451578334035537e-06
74.27427427427428	0.1553970054716476	44987.31140200092	7.551036484446464e-06
74.54954954954955	0.15572092039332033	44877.557858620465	6.744868229984841e-06
74.82482482482483	0.15614279139216491	44768.07179391828	6.022925361305167e-06
75.1001001001001	0.15655040673021886	44658.8525847255	5.376666568991353e-06
75.37537537537537	0.15689918234333192	44549.899605994695	4.798538314573763e-06
75.65065065065065	0.15728069231319014	44441.2122328147	4.281389132999979e-06
75.92592592592592	0.15769902693687815	44332.789839224795	3.81881534797641e-06
76.2012012012012	0.1580827307050263	44224.63179783717	3.4052721090293664e-06
76.47647647647648	0.1584631327758935	44116.73748120847	3.035674898344366e-06
76.75175175175175	0.15890163923864445	44009.10626207124	2.705332245520174e-06
77.02702702702703	0.1593189585617754	43901.73751243239	2.410208557268332e-06
77.30230230230231	0.1596494888182381	43794.63060411585	2.146766670153053e-06
77.57757757757759	0.1600034921534477	43687.784909921655	1.911630288581432e-06
77.85285285285286	0.16042200836100823	43581.1998031121	1.7017331245671716e-06
78.12812812812814	0.16076894709302453	43474.874656778076	1.5145034081827731e-06
78.40340340340342	0.16101796041650518	43368.808844634375	1.3476323638397178e-06
78.67867867867868	0.16127566166862878	43263.00174152706	1.1989259540304737e-06
78.95395395395396	0.1615607816281373	43157.452723067705	1.0664107410598719e-06
79.22922922922923	0.16184372152685184	43052.161165575846	9.483502035480711e-07
79.50450450450451	0.16219973532388826	42947.12644642072	8.431446996895861e-07
79.77977977977977	0.16269130354609168	42842.34794397184	7.493452074117848e-07
80.05505505505505	0.16316776431059904	42737.82503725404	6.657531816262542e-07
80.33033033033033	0.16352151852293514	42633.557106232096	5.913372305040649e-07
80.6056056056056	0.1638538149385126	42529.5435322116	5.251156852263548e-07
80.88088088088088	0.16426311310831973	42425.783697774066	4.6617455842824124e-07
81.15615615615616	0.1647984287003145	42322.27698669208	4.1369141702377076e-07
81.43143143143143	0.16538270058922822	42219.02278382711	3.6696432425309663e-07
81.70670670670671	0.16585624683396125	42116.02047514538	3.2540650551011175e-07
81.98198198198199	0.1662350627876839	42013.269447946004	2.88479093262714e-07
82.25725725725727	0.16662153736171625	41910.76909091674	2.556739834653238e-07
82.53253253253254	0.16709203193863084	41808.51879409051	2.265255059675447e-07
82.80780780780782	0.16762886324812967	41706.517948790555	2.0062548140391622e-07
83.0830830830831	0.16797562638551108	41604.76594754996	1.7764574533701594e-07
83.35835835835836	0.1680958509266426	41503.262184280095	1.5728824035643106e-07
83.63363363363364	0.16838105818612	41402.00605442672	1.3923861844019062e-07
83.90890890890891	0.16890991061210334	41300.99695479267	1.2321677267911484e-07
84.18418418418419	0.16941241919943711	41200.23428344601	1.0900262669101393e-07
84.45945945945945	0.16983807776820298	41099.7174398329	9.640236486566323e-08
84.73473473473473	0.17027042833358907	40999.44582481745	8.523588768428053e-08
85.01001001001	0.1706850991661387	40899.41884065276	7.534421706866045e-08
85.28528528528528	0.1710457452160344	40799.63589098568	6.658715230085121e-08
85.56056056056056	0.17142538333338486	40700.09638087889	5.883583276504209e-08
85.83583583583584	0.1718476524171645	40600.79971679945	5.1975094665059e-08
86.11111111111111	0.1721838025678436	40501.74530660173	4.590741039048919e-08
86.38638638638639	0.17242883772953946	40402.93255955075	4.0545142380263016e-08
86.66166166166167	0.17275184985677916	40304.36088633733	3.580513662607897e-08
86.93693693693695	0.17316679369571264	40206.029699056155	3.161410438534218e-08
87.21221221221222	0.17356945168386134	40107.938411197894	2.7909877214273276e-08
87.4874874874875	0.1739737567419354	40010.08643766147	2.4636882497354046e-08
87.76276276276278	0.17443280231457567	39912.47319475472	2.1744951337484828e-08
88.03803803803804	0.17490814431789548	39815.09810018723	1.9190388694034815e-08
88.31331331331332	0.1753571821360989	39717.960573070355	1.6934978590132896e-08
88.58858858858859	0.17579580887842852	39621.06003391895	1.494448798276895e-08
88.86386386386387	0.1762161358359471	39524.39590464832	1.3188567539353478e-08
89.13913913913915	0.17656102368073465	39427.96760857088	1.164070512448043e-08
89.41441441441442	0.1768643244051847	39331.77457039728	1.0276922324665987e-08
89.68968968968969	0.17723565235416963	39235.81621623518	9.075185093449383e-09
89.96496496496496	0.17758828871002597	39140.091973581264	8.016659294207678e-09
90.24024024024024	0.17777427917648841	39044.601271319065	7.085369101128065e-09
90.51551551551552	0.17799957012336282	38949.3435397234	6.265986004565064e-09
90.7907907907908	0.17846287282196904	38854.31821045538	5.544298851502601e-09
91.06606606606607	0.17890220522793288	38759.5247165526	4.908983068095864e-09
91.34134134134135	0.17915688511020428	38664.96249242978	4.35045174167144e-09
91.61661661661662	0.17945644723499662	38570.63097388065	3.859425883604148e-09
91.8918918918919	0.1798463271386589	38476.52959807192	3.4276627458714487e-09
92.16716716716716	0.180110569397437	38382.65780353825	3.0483941788002445e-09
92.44244244244244	0.1803205016150519	38289.015030182185	2.7154226467194676e-09
92.71771771771772	0.18072553942729905	38195.600719271926	2.422869787677115e-09
92.992992992993	0.18118637581986297	38102.414313435256	2.165857809388213e-09
93.26826826826827	0.18147019078626797	38009.45525665662	1.9403797578322653e-09
93.54354354354355	0.18172204849048135	37916.72299427629	1.7426671158140204e-09
93.81881881881883	0.182087405631448	37824.21697298686	1.5692577394100906e-09
94.0940940940941	0.1824570381874434	37731.9366408289	1.417228829864297e-09
94.36936936936937	0.18275096958412015	37639.881447188156	1.2840598040682444e-09
94.64464464464464	0.18299469719228537	37548.05084279287	1.1674937425658288e-09
94.91991991991992	0.18324805589459872	37456.44427971066	1.065501466193453e-09
95.1951951951952	0.18358038943600016	37365.06121134523	9.762691837194845e-10
95.47047047047047	0.18391704894990565	37273.90109243291	8.982460737532024e-10
95.74574574574575	0.18414951630282803	37182.96337903944	8.301057339534352e-10
96.02102102102103	0.1844422517894166	37092.247528557506	7.706169067210022e-10
96.2962962962963	0.1849371258986903	37001.75299970326	7.186678972033854e-10
96.57157157157158	0.18540552660013862	36911.479252512574	6.733552812085302e-10
96.84684684684684	0.18570231093512615	36821.42574833812	6.33909135425469e-10
97.12212212212212	0.18597704205785323	36731.59194984669	5.996114455395946e-10
97.3973973973974	0.18633106841656635	36641.977321015846	5.698148955382273e-10
97.67267267267268	0.1867663148234189	36552.58132713067	5.439559776348597e-10
97.94794794794795	0.18720831132834284	36463.403434780455	5.215523611326586e-10
98.22322322322323	0.18755575774021555	36374.443111855566	5.021899999430561e-10
98.4984984984985	0.18787844162640271	36285.69982754449	4.854950987663143e-10
98.77377377377378	0.18827310094501426	36197.173052330734	4.71131766999615e-10
99.04904904904905	0.1886422169561832	36108.86225798944	4.5881365235943433e-10
99.32432432432432	0.18889394136627688	36020.766917584275	4.4829348779495625e-10
99.5995995995996	0.1890676443812057	35932.886505464434	4.3934979884941537e-10
99.87487487487488	0.18923858842840297	35845.22049726157	4.317842595987159e-10
100.15015015015015	0.189500760235295	35757.768369886675	4.2542048640748246e-10
100.42542542542543	0.18984560837119588	35670.529601526876	4.2010599211185164e-10
100.70070070070071	0.1901741218539524	35583.503671642204	4.1571063418773153e-10
100.97597597597598	0.19040533416334465	35496.690060962566	4.121216385965329e-10
101.25125125125126	0.1905118252150279	35410.088251484674	4.0923962224694456e-10
101.52652652652652	0.19068447708758296	35323.6977264692	4.0697443719237883e-10
101.8018018018018	0.19105038733509927	35237.51797043761	4.0524690113873583e-10
102.07707707707708	0.1913350294502081	35151.548469168716	4.0399093813969636e-10
102.35235235235236	0.1914101753146562	35065.78870969574	4.031487325542647e-10
102.62762762762763	0.19153682122381918	34980.23818030366	4.026680051109521e-10
102.90290290290291	0.19180490153478616	34894.89637052598	4.025033766799118e-10
103.17817817817819	0.192078235818983	34809.76277114145	4.026157899435937e-10
103.45345345345346	0.19229962834434916	34724.83687417116	4.02971047070205e-10
103.72872872872873	0.19248323068963577	34640.11817287551	4.0353915680270924e-10
104.004004004004	0.19270839267747064	34555.60616175129	4.0429413881709646e-10
104.27927927927928	0.1930433285573175	34471.30033652866	4.052137444671397e-10
104.55455455455456	0.19341323952482517	34387.20019416799	4.062784100869168e-10
104.82982982982983	0.1937620018674402	34303.30523285688	4.074707866657102e-10
105.10510510510511	0.1941500269241272	34219.6149520073	4.0877606285922737e-10
105.38038038038039	0.19455524750915587	34136.12885225249	4.1018121136180325e-10
105.65565565565566	0.19483258957650204	34052.84643544388	4.1167383560880773e-10
105.93093093093094	0.19502416098352937	33969.767204648284	4.1324329356871094e-10
106.2062062062062	0.19531501140782087	33886.890664145125	4.148816862606392e-10
106.48148148148148	0.19569497131216862	33804.21631942321	4.165821428425743e-10
106.75675675675676	0.19606481354182134	33721.743677177765	4.1833791247182647e-10
107.03203203203203	0.19639489885694916	33639.472245307516	4.201428492687742e-10
107.30730730730731	0.19666681158685018	33557.40153291179	4.2199141541208717e-10
107.58258258258259	0.1968339741576089	33475.53105028749	4.238783455505549e-10
107.85785785785787	0.19692543334808243	33393.860308926356	4.257992820038354e-10
108.13313313313314	0.19710277278003646	33312.38882151214	4.2775191121715153e-10
108.4084084084084	0.19743243415972256	33231.116101917585	4.297348881120653e-10
108.68368368368368	0.19785920974192903	33150.041665201374	4.3174657460537346e-10
108.95895895895896	0.19822377000584626	33069.16502760522	4.337840452237953e-10
109.23423423423424	0.19835928335182218	32988.48570655086	4.3584312310306654e-10
109.50950950950951	0.19845114605488276	32908.00322063764	4.379219452219597e-10
109.78478478478479	0.19872250637419517	32827.717089639635	4.400210962184313e-10
110.06006006006007	0.19903922954710812	32747.6268345024	4.421397935991565e-10
110.33533533533534	0.19929108590982672	32667.731977340158	4.442762673565035e-10
110.61061061061062	0.1995868041800616	32588.03204143318	4.4643007232329426e-10
110.88588588588588	0.19995051335490305	32508.526551224844	4.486010803374795e-10
111.16116116116116	0.20026833649689443	32429.21503231864	4.507880338066603e-10
111.43643643643644	0.2005430943537752	32350.09701147548	4.5298987019975475e-10
111.71171171171171	0.20086837669205923	32271.172016610966	4.552066340068791e-10
111.98698698698699	0.2012563432952578	32192.439576792494	4.5743850260987344e-10
112.26226226226227	0.20167412219530154	32113.899222236378	4.596853010614875e-10
112.53753753753755	0.20207074823972687	32035.550484305048	4.619463542647041e-10
112.81281281281282	0.2024104667693603	31957.39289550423	4.642207062519601e-10
113.08808808808809	0.20271141048124786	31879.42598948028	4.665077213994882e-10
113.36336336336336	0.2029662181118311	31801.649301017293	4.688067750658762e-10
113.63863863863864	0.2031156361852946	31724.062366034337	4.711167005316075e-10
113.91391391391392	0.2031747517867745	31646.664721582747	4.734366463872439e-10
114.1891891891892	0.2032340961326106	31569.45590584342	4.757668434656905e-10
114.46446446446447	0.20335357703979653	31492.435458124073	4.781081429454623e-10
114.73973973973975	0.20355639206295736	31415.602918856435	4.80461545625607e-10
115.01501501501502	0.2037710423105054	31338.957829593368	4.828271589579161e-10
115.2902902902903	0.20393034078777506	31262.49973300617	4.852043539361396e-10
115.56556556556556	0.20409892432764656	31186.228172881983	4.875932949868327e-10
115.84084084084084	0.20433286488477773	31110.142694121056	4.899947483488488e-10
116.11611611611612	0.20461492868610803	31034.24284273399	4.924092014717446e-10
116.3913913913914	0.2049239072093016	30958.528165838947	4.94836854083412e-10
116.66666666666667	0.20524526241804827	30882.998211659018	4.972777280420511e-10
116.94194194194195	0.20557625085200884	30807.652529519517	4.997318207994062e-10
117.21721721721723	0.20591933352744088	30732.49066984527	5.021991665452509e-10
117.4924924924925	0.2062506090380645	30657.512184157968	5.046795358202519e-10
117.76776776776778	0.20654034339389837	30582.716625073426	5.071724028536113e-10
118.04304304304304	0.20678673738027953	30508.10354629897	5.096772980603906e-10
118.31831831831832	0.20699744756663788	30433.672502630776	5.121939075251617e-10
118.5935935935936	0.20718497090813734	30359.423049951234	5.147221078250549e-10
118.86886886886887	0.20737075494913565	30285.354745226305	5.172620438105177e-10
119.14414414414415	0.20758680946954883	30211.467146502866	5.198142158265242e-10
119.41941941941943	0.20782584296161474	30137.759812906075	5.223789831833578e-10
119.6946946946947	0.20804883764124668	30064.232304636647	5.249562161504725e-10
119.96996996996998	0.20827783517353335	29990.884182968344	5.275460655766298e-10
120.24524524524524	0.2085592397569329	29917.71501024537	5.301492108282546e-10
120.52052052052052	0.20887422119627289	29844.724349879678	5.327660316069807e-10
120.7957957957958	0.20919281060862324	29771.911766348363	5.353965159976585e-10
121.07107107107107	0.20952183450558715	29699.27682519109	5.380407431971695e-10
121.34634634634635	0.20985292665777103	29626.8190930075	5.406986925665267e-10
121.62162162162163	0.2101371170004494	29554.538137454558	5.433697755816892e-10
121.8968968968969	0.21039111039313182	29482.433527244055	5.460536888232195e-10
122.17217217217218	0.21070353746755607	29410.50483214015	5.48751234494109e-10
122.44744744744746	0.21103067806716294	29338.75162295662	5.514625945487402e-10
122.72272272272272	0.21125785106618683	29267.173471554193	5.541865590968186e-10
122.997997997998	0.21146657635678623	29195.769950838265	5.569230696668569e-10
123.27327327327328	0.21177844140700622	29124.540634756402	5.596735541177372e-10
123.54854854854855	0.21212499281693487	29053.485098295558	5.624384290267564e-10
123.82382382382383	0.21242254420839876	28982.602917479482	5.652170461738165e-10
124.0990990990991	0.21266747460433447	28911.89366936634	5.680088090607473e-10
124.37437437437438	0.21288284352498854	28841.35693204618	5.708134925274173e-10
124.64964964964966	0.21311305880930342	28770.99228463849	5.736314565329349e-10
124.92492492492492	0.21339719787185962	28700.799307289653	5.764635042954483e-10
125.2002002002002	0.21375549698198332	28630.77758117042	5.793105917918972e-10
125.47547547547548	0.21408982629681048	28560.92668847327	5.821723364651957e-10
125.75075075075075	0.21427755084372194	28491.24621240983	5.850468867656282e-10
126.02602602602603	0.21440582239483827	28421.735737208714	5.87933740525808e-10
126.30130130130131	0.21459192692532747	28352.394848113097	5.90833945179181e-10
126.57657657657658	0.21483656434199946	28283.223131378065	5.937484246158144e-10
126.85185185185186	0.21507443530396986	28214.220174268045	5.966771609235853e-10
127.12712712712714	0.21516694894938293	28145.38556505423	5.996183862621849e-10
127.4024024024024	0.21513703687168226	28076.718893012363	6.025708707579496e-10
127.67767767767768	0.21518017840866477	28008.219748420554	6.055360597907686e-10
127.95295295295296	0.21531222557647653	27939.887722556552	6.085154156744483e-10
128.22822822822823	0.21544379441338402	27871.722407695164	6.11509058828403e-10
128.5035035035035	0.21564475789750512	27803.723397106045	6.145180096612824e-10
128.7787787787788	0.21599252604055125	27735.89028505132	6.175441709863892e-10
129.05405405405406	0.21633699927987016	27668.222666782756	6.205872390552206e-10
129.32932932932934	0.21656232168836914	27600.720138539444	6.236454423032216e-10
129.60460460460462	0.21675284014112248	27533.382297545697	6.267183710669788e-10
129.87987987987987	0.21698909044731196	27466.208742008614	6.298067466916084e-10
130.15515515515517	0.21730060820281333	27399.199071115592	6.329115957160052e-10
130.43043043043042	0.21757297075393264	27332.352885031803	6.360322915970357e-10
130.70570570570572	0.2176156279727482	27265.669784897542	6.391657543610218e-10
130.98098098098097	0.21761337867094566	27199.149372826578	6.42311812875693e-10
131.25625625625628	0.2178544363852078	27132.791251903836	6.45474213476563e-10
131.53153153153153	0.21816960366119292	27066.595026182396	6.486539135619952e-10
131.80680680680683	0.21836128953001374	27000.560300681	6.518490664351882e-10
132.08208208208208	0.21855159044225858	26934.68668138229	6.550597543705926e-10
132.35735735735736	0.21882080240754204	26868.973775230264	6.582871593442427e-10
132.63263263263264	0.21908468693446298	26803.42119012782	6.615311550194915e-10
132.9079079079079	0.2193268405914722	26738.028534934438	6.647914177057737e-10
133.1831831831832	0.21961211388446175	26672.79541946398	6.680685784459307e-10
133.45845845845847	0.21992735524174645	26607.721454482242	6.713630106937091e-10
133.73373373373374	0.22021511429380541	26542.806251704566	6.746742466845644e-10
134.00900900900902	0.22047330361943632	26478.04942379363	6.78001865915789e-10
134.2842842842843	0.2207134088892686	26413.450584357113	6.813456790845696e-10
134.55955955955955	0.220916828033408	26349.009347945397	6.847052717040665e-10
134.83483483483485	0.22109379977247304	26284.725330049234	6.880804424933611e-10
135.1101101101101	0.22132825035291995	26220.598147097684	6.914722223810981e-10
135.3853853853854	0.22161899799983623	26156.627416455594	6.948814941745651e-10
135.66066066066065	0.2218524687470238	26092.81275642117	6.983074029269325e-10
135.93593593593596	0.22208033926958057	26029.153786223946	7.01749967616276e-10
136.2112112112112	0.22246133010705713	25965.650126022745	7.0521150821036e-10
136.4864864864865	0.22289198873741334	25902.30139690291	7.086925357496921e-10
136.76176176176176	0.22319093912149154	25839.10722087396	7.121908662065288e-10
137.03703703703704	0.22342024214539996	25776.06722086768	7.157055399101398e-10
137.31231231231232	0.22366032738269376	25713.18102073599	7.192369212311537e-10
137.5875875875876	0.22385189081430362	25650.448245248375	7.227844632072156e-10
137.86286286286287	0.22398656541204662	25587.86852008981	7.263475831139079e-10
138.13813813813815	0.2241721516616247	25525.44147185869	7.29927386547486e-10
138.41341341341342	0.22443945232359727	25463.166728064454	7.335252931140391e-10
138.6886886886887	0.22473214698707616	25401.043917125266	7.371416955335935e-10
138.96396396396398	0.22499407213709607	25339.07266836574	7.407761035122427e-10
139.23923923923923	0.22518854963606377	25277.252612014796	7.444275573858549e-10
139.51451451451453	0.22538048217568984	25215.583379203563	7.48096224063409e-10
139.78978978978978	0.22564778928828186	25154.06460196335	7.51783439136016e-10
140.06506506506508	0.22598503387346863	25092.695913223142	7.554902802790915e-10
140.34034034034033	0.2263485271041481	25031.476946807463	7.59217020384571e-10
140.61561561561564	0.22665500442161077	24970.407337434015	7.629626330654826e-10
140.8908908908909	0.22687622633319615	24909.486720711677	7.667258176258182e-10
141.1661661661662	0.22705636965743942	24848.714733138404	7.705061524008926e-10
141.44144144144144	0.2272216807659437	24788.091012099092	7.743036937881709e-10
141.71671671671672	0.22738663131715842	24727.615195863316	7.781187266052101e-10
141.991991991992	0.227606638509886	24667.286923583328	7.819523717069696e-10
142.26726726726727	0.22791627697106698	24607.10583529182	7.858061451922995e-10
142.54254254254255	0.22817560534982725	24547.071571899432	7.896791616381584e-10
142.81781781781783	0.22829495163919494	24487.183775192723	7.935692608436676e-10
143.0930930930931	0.22843064787980122	24427.44208783252	7.974770793049548e-10
143.36836836836838	0.22862776460938272	24367.846153351566	8.014038912702396e-10
143.64364364364366	0.2287123534343214	24308.39561615192	8.053480244121433e-10
143.9189189189189	0.22871262478577595	24249.09012150328	8.093085082617407e-10
144.1941941941942	0.22884196114123323	24189.92931554123	8.132879557177541e-10
144.46946946946946	0.2290774537428782	24130.91284526469	8.172882500524622e-10
144.74474474474476	0.22927777385298193	24072.040358533453	8.213087271068778e-10
145.02002002002	0.22943239780021937	24013.3115040665	8.253486609327678e-10
145.29529529529532	0.22956637119514148	23954.725931439843	8.2940785317697e-10
145.57057057057057	0.2296714311728772	23896.283291084485	8.334860113901564e-10
145.84584584584587	0.22977984080515979	23837.983234284307	8.375834303483444e-10
146.12112112112112	0.23001005386655748	23779.825413174247	8.417023396879614e-10
146.3963963963964	0.23036333979103096	23721.809480737942	8.458446875457328e-10
146.67167167167167	0.23069939399642764	23663.935090805382	8.500098163376799e-10
146.94694694694695	0.23096998072216102	23606.201898051022	8.541963715765649e-10
147.22222222222223	0.23120182213673157	23548.60955799187	8.584036603870528e-10
147.4974974974975	0.23143951392949455	23491.157726985486	8.626318592100997e-10
147.77277277277278	0.23171879532992573	23433.846062227924	8.668817408869423e-10
148.04804804804806	0.23200969768081903	23376.674221751513	8.711534720395119e-10
148.32332332332334	0.23226792069975935	23319.641864422825	8.754464540761379e-10
148.59859859859858	0.23245627025810014	23262.748649940615	8.797595528012261e-10
148.8738738738739	0.23258749411150811	23205.994238833904	8.84092032868167e-10
149.14914914914914	0.23274308144435793	23149.37829246015	8.884446884076645e-10
149.42442442442444	0.2329642645042033	23092.90047300306	8.92818928051391e-10
149.6996996996997	0.23324759480123716	23036.560443470575	8.972159112493174e-10
149.974974974975	0.23355432977926316	22980.35786769269	9.016359677860433e-10
150.25025025025025	0.23383664613164215	22924.292410319496	9.060785568287642e-10
150.52552552552555	0.23409678537671105	22868.363736819232	9.105432732558898e-10
150.8008008008008	0.2343658549640424	22812.57151347641	9.150303384695752e-10
151.07607607607608	0.23471144095795102	22756.915407389846	9.195411588951564e-10
151.35135135135135	0.2350980205935535	22701.395086470508	9.240763188922084e-10
151.62662662662663	0.23530024322932494	22646.010219439027	9.286323027055688e-10
151.9019019019019	0.235333666973993	22590.76047582433	9.332064076501853e-10
152.17717717717719	0.23548349004392544	22535.64552596226	9.378014826205307e-10
152.45245245245246	0.2357840972097582	22480.665040993044	9.42420593590518e-10
152.72772772772774	0.23609977024480908	22425.818692858935	9.470639067085583e-10
153.00300300300302	0.2363747986579584	22371.106154302415	9.517305660790707e-10
153.2782782782783	0.2366001935929648	22316.527098864404	9.564196955844483e-10
153.55355355355357	0.2368136578774006	22262.081200882367	9.611312584070724e-10
153.82882882882885	0.23706105587454163	22207.76813548841	9.658660857902347e-10
154.10410410410412	0.237379174866434	22153.587578607356	9.706255843871074e-10
154.37937937937937	0.23771381931550056	22099.539206954534	9.754099634748202e-10
154.65465465465465	0.23789930886926194	22045.6226980336	9.802163293526988e-10
154.92992992992993	0.2379771780463678	21991.837730135132	9.850430130669596e-10
155.2052052052052	0.238147327457707	21938.183982335082	9.89892365534959e-10
155.48048048048048	0.23838907889965122	21884.66113449234	9.94766013455794e-10
155.75575575575576	0.23858882113114646	21831.26886724657	9.99663206734581e-10
156.03103103103103	0.23875634248884833	21778.00686201663	1.0045835107560782e-09
156.3063063063063	0.2389532030945055	21724.874800998758	1.0095277482922216e-09
156.5815815815816	0.23927750837332495	21671.872367164844	1.014498518534793e-09
156.85685685685687	0.23970228991628534	21618.999244260147	1.0194975340391002e-09
157.13213213213214	0.23998178775378268	21566.255116800934	1.0245215248948835e-09
157.40740740740742	0.24002360186895236	21513.639670072876	1.0295659395739169e-09
157.6826826826827	0.23992839213725187	21461.152590129757	1.0346288817451097e-09
157.95795795795797	0.23990148258318283	21408.793563791813	1.039712760604569e-09
158.23323323323325	0.2401449892209226	21356.562278643905	1.044823605873342e-09
158.50850850850853	0.240444949733783	21304.458423032556	1.0499623486758523e-09
158.7837837837838	0.24055943997954649	21252.48168606401	1.055125013231236e-09
159.05905905905905	0.24073927656646157	21200.63175760368	1.0603132237640849e-09
159.33433433433433	0.24113566150176308	21148.90832827402	1.0655313991429162e-09
159.6096096096096	0.2414506706387913	21097.3110894515	1.0707773476979976e-09
159.88488488488488	0.24154606258691597	21045.839733265195	1.0760464487314002e-09
160.16016016016016	0.24156595493132643	20994.493952595672	1.0813377054217282e-09
160.43543543543544	0.2416303664524811	20943.273441073135	1.0866527189004525e-09
160.7107107107107	0.24181236225088223	20892.17789307543	1.0919943535953414e-09
160.985985985986	0.24208477061450598	20841.207003725984	1.0973645075367294e-09
161.26126126126127	0.2423722545876457	20790.360468891842	1.1027632683852859e-09
161.53653653653654	0.24260294015702077	20739.637985181867	1.108189251451531e-09
161.81181181181182	0.2427488690735611	20689.03924994504	1.1136407238995044e-09
162.0870870870871	0.24289674250867807	20638.563961268963	1.1191180364141372e-09
162.36236236236238	0.24308133130422094	20588.21181797794	1.12462223136792e-09
162.63763763763765	0.243227141717421	20537.982519630823	1.1301526311766396e-09
162.91291291291293	0.24337117920519863	20487.875766519617	1.1357094591725258e-09
163.1881881881882	0.2436534723622967	20437.89125966791	1.1412958840082222e-09
163.46346346346348	0.2440001435402653	20388.028700828516	1.1469130497002772e-09
163.73873873873873	0.24424101380497112	20338.28779248141	1.1525583262326328e-09
164.014014014014	0.244436387707029	20288.6682378326	1.1582307963230423e-09
164.2892892892893	0.24468839396486805	20239.169740812507	1.1639318961149677e-09
164.56456456456456	0.24494759545996583	20189.792006073756	1.1696617991864036e-09
164.83983983983984	0.2451599177819635	20140.534738989343	1.1754195051577496e-09
165.11511511511512	0.24532787608533071	20091.397645651134	1.1812042427550422e-09
165.3903903903904	0.24545878159646076	20042.38043286805	1.1870155382321753e-09
165.66566566566567	0.24555863845385278	19993.48280816434	1.1928531407462331e-09
165.94094094094095	0.24565167448344613	19944.7044797779	1.1987173887498866e-09
166.21621621621622	0.24577310822161977	19896.04515665855	1.2046093651015461e-09
166.4914914914915	0.24593456601181898	19847.504548466248	1.2105302650913631e-09
166.76676676676678	0.24612630142301065	19799.082365569266	1.2164809063059895e-09
167.04204204204206	0.24629382637882438	19750.77831904233	1.2224607861572114e-09
167.31731731731733	0.24639420344039847	19702.592120664965	1.228468537470822e-09
167.5925925925926	0.2464457377291715	19654.523482919936	1.2345034354526772e-09
167.8678678678679	0.2465047077604025	19606.57211899162	1.2405661593337437e-09
168.14314314314316	0.24666485290017176	19558.737742764457	1.2466594362263422e-09
168.4184184184184	0.24689264891275484	19511.020068820842	1.2527848338970339e-09
168.6936936936937	0.24704984671706176	19463.418812439086	1.2589405344542326e-09
168.96896896896897	0.2471930534695569	19415.933689592315	1.2651263271812265e-09
169.24424424424424	0.24745306645623882	19368.564416947025	1.2713450835159483e-09
169.51951951951952	0.24772311290495452	19321.310711860646	1.2775967797285918e-09
169.7947947947948	0.24789836235123433	19274.17229237985	1.2838789775043722e-09
170.07007007007007	0.2481490716005036	19227.14887723973	1.2901936269618577e-09
170.34534534534535	0.24853973797677653	19180.24018586182	1.296543919860691e-09
170.62062062062063	0.24883070927858672	19133.445938351426	1.302926925302337e-09
170.8958958958959	0.2489305867374531	19086.765855496433	1.309338028096039e-09
171.17117117117118	0.2489644058604035	19040.199658766294	1.3157763251799302e-09
171.44644644644646	0.24908299951053467	18993.74707031052	1.3222446748243383e-09
171.72172172172174	0.24940563282133998	18947.407812956924	1.3287483753827312e-09
171.996996996997	0.24975141067576553	18901.181610208918	1.3352875738575652e-09
172.2722722722723	0.2499032645525916	18855.068186243814	1.3418571743518394e-09
172.54754754754757	0.2500416709981412	18809.06726591242	1.3484572808230493e-09
172.82282282282284	0.25034047722691677	18763.17857473746	1.3550922420746111e-09
173.0980980980981	0.2507101590478766	18717.40183891099	1.361763565307039e-09
173.37337337337337	0.25105399202828393	18671.736785292767	1.3684701757197664e-09
173.64864864864865	0.25132478927740853	18626.183141408786	1.3752100325548193e-09
173.92392392392392	0.25154120368682437	18580.74063544986	1.3819819042198859e-09
174.1991991991992	0.2517726133315805	18535.408996270184	1.388786501718095e-09
174.47447447447448	0.25204005677349695	18490.187953385557	1.3956249744927318e-09
174.74974974974975	0.25233325516274	18445.07723697167	1.4024980605442202e-09
175.02502502502503	0.25262333787343333	18400.07657786239	1.4094056837692648e-09
175.3003003003003	0.25288877210101113	18355.185707548208	1.4163472647309397e-09
175.57557557557558	0.25314851684013856	18310.404358174805	1.4233228229401032e-09
175.85085085085086	0.2534005151127275	18265.732262541314	1.430332349560303e-09
176.12612612612614	0.2535935433565981	18221.16915409861	1.4373745569237606e-09
176.40140140140142	0.25375790036546875	18176.714766947975	1.4444491626526554e-09
176.6766766766767	0.2540102499489844	18132.368835839825	1.4515589537636153e-09
176.95195195195197	0.25433575714757134	18088.13109617169	1.4587059202221706e-09
177.22722722722725	0.2546350360036064	18044.001283986305	1.4658891909175862e-09
177.50250250250252	0.2548722837701911	17999.979135970236	1.4731071318319099e-09
177.77777777777777	0.2550674634498402	17956.064389452556	1.4803589181992925e-09
178.05305305305305	0.2553508844844332	17912.256782403656	1.4876472990055003e-09
178.32832832832833	0.2557552738334389	17868.556053433345	1.4949754754273432e-09
178.6036036036036	0.2560348764379801	17824.961941788246	1.5023396793060098e-09
178.87887887887888	0.25613384446793047	17781.47418735093	1.5097352947704214e-09
179.15415415415416	0.256299950231061	17738.092530639515	1.5171650619081098e-09
179.42942942942943	0.2565708771941042	17694.81671280535	1.524632314409358e-09
179.7047047047047	0.25680111420616547	17651.64647563073	1.5321359791940528e-09
179.97997997998	0.25698344497103415	17608.581561527917	1.5396749901901306e-09
180.25525525525526	0.25717518011409557	17565.621713537854	1.547250029295994e-09
180.53053053053054	0.25737806062784496	17522.766675328396	1.5548617444633696e-09
180.80580580580582	0.25759668863964647	17480.01619119279	1.5625108342032618e-09
181.0810810810811	0.25789308409805484	17437.37000604839	1.5701996119524551e-09
181.35635635635637	0.2582504803889371	17394.82786543484	1.5779295916798202e-09
181.63163163163165	0.2585046781442432	17352.389515511943	1.5856975510338373e-09
181.90690690690693	0.2586321323865341	17310.054703058715	1.5935001673698765e-09
182.1821821821822	0.25876898260705505	17267.823175472484	1.6013384634468458e-09
182.45745745745745	0.25899712493813476	17225.6946807672	1.6092156084464823e-09
182.73273273273273	0.2593317365137261	17183.668967571673	1.6171347163746584e-09
183.008008008008	0.25962034138983014	17141.745785127376	1.6250941455737606e-09
183.28328328328328	0.2597244989837218	17099.92488328698	1.6330886459629227e-09
183.55855855855856	0.2597978216821967	17058.206012514103	1.6411181979616798e-09
183.83383383383384	0.2599809837634845	17016.588923881725	1.6491868133412443e-09
184.1091091091091	0.260242392726695	16975.07336907002	1.6572969824152396e-09
184.3843843843844	0.2605261192176766	16933.659100364777	1.6654492221812094e-09
184.65965965965967	0.26077715521161543	16892.345870655907	1.6736424169549803e-09
184.93493493493494	0.2609971931675414	16851.133433436215	1.681875715685735e-09
185.21021021021022	0.2612300554356186	16810.021542800103	1.690149711167355e-09
185.4854854854855	0.2614874952304512	16769.009953441975	1.6984652757775469e-09
185.76076076076077	0.2617555730181723	16728.09842065466	1.7068227663649528e-09
186.03603603603605	0.26197750884075716	16687.286700327746	1.7152208483891767e-09
186.31131131131133	0.26212364414669304	16646.574548946282	1.7236575636860331e-09
186.5865865865866	0.2622715139587642	16605.96172358975	1.7321336002324944e-09
186.86186186186188	0.26248387895851527	16565.447981930552	1.7406514302404384e-09
187.13713713713713	0.26276721568229516	16525.03308223237	1.7492133492862383e-09
187.4124124124124	0.2630606371015496	16484.716783348355	1.7578194896273554e-09
187.68768768768768	0.2632582177922654	16444.49884471957	1.7664668120260685e-09
187.96296296296296	0.26344602017864943	16404.37902637435	1.7751554100060745e-09
188.23823823823824	0.26378064623389513	16364.357088927165	1.7838901454189784e-09
188.51351351351352	0.2641191592249402	16324.432793575916	1.7926707674514827e-09
188.7887887887888	0.26429416069290296	16284.60590210037	1.8014919891805417e-09
189.06406406406407	0.26444005558433226	16244.876176862079	1.8103535530088661e-09
189.33933933933935	0.2646468095086456	16205.243380802765	1.8192580468125633e-09
189.61461461461462	0.26478458547890904	16165.707277441943	1.8282036494176608e-09
189.8898898898899	0.26482851340074914	16126.267630875946	1.8371880991068635e-09
190.16516516516518	0.2649123182260209	16086.924205777257	1.8462137054206733e-09
190.44044044044045	0.26509229437172965	16047.676767392764	1.8552841916081895e-09
190.71571571571573	0.26534398471230064	16008.525081541984	1.864401935443516e-09
190.990990990991	0.2655381760445496	15969.468914615189	1.873564881730089e-09
191.26626626626629	0.26556715894464655	15930.50803357207	1.8827679354661333e-09
191.54154154154156	0.26563084231403883	15891.64220594182	1.8920132403175024e-09
191.8168168168168	0.26588747451311295	15852.871199821542	1.901307681792603e-09
192.0920920920921	0.2661722719464159	15814.194783873354	1.91065175691643e-09
192.36736736736736	0.26636993347129795	15775.612727323225	1.9200422045525202e-09
192.64264264264264	0.26652186807900924	15737.124799960364	1.9294776848409354e-09
192.91791791791792	0.26670346077487167	15698.730772135968	1.9389595694902814e-09
193.1931931931932	0.26699670061915726	15660.430414761942	1.948491720201553e-09
193.46846846846847	0.2673502022634259	15622.223499308839	1.958075716093687e-09
193.74374374374375	0.26765087717162966	15584.109797804234	1.9677091955420997e-09
194.01901901901903	0.26788108612558403	15546.089082831804	1.9773896510614156e-09
194.2942942942943	0.2680644880162125	15508.161127530155	1.9871158187788817e-09
194.56956956956958	0.2682488161942367	15470.325705591624	1.996888273769146e-09
194.84484484484486	0.2684695977942842	15432.582591260849	2.0067087212367373e-09
195.12012012012013	0.26872834878632096	15394.931559333272	2.0165786722667674e-09
195.3953953953954	0.26899069843122725	15357.372385153601	2.0264982682115784e-09
195.6706706706707	0.26919019597261923	15319.904844614308	2.0364654193575098e-09
195.94594594594597	0.2693392929349327	15282.528714154674	2.0464788492198076e-09
196.22122122122124	0.26950638930532234	15245.243770759775	2.056539867046151e-09
196.4964964964965	0.26973735986101177	15208.049791959013	2.066651173253315e-09
196.77177177177177	0.2700339229716298	15170.946555824568	2.076815116845689e-09
197.04704704704704	0.2702585838340515	15133.933840969368	2.087028947767409e-09
197.32232232232232	0.2703387083186021	15097.011426546078	2.0972879015816132e-09
197.5975975975976	0.2704443904313077	15060.179092247048	2.107593974469623e-09
197.87287287287288	0.27067317346687414	15023.436618302643	2.1179522749922237e-09
198.14814814814815	0.27096184186448247	14986.78378547908	2.1283648764757677e-09
198.42342342342343	0.27121028941881825	14950.220375076926	2.1388300208975855e-09
198.6986986986987	0.2713171535536766	14913.746168929769	2.149342703619888e-09
198.97397397397398	0.27137793901525	14877.360949403963	2.1599021977631587e-09
199.24924924924926	0.2715694101298412	14841.064499397786	2.170514245525905e-09
199.52452452452454	0.2719170426024771	14804.856602339336	2.1811845780581967e-09
199.7997997997998	0.2723583108790904	14768.73704218476	2.1919157597744735e-09
200.0750750750751	0.272716612600192	14732.705603416345	2.202703593858219e-09
200.35035035035037	0.27289391169297916	14696.76207104163	2.2135410917794457e-09
200.62562562562564	0.2729753978852335	14660.906230593126	2.22442559779506e-09
200.90090090090092	0.273056990896575	14625.137868127116	2.235358449686069e-09
201.17617617617617	0.2732154243493413	14589.45677022229	2.2463436110472777e-09
201.45145145145145	0.2734073426007143	14553.862723977778	2.2573828158360663e-09
201.72672672672672	0.2735296312126489	14518.355517011561	2.2684737309211545e-09
202.002002002002	0.2736355490247713	14482.934937460066	2.2796164420503453e-09
202.27727727727728	0.27380066984193574	14447.600773977048	2.2908138840036834e-09
202.55255255255256	0.273929118575183	14412.352815731347	2.3020649431162118e-09
202.82782782782783	0.2739638658785448	14377.19085240584	2.3133665911456164e-09
203.1031031031031	0.27403117835186247	14342.114674197242	2.3247211292862892e-09
203.3783783783784	0.2741959358401636	14307.124071814522	2.3361329748497195e-09
203.65365365365366	0.2744030202352055	14272.218836476935	2.3476037410106387e-09
203.92892892892894	0.2746083766075532	14237.398759912867	2.359133131156407e-09
204.20420420420422	0.27478765491635193	14202.663634358694	2.3707200145156696e-09
204.4794794794795	0.2749396358161567	14168.013252557646	2.382363456382551e-09
204.75475475475477	0.2750731041302472	14133.44740775866	2.3940630708795508e-09
205.03003003003005	0.2751875440205349	14098.965893715109	2.4058185649542168e-09
205.30530530530532	0.275293045027436	14064.56850468358	2.417630136798727e-09
205.5805805805806	0.27543856511351694	14030.255035422944	2.4294999225793473e-09
205.85585585585588	0.275653118064366	13996.025281192973	2.4414308897961553e-09
206.13113113113113	0.27591813017993144	13961.879037752842	2.4534248170401773e-09
206.4064064064064	0.2761865480352676	13927.81610135973	2.465481361936847e-09
206.68168168168168	0.2763944679954193	13893.836268767514	2.477597741984451e-09
206.95695695695696	0.27657812187969544	13859.939337226151	2.489773160587439e-09
207.23223223223223	0.2768196284921547	13826.125104480765	2.5020103209100466e-09
207.5075075075075	0.2770691405152549	13792.393368769623	2.514309497069755e-09
207.7827827827828	0.27726442308766447	13758.743928822834	2.52666844068791e-09
208.05805805805807	0.2774914116317344	13725.176583862105	2.5390888513355867e-09
208.33333333333334	0.2777908712862661	13691.69113359924	2.5515738601788968e-09
208.60860860860862	0.2780340759456746	13658.287378233897	2.5641208176632937e-09
208.8838838838839	0.2781663721406787	13624.965118452812	2.5767253289609575e-09
209.15915915915917	0.2782611762505817	13591.724155429463	2.5893868527663725e-09
209.43443443443445	0.2784146990627844	13558.564290823031	2.602108994500591e-09
209.70970970970973	0.27870748565338765	13525.48532677713	2.6148981565640437e-09
209.984984984985	0.27899306214447217	13492.48706591715	2.627753540084188e-09
210.26026026026028	0.279082510874008	13459.56931134878	2.640666576151893e-09
210.53553553553556	0.27911996479359646	13426.731866658998	2.653636333658393e-09
210.8108108108108	0.279279455460817	13393.974535915146	2.6666694880860623e-09
211.08608608608608	0.2795478548496086	13361.29712366249	2.6797710506473285e-09
211.36136136136136	0.2798491503588741	13328.699434922679	2.692941964963362e-09
211.63663663663664	0.2800619966222237	13296.181275192235	2.7061778482104787e-09
211.91191191191191	0.28019955797383594	13263.742450442298	2.719475707586279e-09
212.1871871871872	0.2804029028652108	13231.38276711833	2.732839250206661e-09
212.46246246246247	0.2806787907919797	13199.102032138077	2.7462718893687224e-09
212.73773773773775	0.28094765235594454	13166.90005288982	2.759773021713572e-09
213.01301301301302	0.281135588500913	13134.776637231234	2.7733389625398785e-09
213.2882882882883	0.2812119360653782	13102.73159348856	2.7869653735133237e-09
213.56356356356358	0.28128674334842685	13070.764730456414	2.8006536000202673e-09
213.83883883883885	0.28144982570383403	13038.875857396553	2.8144087991779033e-09
214.11411411411413	0.2816862441007755	13007.064784035969	2.8282346170296335e-09
214.3893893893894	0.2819431387444424	12975.33132056551	2.842131753351957e-09
214.66466466466468	0.28214207812723285	12943.675277638562	2.8560973150595903e-09
214.93993993993996	0.2822918543767507	12912.09646637051	2.870129374963089e-09
215.21521521521524	0.282462399776361	12880.594698338069	2.8842295798529954e-09
215.4904904904905	0.282663815478443	12849.16978557773	2.898399807831745e-09
215.76576576576576	0.2828715690085845	12817.821540584386	2.9126405449396454e-09
216.04104104104104	0.2830363225224367	12786.549776310052	2.926949983529667e-09
216.31631631631632	0.2831472156603547	12755.35430616298	2.941326191079404e-09
216.5915915915916	0.2833086397883606	12724.23494400743	2.9557724767197627e-09
216.86686686686687	0.28354718788007843	12693.191504161987	2.9702928685672444e-09
217.14214214214215	0.28374555224684095	12662.22380139739	2.98488526161936e-09
217.41741741741743	0.2838953726301601	12631.33165093621	2.999547593277932e-09
217.6926926926927	0.28410026471474376	12600.514868452605	3.014283117188009e-09
217.96796796796798	0.284419216645829	12569.77327007089	3.0290973755782507e-09
218.24324324324326	0.28485061494590763	12539.106672363992	3.04399492898515e-09
218.51851851851853	0.2852133470506916	12508.514892350988	3.05897095514796e-09
218.7937937937938	0.28537251919877227	12477.997747496327	3.0740150910662668e-09
219.0690690690691	0.28554994703141157	12447.555055711477	3.0891295562534456e-09
219.34434434434436	0.28587685175813127	12417.186635353173	3.10432257992323e-09
219.61961961961964	0.2861713131289449	12386.892305219917	3.1195921681744516e-09
219.89489489489492	0.28634465356262023	12356.671884551604	3.13493243093787e-09
220.17017017017017	0.2864613566927626	12326.525193029622	3.1503417433252102e-09
220.44544544544544	0.2865868428683152	12296.452050775779	3.1658220393684605e-09
220.72072072072072	0.2867716491083418	12266.45227835116	3.1813774598210096e-09
220.995995995996	0.28699990627263117	12236.5256967545	3.197010687203908e-09
221.27127127127127	0.287225458255643	12206.672127420898	3.21272170040818e-09
221.54654654654655	0.28739905115185854	12176.891392220712	3.228508092452197e-09
221.82182182182183	0.2875065987721371	12147.183313458752	3.244367245407285e-09
222.0970970970971	0.28762024473172026	12117.54771387394	3.2603007026933884e-09
222.37237237237238	0.28775505371486954	12087.984416637786	3.276310556297195e-09
222.64764764764766	0.2878285615676572	12058.493245352543	3.292394400738883e-09
222.92292292292294	0.28786177628004955	12029.074024051002	3.3085513920453032e-09
223.1981981981982	0.2879647315844203	11999.726577196161	3.324786534413977e-09
223.4734734734735	0.28812977105266785	11970.450729679234	3.3411036134401835e-09
223.74874874874877	0.28829310376330186	11941.246306818122	3.357502516378401e-09
224.02402402402404	0.28845280471983825	11912.113134356896	3.3739831261521664e-09
224.29929929929932	0.28861246659590345	11883.051038464791	3.3905456088513225e-09
224.5745745745746	0.2887290414984745	11854.059845734771	3.4071879200031747e-09
224.84984984984985	0.28881343495405054	11825.139383182965	3.423909024637917e-09
225.12512512512512	0.2889885931374391	11796.289478248573	3.4407146387893705e-09
225.4004004004004	0.2892865739929753	11767.50995879209	3.4576112356941553e-09
225.67567567567568	0.2896234667198584	11738.800653093294	3.4745997444891523e-09
225.95095095095095	0.28991317173474324	11710.16138985015	3.4916764091188827e-09
226.22622622622623	0.2900909439622456	11681.59199817798	3.5088347542059157e-09
226.5015015015015	0.2902200525136949	11653.092307609568	3.5260729581464052e-09
226.77677677677679	0.29038871940840283	11624.66214809435	3.5433943762606413e-09
227.05205205205206	0.2905713679605452	11596.301349996433	3.5608004402876734e-09
227.32732732732734	0.2907266525693185	11568.009744093419	3.5782901401225206e-09
227.60260260260262	0.2908425612275488	11539.787161575654	3.5958620622575208e-09
227.8778778778779	0.29096100891755244	11511.633434045696	3.6135174286049033e-09
228.15315315315317	0.2911882325346809	11483.54839351793	3.6312631936504044e-09
228.42842842842845	0.2915384682762992	11455.531872416714	3.6491059327876217e-09
228.70370370370372	0.29193526151102367	11427.583703574564	3.6670468601703013e-09
228.978978978979	0.29223813704639073	11399.703720230564	3.6850791949921113e-09
229.25425425425428	0.2923397657631059	11371.891756029638	3.703191437342299e-09
229.52952952952953	0.2924624429197909	11344.14764502461	3.721386799831874e-09
229.8048048048048	0.29278654264011733	11316.471221674843	3.739678211251417e-09
230.08008008008008	0.2930711615262827	11288.862320841345	3.7580626214443345e-09
230.35535535535536	0.2931698104313349	11261.32077778666	3.7765292475479e-09
230.63063063063063	0.293229760220044	11233.846428176585	3.795077794227602e-09
230.9059059059059	0.29334350883586013	11206.43910807873	3.813713417209729e-09
231.1811811811812	0.2935096661305272	11179.098653960651	3.8324403273187446e-09
231.45645645645646	0.29367902954986175	11151.824902688413	3.851259190039941e-09
231.73173173173174	0.2937970471090776	11124.617691525566	3.8701674471183465e-09
232.00700700700702	0.293959442529914	11097.476858133603	3.889168699967448e-09
232.2822822822823	0.2942581293866449	11070.402240570991	3.908271393949206e-09
232.55755755755757	0.2945491046511197	11043.3936772899	3.927474014735851e-09
232.83283283283285	0.2947418310454011	11016.451007135742	3.9467700440389056e-09
233.10810810810813	0.2949781750985438	10989.574069348488	3.966162703939676e-09
233.3833833833834	0.2953048553488226	10962.762703560787	3.9856575148678e-09
233.65865865865868	0.2956076861004976	10936.016749795426	4.005252217793357e-09
233.93393393393396	0.2958607990865826	10909.336048465215	4.0249435027333206e-09
234.2092092092092	0.2961122828219727	10882.720440372808	4.044731673088405e-09
234.48448448448448	0.2963470457652312	10856.169766709087	4.064616147641543e-09
234.75975975975976	0.29653899702070274	10829.683869052125	4.084594946381083e-09
235.03503503503504	0.2967652839389469	10803.262589367278	4.104671271064555e-09
235.3103103103103	0.2970834387662824	10776.90577000607	4.124851365855344e-09
235.5855855855856	0.29741345686649456	10750.613253703823	4.145135474482342e-09
235.86086086086087	0.2976798737023848	10724.384883578778	4.165519211162057e-09
236.13613613613614	0.29785658680651267	10698.220503131624	4.185997468330865e-09
236.41141141141142	0.29799922576972754	10672.119956245437	4.206569648200305e-09
236.6866866866867	0.2982254681197732	10646.083087185416	4.227242737651446e-09
236.96196196196198	0.2984725005978123	10620.109740596057	4.2480185592878324e-09
237.23723723723725	0.29860807462103517	10594.19976149948	4.268890316951876e-09
237.51251251251253	0.2987759508172648	10568.352995297417	4.289861702252204e-09
237.7877877877878	0.2991310136813162	10542.569287770462	4.310945704174226e-09
238.06306306306308	0.2995031777928788	10516.848485073659	4.332142104267719e-09
238.33833833833836	0.2997483232310993	10491.190433735828	4.353441558026222e-09
238.61361361361364	0.2999211789334441	10465.594980660793	4.374840095780223e-09
238.88888888888889	0.30007336798843304	10440.06197312643	4.396337925305583e-09
239.16416416416416	0.3002238440188957	10414.591258783428	4.417936536934199e-09
239.43943943943944	0.3004213533443179	10389.18268565471	4.439640421593287e-09
239.71471471471472	0.3007184562189804	10363.836102134574	4.4614567838016515e-09
239.98998998999	0.30100233934860715	10338.551356985958	4.483384150761148e-09
240.26526526526527	0.3011262653692977	10313.328299339117	4.505411712204275e-09
240.54054054054055	0.3011427338997242	10288.166778692954	4.527534256809122e-09
240.81581581581582	0.30116250757957325	10263.06664491479	4.5497550173444396e-09
241.0910910910911	0.3013014840881301	10238.027748239545	4.572084477155277e-09
241.36636636636638	0.3015800789038415	10213.049939267785	4.594532640549164e-09
241.64164164164166	0.3018707737235283	10188.133068963141	4.617099133091535e-09
241.91691691691693	0.3020910222678367	10163.276988651896	4.639778159120302e-09
242.1921921921922	0.3022209058618349	10138.481550022805	4.662563756825522e-09
242.4674674674675	0.3023128489817593	10113.746605127057	4.685454769384192e-09
242.74274274274276	0.3024521790419547	10089.072006377792	4.708456221186105e-09
243.01801801801804	0.3026753427343625	10064.457606548654	4.731574816053768e-09
243.29329329329332	0.3029578247830399	10039.903258772221	4.754814413419802e-09
243.56856856856857	0.30313338118066996	10015.408816537412	4.7781666789748084e-09
243.84384384384384	0.30314664405402447	9990.974133689899	4.801621072189488e-09
244.11911911911912	0.30320987507986685	9966.599064434462	4.825184038904497e-09
244.3943943943944	0.3033937819451629	9942.28346333245	4.84886590176501e-09
244.66966966966967	0.3035699613711044	9918.027185298492	4.872666051101443e-09
244.94494494494495	0.3036981484702676	9893.830085600714	4.896581236684727e-09
245.22022022022023	0.3038083446870649	9869.692019860691	4.920611072483397e-09
245.4954954954955	0.303905533523979	9845.612844052306	4.944755707431028e-09
245.77077077077078	0.3040122526759831	9821.592414501101	4.969016993407315e-09
246.04604604604606	0.3042746721555547	9797.630587884967	4.993407142383766e-09
246.32132132132134	0.3047328345704595	9773.727221232002	5.017939115617826e-09
246.5965965965966	0.3050914752161902	9749.882171915444	5.042601988001021e-09
246.8718718718719	0.30522396565675464	9726.095297654887	5.067377738435537e-09
247.14714714714717	0.30532002010841225	9702.366456519385	5.092265844975298e-09
247.42242242242244	0.30542919888743586	9678.695506924912	5.117269648239006e-09
247.69769769769772	0.3054619782530807	9655.082307631703	5.14238530007377e-09
247.972972972973	0.3054485379232846	9631.52671774497	5.167612023751009e-09
248.24824824824825	0.30546997598934456	9608.0285967147	5.192955359007008e-09
248.52352352352352	0.30550357809319867	9584.587804333496	5.2184181855957515e-09
248.7987987987988	0.3055145195500136	9561.204200735589	5.244000307406106e-09
249.07407407407408	0.30553887997245066	9537.877646396902	5.269704413210614e-09
249.34934934934935	0.3056159410193491	9514.608002134286	5.2955357966637324e-09
249.62462462462463	0.3057626119024183	9491.395129104398	5.321500174135359e-09
249.8998998998999	0.3059074448738761	9468.238888801701	5.347596807032051e-09
250.17517517517518	0.3059026310003943	9445.139143056591	5.373813773782935e-09
250.45045045045046	0.3058712339564361	9422.095754038177	5.400151086441306e-09
250.72572572572574	0.3060729294786599	9399.10858425535	5.426629167896459e-09
251.00100100100101	0.30637968935212023	9376.177496550756	5.453254673481761e-09
251.2762762762763	0.30657743067139415	9353.302354098769	5.480016264224549e-09
251.55155155155157	0.306767185710784	9330.483020408941	5.506912895061209e-09
251.82682682682685	0.30704293330161264	9307.719359325114	5.533951333893444e-09
252.10210210210212	0.30730293508666295	9285.011235021926	5.561129074812596e-09
252.3773773773774	0.3074790776448779	9262.358512004437	5.5884387609459696e-09
252.65265265265268	0.30759111860416866	9239.761055108538	5.615876154234572e-09
252.92792792792793	0.30769694441242235	9217.218729500679	5.643442624666136e-09
253.2032032032032	0.3078656347201339	9194.73140067723	5.671145014222085e-09
253.47847847847848	0.3080196935061118	9172.298934461644	5.69898266197329e-09
253.75375375375376	0.30804728331681314	9149.921197003127	5.726945986983116e-09
254.02902902902903	0.30805899313197754	9127.59805477899	5.755036449811094e-09
254.3043043043043	0.30817828686934046	9105.329374594086	5.7832655572538486e-09
254.5795795795796	0.30836026479833356	9083.115023577602	5.8116390249305306e-09
254.85485485485486	0.30852832401970615	9060.954869181805	5.8401552277874456e-09
255.13013013013014	0.3086084723425401	9038.848779181244	5.868806785060967e-09
255.40540540540542	0.3086448174907115	9016.7966216737	5.897591563001181e-09
255.6806806806807	0.3087942219825182	8994.798265081048	5.926521228080502e-09
255.95595595595597	0.309047670193091	8972.853578146087	5.955604597977774e-09
256.2312312312313	0.30929214566266333	8950.962429930189	5.9848393172960525e-09
256.5065065065065	0.3094786507493093	8929.124689813447	6.014219434779335e-09
256.7817817817818	0.3095866753879469	8907.340227494295	6.043738514473624e-09
257.0570570570571	0.3096038266397434	8885.608912988857	6.0733904072439726e-09
257.3323323323324	0.3096029916748598	8863.93061663147	6.103176583065601e-09
257.60760760760763	0.3098320365787005	8842.30520907662	6.133119977698556e-09
257.8828828828829	0.31025177646802155	8820.732561293791	6.163235864960553e-09
258.15815815815813	0.3104359460020766	8799.212544560774	6.193499252453922e-09
258.43343343343344	0.3103764697498134	8777.745030469188	6.223889377898561e-09
258.70870870870874	0.3104039943816175	8756.329890929028	6.25441892056525e-09
258.983983983984	0.3106139861013476	8734.966998164324	6.28510676102367e-09
259.25925925925924	0.3109524109766022	8713.656224710034	6.315963476658011e-09
259.53453453453454	0.31124247840874186	8692.397443409336	6.3469818852905505e-09
259.80980980980985	0.3113601650484138	8671.190527413664	6.37814514927931e-09
260.0850850850851	0.31142623971349437	8650.035350185799	6.409450767444359e-09
260.36036036036035	0.31153995800043766	8628.931785498806	6.440905889340273e-09
260.63563563563565	0.3116953920142662	8607.879707433633	6.47251588191632e-09
260.91091091091096	0.3118741727128075	8586.878990378154	6.5042835386184465e-09
261.1861861861862	0.3120581218592418	8565.929509026431	6.53620959101956e-09
261.46146146146145	0.312260635764179	8545.031138378426	6.568296028232951e-09
261.73673673673676	0.31249803766340023	8524.18375373936	6.600546135160308e-09
262.01201201201206	0.31268299911987196	8503.387230717242	6.6329545590504785e-09
262.2872872872873	0.31274706967489607	8482.641445222407	6.665510706792965e-09
262.56256256256256	0.3128252674497078	8461.94627347015	6.698218901242258e-09
262.8378378378378	0.31299635533950204	8441.301591979096	6.731090228380498e-09
263.1131131131131	0.3131335703495725	8420.707277567019	6.764121724866382e-09
263.3883883883884	0.31320816770180615	8400.163207351732	6.797308406606318e-09
263.66366366366367	0.3133380081425116	8379.669258752847	6.830657712470523e-09
263.9389389389389	0.3135012949861459	8359.225309488656	6.864173695692841e-09
264.2142142142142	0.31358331923310095	8338.83123757383	6.897848677081553e-09
264.48948948948953	0.31365633195511616	8318.48692132189	6.931683642564734e-09
264.7647647647648	0.3138363059356716	8298.192239345246	6.965690870893158e-09
265.04004004004	0.3140298936194568	8277.947070550861	6.999871270998085e-09
265.31531531531533	0.31414428103285025	8257.7512941395	7.034216599185559e-09
265.59059059059064	0.3142403829237156	8237.604789607703	7.068726402428329e-09
265.8658658658659	0.3143445790706818	8217.507436746477	7.103403094120405e-09
266.14114114114113	0.3143944990669089	8197.459115638976	7.138242543611057e-09
266.41641641641644	0.31441437055187654	8177.459706661345	7.173244000746362e-09
266.69169169169174	0.3145048414317934	8157.509090483387	7.208417155219305e-09
266.966966966967	0.31461118752358846	8137.607148065067	7.243764437912436e-09
267.24224224224224	0.31462721606940525	8117.753760654841	7.279277169607905e-09
267.5175175175175	0.3146946159355661	8097.948809793462	7.314962993120661e-09
267.7927927927928	0.31492834583540946	8078.1921773128015	7.3508400450715324e-09
268.0680680680681	0.3150629053821656	8058.483745328199	7.386895748550057e-09
268.34334334334335	0.31498225035792393	8038.8233962404265	7.423108119304514e-09
268.6186186186186	0.3150068435127484	8019.21101274304	7.459492940328292e-09
268.8938938938939	0.315168724441602	7999.6464778164345	7.49606643970581e-09
269.1691691691692	0.31512603764687563	7980.129674720123	7.532805954343455e-09
269.44444444444446	0.3149884551307819	7960.66048700044	7.569704943867707e-09
269.7197197197197	0.31514839054569366	7941.238798495232	7.606799902653245e-09
269.994994994995	0.31548931584914813	7921.864493323648	7.644108031545954e-09
270.2702702702703	0.31572765125972746	7902.537455882192	7.68161306155284e-09
270.54554554554556	0.31585732751813805	7883.257570849235	7.719301450944897e-09
270.8208208208208	0.3159423256538771	7864.024723185714	7.757169391537551e-09
271.0960960960961	0.3160379459591501	7844.838798134266	7.795219987673183e-09
271.3713713713714	0.31619627242676285	7825.699681218548	7.833461589876343e-09
271.6466466466467	0.31646035352672947	7806.6072582423685	7.871905824979222e-09
271.9219219219219	0.31675023305101396	7787.56141528661	7.910553469939872e-09
272.19719719719717	0.3169020028037733	7768.562038706841	7.949387263458926e-09
272.4724724724725	0.31702821612681653	7749.609015138069	7.988405990746394e-09
272.7477477477478	0.3173372690691411	7730.702231496064	8.02763206393773e-09
273.02302302302303	0.3177010507049776	7711.841574969973	8.0670693850737e-09
273.2982982982983	0.3179577989245795	7693.026933020918	8.106703146474829e-09
273.5735735735736	0.31819483723144776	7674.25819338632	8.146531502217555e-09
273.8488488488489	0.31845591406919826	7655.535244078379	8.186558116221421e-09
274.12412412412414	0.31861797981396156	7636.857973379994	8.22677213809773e-09
274.3993993993994	0.3186550689260088	7618.2262698460545	8.267162069143684e-09
274.6746746746747	0.31867127798515776	7599.640022305443	8.307730757881605e-09
274.94994994995	0.31876031603481275	7581.099119860231	8.348491429419985e-09
275.22522522522524	0.3189720655282371	7562.603451884124	8.38946065250759e-09
275.5005005005005	0.319136308779409	7544.152908017182	8.4306321696537e-09
275.7757757757758	0.31909439764630343	7525.74737816536	8.471982642769707e-09
276.0510510510511	0.3191050468801535	7507.386752508604	8.513523803114712e-09
276.32632632632635	0.31933548925084965	7489.0709214984045	8.555284934973078e-09
276.6016016016016	0.31950393384823267	7470.799775847546	8.59725645629384e-09
276.87687687687685	0.31952024447096666	7452.573206533494	8.639420178844848e-09
277.15215215215215	0.31964264166411893	7434.3911048052205	8.681792493915927e-09
277.42742742742746	0.3199283139532135	7416.253362178304	8.72439362509026e-09
277.7027027027027	0.32024208487678285	7398.159870430115	8.76722377559417e-09
277.97797797797796	0.32050140628514695	7380.1105216002525	8.810273374953653e-09
278.25325325325326	0.3206798497634004	7362.105207991089	8.853531768676468e-09
278.52852852852857	0.3208755875336855	7344.143822169906	8.897002593123228e-09
278.8038038038038	0.3211669956699594	7326.226256967854	8.940698572347505e-09
279.07907907907907	0.3214592315988757	7308.352405475441	8.984618474960313e-09
279.35435435435437	0.3217098041386234	7290.522161043057	9.02875630091629e-09
279.6296296296297	0.3220184939428631	7272.735417283531	9.073119836336008e-09
279.9049049049049	0.3223555186521526	7254.992068068591	9.117711840613387e-09
280.1801801801802	0.3225542441136573	7237.292007525102	9.1625139357869e-09
280.4554554554555	0.32267197237001577	7219.635130039463	9.207518809472294e-09
280.7307307307308	0.32289157698466214	7202.02133025995	9.252743835729079e-09
281.00600600600603	0.3232101093592885	7184.450503091848	9.298202759968376e-09
281.2812812812813	0.3235595758038877	7166.922543695284	9.343898184349112e-09
281.5565565565566	0.323912260678206	7149.437347485539	9.389828903500246e-09
281.83183183183183	0.324218437874761	7131.994810131895	9.435987833159464e-09
282.10710710710714	0.3243633551679204	7114.594827555416	9.482354795337048e-09
282.3823823823824	0.324399440128078	7097.237295932282	9.528920624103538e-09
282.6576576576577	0.32459583011815296	7079.922111698337	9.575713040779412e-09
282.93293293293294	0.3249189004793052	7062.64917154139	9.622750044869158e-09
283.20820820820825	0.32510647459783615	7045.418372395013	9.670012013119495e-09
283.4834834834835	0.3251902702627278	7028.2296114449555	9.717487652771663e-09
283.75875875875874	0.32532011281991857	7011.082786131393	9.765187880971553e-09
284.03403403403405	0.32548124904079234	6993.9777941443945	9.813119679403719e-09
284.3093093093093	0.32562573392217475	6976.914533422466	9.861282480167386e-09
284.5845845845846	0.32575127061426623	6959.892902153058	9.909675749285069e-09
284.85985985985985	0.3258766784988251	6942.912798772478	9.958301807487966e-09
285.13513513513516	0.32604141813998266	6925.974121965799	1.0007168051460452e-08
285.4104104104104	0.3262519946677178	6909.076770665454	1.0056281512926766e-08
285.6856856856857	0.3264786345977268	6892.220644049739	1.010564402034769e-08
285.96096096096096	0.32668546948156096	6875.405641542015	1.01552524004068e-08
286.23623623623627	0.32684346027853844	6858.631662810276	1.0205100393703832e-08
286.5115115115115	0.3269828925802724	6841.898607768055	1.025518741016384e-08
286.7867867867868	0.3271341392706677	6825.206376573825	1.030551741091164e-08
287.06206206206207	0.32724861549006024	6808.55486962842	1.0356087052665792e-08
287.3373373373374	0.32730787451173327	6791.943987575156	1.0406891326208442e-08
287.6126126126126	0.32739063870060764	6775.373631301798	1.0457937476590375e-08
287.8878878878879	0.3275213159997844	6758.843701938542	1.0509234952015726e-08
288.1631631631632	0.32764193564755156	6742.354100855323	1.0560783353814466e-08
288.4384384384384	0.32772223406909595	6725.904729661891	1.061257831951773e-08
288.71371371371373	0.32776238626649723	6709.4954902080235	1.0664616631690667e-08
288.988988988989	0.32779855113264217	6693.126284583923	1.0716901130637224e-08
289.2642642642643	0.32786865585323455	6676.797015119661	1.0769439774695523e-08
289.53953953953953	0.32794258998250314	6660.507584382816	1.0822234813309893e-08
289.81481481481484	0.32800910238805786	6644.257895178363	1.0875286663704003e-08
290.0900900900901	0.3281549739377902	6628.047850550782	1.092860858057891e-08
290.3653653653654	0.3283778964939358	6611.87735378106	1.0982211090237429e-08
290.64064064064064	0.3285174467736647	6595.746308381788	1.1036079275926595e-08
290.91591591591595	0.3285652149905227	6579.6546181006715	1.1090200270842907e-08
291.1911911911912	0.32866246600521354	6563.602186924134	1.1144585044171119e-08
291.4664664664665	0.32882837465499637	6547.5889190734015	1.1199245469684547e-08
291.74174174174175	0.3290082008116182	6531.614719001883	1.1254183099472985e-08
292.01701701701705	0.3291645591829534	6515.679491395038	1.130939383473385e-08
292.2922922922923	0.3292931879520435	6499.783141170741	1.1364874046626182e-08
292.5675675675676	0.32947742083717374	6483.925573481188	1.1420633777848486e-08
292.84284284284286	0.3297395047358956	6468.10669371066	1.1476684719612111e-08
293.1181181181181	0.32994895336983754	6452.3264074705485	1.1533016503503985e-08
293.3933933933934	0.330069463296215	6436.5846206014585	1.158961557879624e-08
293.66866866866866	0.3301960345172662	6420.881239176428	1.164648610307528e-08
293.94394394394396	0.3303752265966458	6405.216169499008	1.170363888350434e-08
294.2192192192192	0.3306055502127049	6389.589318101338	1.1761082583350803e-08
294.4944944944945	0.33083959974652155	6374.000591742215	1.1818816983548131e-08
294.76976976976977	0.3310226355292476	6358.449897406318	1.1876833608058547e-08
295.0450450450451	0.33115507928311944	6342.93714230521	1.1935126067454754e-08
295.3203203203203	0.3312639122094461	6327.462233877649	1.1993693828775262e-08
295.5955955955956	0.33140460747265105	6312.025079789842	1.205254557281511e-08
295.8708708708709	0.33158656519633684	6296.625587933592	1.2111689994505095e-08
296.1461461461462	0.3317475462098691	6281.263666423539	1.2171124309857826e-08
296.4214214214214	0.33189587917861096	6265.939223598752	1.2230847945736356e-08
296.69669669669673	0.332091026583955	6250.6521680237365	1.2290870381380938e-08
296.971971971972	0.3322021548178254	6235.40240848208	1.2351178160110755e-08
297.2472472472473	0.33207996459039424	6220.189853975239	1.2411736436268838e-08
297.52252252252254	0.332068588062978	6205.0144137372545	1.2472574227843795e-08
297.7977977977978	0.332454888476228	6189.875997232649	1.2533762235784704e-08
298.0730730730731	0.33282456141800193	6174.774514134044	1.2595288406175005e-08
298.34834834834834	0.33292876659320425	6159.709874326567	1.2657102110288803e-08
298.62362362362364	0.33307384819137104	6144.6819879247605	1.2719214635943408e-08
298.8988988988989	0.33336054880481486	6129.690765265707	1.278165217301401e-08
299.1741741741742	0.3335955773303074	6114.7361168991165	1.2844403276230193e-08
299.44944944944945	0.3337151218140666	6099.817953590861	1.2907448379965841e-08
299.72472472472475	0.333758561021018	6084.936186325726	1.2970778932674733e-08
300.0	0.3337674418604651	6070.090726306975	1.3034395498660043e-08
