0.007258938336678773	6.856717986688823	5935.573661086345	1.0462146372933043	0.00044965744560871915
25.0	0.04930232558139535	33212.0	10.0
25.275275275275277	0.04995520831684228	34018.207012650106	9.857160469248136
25.55055055055055	0.050543384362935456	34822.076218763876	9.714715509166439
25.825825825825827	0.05121404477658312	35624.65848702545	9.57247992471479
26.1011011011011	0.052022247252298294	36427.781085748895	9.430131638026756
26.376376376376378	0.05291838709572551	37232.39570101858	9.287502875876132
26.65165165165165	0.05373096124859393	38036.81511510893	9.144891019029675
26.926926926926928	0.05442720398794253	38838.954085660545	9.002663646798014
27.2022022022022	0.05510534351924153	39638.263704253535	8.860917565626941
27.47747747747748	0.05587614241098938	40435.79572594897	8.71946743631302
27.75275275275275	0.05680336189750499	41233.41599871977	8.57798439252601
28.02802802802803	0.05768799195230468	42030.10931075805	8.436647387509707
28.303303303303302	0.05836748304210321	42822.70393174706	8.29601553748407
28.57857857857858	0.059033232313168024	43610.77431215535	8.156163943689815
28.853853853853856	0.059794012474056954	44395.33870404353	8.016913210281837
29.12912912912913	0.06050260610638702	45175.44083137594	7.87843197974487
29.404404404404403	0.061118266857786444	45949.66348985403	7.740970165556332
29.67967967967968	0.06173883178033389	46717.8951312062	7.604547557371073
29.954954954954957	0.062400208269200265	47480.46423834238	7.469106380849937
30.23023023023023	0.06309706866605556	48237.60580921041	7.334605333694674
30.505505505505504	0.06385659918923844	48989.85038967064	7.200951010911238
30.78078078078078	0.06469958093689115	49737.92111711007	7.068016046986114
31.056056056056057	0.06557199842692654	50481.864647001436	6.935792307602628
31.33133133133133	0.06642842283894572	51221.20581359261	6.8043636414662645
31.606606606606608	0.06728082484121385	51955.62252632459	6.67378692434254
31.88188188188188	0.0681261203990401	52684.77199573938	6.544122687737568
32.15715715715716	0.06893222518771543	53407.99004353852	6.4154881234042405
32.432432432432435	0.06969238134412291	54124.58472152124	6.2880053327010765
32.70770770770771	0.07041732319054639	54834.01870844692	6.161769175237347
32.98298298298298	0.07107270129618547	55535.45276058565	6.036927743647113
33.25825825825826	0.07164202573543188	56227.95214370128	5.913645981407209
33.533533533533536	0.07230659980267522	56912.372977892104	5.791773170095964
33.808808808808806	0.07316637245933895	57590.42769393086	5.671007626878564
34.08408408408408	0.07393168306252677	58261.05559114965	5.55153646446584
34.35935935935936	0.07449552189589523	58922.328175079725	5.433699788672364
34.63463463463464	0.07515705548621106	59575.07736403583	5.317351156647255
34.90990990990991	0.0759541490787754	60220.388390673295	5.202299454620697
35.18518518518518	0.07663791346109071	60857.18278455082	5.088734951055231
35.46046046046046	0.077207079650614	61484.463035469525	4.976833666669672
35.73573573573574	0.07780362741543159	62102.44970264738	4.866556929315362
36.01101101101101	0.07843031897455842	62711.369901286096	4.757864906429235
36.286286286286284	0.07906010091073093	63311.228949068274	4.65075685778366
36.56156156156156	0.07975197816115041	63902.473452300095	4.54515425514848
36.83683683683684	0.08053409732927946	64485.717154309685	4.440949098617685
37.112112112112115	0.08133095695252927	65060.98404409048	4.338137333569921
37.38738738738739	0.08208586387005712	65627.9031370759	4.236784528621474
37.66266266266266	0.08278496337568768	66186.04457415047	4.136966638560724
37.93793793793794	0.08345079735733502	66735.16977511872	4.038725909977184
38.213213213213216	0.08412764107317802	67275.35204976168	3.9420496164611567
38.488488488488485	0.08482131581354958	67806.69949675082	3.8469188976381554
38.76376376376376	0.08551526662066251	68329.21348800308	3.7533337039905574
39.03903903903904	0.08617687730523468	68842.70535009257	3.6613274861087493
39.314314314314316	0.08679509829045544	69346.9461831389	3.570940789600672
39.58958958958959	0.08742679638528776	69842.06029423673	3.482151903753608
39.86486486486486	0.08809113814792038	70328.27427505462	3.3949210850212346
40.14014014014014	0.08873264688529957	70805.50022581594	3.3092640217003435
40.41541541541542	0.08934878644195242	71273.6535664309	3.225195818841462
40.690690690690694	0.08998728770810688	71732.91212550066	3.1426853274461517
40.965965965965964	0.09061233217455482	72183.26583330815	3.061734516297101
41.24124124124124	0.09116590304050036	72624.43225247906	2.982393365819747
41.51651651651652	0.09176098387777984	73056.70449589446	2.9046104079074553
41.791791791791795	0.09250879768125879	73480.87070526536	2.8282469072419754
42.06706706706707	0.09330792978923323	73897.19030765463	2.753257310121809
42.34234234234234	0.09403202783907119	74305.34923098749	2.679697150327356
42.61761761761762	0.0945966080110217	74704.71383806982	2.6076782995875503
42.892892892892895	0.09503264380947227	75094.85628871538	2.537276366739117
43.168168168168165	0.09549827772293461	75476.04578862329	2.468444098732664
43.44344344344344	0.09605960686812322	75848.79712163734	2.401090947568374
43.71871871871872	0.09670671075562653	76213.54568932191	2.335140347085255
43.993993993993996	0.0974191277678213	76570.61579090268	2.2705353061171882
44.26926926926927	0.0981661613119964	76920.19609985924	2.207242733756355
44.54454454454455	0.09889044283924564	77262.26302138409	2.145266952409201
44.81981981981982	0.09955535436783147	77596.680427146	2.084632121757532
45.0950950950951	0.10019317872828473	77923.44478012586	2.025339032032058
45.37037037037037	0.10082459341792314	78242.63111519949	1.967374623350942
45.645645645645644	0.1014374749634632	78554.28036569392	1.9107318454246713
45.92092092092092	0.1020270221542603	78858.42679957056	1.8554048220088308
46.1961961961962	0.10260123060823409	79155.13730559456	1.8013819259126578
46.471471471471475	0.1032027184324392	79444.60627254608	1.7486290535351792
46.74674674674675	0.10387797382908481	79727.14797051957	1.6970909650657633
47.02202202202202	0.10458804605253517	80002.94801363903	1.6467350925679185
47.2972972972973	0.10526737803507202	80272.0109090597	1.5975607885379763
47.572572572572575	0.10585894594811557	80534.20794594173	1.5495908882652278
47.847847847847845	0.10636841643833225	80789.45223343841	1.5028408580662145
48.12312312312312	0.10691172305916284	81037.95732551743	1.4572732055075626
48.3983983983984	0.1074951716049521	81279.94043415332	1.412849788691308
48.673673673673676	0.10799780818971041	81515.33602527202	1.3695823017986288
48.94894894894895	0.10846287003681686	81744.19427266858	1.3274620441402185
49.22422422422423	0.10902990196165396	81966.86744077122	1.2864270631762915
49.4994994994995	0.10965999739408425	82183.60019031556	1.24643436643407
49.77477477477478	0.11025928028801824	82394.43523676855	1.2074765538310455
50.05005005005005	0.11082575001504012	82599.41901816097	1.1695455681642133
50.32532532532532	0.11137639030308996	82798.63685333742	1.1326264975397127
50.6006006006006	0.1119183726809444	82992.1897817129	1.0967016570759869
50.87587587587588	0.11245877690121327	83180.19205675327	1.0617510303953595
51.151151151151154	0.1130055133953275	83362.77039915466	1.027752400980813
51.42642642642643	0.11354732284845043	83540.03064736987	0.9946872305522921
51.70170170170171	0.11406219291173617	83712.0438701095	0.9625431075282602
51.97697697697698	0.11458506282437374	83878.93854067547	0.9312974998367951
52.252252252252255	0.11517212162085534	84040.92272519993	0.9009138424519446
52.527527527527525	0.1158293966751728	84198.1991964965	0.8713564988861865
52.8028028028028	0.11654919605409304	84350.9459712797	0.8425941920895078
53.07807807807808	0.11733046575540544	84499.32777183525	0.8145979845936941
53.353353353353356	0.11811243529366862	84643.42016639355	0.7873546508883579
53.62862862862863	0.11873395333319181	84783.0988255142	0.7608862007183324
53.90390390390391	0.11923379659593954	84918.31288064085	0.735201697044926
54.17917917917918	0.1198574819061347	85049.31548009439	0.7102566137682904
54.454454454454456	0.12057768736623815	85176.30768276495	0.6860156012841526
54.729729729729726	0.12120853224155867	85299.27351864068	0.6624815621731549
55.005005005005	0.12177793083935554	85418.23918295094	0.6396499667264136
55.28028028028028	0.12238089179523162	85533.33462306953	0.6174979958512964
55.55555555555556	0.12303198501052684	85644.69782323591	0.5960014109303411
55.830830830830834	0.12369983734454577	85752.42949176421	0.5751425411161222
56.10610610610611	0.12429451265685432	85856.54562963855	0.5549186450712408
56.38138138138139	0.12476411938708744	85957.02535870737	0.5353334819455429
56.65665665665666	0.12512259563041342	86053.8737396702	0.5163862389982823
56.931931931931935	0.12545013786370235	86147.1723353224	0.49806261804330737
57.20720720720721	0.12585660411415647	86237.08979682619	0.4803329676950575
57.48248248248248	0.126263840062357	86323.72394563803	0.4631801183298497
57.75775775775776	0.1265496774528021	86407.0810445441	0.44660303760982173
58.033033033033036	0.12684719488033874	86487.27141153826	0.43058235082648644
58.30830830830831	0.12728960201158215	86564.49163284502	0.4150834740134556
58.58358358358358	0.1277939030758638	86638.8670869213	0.4000843709987218
58.85885885885886	0.12827533043693592	86710.46189937685	0.38557380016376663
59.134134134134136	0.1287107150090604	86779.32657073878	0.37154292024023217
59.40940940940941	0.12911488626456966	86845.5226128696	0.3579809478456024
59.68468468468468	0.12953447880505375	86909.1385609298	0.3448723347492465
59.95995995995996	0.13000030228330076	86970.27636203011	0.33219916661037163
60.23523523523524	0.13053059271426246	87029.04186339576	0.3199428393752945
60.510510510510514	0.13113408150992437	87085.53860508377	0.3080851533752177
60.78578578578579	0.13178762904602467	87139.85199419061	0.2966111030532337
61.06106106106106	0.13236775096520023	87192.00505975739	0.2855166766225283
61.33633633633634	0.13282596408942718	87242.00325435253	0.2748009600704064
61.611611611611615	0.1333147241006081	87289.92493297785	0.26445018845746093
61.88688688688689	0.13387104143053524	87335.86020125616	0.2544485238052727
62.16216216216216	0.1343586761616807	87379.83890343308	0.24479074868741885
62.43743743743744	0.13474879783738083	87421.88271896669	0.23547308426682198
62.712712712712715	0.1351019882984074	87462.04001255617	0.22648704731782174
62.98798798798799	0.13544065895264273	87500.3674724901	0.21782268632681667
63.26326326326326	0.13577314790785192	87536.92361627967	0.2094697260990306
63.53853853853854	0.13613334676655894	87571.77662504358	0.20141618671973574
63.813813813813816	0.13654716905001105	87604.99968619602	0.19364920430668245
64.0890890890891	0.13700048368028017	87636.65740106578	0.18615742688506653
64.36436436436436	0.13750093035301933	87666.81326020558	0.1789296968716437
64.63963963963964	0.13809558870523503	87695.54048740967	0.17195313957997307
64.91491491491492	0.1387083857460161	87722.88642268897	0.1652194413656346
65.1901901901902	0.13916199742099727	87748.85069037603	0.15872869858781263
65.46546546546547	0.13952470727263697	87773.45553223109	0.15247702074820177
65.74074074074073	0.13997944511480964	87796.76928941769	0.14645239073426566
66.01601601601601	0.14049481924131996	87818.84817344102	0.14064492808649473
66.29129129129129	0.14098102469997706	87839.72516965272	0.13504884528739136
66.56656656656656	0.14141570650684498	87859.42851209639	0.1296591916321711
66.84184184184184	0.14182130862816725	87877.99166665132	0.1244700935631725
67.11711711711712	0.1422787346993997	87895.46368503745	0.11947292941313355
67.3923923923924	0.14279346697494263	87911.89183314085	0.1146593912407237
67.66766766766767	0.14327518371587183	87927.30434329892	0.11002452519428764
67.94294294294295	0.14369355667207953	87941.72424173553	0.1055642945090152
68.21821821821823	0.14407107451344445	87955.17907969936	0.10127386427320591
68.4934934934935	0.1444554684338924	87967.70403365116	0.09714705484692397
68.76876876876878	0.1448793916431797	87979.337982969	0.09317703309444549
69.04404404404404	0.14526388175395338	87990.10624300328	0.089359356018035
69.31931931931932	0.14560491013483245	88000.03354890221	0.08568968234220757
69.5945945945946	0.1461557672262739	88009.17864614242	0.08215767511292192
69.86986986986987	0.14693413665477284	88017.59687104773	0.07875359703947887
70.14514514514515	0.14755928473579863	88025.29101208715	0.07547697244780367
70.42042042042041	0.14797379222977072	88032.25979793035	0.07232804124040686
70.69569569569569	0.1484288433765064	88038.53395567283	0.06930140285490084
70.97097097097097	0.1489437921156676	88044.14469403231	0.066391571160906
71.24624624624624	0.14941745287602737	88049.1108354354	0.06359524272901677
71.52152152152152	0.1498543798774205	88053.45168817928	0.06090902807275923
71.7967967967968	0.15027550960130973	88057.18845625532	0.058329203122634316
72.07207207207207	0.15063819333331685	88060.33797013087	0.055852814285345644
72.34734734734735	0.1509773547067694	88062.92028766948	0.05347633869412914
72.62262262262263	0.1514887487036385	88064.97142458028	0.0511934400900931
72.8978978978979	0.15211634102527616	88066.51967889033	0.04899914185589751
73.17317317317318	0.1525208521423043	88067.56516306274	0.04689343514058526
73.44844844844846	0.15272933118898566	88068.11244198578	0.04487552624383842
73.72372372372374	0.15300638208729886	88068.18647646152	0.04294102609488639
73.998998998999	0.15336742002076795	88067.8116473416	0.04108564730851171
74.27427427427428	0.15374780931532403	88067.00650559447	0.039306129624753806
74.54954954954955	0.15420456441236394	88065.79227184092	0.037598741788347725
74.82482482482483	0.15475386611649108	88064.18971602381	0.03595983152378539
75.1001001001001	0.15524445604672754	88062.20964385266	0.034387502538425006
75.37537537537537	0.15559479380487748	88059.85861818871	0.03288060620805931
75.65065065065065	0.15585960070913973	88057.1468712974	0.031437346944428825
75.92592592592592	0.15613445190193817	88054.0895661361	0.030055059782810076
76.2012012012012	0.15652702104331429	88050.70626614097	0.028730303737176326
76.47647647647648	0.15700798160572668	88047.013701522	0.027460136818959428
76.75175175175175	0.1574768074005746	88043.02312967871	0.026242581389199427
77.02702702702703	0.15785104346253714	88038.74212231749	0.02507630925551285
77.30230230230231	0.15811171298878965	88034.17780506528	0.023960070692578505
77.57757757757759	0.1584101627880984	88029.34333138552	0.02289155326815522
77.85285285285286	0.15881975178530894	88024.25376007256	0.021868108402453193
78.12812812812814	0.15922192130612337	88018.91896244173	0.020888001605283264
78.40340340340342	0.15957938916523942	88013.34727207106	0.019949769234327543
78.67867867867868	0.15995915617130724	88007.54901161288	0.019051596843123915
78.95395395395396	0.16035019021328695	88001.53368642909	0.018191813827075784
79.22922922922923	0.16069236042772891	87995.30869160457	0.017369121361405428
79.50450450450451	0.1609742755679414	87988.88103752717	0.016582288272109485
79.77977977977977	0.16124161574428977	87982.25887971073	0.01582988137612799
80.05505505505505	0.16167912896756942	87975.45466271434	0.01510971126467198
80.33033033033033	0.16232836652821858	87968.48071129623	0.01441960937509139
80.6056056056056	0.16284375235829276	87961.3403980975	0.013758984902537262
80.88088088088088	0.16311080441578107	87954.03499222363	0.01312761776762775
81.15615615615616	0.16338746253139014	87946.57178890321	0.012524225613564997
81.43143143143143	0.16373247536831628	87938.95890377033	0.011947381308036343
81.70670670670671	0.1640314805279244	87931.20180031692	0.011396125045768063
81.98198198198199	0.16431202919748747	87923.3063405001	0.010869426663168258
82.25725725725727	0.1646652847455312	87915.27974024876	0.0103660171983941
82.53253253253254	0.16512306276302083	87907.12925538755	0.00988462049950395
82.80780780780782	0.16564355280465018	87898.86097392131	0.009424166210223154
83.0830830830831	0.16603125754620643	87890.4777220121	0.008984158618907789
83.35835835835836	0.1662522451536568	87881.9820524521	0.008564150243141559
83.63363363363364	0.1665806277101043	87873.38041923962	0.008163005863307848
83.90890890890891	0.16706126777308386	87864.67936300083	0.007779574848752182
84.18418418418419	0.16748806574598799	87855.88237596769	0.0074132437789374474
84.45945945945945	0.1678613572923561	87846.99292165668	0.0070634042189125805
84.73473473473473	0.1682876425472201	87838.01559253933	0.006729248652671325
85.01001001001	0.16866170027953747	87828.95360729922	0.006410211627179591
85.28528528528528	0.16887937252797286	87819.80910184773	0.006105918483774904
85.56056056056056	0.1691356109674163	87810.58621205148	0.005815641977014762
85.83583583583584	0.16955215189933828	87801.28994128664	0.005538501851823858
86.11111111111111	0.1699576596689024	87791.92344956206	0.00527394270992686
86.38638638638639	0.1702708478615325	87782.48899729384	0.005021567604777869
86.66166166166167	0.1705718462869236	87772.98955304884	0.004780854737867238
86.93693693693695	0.17090717618084017	87763.42832031602	0.004551240835235685
87.21221221221222	0.17127593286438508	87753.80832165928	0.004332194445414457
87.4874874874875	0.17157826260505674	87744.13174449788	0.004123331265389975
87.76276276276278	0.17173761563965811	87734.40026290982	0.003924357433196873
88.03803803803804	0.17200198139511938	87724.61713039145	0.0037347006397316453
88.31331331331332	0.17253001217164193	87714.78627849944	0.0035536689804141056
88.58858858858859	0.1729991916260624	87704.90945503597	0.003380955404295694
88.86386386386387	0.1732778134689268	87694.98769944144	0.003216377688146336
89.13913913913915	0.17365209703510737	87685.02359584399	0.0030594812975526806
89.41441441441442	0.1741190678671689	87675.01952848268	0.002909846877011064
89.68968968968969	0.1743895924675792	87664.97640629785	0.0027673150759602106
89.96496496496496	0.17455975917984431	87654.89565333644	0.0026316357240511756
90.24024024024024	0.17491213270675404	87644.77985143468	0.0025023545315747365
90.51551551551552	0.17540405767142236	87634.63118518409	0.0023790871764338673
90.7907907907908	0.17587940171839145	87624.45108468307	0.0022615822864790434
91.06606606606607	0.1762039472664321	87614.24046079816	0.002149679985469656
91.34134134134135	0.17637244431402574	87604.0002532791	0.002043215285922669
91.61661661661662	0.1766223408589268	87593.73219455504	0.0019418834510104644
91.8918918918919	0.1770219862330413	87583.43810293106	0.0018453645684042212
92.16716716716716	0.1774084040475315	87573.11917789743	0.0017534477671267755
92.44244244244244	0.17776613717245257	87562.77653166432	0.0016659375352632093
92.71771771771772	0.17818122200794875	87552.41146329379	0.001582605399454202
92.992992992993	0.17858259738214557	87542.02501728547	0.0015032677307805454
93.26826826826827	0.1788712324683262	87531.6179678405	0.0014277885241495277
93.54354354354355	0.17914464543462147	87521.191313412	0.001355992227747905
93.81881881881883	0.1795031485680914	87510.74622348938	0.0012876731187173515
94.0940940940941	0.17992052386991597	87500.2837337762	0.0012226490316483948
94.36936936936937	0.18035029179062007	87489.80472739872	0.001160764673968268
94.64464464464464	0.18074757167137243	87479.30996473583	0.0011018863710145414
94.91991991991992	0.1811223562985989	87468.80019980141	0.0010458815535197088
95.1951951951952	0.1815255991857558	87458.27624227741	0.0009926078229094523
95.47047047047047	0.1819054965920797	87447.7387787603	0.0009419444597488238
95.74574574574575	0.18218092536359992	87437.1883529249	0.0008937959229886612
96.02102102102103	0.18244129106267315	87426.62563252104	0.0008480447885111967
96.2962962962963	0.18277889952226598	87416.0513788279	0.0008045571308175652
96.57157157157158	0.18310852727824456	87405.46619503527	0.0007632268748712825
96.84684684684684	0.18338852504435163	87394.87060913086	0.0007239611886488138
97.12212212212212	0.18372331144786022	87384.26525140624	0.0006866491950683744
97.3973973973974	0.18413626211168813	87373.65073765744	0.0006511825584957301
97.67267267267268	0.18453860850906842	87363.02755241275	0.0006174760689601454
97.94794794794795	0.18484822580393728	87352.39608174034	0.0005854618618966334
98.22322322322323	0.185012987319191	87341.75666150465	0.0005550809139318403
98.4984984984985	0.18512877751143375	87331.10971543571	0.0005262587059201444
98.77377377377378	0.18532341117746315	87320.45575714056	0.0004989048664486011
99.04904904904905	0.1855936070766354	87309.79526178222	0.0004729357895834161
99.32432432432432	0.1859160833785787	87299.1286549234	0.00044827660227112046
99.5995995995996	0.18629816049832645	87288.45634073376	0.0004248561932286313
99.87487487487488	0.186693934104493	87277.77866751312	0.00040261329074029123
100.15015015015015	0.1869819262763053	87267.09589036745	0.0003815030431709371
100.42542542542543	0.18717528669963468	87256.40827151296	0.000361479339963763
100.70070070070071	0.18739656518158776	87245.71613827541	0.0003424845877090394
100.97597597597598	0.18762436875177196	87235.01978793496	0.0003244664821238214
101.25125125125126	0.18779691528206488	87224.31947159852	0.00030738085157957254
101.52652652652652	0.1880620757035628	87213.61550290103	0.00029117249689807864
101.8018018018018	0.18853539759309715	87202.90822476246	0.00027578104987259407
102.07707707707708	0.18903161910970812	87192.1978690817	0.00026116570495594957
102.35235235235236	0.18942060707219333	87181.48460309765	0.0002472970494160273
102.62762762762763	0.1897700030697953	87170.76861972893	0.0002341411401985581
102.90290290290291	0.1901155648328811	87160.05011833146	0.00022166289532214102
103.17817817817819	0.19043497696367864	87149.3292813441	0.00020983021048944718
103.45345345345346	0.1907001910644282	87138.60627486974	0.00019861385702624388
103.72872872872873	0.19089291095719613	87127.88125427577	0.00018798649503324255
104.004004004004	0.19107272455432234	87117.15438826283	0.00017791843090728148
104.27927927927928	0.1913052798692823	87106.42585567881	0.00016837817867474626
104.55455455455456	0.19155709943748245	87095.69581518316	0.00015933780715149778
104.82982982982983	0.19179967150678437	87084.96440963913	0.0001507721661623036
105.10510510510511	0.1920685127669069	87074.2317834494	0.00014265583104704755
105.38038038038039	0.1923892047401391	87063.49807841775	0.00013496383211456629
105.65565565565566	0.1927595459410424	87052.76342693745	0.000127672855413926
105.93093093093094	0.1931361123451866	87042.02794461377	0.00012076254339225355
106.2062062062062	0.19345468983345546	87031.29172928065	0.00011421566859076346
106.48148148148148	0.1937583893374573	87020.55488349356	0.00010801416913727167
106.75675675675676	0.19412545872022124	87009.8175182565	0.00010213849167665149
107.03203203203203	0.19453274436823748	86999.07973362468	9.657101040946087e-05
107.30730730730731	0.194910347563369	86988.34161326803	9.129698564857188e-05
107.58258258258259	0.19514579086925282	86977.60322171228	8.630505050211873e-05
107.85785785785787	0.19524805140825904	86966.86462494671	8.158357869771886e-05
108.13313313313314	0.1954382682850007	86956.12591644611	7.711609753279574e-05
108.4084084084084	0.19578722011976638	86945.3871913001	7.288584762964885e-05
108.68368368368368	0.19619130887493527	86934.64852481353	6.887955507385221e-05
108.95895895895896	0.19659290397298126	86923.90998136491	6.508587032266134e-05
109.23423423423424	0.1969667259291193	86913.17161969603	6.14944360525327e-05
109.50950950950951	0.1972713030726816	86902.43349221381	5.8096010312797614e-05
109.78478478478479	0.19750700087326456	86891.69564989235	5.4881602581959325e-05
110.06006006006007	0.19784766750451505	86880.9581569132	5.183989311199868e-05
110.33533533533534	0.19835833334419387	86870.22107781838	4.8959497215982745e-05
110.61061061061062	0.19879489715393953	86859.48445309474	4.6233269080128814e-05
110.88588588588588	0.19906448422844078	86848.74831565037	4.365539794372158e-05
111.16116116116116	0.19931421128856075	86838.01270877443	4.1218242421565485e-05
111.43643643643644	0.19959133810611837	86827.27767674743	3.8913985439265926e-05
111.71171171171171	0.19986256450404472	86816.54325923367	3.673562267097926e-05
111.98698698698699	0.20019355377550738	86805.80949762242	3.467584486711825e-05
112.26226226226227	0.20064624550291413	86795.07643387649	3.272724078299979e-05
112.53753753753755	0.2010372398399913	86784.34409740496	3.088461112763133e-05
112.81281281281282	0.20124459023471813	86773.6125108956	2.9143940761858384e-05
113.08808808808809	0.20149729529844304	86762.88170772514	2.749932987713844e-05
113.36336336336336	0.20190530154325162	86752.15172379804	2.5944432378933893e-05
113.63863863863864	0.20229785196360914	86741.42258513319	2.4474643942361012e-05
113.91391391391392	0.20257904637800933	86730.69431291656	2.3086211572924513e-05
114.1891891891892	0.20275557560580693	86719.96692823185	2.177539986134782e-05
114.46446446446447	0.20287021963631946	86709.24045313544	2.053830147069554e-05
114.73973973973975	0.2029879979613614	86698.51491090117	1.9370793985335713e-05
115.01501501501502	0.20319079828626146	86687.79032594242	1.8268553618393935e-05
115.2902902902903	0.2035152301923287	86677.06672191148	1.7227390219193604e-05
115.56556556556556	0.2038242163154378	86666.34411693279	1.624408752273442e-05
115.84084084084084	0.2040545589029053	86655.62252666391	1.531586369637664e-05
116.11611611611612	0.20436080869088175	86644.90196993329	1.4439377647213689e-05
116.3913913913914	0.20476016976067754	86634.18246461677	1.3611455795643687e-05
116.66666666666667	0.2050819171809021	86623.46402368488	1.2829788828152242e-05
116.94194194194195	0.20533587087052813	86612.74665991885	1.2092100515433623e-05
117.21721721721723	0.20565388888197028	86602.03038811721	1.139575877064516e-05
117.4924924924925	0.2059854149641968	86591.31522117282	1.0738467095249689e-05
117.76776776776778	0.20622957451425564	86580.60116957313	1.0118352710880441e-05
118.04304304304304	0.2064397758782282	86569.88824433541	9.53344922540099e-06
118.31831831831832	0.20669250268413766	86559.17645709023	8.981681901632864e-06
118.5935935935936	0.20701515543818352	86548.46581909135	8.46104217225667e-06
118.86886886886887	0.20735201383366159	86537.7563400734	7.969789006357436e-06
119.14414414414415	0.207542689857192	86527.04802723743	7.506627745853736e-06
119.41941941941943	0.20763583577268954	86516.34088827945	7.070176325171232e-06
119.6946946946947	0.2078582976135214	86505.63493313646	6.658657513615997e-06
119.96996996996998	0.2081686785374604	86494.93017049797	6.270513766672005e-06
120.24524524524524	0.20840283572932808	86484.22660681645	5.904581650783847e-06
120.52052052052052	0.20860066143497363	86473.52424868467	5.5596728618933445e-06
120.7957957957958	0.20884437183422777	86462.8231030888	5.234529634628815e-06
121.07107107107107	0.2091238247718387	86452.12317646529	4.927990929631774e-06
121.34634634634635	0.20941212515743654	86441.42447463132	4.639004737274723e-06
121.62162162162163	0.20968637672593157	86430.72700290174	4.366607465399931e-06
121.8968968968969	0.20994697854964184	86420.03076631366	4.109884360609862e-06
122.17217217217218	0.21021939794450212	86409.33576979749	3.867939374653658e-06
122.44744744744746	0.21050857034254797	86398.64201801905	3.639922985683769e-06
122.72272272272272	0.2107989744960884	86387.9495152734	3.4250509323220846e-06
122.997997997998	0.2110417531335166	86377.25826535151	3.2226276992145645e-06
123.27327327327328	0.2112010721654338	86366.56827169479	3.0320193111269345e-06
123.54854854854855	0.2113530934159759	86355.87953797582	2.852550977867327e-06
123.82382382382383	0.21157176216465706	86345.19206798087	2.6835277891159886e-06
124.0990990990991	0.2118571889375684	86334.5058652187	2.524303682584126e-06
124.37437437437438	0.21218858274022653	86323.82093286069	2.3742919847103727e-06
124.64964964964966	0.21253210137640716	86313.13727373704	2.232966077740502e-06
124.92492492492492	0.2128833093036828	86302.45489049084	2.0998322780333072e-06
125.2002002002002	0.21325804931878825	86291.77378565837	1.974415668147313e-06
125.47547547547548	0.21360750344149765	86281.09396146554	1.8562959804450677e-06
125.75075075075075	0.21386233180106523	86270.41541982372	1.7451083221849864e-06
126.02602602602603	0.21403357818436863	86259.73816261046	1.6404937373686616e-06
126.30130130130131	0.21418865550743948	86249.06219180053	1.5420760886432166e-06
126.57657657657658	0.2144838394771118	86238.38750962562	1.4494339436968852e-06
126.85185185185186	0.2149164030412329	86227.714118112	1.3621820276507398e-06
127.12712712712714	0.21517887175504832	86217.0420184594	1.280080661018306e-06
127.4024024024024	0.21525913421568227	86206.37121183696	1.2028955314863307e-06
127.67767767767768	0.21547968375336746	86195.70170000453	1.1302882286397344e-06
127.95295295295296	0.2158268135991497	86185.03348453692	1.0619529305846172e-06
128.22822822822823	0.21608140356747235	86174.36656650883	9.976718825879409e-07
128.5035035035035	0.2162682631202121	86163.70094699279	9.372276955223988e-07
128.7787787787788	0.21648162592814518	86153.0366271469	8.803878971658521e-07
129.05405405405406	0.21668832119524484	86142.3736080004	8.26942689812582e-07
129.32932932932934	0.21686729716311884	86131.71189048859	7.766988167350489e-07
129.60460460460462	0.21709242733409145	86121.05147557854	7.294574049021957e-07
129.87987987987987	0.21737294476520216	86110.39236417173	6.850311329049881e-07
130.15515515515517	0.21761613318869377	86099.73455699834	6.432628310617275e-07
130.43043043043042	0.21780300714925735	86089.07805472617	6.040063108681286e-07
130.70570570570572	0.21797827297660077	86078.42285802736	5.671146021205062e-07
130.98098098098097	0.21814248268298564	86067.76896752787	5.324488774301821e-07
131.25625625625628	0.21828822006029858	86057.11638380298	4.998792047920574e-07
131.53153153153153	0.2184869172899134	86046.46510744277	4.692730628309996e-07
131.80680680680683	0.21877554876514502	86035.81513901208	4.4050237154911937e-07
132.08208208208208	0.21902519473662924	86025.16647893302	4.134641630921294e-07
132.35735735735736	0.21919236721544477	86014.51912757134	3.88065389088254e-07
132.63263263263264	0.21942246289764747	86003.87308535955	3.6420126159308735e-07
132.9079079079079	0.21970297131053979	85993.22835268085	3.417756681196617e-07
133.1831831831832	0.21985789805548833	85982.58492978796	3.207154391886175e-07
133.45845845845847	0.21996078416237694	85971.94281695879	3.009429861508157e-07
133.73373373373374	0.22020489089854578	85961.30201454011	2.823686202017493e-07
134.00900900900902	0.2204858899017021	85950.66252279008	2.649182430039978e-07
134.2842842842843	0.22064097468433494	85940.02434187224	2.485343772547653e-07
134.55955955955955	0.22071988433388012	85929.3874719602	2.331577795982809e-07
134.83483483483485	0.22082394196705565	85918.75191324974	2.1872532834843835e-07
135.1101101101101	0.2210588759883687	85908.11766594916	2.0517172273256823e-07
135.3853853853854	0.22142387842519293	85897.48473023578	1.9243711354260034e-07
135.66066066066065	0.22178518277656795	85886.85310621905	1.8047356717819185e-07
135.93593593593596	0.2221056444327433	85876.22279398271	1.6923767456394308e-07
136.2112112112112	0.22242355782348378	85865.59379360868	1.5868635504889925e-07
136.4864864864865	0.22269984606664076	85854.96610515522	1.4878068920623198e-07
136.76176176176176	0.22288623164835203	85844.33972865851	1.3948562804782905e-07
137.03703703703704	0.2230729865040399	85833.71466416663	1.3076404487430722e-07
137.31231231231232	0.22333213752979947	85823.09091172977	1.2257847046295445e-07
137.5875875875876	0.22357964397717936	85812.46847136649	1.1489698420764636e-07
137.86286286286287	0.22377717558719026	85801.84734307815	1.0769067755592842e-07
138.13813813813815	0.2239990624610682	85791.22752687063	1.0092987234602262e-07
138.41341341341342	0.22425495450272315	85780.60902274045	9.458654299584155e-08
138.6886886886887	0.2244804225199927	85769.99183066405	8.863618069732386e-08
138.96396396396398	0.22461627484992652	85759.37595060222	8.305701200743816e-08
139.23923923923923	0.2246454980267229	85748.7613825085	7.78285360199236e-08
139.51451451451453	0.2247710933282115	85738.1481263568	7.292673411488624e-08
139.78978978978978	0.22516141356621866	85727.53618212967	6.832612797127472e-08
140.06506506506508	0.22559080849698637	85716.92554977084	6.400801182680368e-08
140.34034034034033	0.22587751089487515	85706.31622919856	5.995807549995097e-08
140.61561561561564	0.22609737054641105	85695.70822033653	5.616110196277437e-08
140.8908908908909	0.22632809460585315	85685.10152311136	5.260137743568823e-08
141.1661661661662	0.22660361223020145	85674.49613744699	4.9263683676794636e-08
141.44144144144144	0.22684098795663124	85663.89206325488	4.613495858081448e-08
141.71671671671672	0.2269043629598698	85653.28930043265	4.3204528894823556e-08
141.991991991992	0.2269212558853738	85642.68784888549	4.0460440889154626e-08
142.26726726726727	0.2270886285534989	85632.08770852775	3.788921568705511e-08
142.54254254254255	0.22736888989245452	85621.48887926481	3.547893293149968e-08
142.81781781781783	0.22767837061364513	85610.89136099191	3.3219438059202734e-08
143.0930930930931	0.22797942631359988	85600.29515359845	3.110158139848985e-08
143.36836836836838	0.22824724566154844	85589.70025696955	2.911695456225865e-08
143.64364364364366	0.22846664744202025	85579.10667098711	2.7257717900869307e-08
143.9189189189189	0.22864346038859829	85568.51439553099	2.551638729801378e-08
144.1941941941942	0.22880382843452926	85557.92343055666	2.387219542167101e-08
144.46946946946946	0.22898638397737417	85547.33377586029	2.2332401236547417e-08
144.74474474474476	0.22923962648783916	85536.74543131926	2.0890024786111666e-08
145.02002002002	0.22962912767862134	85526.15839681034	1.9538223480544834e-08
145.29529529529532	0.2301271277858362	85515.5726722062	1.8270876101931623e-08
145.57057057057057	0.23038915774445531	85504.98825736581	1.708408369914453e-08
145.84584584584587	0.23032622501053968	85494.40515214548	1.5974356349476883e-08
146.12112112112112	0.2304432308131669	85483.82335641641	1.4935877987267185e-08
146.3963963963964	0.23081111387018471	85473.24287004868	1.3963070729553489e-08
146.67167167167167	0.23095141622529994	85462.6636934037	1.306572161164165e-08
146.94694694694695	0.23087682982253319	85452.08582584943	1.2226527853741877e-08
147.22222222222223	0.23093257974245257	85441.50926724776	1.1441277057795963e-08
147.4974974974975	0.23113411954159213	85430.93401745895	1.070606692820363e-08
147.77277277277278	0.231365949551198	85420.36007633929	1.0017664899694348e-08
148.04804804804806	0.2315841897950206	85409.78744374317	9.373174436990612e-09
148.32332332332334	0.23176909117259403	85399.21611952371	8.769920225367672e-09
148.59859859859858	0.2319147268931784	85388.64610353313	8.20538991590854e-09
148.8738738738739	0.2320406585894879	85378.0773956231	7.67716635829201e-09
149.14914914914914	0.23219992956302465	85367.50999564523	7.182866281248012e-09
149.42442442442444	0.23243582374656693	85356.94390345066	6.7201868830353495e-09
149.6996996996997	0.2327701744541048	85346.37911888992	6.286959736053677e-09
149.974974974975	0.2331270540334252	85335.8156418117	5.881314221230207e-09
150.25025025025025	0.23339275575090293	85325.25347206468	5.501689237228559e-09
150.52552552552555	0.23353634340935128	85314.6926094991	5.1466430728791996e-09
150.8008008008008	0.2336007932752904	85304.13305396153	4.814707731274377e-09
151.07607607607608	0.23376899668829482	85293.57480529945	4.504250317912221e-09
151.35135135135135	0.23409972238318202	85283.01786336004	4.2136988596542595e-09
151.62662662662663	0.23438519750562647	85272.46222798842	3.941854784439196e-09
151.9019019019019	0.23455964502033363	85261.90789902887	3.6876522355914026e-09
152.17717717717719	0.23474083781981198	85251.35487556938	3.45195502957089e-09
152.45245245245246	0.23498198840310552	85240.80315821411	3.231387600485046e-09
152.72772772772774	0.2352771294373234	85230.25274680706	3.0249496979560304e-09
153.00300300300302	0.23556424732141212	85219.70364119159	2.8317590241469202e-09
153.2782782782783	0.23578558298914157	85209.15584121054	2.6510273840391337e-09
153.55355355355357	0.23598812144397258	85198.60934670671	2.4819747882405057e-09
153.82882882882885	0.23622251038959	85188.06415752288	2.3238363259739673e-09
154.10410410410412	0.2364896546670454	85177.52027350149	2.1758985709357956e-09
154.37937937937937	0.2367600389719032	85166.97769448468	2.037512589851423e-09
154.65465465465465	0.2369742130679823	85156.4364203142	1.9081002325809967e-09
154.92992992992993	0.23711578846699713	85145.89645083164	1.7871214257244536e-09
155.2052052052052	0.23720887964713258	85135.35778587847	1.6740527359545905e-09
155.48048048048048	0.23729515272092966	85124.82042529613	1.5683827838274415e-09
155.75575575575576	0.23742007177589924	85114.28436892599	1.46961521831017e-09
156.03103103103103	0.23760582749469347	85103.7496166093	1.3772807399938778e-09
156.3063063063063	0.237841796152227	85093.21616818711	1.2909481909176005e-09
156.5815815815816	0.23804462599718057	85082.68402350019	1.2102433298227237e-09
156.85685685685687	0.23816539000255424	85072.15318238908	1.134827777982827e-09
157.13213213213214	0.23823668985215252	85061.62364469434	1.0643709445109242e-09
157.40740740740742	0.23830622885406588	85051.09541025646	9.985486982268412e-10
157.6826826826827	0.2384292804769083	85040.56847891597	9.37044755618025e-10
157.95795795795797	0.23866214776889763	85030.04285051333	8.795534623311141e-10
158.23323323323325	0.23904201090454785	85019.51852488895	8.257860945318969e-10
158.50850850850853	0.23948158333630343	85008.99550188298	7.754953624489968e-10
158.7837837837838	0.23988101831711808	84998.47378133547	7.284696934572104e-10
159.05905905905905	0.2402722848476806	84987.95336308637	6.845035516126573e-10
159.33433433433433	0.24068184508645551	84977.43424697562	6.4339964185096e-10
159.6096096096096	0.24106025393274685	84966.91643284309	6.049807532056629e-10
159.88488488488488	0.24136332248588593	84956.39992052852	5.690857491316408e-10
160.16016016016016	0.24157102606810177	84945.8847098717	5.355639683207231e-10
160.43543543543544	0.24173625211882427	84935.3708007124	5.042654821973206e-10
160.7107107107107	0.24195728199931588	84924.8581928904	4.750380492582498e-10
160.985985985986	0.24223144059585935	84914.34688624546	4.477408792157046e-10
161.26126126126127	0.24251247924168326	84903.8368806173	4.222478677099107e-10
161.53653653653654	0.2427866707314421	84893.32817584553	3.984423462731525e-10
161.81181181181182	0.24304213964933066	84882.8207717698	3.7621597675384544e-10
162.0870870870871	0.24324670088573352	84872.31466822971	3.554695666681031e-10
162.36236236236238	0.24340254594476152	84861.80986506483	3.361093259051062e-10
162.63763763763765	0.24357098814326741	84851.30636211479	3.1804264134467534e-10
162.91291291291293	0.2437660942443591	84840.80415921916	3.0118225565826827e-10
163.1881881881882	0.24395561517352965	84830.30325621754	2.8544889201569367e-10
163.46346346346348	0.2441766031048188	84819.80365294946	2.7076632635975134e-10
163.73873873873873	0.2444789089500926	84809.3053492545	2.5706110892892407e-10
164.014014014014	0.24472559543824263	84798.80834497222	2.442720144728006e-10
164.2892892892893	0.2448066279372865	84788.31263994209	2.323461263426029e-10
164.56456456456456	0.24494143882514285	84777.81823400366	2.212232650102292e-10
164.83983983983984	0.2452579402886671	84767.32512699651	2.1084275647116077e-10
165.11511511511512	0.24555813085913059	84756.83331876021	2.0115658198374046e-10
165.3903903903904	0.24572181343369137	84746.34280913424	1.9212374601394695e-10
165.66566566566567	0.24577985245027995	84735.8535979581	1.8370396792568905e-10
165.94094094094095	0.24585225049183818	84725.36568507136	1.758554233161369e-10
166.21621621621622	0.24608347345406859	84714.87907031363	1.6853524355337757e-10
166.4914914914915	0.2463337722186516	84704.39375352448	1.617078904173452e-10
166.76676676676678	0.246405034627152	84693.90973454338	1.5534495319152665e-10
167.04204204204206	0.246427577779498	84683.42701320993	1.4941611442428798e-10
167.31731731731733	0.24656018250965586	84672.94558936372	1.4388960690502224e-10
167.5925925925926	0.24680345260634037	84662.4654628444	1.387362757160209e-10
167.8678678678679	0.24711015389931973	84651.98663349154	1.339301936206017e-10
168.14314314314316	0.24739979997073358	84641.50910114478	1.2944870810949303e-10
168.4184184184184	0.24763457533422828	84631.03286564369	1.2527116253703443e-10
168.6936936936937	0.24782212152189398	84620.55792682791	1.2137795726625055e-10
168.96896896896897	0.24799314260001218	84610.08428453711	1.177502296174135e-10
169.24424424424424	0.24818643223370293	84599.61193861092	1.1436983863354728e-10
169.51951951951952	0.2484162957897534	84589.14088888904	1.1121974479203628e-10
169.7947947947948	0.24868735769519382	84578.67113521115	1.0828408030018935e-10
170.07007007007007	0.24900044581191375	84568.20267741692	1.0554811296546532e-10
170.34534534534535	0.24931931698981752	84557.73551534611	1.0299850715062895e-10
170.62062062062063	0.24954165661132308	84547.26964883841	1.006237024271272e-10
170.8958958958959	0.2496729007557593	84536.80507773357	9.841267040740054e-11
171.17117117117118	0.24984614097097727	84526.34180187134	9.635395601004558e-11
171.44644644644646	0.2500888545579117	84515.87982109148	9.443675241584778e-11
171.72172172172174	0.25033931217684074	84505.41913523382	9.26514839933047e-11
171.996996996997	0.2504845436533839	84494.95974413815	9.098990725297498e-11
172.2722722722723	0.2504583332997008	84484.50164764425	8.944456414971752e-11
172.54754754754757	0.25047725846891705	84474.044845592	8.800715919375175e-11
172.82282282282284	0.25069366226067785	84463.58933782125	8.666927893013727e-11
173.0980980980981	0.2509315498827062	84453.13512417188	8.542409211654834e-11
173.37337337337337	0.25110839196493095	84442.68220448378	8.426559329674411e-11
173.64864864864865	0.2513435584817353	84432.23057859685	8.318765456471816e-11
173.92392392392392	0.25166550218374634	84421.78024635103	8.218450653210843e-11
174.1991991991992	0.252001218934925	84411.33120758629	8.125108070095423e-11
174.47447447447448	0.2522287760226986	84400.88346214256	8.03830360275134e-11
174.74974974974975	0.25225533800590066	84390.43700985982	7.957651450989674e-11
175.02502502502503	0.25227478497526257	84379.99185057804	7.882726485169094e-11
175.3003003003003	0.25246536939178027	84369.54798413723	7.813087784266965e-11
175.57557557557558	0.25267035475433186	84359.10541037745	7.748370913471969e-11
175.85085085085086	0.2527867339354364	84348.66412913875	7.688259139823133e-11
176.12612612612614	0.252922088201983	84338.2241402612	7.632431287904803e-11
176.40140140140142	0.25311988932994794	84327.7854435849	7.580580905907579e-11
176.6766766766767	0.2533303605722418	84317.34803894996	7.532433647547259e-11
176.95195195195197	0.2535427031038501	84306.9119261965	7.487735973040907e-11
177.22722722722725	0.2537625199108287	84296.47710516467	7.446250724402834e-11
177.50250250250252	0.2539008382021734	84286.04357569462	7.407769325099777e-11
177.77777777777777	0.25389708473583056	84275.61133762653	7.372102544235374e-11
178.05305305305305	0.253955035214113	84265.18039080061	7.339045950465329e-11
178.32832832832833	0.25420106290226413	84254.75073505707	7.308397195637822e-11
178.6036036036036	0.2544408590309485	84244.32237023617	7.279992322314023e-11
178.87887887887888	0.25454440665196043	84233.89529617818	7.253690507999417e-11
179.15415415415416	0.25453719953716286	84223.46951272333	7.22935531606773e-11
179.42942942942943	0.2545395112943961	84213.04501971194	7.206847899964905e-11
179.7047047047047	0.2547200839203238	84202.62181698432	7.18602680553747e-11
179.97997997998	0.2550443959662827	84192.19990438086	7.166765913246966e-11
180.25525525525526	0.2553847335242745	84181.7792817419	7.148958092814521e-11
180.53053053053054	0.25568472540351983	84171.3599489078	7.132506913432337e-11
180.80580580580582	0.25592410829484186	84160.94190571897	7.117322901490991e-11
181.0810810810811	0.25612198138838665	84150.52515201578	7.103320877877417e-11
181.35635635635637	0.2563078986073767	84140.1096876387	7.090419610814752e-11
181.63163163163165	0.25651645689992986	84129.69551242817	7.078541859702017e-11
181.90690690690693	0.2567611680228079	84119.28262622468	7.067615400635047e-11
182.1821821821822	0.2570314815454794	84108.87102886871	7.057573677571294e-11
182.45745745745745	0.25730241940453596	84098.46072020078	7.048355711446448e-11
182.73273273273273	0.2575423135929773	84088.05170006139	7.039905605729328e-11
183.008008008008	0.25773226740946475	84077.64396829109	7.03217153661061e-11
183.28328328328328	0.25786506389816055	84067.23752473047	7.025105047414441e-11
183.55855855855856	0.2579577682050521	84056.83236922014	7.018660261312358e-11
183.83383383383384	0.25805460914541095	84046.42850160063	7.012793350641765e-11
184.1091091091091	0.25824416876148276	84036.02592171266	7.007461949539747e-11
184.3843843843844	0.25853284784363134	84025.62462939683	7.002627049297218e-11
184.65965965965967	0.258813818357794	84015.22462449384	6.998254435739014e-11
184.93493493493494	0.2590127325914591	84004.82590684436	6.994313195800274e-11
185.21021021021022	0.2591078036967941	83994.42847628905	6.990774439868691e-11
185.4854854854855	0.2592432622755213	83984.03233266868	6.987609313223406e-11
185.76076076076077	0.2595714517917184	83973.63747582398	6.984789687684113e-11
186.03603603603605	0.25989986679245525	83963.24390559577	6.982291680737742e-11
186.31131131131133	0.2600668092748702	83952.85162182477	6.980094223276198e-11
186.5865865865866	0.2602665001636087	83942.46062435179	6.978175966125873e-11
186.86186186186188	0.2605796799312612	83932.07091301765	6.976516702231763e-11
187.13713713713713	0.2608122530963009	83921.68248766327	6.975098812372792e-11
187.4124124124124	0.2609384647330991	83911.29534812941	6.973905792519929e-11
187.68768768768768	0.26111118343656864	83900.90949425702	6.972921576342778e-11
187.96296296296296	0.2613079602006834	83890.52492588696	6.972131380209753e-11
188.23823823823824	0.26142332564358434	83880.14164286017	6.971521689916698e-11
188.51351351351352	0.26153594057215696	83869.75964501756	6.971079698845058e-11
188.7887887887888	0.26173676078385544	83859.37893220012	6.970793440890477e-11
189.06406406406407	0.2619210914541522	83848.99950424886	6.970651947552287e-11
189.33933933933935	0.26202416251890115	83838.62136100471	6.970644975032611e-11
189.61461461461462	0.2621465174453259	83828.24450230876	6.970762967046227e-11
189.8898898898899	0.2623286841979607	83817.868928002	6.970997115069677e-11
190.16516516516518	0.26251279721157394	83807.4946379255	6.971339214208559e-11
190.44044044044045	0.26265953694147937	83797.12163192035	6.971781565948804e-11
190.71571571571573	0.26276400414729695	83786.74990982765	6.972316966429365e-11
190.990990990991	0.2629411825345503	83776.3794714885	6.972938967953029e-11
191.26626626626629	0.2632860157791639	83766.01031674408	6.973641902569501e-11
191.54154154154156	0.2635585371415492	83755.64244543554	6.974419909411168e-11
191.8168168168168	0.2635978460142227	83745.27585740399	6.975266960216685e-11
192.0920920920921	0.26367967568998557	83734.91055249068	6.976178248258025e-11
192.36736736736736	0.2639467801748018	83724.54653053681	6.977149861350915e-11
192.64264264264264	0.2642342064422526	83714.18379138366	6.978177637277227e-11
192.91791791791792	0.2644598251960117	83703.82233487247	6.979257384711294e-11
193.1931931931932	0.26464590575571145	83693.46216084449	6.980385268465594e-11
193.46846846846847	0.26481741028200245	83683.10326914102	6.98155781428416e-11
193.74374374374375	0.2649891237164736	83672.74565960339	6.982771854135061e-11
194.01901901901903	0.26512317142294317	83662.38933207288	6.984024271087173e-11
194.2942942942943	0.2651994108276137	83652.0342863909	6.985312061596758e-11
194.56956956956958	0.2653151508171273	83641.6805223988	6.986632888097669e-11
194.84484484484486	0.2655432395603255	83631.32803993799	6.987984952634294e-11
195.12012012012013	0.2658618492251909	83620.97683884986	6.989366507615988e-11
195.3953953953954	0.26619496625348815	83610.62691897585	6.990775563028258e-11
195.6706706706707	0.2664232466225629	83600.27828015744	6.992209651495567e-11
195.94594594594597	0.2665366103555141	83589.93092223606	6.993666403341429e-11
196.22122122122124	0.2666070383270919	83579.58484505319	6.995143978596097e-11
196.4964964964965	0.26670913590727097	83569.24004845039	6.996641064690306e-11
196.77177177177177	0.2668843311900128	83558.89653226914	6.9981566757988e-11
197.04704704704704	0.2670350676168635	83548.55429635101	6.999689371171451e-11
197.32232232232232	0.26711806722638454	83538.21334053758	7.001237568972334e-11
197.5975975975976	0.26730583878420283	83527.87366467042	7.002800759639984e-11
197.87287287287288	0.26763352463192114	83517.53526859118	7.004378682114346e-11
198.14814814814815	0.2678974716701215	83507.19815214146	7.005969950086391e-11
198.42342342342343	0.2680688001289038	83496.86231516291	7.007573103652265e-11
198.6986986986987	0.26827793019015694	83486.5277574972	7.009187529763556e-11
198.97397397397398	0.26850061330727487	83476.19447898601	7.010812522114625e-11
199.24924924924926	0.26865364154744154	83465.86247947103	7.012446941964196e-11
199.52452452452454	0.268815520661417	83455.53175879401	7.014090186182175e-11
199.7997997997998	0.2690667639160867	83445.20231679668	7.015742168107297e-11
200.0750750750751	0.26932901779367996	83434.87415332085	7.017402350881746e-11
200.35035035035037	0.26951995727362105	83424.54726820825	7.019069750149279e-11
200.62562562562564	0.269608497686958	83414.22166130069	7.020743264880722e-11
200.90090090090092	0.2696531469014378	83403.89733244	7.022422217081577e-11
201.17617617617617	0.26979644031696726	83393.57428146801	7.024106825747202e-11
201.45145145145145	0.2700497633390515	83383.25250822662	7.025797365695456e-11
201.72672672672672	0.2703363697120158	83372.93201255769	7.027493635683056e-11
202.002002002002	0.2706199470572767	83362.61279430315	7.029195231762138e-11
202.27727727727728	0.27088720541488825	83352.29485330488	7.030901698981562e-11
202.55255255255256	0.2711454483952392	83341.97818940486	7.032612658686118e-11
202.82782782782783	0.2713801601517546	83331.66280244503	7.034327671907393e-11
203.1031031031031	0.27151705514967633	83321.34869226736	7.03604588329764e-11
203.3783783783784	0.2715518707297944	83311.03585871383	7.037766472937597e-11
203.65365365365366	0.27158794465504915	83300.72430162647	7.039489304095939e-11
203.92892892892894	0.2717086233148497	83290.41402084731	7.041214754296974e-11
204.20420420420422	0.271960066842886	83280.10501621848	7.042943453642645e-11
204.4794794794795	0.27227053841255405	83269.79728758201	7.04467555218315e-11
204.75475475475477	0.272532900200152	83259.49083478001	7.046410539590744e-11
205.03003003003005	0.27277092412023174	83249.18565765455	7.048148086760063e-11
205.30530530530532	0.2730093133139335	83238.8817560478	7.049888038390326e-11
205.5805805805806	0.27315762472344995	83228.57912980196	7.051629701786816e-11
205.85585585585588	0.273183650686403	83218.27777875913	7.05337223986934e-11
206.13113113113113	0.2731900440247732	83207.97770276149	7.05511550055692e-11
206.4064064064064	0.2732438811939749	83197.67890165129	7.056859750398708e-11
206.68168168168168	0.27335645097127154	83187.38137527078	7.058605304846997e-11
206.95695695695696	0.2734948709057917	83177.08512346218	7.060352256170393e-11
207.23223223223223	0.2736040948463671	83166.7901460678	7.062100355213708e-11
207.5075075075075	0.2736619482442745	83156.49644292989	7.063849236537309e-11
207.7827827827828	0.27369292574240284	83146.20401389075	7.06559871080576e-11
208.05805805805807	0.27384418528284354	83135.91285879276	7.067349497627693e-11
208.33333333333334	0.2741619224634044	83125.62297747828	7.069102543714427e-11
208.60860860860862	0.2744171758361187	83115.33436978968	7.070857332310597e-11
208.8838838838839	0.2745377246733698	83105.04703556934	7.072612946204909e-11
209.15915915915917	0.27469803881178717	83094.76097465964	7.074369597800827e-11
209.43443443443445	0.274958265192491	83084.47618690306	7.076127849019328e-11
209.70970970970973	0.2752720542753607	83074.19267214203	7.077887937363224e-11
209.984984984985	0.2755973044557767	83063.91043021904	7.079649826151836e-11
210.26026026026028	0.2759053633825318	83053.62946097653	7.08141330709207e-11
210.53553553553556	0.2762135929546462	83043.34976425704	7.083178292832877e-11
210.8108108108108	0.27651243686966037	83033.07133990312	7.084944644400144e-11
211.08608608608608	0.2766835300487086	83022.79418775726	7.086711515372158e-11
211.36136136136136	0.2767075276888742	83012.51830766202	7.088478006928259e-11
211.63663663663664	0.2767517887853478	83002.24369945998	7.090244303530673e-11
211.91191191191191	0.2768589930570826	82991.97036299377	7.092010834243186e-11
212.1871871871872	0.2769405102693177	82981.69829810597	7.093777458421224e-11
212.46246246246247	0.2770407836656293	82971.42750463929	7.095544315400414e-11
212.73773773773775	0.2772628805915611	82961.15798243636	7.097312157949076e-11
213.01301301301302	0.27754073051468925	82950.88973133986	7.099081281100028e-11
213.2882882882883	0.27778236094044106	82940.62275119252	7.10085140057041e-11
213.56356356356358	0.2780267264065117	82930.35704183707	7.102622489382087e-11
213.83883883883885	0.27828195034586706	82920.09260311621	7.104394571591071e-11
214.11411411411413	0.27843879930631527	82909.82943487269	7.10616700933469e-11
214.3893893893894	0.2785204035095705	82899.56753694931	7.107939353704888e-11
214.66466466466468	0.27872135578575363	82889.30690918889	7.109712365283798e-11
214.93993993993996	0.27905762091137304	82879.04755143421	7.111486842115382e-11
215.21521521521524	0.27940891988435373	82868.78946352816	7.113262794653183e-11
215.4904904904905	0.279736592493436	82858.53264531356	7.115039999164692e-11
215.76576576576576	0.28002320067699005	82848.2770966333	7.116818144047094e-11
216.04104104104104	0.28016718148282693	82838.02281733026	7.118596330561843e-11
216.31631631631632	0.2801566951119308	82827.76980724734	7.12037365885843e-11
216.5915915915916	0.28026777278647835	82817.5180662275	7.12215095933584e-11
216.86686686686687	0.2805905448338364	82807.26759411368	7.123929539673749e-11
217.14214214214215	0.280864256530161	82797.01839074888	7.12570903876326e-11
217.41741741741743	0.2810040887084168	82786.77045597606	7.127488614316145e-11
217.6926926926927	0.2811220680294188	82776.52378963825	7.129268162214253e-11
217.96796796796798	0.28132245690864716	82766.27839157847	7.131048211997972e-11
218.24324324324326	0.28165925883753096	82756.03426163977	7.132829575545407e-11
218.51851851851853	0.28195338782523727	82745.79139966526	7.134611927825568e-11
218.7937937937938	0.2820407883276736	82735.54980549801	7.136393986829576e-11
219.0690690690691	0.2820750498264627	82725.30947898106	7.138175490402853e-11
219.34434434434436	0.28220882072920556	82715.07041995761	7.139957110357451e-11
219.61961961961964	0.2824647662186679	82704.83262827083	7.141739601541343e-11
219.89489489489492	0.2827791651489145	82694.59610376383	7.143523278611022e-11
220.17017017017017	0.2830136527747521	82684.36084627984	7.145307604789965e-11
220.44544544544544	0.28317109909649807	82674.12685566202	7.14709210261014e-11
220.72072072072072	0.28334591228661643	82663.89413175365	7.148876895549269e-11
220.995995995996	0.2835194275960804	82653.66267439793	7.150661986098569e-11
221.27127127127127	0.2836448047864804	82643.43248343813	7.152447097383856e-11
221.54654654654655	0.2837723733864917	82633.20355871756	7.154232274277853e-11
221.82182182182183	0.2839280525134284	82622.9759000795	7.156017712578909e-11
222.0970970970971	0.28401776957407804	82612.74950736726	7.157803032692312e-11
222.37237237237238	0.2840058391128973	82602.52438042418	7.159587672548472e-11
222.64764764764766	0.28396826004866743	82592.30051909361	7.16137156638288e-11
222.92292292292294	0.2839716212903439	82582.07792321894	7.163155049768148e-11
223.1981981981982	0.2840608189843405	82571.85659264358	7.164938699165622e-11
223.4734734734735	0.28423265963677546	82561.63652721098	7.166723027033073e-11
223.74874874874877	0.2844436398891472	82551.41772676456	7.16850824708035e-11
224.02402402402404	0.2845763186627839	82541.20019114779	7.170293858323656e-11
224.29929929929932	0.28456731082509984	82530.98392020409	7.172079022487143e-11
224.5745745745746	0.28459465273515683	82520.76891377698	7.173864024444644e-11
224.84984984984985	0.28478625691710907	82510.55517171	7.175649886511678e-11
225.12512512512512	0.2850917664344457	82500.34269384669	7.177437251840001e-11
225.4004004004004	0.28541651756547476	82490.13148003063	7.17922615095613e-11
225.67567567567568	0.28564772166776814	82479.92153010538	7.181015942684832e-11
225.95095095095095	0.28580505512093035	82469.71284391452	7.182806152999935e-11
226.22622622622623	0.28598325744118036	82459.50542130166	7.184596906779923e-11
226.5015015015015	0.2861535846608516	82449.2992621104	7.186388148739032e-11
226.77677677677679	0.286266230781858	82439.09436618445	7.188179533004157e-11
227.05205205205206	0.2863960944336789	82428.89073336746	7.189971184486206e-11
227.32732732732734	0.28660619169807194	82418.68836350311	7.191763591192248e-11
227.60260260260262	0.286860910408568	82408.48725643511	7.193556991778527e-11
227.8778778778779	0.2870865916718071	82398.28741200721	7.195351170322638e-11
228.15315315315317	0.28718598134567846	82388.08883006313	7.197145353187065e-11
228.42842842842845	0.28724408754901115	82377.89151044664	7.198939330366592e-11
228.70370370370372	0.2874707511006575	82367.69545300155	7.200734147965724e-11
228.978978978979	0.2877690814905388	82357.50065757165	7.202530196961769e-11
229.25425425425428	0.28793168945160813	82347.30712400081	7.204326613325137e-11
229.52952952952953	0.28802447487505023	82337.1148521328	7.206122990460754e-11
229.8048048048048	0.2881714070892616	82326.92384181151	7.207919685119761e-11
230.08008008008008	0.28841340769057894	82316.73409288087	7.209717266897221e-11
230.35535535535536	0.2886917743695674	82306.54560518473	7.2115159140662e-11
230.63063063063063	0.28880949672945583	82296.35837856703	7.213314630530388e-11
230.9059059059059	0.28878840659232324	82286.17241287169	7.215112628148646e-11
231.1811811811812	0.28887718332075324	82275.98770794267	7.216910644976551e-11
231.45645645645646	0.2890637984313211	82265.80426362397	7.218709289681636e-11
231.73173173173174	0.2891959176484734	82255.62207975959	7.22050822662866e-11
232.00700700700702	0.2893756029073997	82245.44115619353	7.22230774692696e-11
232.2822822822823	0.28973499301016986	82235.26149276989	7.224108894842347e-11
232.55755755755757	0.29013813071370687	82225.08308933271	7.225911832161983e-11
232.83283283283285	0.2904451422034228	82214.90594572603	7.227715886300217e-11
233.10810810810813	0.2906438654032519	82204.73006179396	7.229520367260004e-11
233.3833833833834	0.29077455925253487	82194.55543738062	7.231324876576454e-11
233.65865865865868	0.2909221037709654	82184.38207233013	7.233129545294017e-11
233.93393393393396	0.2911297997834792	82174.20996648664	7.234934747598323e-11
234.2092092092092	0.29139556586206083	82164.03911969437	7.23674081533929e-11
234.48448448448448	0.29164334891929233	82153.86953179746	7.238547608532899e-11
234.75975975975976	0.2917922411231494	82143.70120264015	7.240354525333122e-11
235.03503503503504	0.29191101955581467	82133.53413206663	7.242161414508698e-11
235.3103103103103	0.292081062124495	82123.3683199212	7.243968612549781e-11
235.5855855855856	0.29229626904523126	82113.20376604807	7.245776393214953e-11
235.86086086086087	0.29251803929708226	82103.0404702916	7.247584782831818e-11
236.13613613613614	0.292681107787741	82092.87843249604	7.249393424853763e-11
236.41141141141142	0.29277451045965747	82082.71765250574	7.251201927670415e-11
236.6866866866867	0.29285113709558347	82072.55813016502	7.253010239672106e-11
236.96196196196198	0.2930336492077542	82062.39986531828	7.254819028217563e-11
237.23723723723725	0.2934315995416367	82052.24285780992	7.256629544659262e-11
237.51251251251253	0.2938197880262274	82042.08710748436	7.258441627700142e-11
237.7877877877878	0.2939752793641975	82031.93261418595	7.260253832246924e-11
238.06306306306308	0.2941220396669359	82021.77937775914	7.26206613269122e-11
238.33833833833836	0.2944218609295721	82011.62739804845	7.263879445607734e-11
238.61361361361364	0.2947112170027507	82001.47667489832	7.265693663218912e-11
238.88888888888889	0.29492009133082475	81991.32720815329	7.267508280119416e-11
239.16416416416416	0.29513960973619496	81981.17899765786	7.26932336065428e-11
239.43943943943944	0.29536189176836397	81971.03204325652	7.271138918243863e-11
239.71471471471472	0.2955081589237344	81960.88634479386	7.272954508853409e-11
239.98998998999	0.29561062106007147	81950.74190211446	7.274769911309631e-11
240.26526526526527	0.2957428043354758	81940.59871506292	7.276585348154086e-11
240.54054054054055	0.2959233882857427	81930.45678348384	7.27840113193318e-11
240.81581581581582	0.296116654607017	81920.31610722188	7.280217343182204e-11
241.0910910910911	0.29618824075305267	81910.17668612166	7.282033279325044e-11
241.36636636636638	0.29614096485286395	81900.03852002783	7.283848311413058e-11
241.64164164164166	0.29620592586450595	81889.9016087851	7.28566319668737e-11
241.91691691691693	0.2963994560618316	81879.76595223825	7.287478725234965e-11
242.1921921921922	0.2965290764177701	81869.63155023193	7.289294511723918e-11
242.4674674674675	0.2965795615823485	81859.49840261093	7.291110114362745e-11
242.74274274274276	0.2966525266075953	81849.36650922	7.292925713609688e-11
243.01801801801804	0.29688704750107925	81839.23586990393	7.294742277475112e-11
243.29329329329332	0.2973054065433719	81829.10648450757	7.296560823313958e-11
243.56856856856857	0.29750636758333654	81818.97835287574	7.298379972897896e-11
243.84384384384384	0.2973371369797086	81808.85147485322	7.300197580529168e-11
244.11911911911912	0.29728687839654194	81798.72585028487	7.302014492534484e-11
244.3943943943944	0.29752678776804536	81788.60147901565	7.303832472438714e-11
244.66966966966967	0.29777515962440176	81778.47836089044	7.305651518246806e-11
244.94494494494495	0.29794763920612244	81768.35649575415	7.30747114258998e-11
245.22022022022023	0.2981147164044113	81758.23588345174	7.309291303391349e-11
245.4954954954955	0.2982702128660361	81748.11652382815	7.311111926478636e-11
245.77077077077078	0.298383553073563	81737.99841672837	7.312932767980637e-11
246.04604604604606	0.29847312697138223	81727.88156199739	7.314753709693887e-11
246.32132132132134	0.2985682347554519	81717.76595948022	7.316574811479726e-11
246.5965965965966	0.2986932749059776	81707.65160902192	7.318396268507e-11
246.8718718718719	0.29887061828468514	81697.53851046755	7.320218388483693e-11
247.14714714714717	0.29911719409924237	81687.42666366216	7.3220415510648e-11
247.42242242242244	0.2993804671452155	81677.31606845088	7.323865803150617e-11
247.69769769769772	0.2995609067163278	81667.20672467882	7.325690616741598e-11
247.972972972973	0.29971503592900955	81657.09863219112	7.327515831312515e-11
248.24824824824825	0.2999506698329813	81646.99179083288	7.32934191751096e-11
248.52352352352352	0.30017408288033337	81636.88620044934	7.331168770158204e-11
248.7987987987988	0.30029089437961193	81626.78186088565	7.332995752184681e-11
249.07407407407408	0.30041419280689813	81616.67877198703	7.334822926489182e-11
249.34934934934935	0.30062430476291313	81606.57693359871	7.33665081054704e-11
249.62462462462463	0.3008684787433019	81596.47634556594	7.338479577312745e-11
249.8998998998999	0.30112281384647727	81586.37700773399	7.340309248672955e-11
250.17517517517518	0.3014060107380245	81576.27891994813	7.342139951440244e-11
250.45045045045046	0.3016556420776752	81566.18208205371	7.343971445172829e-11
250.72572572572574	0.30177862306303654	81556.08649389601	7.345802977885083e-11
251.00100100100101	0.3018742708742348	81545.99215532037	7.347634426811086e-11
251.2762762762763	0.30207220461044754	81535.89906617218	7.349466418906686e-11
251.55155155155157	0.3022979100596311	81525.80722629679	7.351299104209728e-11
251.82682682682685	0.30247903871612447	81515.71663553965	7.353132207903808e-11
252.10210210210212	0.3026641693434617	81505.62729374615	7.354965754771461e-11
252.3773773773774	0.30286798915882346	81495.53920076172	7.356799851176777e-11
252.65265265265268	0.3030397268974692	81485.45235643181	7.358634305647033e-11
252.92792792792793	0.3032350546601583	81475.36676060193	7.360469259403805e-11
253.2032032032032	0.3035808463613615	81465.2824131176	7.362305563321709e-11
253.47847847847848	0.30397389926769997	81455.19931382431	7.364143410323421e-11
253.75375375375376	0.30423231787775523	81445.1174625676	7.36598194382325e-11
254.02902902902903	0.30440272920196604	81435.03685919302	7.36782064364011e-11
254.3043043043043	0.30457554744765886	81424.95750354609	7.369659546160918e-11
254.5795795795796	0.30475720646448023	81414.87939547247	7.371498721274522e-11
254.85485485485486	0.3049359212852094	81404.80253481776	7.373338166278265e-11
255.13013013013014	0.3050950426443918	81394.72692142756	7.375177784448561e-11
255.40540540540542	0.305224901548053	81384.65255514754	7.377017432497165e-11
255.6806806806807	0.3053300073121728	81374.57943582334	7.37885700475187e-11
255.95595595595597	0.30548922074126383	81364.50756330069	7.380696850625584e-11
256.2312312312313	0.3057985025968858	81354.43693742529	7.382537832879298e-11
256.5065065065065	0.3061467392834061	81344.36755804287	7.384380113609668e-11
256.7817817817818	0.30637154085738433	81334.29942499918	7.386222923892112e-11
257.0570570570571	0.30642997874223304	81324.23253813996	7.388065317230646e-11
257.3323323323324	0.3064198403326825	81314.16689731095	7.38990697858167e-11
257.60760760760763	0.30667601936169203	81304.10250235802	7.391749508696303e-11
257.8828828828829	0.3071601794443287	81294.03935312701	7.393594157253074e-11
258.15815815815813	0.30733434893016687	81283.97744946372	7.3954390368954e-11
258.43343343343344	0.3072928646981702	81273.91679121398	7.397282950860228e-11
258.70870870870874	0.30758802117418027	81263.85737822372	7.399127912589259e-11
258.983983983984	0.30799885784068803	81253.79921033885	7.40097452210685e-11
259.25925925925924	0.3080584360578967	81243.74228740526	7.402820702835958e-11
259.53453453453454	0.3080186616190455	81233.68660926884	7.404665969629928e-11
259.80980980980985	0.30817719587627973	81223.6321757756	7.406511551053776e-11
260.0850850850851	0.30836711420593	81213.57898677146	7.408357634499762e-11
260.36036036036035	0.30847510852378673	81203.52704210248	7.410203755348004e-11
260.63563563563565	0.3086046709697072	81193.47634161462	7.41205006914191e-11
260.91091091091096	0.3087888867281131	81183.42688515392	7.413896903999516e-11
261.1861861861862	0.3089751306492887	81173.37867256647	7.415744265172255e-11
261.46146146146145	0.3091867579672893	81163.33170369829	7.417592288397546e-11
261.73673673673676	0.30947184190634563	81153.28597839552	7.419441367258384e-11
262.01201201201206	0.30972221164921415	81143.24149650424	7.42129125594937e-11
262.2872872872873	0.3098267770849471	81133.19825787058	7.42314110752801e-11
262.56256256256256	0.3098722124007846	81123.15626234066	7.42499063196365e-11
262.8378378378378	0.30995516360624104	81113.11550976065	7.426840104604865e-11
263.1131131131131	0.31010201037623175	81103.07599997676	7.428689925152705e-11
263.3883883883884	0.31029191348441165	81093.03773283519	7.430540342988189e-11
263.66366366366367	0.3104594054002588	81083.00070818212	7.432391220426742e-11
263.9389389389389	0.3105994533185179	81072.96492586382	7.43424240334654e-11
264.2142142142142	0.31075269863027266	81062.93038572656	7.436093977722895e-11
264.48948948948953	0.31092970616984195	81052.89708761658	7.43794608125537e-11
264.7647647647648	0.3111245728213665	81042.86503138024	7.439798806999852e-11
265.04004004004	0.31132452051936776	81032.8342168638	7.441652168784956e-11
265.31531531531533	0.3115176973592181	81022.80464391365	7.443506113132219e-11
265.59059059059064	0.311699488782731	81012.77631237611	7.445360565368657e-11
265.8658658658659	0.3118583642070528	81002.74922209755	7.447215392916485e-11
266.14114114114113	0.3119721178205642	80992.72337292436	7.449070350801793e-11
266.41641641641644	0.31206130847954344	80982.69876470295	7.450925329448167e-11
266.69169169169174	0.31218262900887594	80972.67539727976	7.452780544319999e-11
266.966966966967	0.31232856156521854	80962.65327050122	7.454636150759524e-11
267.24224224224224	0.31246275743091906	80952.63238421381	7.456492088657661e-11
267.5175175175175	0.31260847862763236	80942.61273826404	7.458348432451146e-11
267.7927927927928	0.3127884236468873	80932.5943324984	7.460205376483286e-11
268.0680680680681	0.31295300207073196	80922.5771667634	7.462062822837769e-11
268.34334334334335	0.3131005895665012	80912.56124090559	7.463920672922008e-11
268.6186186186186	0.3133483696169993	80902.54655477156	7.465779487573385e-11
268.8938938938939	0.31368202967118525	80892.53310820789	7.467639700049568e-11
269.1691691691692	0.31392634828542026	80882.5209010612	7.46950073371162e-11
269.44444444444446	0.3140896836296154	80872.50993317808	7.471362107668075e-11
269.7197197197197	0.3143055184872051	80862.50020440515	7.473224122511032e-11
269.994994994995	0.3145731181615839	80852.4917145891	7.475087048902958e-11
270.2702702702703	0.3148318687525045	80842.48446357659	7.476950798304654e-11
270.54554554554556	0.31502988283654204	80832.47845121434	7.47881500241091e-11
270.8208208208208	0.3151571656740788	80822.47367734901	7.480679269319027e-11
271.0960960960961	0.3152999848019683	80812.47014182738	7.482543718217125e-11
271.3713713713714	0.31550567704861704	80802.4678444962	7.484408719889465e-11
271.6466466466467	0.3157432078665822	80792.46678520224	7.486274441604032e-11
271.9219219219219	0.3160011563390625	80782.46696379226	7.488140973027697e-11
272.19719719719717	0.3162846122226823	80772.46838011312	7.490008424081503e-11
272.4724724724725	0.3165270020995926	80762.47103401161	7.491876527626914e-11
272.7477477477478	0.31665244145650756	80752.47492533462	7.493744621024711e-11
273.02302302302303	0.3167556817222268	80742.48005392897	7.49561262150008e-11
273.2982982982983	0.31694637779005097	80732.48641964154	7.497481057951121e-11
273.5735735735736	0.3172009848609087	80722.49402231927	7.499350283812491e-11
273.8488488488489	0.31745293285296106	80712.50286180906	7.501220255239397e-11
274.12412412412414	0.3176066923335534	80702.51293795789	7.503090406371144e-11
274.3993993993994	0.3176464935625127	80692.52425061265	7.504960133680715e-11
274.6746746746747	0.31764951250732076	80682.53679962034	7.506829310414987e-11
274.94994994995	0.3176766075181427	80672.55058482797	7.508698155519343e-11
275.22522522522524	0.317769441635513	80662.56560608254	7.510567098213265e-11
275.5005005005005	0.31794058175808415	80652.58186323113	7.512436599819864e-11
275.7757757757758	0.3181802653205083	80642.59935612076	7.514307028149798e-11
276.0510510510511	0.318438621298362	80632.61808459854	7.516178445154827e-11
276.32632632632635	0.3186575146492169	80622.63804851157	7.518050588135645e-11
276.6016016016016	0.31878372353673207	80612.65924770692	7.519922925068758e-11
276.87687687687685	0.31880994980454314	80602.68168203176	7.521794930038993e-11
277.15215215215215	0.3187950557821003	80592.70535133319	7.523666445560078e-11
277.42742742742746	0.31884311097274654	80582.73025545839	7.525537898599724e-11
277.7027027027027	0.31907000983533595	80572.75639425458	7.527410314830949e-11
277.97797797797796	0.3193798849534104	80562.78376756897	7.529284105483618e-11
278.25325325325326	0.3196038803072989	80552.81237524876	7.53115872067886e-11
278.52852852852857	0.3197798180452848	80542.84221714121	7.533033865401844e-11
278.8038038038038	0.31997231707082696	80532.8732930936	7.534909624064085e-11
279.07907907907907	0.32013126857273727	80522.90560295316	7.53678579946691e-11
279.35435435435437	0.3202128850639148	80512.93914656725	7.53866197199577e-11
279.6296296296297	0.3202232259880492	80502.97392378314	7.540537791681988e-11
279.9049049049049	0.32022201770170106	80493.00993444817	7.542413265639965e-11
280.1801801801802	0.32030864786612306	80483.0471784097	7.544288943986895e-11
280.4554554554555	0.3204272140221582	80473.08565551513	7.546165023544548e-11
280.7307307307308	0.32045527552920966	80463.12536561184	7.548041014701438e-11
281.00600600600603	0.32052175514781317	80453.16630854722	7.549917175049128e-11
281.2812812812813	0.32076144454924344	80443.20848416879	7.551794476627252e-11
281.5565565565566	0.32095045613496015	80433.25189232394	7.553672583637803e-11
281.83183183183183	0.3209510294597619	80423.29653286014	7.555550436841153e-11
282.10710710710714	0.32099502982819705	80413.34240562486	7.557428335451835e-11
282.3823823823824	0.321166766329206	80403.38951046565	7.559307013284965e-11
282.6576576576577	0.32129666977623844	80393.43784723006	7.561186214460744e-11
282.93293293293294	0.32136273547308214	80383.48741576556	7.563065585177313e-11
283.20820820820825	0.3214696676606278	80373.53821591978	7.5649453739757e-11
283.4834834834835	0.32163649885582196	80363.59024754028	7.566825911713794e-11
283.75875875875874	0.3218259279479525	80353.64351047466	7.568707296890747e-11
284.03403403403405	0.3219481823255414	80343.69800457054	7.570589129603654e-11
284.3093093093093	0.32197188692988193	80333.75372967558	7.572470873601741e-11
284.5845845845846	0.3220688592127794	80323.81068563744	7.574352976468949e-11
284.85985985985985	0.32229265760711223	80313.86887230378	7.576236138958305e-11
285.13513513513516	0.3224481835730809	80303.9282895223	7.578119936974408e-11
285.4104104104104	0.3224745076827673	80293.98893714073	7.580003651242025e-11
285.6856856856857	0.32246814166951415	80284.05081500679	7.581887151166789e-11
285.96096096096096	0.32248066122007485	80274.11392296823	7.583770598654252e-11
286.23623623623627	0.3225279102957479	80264.1782608728	7.585654227938831e-11
286.5115115115115	0.322608595698314	80254.24382856836	7.58753824589281e-11
286.7867867867868	0.3227138779440638	80244.31062590267	7.589422793257222e-11
287.06206206206207	0.3228306041030245	80234.3786527236	7.591307926865623e-11
287.3373373373374	0.32295219810266157	80224.44790887895	7.593193662772657e-11
287.6126126126126	0.3230875810009901	80214.5183942166	7.595080064231752e-11
287.8878878878879	0.32324156226978784	80204.59010858447	7.596967215167247e-11
288.1631631631632	0.3234114642384798	80194.66305183044	7.598855177567615e-11
288.4384384384384	0.3235972375112186	80184.73722380244	7.600744007689551e-11
288.71371371371373	0.32379850952224154	80174.81262434841	7.602633754778742e-11
288.988988988989	0.3239928381452742	80164.88925331633	7.60452434154956e-11
289.2642642642643	0.32414768430820484	80154.96711055416	7.606415520380772e-11
289.53953953953953	0.3242327495926054	80145.04619590989	7.60830690051932e-11
289.81481481481484	0.3242435573400191	80135.12650923154	7.610198101099189e-11
290.0900900900901	0.3242411147994049	80125.20805036715	7.612089106400936e-11
290.3653653653654	0.3242684805830775	80115.29081916473	7.613980136301433e-11
290.64064064064064	0.3243247776508119	80105.3748154724	7.6158713867475e-11
290.91591591591595	0.32442988605793427	80095.46003913826	7.617763144722047e-11
291.1911911911912	0.3246169956305695	80085.54649001041	7.619655852600927e-11
291.4664664664665	0.32480751993553403	80075.63416793701	7.62154948672886e-11
291.74174174174175	0.3248882052472556	80065.72307276617	7.623443409881613e-11
292.01701701701705	0.32493481266698704	80055.81320434605	7.625337452420368e-11
292.2922922922923	0.32504863368853265	80045.90456252485	7.627232010068424e-11
292.5675675675676	0.325189641110453	80035.99714715077	7.629127226393851e-11
292.84284284284286	0.3253147662973119	80026.09095807206	7.631022998375281e-11
293.1181181181181	0.32543183975732914	80016.18599513694	7.632919274561421e-11
293.3933933933934	0.3255239628229265	80006.28225819368	7.634815916235881e-11
293.66866866866866	0.3255458614783773	79996.37974709054	7.636712550974526e-11
293.94394394394396	0.32557337434369904	79986.47846167583	7.638609250877921e-11
294.2192192192192	0.32574434816314024	79976.57840179787	7.64050683035932e-11
294.4944944944945	0.3259760714270602	79966.67956730502	7.642405583208291e-11
294.76976976976977	0.3261192166950244	79956.78195804564	7.644304966688436e-11
295.0450450450451	0.3261694537763039	79946.88557386807	7.646204462274537e-11
295.3203203203203	0.3261817043693036	79936.9904146207	7.648103895079323e-11
295.5955955955956	0.32626042289956947	79927.09648015191	7.650003672473503e-11
295.8708708708709	0.32643544487408116	79917.20377031023	7.651904327978197e-11
296.1461461461462	0.3266173210745446	79907.31228494406	7.653805862840804e-11
296.4214214214214	0.3267811119139745	79897.42202390186	7.655708142863538e-11
296.69669669669673	0.32696687438010197	79887.53298703211	7.65761126287248e-11
296.971971971972	0.3271800303518485	79877.64517418336	7.659515338656018e-11
297.2472472472473	0.32739605138883376	79867.75858520411	7.661420342728721e-11
297.52252252252254	0.32754208158951964	79857.8732199429	7.663325855181086e-11
297.7977977977978	0.3275814137196273	79847.98907824827	7.665231294384655e-11
298.0730730730731	0.32764084670355675	79838.10615996878	7.66713681700289e-11
298.34834834834834	0.32779569834845607	79828.22446495309	7.66904297384929e-11
298.62362362362364	0.3279669858721667	79818.34399304978	7.670949839331711e-11
298.8988988988989	0.3280976901655475	79808.46474410754	7.672857172564756e-11
299.1741741741742	0.3281781373637111	79798.58671797493	7.674764701632443e-11
299.44944944944945	0.3282389410457005	79788.70991450068	7.676672344384061e-11
299.72472472472475	0.32833744669539083	79778.83433353346	7.678580336290718e-11
300.0	0.328531561461794	79768.95997492204	7.680489205310598e-11
