0.002971409823697327	1.4926926710177932	9479.173172700419	7.417320532698723	0.0009575291314585909
25.0	0.04062458471760797	33212.0	10.0
25.275275275275277	0.04137044065025635	34238.26569919954	9.189989139321916
25.55055055055055	0.04208326606933258	35196.119032513394	8.433306844120965
25.825825825825827	0.042800614355884746	36088.58313124742	7.72760121249556
26.1011011011011	0.043578194152145346	36919.70773079858	7.069716311327685
26.376376376376378	0.04442446486390167	37693.31458291007	6.45667380907038
26.65165165165165	0.04527782276362992	38411.90876242753	5.886525036395908
26.926926926926928	0.046084672352491675	39077.26990745427	5.357888547047755
27.2022022022022	0.046809001000412465	39691.00333734961	4.869518957883801
27.47747747747748	0.04746899930193692	40255.31037165584	4.419704128412027
27.75275275275275	0.048117454784194345	40773.15756727512	4.006132591401334
28.02802802802803	0.04883652602610565	41248.22574701619	3.625933284913357
28.303303303303302	0.04965868834218639	41684.09657639056	3.2763119928659616
28.57857857857858	0.05044325724440301	42082.83154657758	2.955663458746905
28.853853853853856	0.051118697887446087	42446.05813275789	2.662721666112739
29.12912912912913	0.05178825413060207	42776.2771993189	2.395536746850567
29.404404404404403	0.052475932670830006	43076.015623082196	2.1521379613091356
29.67967967967968	0.05310892843283409	43347.265673581984	1.9309724359598295
29.954954954954957	0.053716637079544154	43592.147682620904	1.7303866654073023
30.23023023023023	0.0543860773195989	43813.04699801091	1.5485193051570736
30.505505505505504	0.05511110417559764	44012.0829819488	1.3837166807906744
30.78078078078078	0.05583792614005825	44190.997942400645	1.2346197654260551
31.056056056056057	0.05647756209103713	44351.17476793348	1.1001504563062057
31.33133133133133	0.05702402547149541	44493.99203091278	0.9792337436229367
31.606606606606608	0.057668675242844136	44621.254990964895	0.8704604061739618
31.88188188188188	0.05844411279041304	44734.60970516651	0.7725454431082323
32.15715715715716	0.05914801784710851	44835.11912083787	0.6846598579818344
32.432432432432435	0.05980612465156687	44923.867897382625	0.6059574432774784
32.70770770770771	0.06061482346858539	45002.163822733295	0.5354171463665616
32.98298298298298	0.06149037080015062	45071.0260197089	0.47224355529793416
33.25825825825826	0.06225447739248825	45131.17537487598	0.4158744488154679
33.533533533533536	0.06297356165466994	45183.39789770423	0.36569649144862365
33.808808808808806	0.063739857272543	45228.51294944872	0.3210700842393261
34.08408408408408	0.06451157163502283	45267.22461497486	0.28144567490712186
34.35935935935936	0.06523746981542322	45300.14433800379	0.24634606720122595
34.63463463463464	0.06589182998651436	45327.8299430056	0.2153359013107519
34.90990990990991	0.06651200326156596	45350.8246722474	0.18799111435104382
35.18518518518518	0.06718603863423027	45369.6647287153	0.16389304023191673
35.46046046046046	0.06786897560604165	45384.807052289536	0.14268493380787708
35.73573573573574	0.06846315638516422	45396.63110499781	0.12407059010266572
36.01101101101101	0.06907712419286224	45405.521782454154	0.10774947341721307
36.286286286286284	0.0698346674776834	45411.85151032739	0.09343072758727289
36.56156156156156	0.07063280479947034	45415.916743667236	0.08088287449510403
36.83683683683684	0.07136819419942984	45417.96182612747	0.06991515742201582
37.112112112112115	0.07204260402631137	45418.21227378408	0.06035150373148026
37.38738738738739	0.07269434228775558	45416.87956457421	0.05202678051640314
37.66266266266266	0.0733868264375034	45414.1609046475	0.04478698035093437
37.93793793793794	0.07411142878121492	45410.22847449716	0.03849764027104218
38.213213213213216	0.07480581286021228	45405.22844364815	0.03304461805604019
38.488488488488485	0.07544316188257076	45399.289901533455	0.028327108252711238
38.76376376376376	0.07602714742923576	45392.52933172066	0.02425414415044735
39.03903903903904	0.07661880308681215	45385.054273250884	0.02074173500155756
39.314314314314316	0.07726462415200332	45376.96109415634	0.017714610326286746
39.58958958958959	0.07793026872221592	45368.33178728874	0.015108729823723483
39.86486486486486	0.07857843672595147	45359.236708224176	0.012869143643702478
40.14014014014014	0.07918944917423947	45349.73728977084	0.010947870403198036
40.41541541541542	0.07977723913645034	45339.888133792236	0.009302261957789156
40.690690690690694	0.0803863885261812	45329.73805444304	0.00789418837096761
40.965965965965964	0.0810545421170416	45319.32997067719	0.006690123234069938
41.24124124124124	0.0817938400318354	45308.700887100786	0.005661159869546609
41.51651651651652	0.0824969002842643	45297.88116121159	0.004783586017320385
41.791791791791795	0.08307426863911906	45286.89653941169	0.004037291814598907
42.06706706706707	0.08363973897424062	45275.77105900008	0.003403499630781831
42.34234234234234	0.08426824326628268	45264.52607335242	0.0028655273202248944
42.61761761761762	0.08487612533908913	45253.1792154077	0.002409599963659623
42.892892892892895	0.08543923554803248	45241.74561600333	0.002023897331737873
43.168168168168165	0.0860252920112127	45230.238737678716	0.0016979012379228324
43.44344344344344	0.08666567092020358	45218.67017531622	0.0014225526101398181
43.71871871871872	0.08735539038745617	45207.04974944301	0.0011901785996113576
43.993993993993996	0.08805162997640727	45195.38569362641	0.0009943462908582519
44.26926926926927	0.08871446457991854	45183.684977563724	0.000829610178699489
44.54454454454455	0.08938822833897529	45171.95369108666	0.0006912119047595724
44.81981981981982	0.09010652577710083	45160.197077173	0.0005750546043353071
45.0950950950951	0.09082093739191774	45148.41951428562	0.0004777169032983659
45.37037037037037	0.09150643759344042	45136.62471572186	0.00039629708474761706
45.645645645645644	0.09218879186712728	45124.81588267255	0.00032829344162067374
45.92092092092092	0.09283243899962904	45112.995710797855	0.00027159923635955825
46.1961961961962	0.09335821108950629	45101.16645460866	0.00022445242013850904
46.471471471471475	0.09385610647084178	45089.33010116979	0.00018529978279530255
46.74674674674675	0.09447146192931563	45077.48838684428	0.0001527839043579112
47.02202202202202	0.09511888926733615	45065.642715327376	0.00012580735402629894
47.2972972972973	0.09567753130589604	45053.7942293937	0.0001034766091367888
47.572572572572575	0.09616353405576071	45041.94390727585	8.502668272524027e-05
47.847847847847845	0.09665138186856899	45030.09259082662	6.979911774561175e-05
48.12312312312312	0.09727090593626561	45018.241015568135	5.721849899591679e-05
48.3983983983984	0.0980531589276804	45006.389763610314	4.6829316386829355e-05
48.673673673673676	0.09890547291296779	44994.539311126224	3.825884860326775e-05
48.94894894894895	0.09968938629608544	44982.69004253362	3.120608414913307e-05
49.22422422422423	0.10027213946448559	44970.842275084375	2.542249642185327e-05
49.4994994994995	0.10075655975333261	44958.99628737808	2.06897427839516e-05
49.77477477477478	0.10129760625565583	44947.15232033941	1.681890764159782e-05
50.05005005005005	0.10185176974505566	44935.3105698896	1.3656245351276916e-05
50.32532532532532	0.10236450109839154	44923.471195996506	1.1076106741128357e-05
50.6006006006006	0.10287238553392887	44911.63433220216	8.973490201340764e-06
50.87587587587588	0.10340535427300825	44899.80008901612	7.261391304627474e-06
51.151151151151154	0.10396348980858304	44887.96855690438	5.868468486995371e-06
51.42642642642643	0.10451336526573307	44876.13980928242	4.73670631723231e-06
51.70170170170171	0.1050064496595963	44864.31390593528	3.818741614706696e-06
51.97697697697698	0.10550841701736283	44852.490896697374	3.0749863705278583e-06
52.252252252252255	0.10611875907807347	44840.67082284598	2.472539306750072e-06
52.527527527527525	0.10679173178260756	44828.8537173525	1.984990754408484e-06
52.8028028028028	0.10743517589157663	44817.039606518614	1.5911436668239175e-06
53.07807807807808	0.10795931656248924	44805.228511544265	1.273787942062942e-06
53.353353353353356	0.10839177096427889	44793.4204499491	1.0185892388518689e-06
53.62862862862863	0.1089588417523269	44781.61543648964	8.133726044181324e-07
53.90390390390391	0.10966672048643016	44769.81348281627	6.483908537979233e-07
54.17917917917918	0.11027835754907757	44758.01459777456	5.160885984308167e-07
54.454454454454456	0.11078580382478147	44746.21878850123	4.1024582343771317e-07
54.729729729729726	0.11132337818934387	44734.42606082663	3.256636957000827e-07
55.005005005005	0.11189064542669062	44722.63641929079	2.5815183325696703e-07
55.28028028028028	0.11245780933165346	44710.849867375735	2.043466597065121e-07
55.55555555555556	0.11309550506570507	44699.0664077673	1.615070998687544e-07
55.830830830830834	0.11382119029506281	44687.28604245929	1.27432990116133e-07
56.10610610610611	0.11448354177921671	44675.50877284016	1.0039661327101086e-07
56.38138138138139	0.1150065840329049	44663.73459986728	7.900668287402574e-08
56.65665665665666	0.11544686799630591	44651.9635241797	6.212077479607323e-08
56.931931931931935	0.11586621172861661	44640.19554614242	4.8810860632083244e-08
57.20720720720721	0.11631838197341976	44628.43066588776	3.8330935244720805e-08
57.48248248248248	0.11681731227824184	44616.668883352366	3.008793561971737e-08
57.75775775775776	0.11735495054850371	44604.91019831465	2.3612278289525274e-08
58.033033033033036	0.11791494002599531	44593.154610700745	1.8318675005513664e-08
58.30830830830831	0.11848641936675533	44581.402119728955	1.4171304563309093e-08
58.58358358358358	0.11908032111228556	44569.65272557391	1.1132109974663604e-08
58.85885885885886	0.11967252724133029	44557.90642712777	8.742898074251699e-09
59.134134134134136	0.12017737448660498	44546.16322374452	6.868811591467895e-09
59.40940940940941	0.1205958303821541	44534.42311474386	5.401793241210449e-09
59.68468468468468	0.12102024755424799	44522.68609941891	4.254814109487918e-09
59.95995995995996	0.1214943917167082	44510.95217703986	3.3588905578778638e-09
60.23523523523524	0.12201830986931658	44499.22134685795	2.659818093411706e-09
60.510510510510514	0.12252990720487021	44487.493608108925	2.1152504586705707e-09
60.78578578578579	0.12296709088250733	44475.768960016416	1.6919373942052154e-09
61.06106106106106	0.12335224876985437	44464.04740179521	1.3634795586886942e-09
61.33633633633634	0.12375035118104293	44452.32893265552	1.1089459472610887e-09
61.611611611611615	0.1242729300134841	44440.61355185961	9.11777636555494e-10
61.88688688688689	0.12491193616454369	44428.90125860987	7.590982596579464e-10
62.16216216216216	0.12550649978685208	44417.1920521049	6.410778626542591e-10
62.43743743743744	0.12601593132000838	44405.48593154088	5.500283405624472e-10
62.712712712712715	0.12650189116428168	44393.78289401226	4.991700025424981e-10
62.98798798798799	0.12701913033108683	44382.082940824395	4.569878596517434e-10
63.26326326326326	0.12759299308710437	44370.386071166206	4.2200917251150366e-10
63.53853853853854	0.12813630199130338	44358.69228422651	3.9299657204942973e-10
63.813813813813816	0.12858882139073144	44347.00157919409	3.6891870571992375e-10
64.0890890890891	0.12904475849094088	44335.31395525773	3.4893580880152736e-10
64.36436436436436	0.12951411411205163	44323.62941160628	3.323521207903077e-10
64.63963963963964	0.12984262384103692	44311.94794742861	3.1857801816550905e-10
64.91491491491492	0.13008929361375257	44300.269561913694	3.071333921202349e-10
65.1901901901902	0.13051091629243286	44288.59425425077	2.9763641478726866e-10
65.46546546546547	0.13108877038837854	44276.922023629224	2.8976456084493303e-10
65.74074074074073	0.13164321544407315	44265.25286923848	2.832395570993799e-10
66.01601601601601	0.1320586120727078	44253.586790268055	2.7782710449582586e-10
66.29129129129129	0.1323141214846354	44241.92378590761	2.733345332478602e-10
66.56656656656656	0.1326257749118212	44230.26385534713	2.696098595955315e-10
66.84184184184184	0.13313417320514215	44218.606997776835	2.6652918885234575e-10
67.11711711711712	0.1337314106983659	44206.95321238712	2.6398548014061265e-10
67.3923923923924	0.1342957408289805	44195.30249836845	2.6188714467402566e-10
67.66766766766767	0.13473412314666686	44183.65485491149	2.60157084905161e-10
67.94294294294295	0.1350962675462236	44172.010281207055	2.5873279799982285e-10
68.21821821821823	0.1355195305300191	44160.368776446296	2.5756425792829616e-10
68.4934934934935	0.13600172582634013	44148.73033982056	2.566095171365676e-10
68.76876876876878	0.13648483516116547	44137.09497052134	2.5583297104377086e-10
69.04404404404404	0.13694997783478036	44125.46266774037	2.552048740900582e-10
69.31931931931932	0.13740327015536397	44113.83343066957	2.547005825244408e-10
69.5945945945946	0.13788591463863425	44102.20725850107	2.542998430174288e-10
69.86986986986987	0.1383930311590268	44090.58415042725	2.539856988681006e-10
70.14514514514515	0.13884578233931613	44078.96410564059	2.5374365692432185e-10
70.42042042042041	0.13923757387954358	44067.34712333384	2.5356170226591795e-10
70.69569569569569	0.13963158376522308	44055.73320269998	2.534301052745606e-10
70.97097097097097	0.1400588593307358	44044.12234293219	2.5334082299517117e-10
71.24624624624624	0.14051888201088591	44032.51454322389	2.532871000345927e-10
71.52152152152152	0.14094732719139155	44020.90980276868	2.532631171976696e-10
71.7967967967968	0.14129293531338571	44009.30812076031	2.5326393077111503e-10
72.07207207207207	0.14161442903548113	43997.70949639281	2.532855651750135e-10
72.34734734734735	0.14196273511220267	43986.11392886042	2.533247809953313e-10
72.62262262262263	0.14233374521110528	43974.52141735761	2.533788403375494e-10
72.8978978978979	0.14273495865535907	43962.931961079055	2.534454454611512e-10
73.17317317317318	0.14318875367952286	43951.345559219684	2.535226842635642e-10
73.44844844844846	0.14364395607531066	43939.76221097457	2.536088809965991e-10
73.72372372372374	0.14401576683784018	43928.18191553896	2.537025457119578e-10
73.998998998999	0.14435747813754754	43916.60467210833	2.5380249641918824e-10
74.27427427427428	0.14476327203593914	43905.03047987847	2.539078253064984e-10
74.54954954954955	0.1452493883330251	43893.45933804536	2.5401776935780475e-10
74.82482482482483	0.14580065972918366	43881.89124580518	2.541316636188492e-10
75.1001001001001	0.14637416689765195	43870.32620235431	2.5424891162011805e-10
75.37537537537537	0.1469115458415826	43858.764206889275	2.543689724623642e-10
75.65065065065065	0.1473438668567657	43847.20525860681	2.544913536263819e-10
75.92592592592592	0.14770964321736016	43835.64935670384	2.546156726023172e-10
76.2012012012012	0.14812865937970837	43824.096500377615	2.5474167803598245e-10
76.47647647647648	0.14858651602191614	43812.54668882558	2.548691459654692e-10
76.75175175175175	0.14901178630718556	43800.99992124534	2.5499784848365085e-10
77.02702702702703	0.14942316975954903	43789.45619683472	2.551276038559327e-10
77.30230230230231	0.14984727237209083	43777.915514791785	2.5525827135775773e-10
77.57757757757759	0.15024712643140992	43766.37787431476	2.553897144828774e-10
77.85285285285286	0.1506046281735639	43754.843274602106	2.5552181039074705e-10
78.12812812812814	0.150956157010625	43743.31171485248	2.5565447161726057e-10
78.40340340340342	0.15133646043341964	43731.783194264826	2.5578763830749514e-10
78.67867867867868	0.15176983841141317	43720.257712038256	2.5592126851491095e-10
78.95395395395396	0.15224943104957284	43708.73526737212	2.5605532239854143e-10
79.22922922922923	0.15273933418049634	43697.215859465956	2.5618975126744077e-10
79.50450450450451	0.15314829304686778	43685.69948751945	2.5632447986495884e-10
79.77977977977977	0.1534158272106836	43674.186150732465	2.564594237106475e-10
80.05505505505505	0.15368382227718297	43662.67584830514	2.565945630543523e-10
80.33033033033033	0.15407843110023656	43651.16857943792	2.5672992525976866e-10
80.6056056056056	0.15458106101647118	43639.6643433315	2.568655253201705e-10
80.88088088088088	0.15506884304277968	43628.163139186625	2.5700133323268095e-10
81.15615615615616	0.15532523990557232	43616.66496620415	2.5713725325964505e-10
81.43143143143143	0.15549394040614278	43605.169823585245	2.5727325133867005e-10
81.70670670670671	0.15596457953605333	43593.677710531505	2.5740942336109383e-10
81.98198198198199	0.15658867642750532	43582.188626244686	2.575458011631268e-10
82.25725725725727	0.15702445970372383	43570.70256992649	2.576823072139157e-10
82.53253253253254	0.15735639831095705	43559.21954077891	2.5781890240921317e-10
82.80780780780782	0.15774288880826923	43547.73953800425	2.5795559980271856e-10
83.0830830830831	0.15818306930553652	43536.262560805015	2.5809240984655465e-10
83.35835835835836	0.15861315961985364	43524.78860838387	2.5822932331527777e-10
83.63363363363364	0.15891580986843226	43513.31767994364	2.583663005833029e-10
83.90890890890891	0.15910871014814923	43501.84977468733	2.585033126743334e-10
84.18418418418419	0.15934148465818987	43490.38489181832	2.5864037470060623e-10
84.45945945945945	0.15960629089600556	43478.923030540114	2.5877749770021284e-10
84.73473473473473	0.15981657892411433	43467.464190056446	2.589146683984558e-10
85.01001001001	0.160050411921181	43456.008369571246	2.5905189574660786e-10
85.28528528528528	0.16041579901212785	43444.555568288764	2.591892154171799e-10
85.56056056056056	0.16089785070493876	43433.10578541345	2.5932665349046395e-10
85.83583583583584	0.16142732457663836	43421.6590201499	2.5946421410194444e-10
86.11111111111111	0.16188192865043255	43410.21527170284	2.5960187159810004e-10
86.38638638638639	0.16226622061057844	43398.77453927721	2.597396057286911e-10
86.66166166166167	0.16274337485413493	43387.3368220783	2.5987743587076955e-10
86.93693693693695	0.16327020349191937	43375.90211931153	2.600153683416813e-10
87.21221221221222	0.16366475892666915	43364.47043018244	2.6015337036977977e-10
87.4874874874875	0.16402087113099761	43353.041753896825	2.6029143371213833e-10
87.76276276276278	0.16450660874365883	43341.61608966082	2.6042958461149566e-10
88.03803803803804	0.16500619830121685	43330.19343668067	2.605678223903511e-10
88.31331331331332	0.16540296248282096	43318.77379416276	2.607061250343627e-10
88.58858858858859	0.16579312821312125	43307.35716131376	2.6084449141483055e-10
88.86386386386387	0.16619615443369892	43295.94353734056	2.6098292391362613e-10
89.13913913913915	0.16646298307059912	43284.53292145013	2.61121399407563e-10
89.41441441441442	0.1666661913023915	43273.125312849734	2.612599099854701e-10
89.68968968968969	0.16707506504537825	43261.720710747	2.6139849339817324e-10
89.96496496496496	0.16756515085228973	43250.319114349695	2.615371613768476e-10
90.24024024024024	0.16784106107554636	43238.9205228656	2.616758786490633e-10
90.51551551551552	0.16804093173090937	43227.524935502785	2.618146357575092e-10
90.7907907907908	0.1683842998555606	43216.132351469685	2.6195345720272913e-10
91.06606606606607	0.16882796914054363	43204.7427699749	2.620923574816973e-10
91.34134134134135	0.16927624302255045	43193.356190227205	2.6223133522135765e-10
91.61661661661662	0.16964225887152082	43181.9726114355	2.6237037795793527e-10
91.8918918918919	0.16993638365277267	43170.592032808905	2.625094767257489e-10
92.16716716716716	0.17027878391940793	43159.21445355683	2.626486385965664e-10
92.44244244244244	0.17067996676926234	43147.839872888886	2.6278787067024853e-10
92.71771771771772	0.17106753550093579	43136.468290014884	2.6292717062003065e-10
92.992992992993	0.17140739116545195	43125.09970414477	2.630665328961963e-10
93.26826826826827	0.1716877130040772	43113.734114488725	2.632059517547608e-10
93.54354354354355	0.17191268429004855	43102.37152025714	2.6334542278342476e-10
93.81881881881883	0.17211121730485032	43091.01192066061	2.6348494497815717e-10
94.0940940940941	0.17236262993797058	43079.65531491	2.636245251523042e-10
94.36936936936937	0.172700247823016	43068.30170221642	2.637641722993753e-10
94.64464464464464	0.17307636219617537	43056.95108179116	2.639038895188233e-10
94.91991991991992	0.17345037965658397	43045.603452845644	2.6404367580501645e-10
95.1951951951952	0.173799736167661	43034.25881459154	2.6418352856072685e-10
95.47047047047047	0.1741523199210863	43022.917166240724	2.6432344764368316e-10
95.74574574574575	0.1745562827291728	43011.578507005324	2.644634359051158e-10
96.02102102102103	0.17501316665377514	43000.242836097634	2.6460349506025427e-10
96.2962962962963	0.1754978991468341	42988.91015273019	2.647436243194004e-10
96.57157157157158	0.17595209156600833	42977.580456115684	2.648838200041889e-10
96.84684684684684	0.17631737278850565	42966.25374546695	2.650240774375037e-10
97.12212212212212	0.17654997780803147	42954.93001999702	2.6516439239638505e-10
97.3973973973974	0.17666994832234778	42943.60927891914	2.653047624242825e-10
97.67267267267268	0.17677243360159248	42932.29152144682	2.6544518805284323e-10
97.94794794794795	0.1769943171826196	42920.9767467939	2.655856738962269e-10
98.22322322322323	0.17744976024213976	42909.664954174485	2.657262258624854e-10
98.4984984984985	0.17789862430935047	42898.35614280273	2.6586684159412507e-10
98.77377377377378	0.17807976436552336	42887.050311892795	2.660075172099549e-10
99.04904904904905	0.17827251822589732	42875.747460659266	2.661482534620564e-10
99.32432432432432	0.1786961910471252	42864.44758831708	2.662890515724e-10
99.5995995995996	0.17910498805665123	42853.150694081196	2.664299097469494e-10
99.87487487487488	0.1793821482403359	42841.85677716672	2.665708281658357e-10
100.15015015015015	0.17968548628266937	42830.56583678907	2.6671180626004767e-10
100.42542542542543	0.18003360241048416	42819.2778721639	2.6685284255439856e-10
100.70070070070071	0.18031874692396566	42807.99288250692	2.669939378999446e-10
100.97597597597598	0.18058473909373768	42796.71086703418	2.6713509258407756e-10
101.25125125125126	0.18092511717731322	42785.43182496193	2.672763034805587e-10
101.52652652652652	0.18124895095239893	42774.1557555066	2.6741757026987825e-10
101.8018018018018	0.1814868591633634	42762.88265788476	2.6755889634862865e-10
102.07707707707708	0.181812994399735	42751.6125313133	2.6770027666146143e-10
102.35235235235236	0.18229614885353881	42740.345375009405	2.6784169987527735e-10
102.62762762762763	0.18273979866872084	42729.08118819028	2.679831651487535e-10
102.90290290290291	0.18306326760436567	42717.81997007331	2.6812467950598397e-10
103.17817817817819	0.18333937304056885	42706.56171987611	2.6826624571734464e-10
103.45345345345346	0.18358951601897214	42695.30643681656	2.684078652576007e-10
103.72872872872873	0.18380738163801075	42684.0541201127	2.6854954051075904e-10
104.004004004004	0.18407114727173027	42672.80476898286	2.686912660606525e-10
104.27927927927928	0.18444517477849492	42661.5583826456	2.6883302823531206e-10
104.55455455455456	0.18480731999595076	42650.31496031961	2.689748255026124e-10
104.82982982982983	0.18507815584319512	42639.07450122371	2.6911666697220727e-10
105.10510510510511	0.1853716644179877	42627.83700457705	2.6925854780019393e-10
105.38038038038039	0.18570891565434	42616.602469598954	2.694004593046713e-10
105.65565565565566	0.185959181866155	42605.3708955089	2.695424119057028e-10
105.93093093093094	0.18617301034601544	42594.142281526576	2.696844095328472e-10
106.2062062062062	0.18653145514588457	42582.916626872015	2.6982642606873817e-10
106.48148148148148	0.18694007106845126	42571.6939307654	2.699684478235655e-10
106.75675675675676	0.18722249869217358	42560.47419242696	2.7011049324157247e-10
107.03203203203203	0.18750917154123214	42549.25741107727	2.7025255795385786e-10
107.30730730730731	0.18792217065883327	42538.04358593715	2.7039461054005567e-10
107.58258258258259	0.18829500159403012	42526.83271622753	2.7053665227736564e-10
107.85785785785787	0.1885516417528576	42515.6248011695	2.7067870394248325e-10
108.13313313313314	0.18884951471217826	42504.419839984446	2.708207503884235e-10
108.4084084084084	0.18920809779285064	42493.217831894	2.7096276884264285e-10
108.68368368368368	0.18949564496877433	42482.01877611987	2.7110477031636363e-10
108.95895895895896	0.1897696410197648	42470.822671884045	2.7124675134318406e-10
109.23423423423424	0.1901812922511075	42459.6295184088	2.713886609455907e-10
109.50950950950951	0.19067472061155	42448.439314916584	2.71530456729582e-10
109.78478478478479	0.19111421937109782	42437.25206062997	2.716721371302494e-10
110.06006006006007	0.19136940327244242	42426.06775477163	2.718137522640069e-10
110.33533533533534	0.19142911061145154	42414.88639656444	2.7195536772233126e-10
110.61061061061062	0.191527510545703	42403.707985231624	2.7209696418435395e-10
110.88588588588588	0.1917304583557578	42392.53251999666	2.72238491786659e-10
111.16116116116116	0.1918576154894469	42381.36000008314	2.723799730538313e-10
111.43643643643644	0.19191342946595466	42370.190424714834	2.725214329462317e-10
111.71171171171171	0.19204544999793474	42359.02379311581	2.7266283043297214e-10
111.98698698698699	0.19225515793150702	42347.86010451037	2.728041173659871e-10
112.26226226226227	0.19247902503332925	42336.69935812297	2.729452711012614e-10
112.53753753753755	0.1926924881325125	42325.54155317822	2.7308627980076177e-10
112.81281281281282	0.1928998843124338	42314.38668890099	2.732271284817779e-10
113.08808808808809	0.19315178840098904	42303.23476451636	2.73367770187877e-10
113.36336336336336	0.1934624010043423	42292.085779249624	2.735081410347809e-10
113.63863863863864	0.1937770978410606	42280.93973232623	2.7364820326161366e-10
113.91391391391392	0.19408143302506345	42269.79662297186	2.73787924960263e-10
114.1891891891892	0.19440500296209862	42258.656450412374	2.7392724819737353e-10
114.46446446446447	0.19475676839813713	42247.519213873886	2.7406609913450595e-10
114.73973973973975	0.19512216624323173	42236.38491258267	2.742044040486447e-10
115.01501501501502	0.19542894945152445	42225.253545765154	2.743421460722237e-10
115.2902902902903	0.19562138374516275	42214.12511264796	2.744793697002622e-10
115.56556556556556	0.1957712389525941	42202.999612457934	2.746160639098623e-10
115.84084084084084	0.19596027384726958	42191.877044422174	2.747521304905983e-10
116.11611611611612	0.19623315169520808	42180.75740776806	2.7488740110947607e-10
116.3913913913914	0.1965349442069438	42169.64070172312	2.750217426175695e-10
116.66666666666667	0.19670642914898637	42158.52692551495	2.751552205540382e-10
116.94194194194195	0.19676930598285555	42147.41607837137	2.7528790443668407e-10
117.21721721721723	0.19687312617696864	42136.30815952052	2.7541966249433465e-10
117.4924924924925	0.1970571079455978	42125.20316819077	2.7555027345100114e-10
117.76776776776778	0.1973048230961411	42114.101103610694	2.756794991485223e-10
118.04304304304304	0.19758644394299735	42103.00196500901	2.758071101868228e-10
118.31831831831832	0.19786713612016413	42091.90575161466	2.759329101214945e-10
118.5935935935936	0.19810868390402733	42080.81246265673	2.7605676460418197e-10
118.86886886886887	0.1982881998323256	42069.722097364516	2.7617859406116114e-10
119.14414414414415	0.19841008302505084	42058.634654967485	2.762983280704452e-10
119.41941941941943	0.19854434368909152	42047.550134695404	2.7641571803087864e-10
119.6946946946947	0.1988020207595534	42036.468535778295	2.7653013737610444e-10
119.96996996996998	0.19910777251976236	42025.38985744632	2.766410566226105e-10
120.24524524524524	0.19932242217705826	42014.31409892975	2.767483521030144e-10
120.52052052052052	0.19955747937232476	42003.241259459166	2.7685150708339697e-10
120.7957957957958	0.19991892556090668	41992.1713382654	2.769494551912361e-10
121.07107107107107	0.20021773600455214	41981.10433457936	2.770417589750161e-10
121.34634634634635	0.20038025281567534	41970.0402476321	2.7712837110972714e-10
121.62162162162163	0.20065562711422974	41958.97907665506	2.7720797004630363e-10
121.8968968968969	0.2010589757285294	41947.9208208799	2.7727879536248554e-10
122.17217217217218	0.20131175732844409	41936.86547953827	2.77340570598267e-10
122.44744744744746	0.2014148585512121	41925.81305186201	2.773932287209344e-10
122.72272272272272	0.20155658151644185	41914.76353708332	2.774353957990944e-10
122.997997997998	0.2017395786229233	41903.716934434626	2.774654111984965e-10
123.27327327327328	0.20190695682522947	41892.67324314845	2.7748188255241577e-10
123.54854854854855	0.20209794226224378	41881.63246245761	2.774828204125946e-10
123.82382382382383	0.20234446742606096	41870.59459159513	2.7746547562325606e-10
124.0990990990991	0.20260284528214365	41859.55962979418	2.7742712134178315e-10
124.37437437437438	0.20284935404133206	41848.52757628814	2.7736494236670094e-10
124.64964964964966	0.20310512093236507	41837.49843031061	2.7727536826182703e-10
124.92492492492492	0.20339408792945288	41826.47219109541	2.7715375368177974e-10
125.2002002002002	0.20373138575028407	41815.448857876545	2.769941700212935e-10
125.47547547547548	0.20405506996252643	41804.42842988823	2.7679090466164485e-10
125.75075075075075	0.20429375115447188	41793.41090636478	2.7653937364375567e-10
126.02602602602603	0.20454702852517537	41782.39628654081	2.7623182998001384e-10
126.30130130130131	0.20489324210028204	41771.38456965121	2.7585630123033063e-10
126.57657657657658	0.20517906324220342	41760.37575493094	2.7540385073739195e-10
126.85185185185186	0.20532212084669496	41749.3698416151	2.748685566788133e-10
127.12712712712714	0.20544446549089215	41738.366828939106	2.742394676741164e-10
127.4024024024024	0.20563656953963272	41727.36671613861	2.734990428719525e-10
127.67767767767768	0.20592261088580516	41716.36950244954	2.7262393077232227e-10
127.95295295295296	0.20622828255495068	41705.37518710794	2.715902143327218e-10
128.22822822822823	0.20644030657515947	41694.38376934999	2.703790049646991e-10
128.5035035035035	0.20662059571642682	41683.39524841213	2.6896494973449694e-10
128.7787787787788	0.20686440870940995	41672.409623531064	2.673088013866436e-10
129.05405405405406	0.20711533608167487	41661.426893943666	2.653692253215905e-10
129.32932932932934	0.20732843870477366	41650.447058886995	2.6310398364047605e-10
129.60460460460462	0.20756416786570125	41639.4701175984	2.6045518225247834e-10
129.87987987987987	0.2077674832996793	41628.49606931534	2.573642057857137e-10
130.15515515515517	0.20772660717383418	41617.52491327533	2.538128451704167e-10
130.43043043043042	0.20759379963126662	41606.556648716185	2.497632515015731e-10
130.70570570570572	0.20778275444925712	41595.591274876395	2.4506107151725685e-10
130.98098098098097	0.20820972619362574	41584.62879099466	2.395189352907175e-10
131.25625625625628	0.20857250854682008	41573.6691963096	2.330018333195267e-10
131.53153153153153	0.20878739976503916	41562.71249005995	2.2539655099804325e-10
131.80680680680683	0.20886977027141915	41551.75867314119	2.4577784308441614e-10
132.08208208208208	0.2089238454832816	41540.80774147078	2.400562993189621e-10
132.35735735735736	0.2090559682095095	41529.859695952495	2.333935172536261e-10
132.63263263263264	0.20934346656286393	41518.914535826225	2.2556502454547474e-10
132.9079079079079	0.20971565193428418	41507.972261982286	2.4615389654337985e-10
133.1831831831832	0.2099722864974034	41497.03287035111	2.4008021291143563e-10
133.45845845845847	0.21017779894636915	41486.09636183119	2.3292835660862367e-10
133.73373373373374	0.21051814896850893	41475.16273731384	2.511422255409348e-10
134.00900900900902	0.21083768751383153	41464.23199273009	2.4556853834e-10
134.2842842842843	0.21095338546698983	41453.30412897862	2.3899475070831526e-10
134.55955955955955	0.2110693533490042	41442.37914530057	2.3124544598643633e-10
134.83483483483485	0.2113756458568436	41431.45704258051	2.503146178562073e-10
135.1101101101101	0.21184263413433815	41420.537816765114	2.442128999418844e-10
135.3853853853854	0.21232318083416218	41409.621468747166	2.3682586232439537e-10
135.66066066066065	0.21257230676606184	41398.70799776846	2.279743857580068e-10
135.93593593593596	0.2126338621119762	41387.79740470475	2.4849088316828086e-10
136.2112112112112	0.21276382407888228	41376.88968552062	2.4167880165478636e-10
136.4864864864865	0.21300926181291174	41365.984841101585	2.3349107581137993e-10
136.76176176176176	0.21330690135371963	41355.082872323714	2.522561613734937e-10
137.03703703703704	0.21357209991380358	41344.18377515391	2.458256740055292e-10
137.31231231231232	0.21376107281031403	41333.2875504769	2.380717867053761e-10
137.5875875875876	0.2139550419084822	41322.39419916799	2.554091130899249e-10
137.86286286286287	0.21419424136647197	41311.50371719775	2.4933953260275406e-10
138.13813813813815	0.21442205992345897	41300.61610544992	2.4197207826738284e-10
138.41341341341342	0.21464379437914796	41289.73136316857	2.330308440860278e-10
138.6886886886887	0.2149214572726978	41278.849491219575	2.5243250224558955e-10
138.96396396396398	0.21516866080191482	41267.970485593614	2.4536803658167933e-10
139.23923923923923	0.21525552175681367	41257.09434716594	2.368034344950736e-10
139.51451451451453	0.215344685442092	41246.22107680122	2.550469631678199e-10
139.78978978978978	0.2156132076795748	41235.35067049477	2.4831591539301784e-10
140.06506506506508	0.21591851405593834	41224.483129120636	2.400419059683175e-10
140.34034034034033	0.2161398689962969	41213.618453541705	2.573350803959618e-10
140.61561561561564	0.2163377405449189	41202.756639758445	2.507946608676312e-10
140.8908908908909	0.21656996980329	41191.897688642995	2.427404896293613e-10
141.1661661661662	0.21685789957231416	41181.0416010564	2.5926814461204907e-10
141.44144144144144	0.21712797323459115	41170.188373005134	2.528410207152698e-10
141.71671671671672	0.21726927419687392	41159.33800535897	2.449137100160228e-10
141.991991991992	0.21742766318627277	41148.49049736472	2.351352299844901e-10
142.26726726726727	0.21777533247117908	41137.64584987196	2.546617674282929e-10
142.54254254254255	0.21807639702810938	41126.80405891106	2.4678819500545366e-10
142.81781781781783	0.21818864885583086	41115.96512534185	2.3703806463520446e-10
143.0930930930931	0.21848452630856685	41105.12905001121	2.5608601308455925e-10
143.36836836836838	0.21905117669832203	41094.29582895704	2.4812948929434137e-10
143.64364364364366	0.21943684203343086	41083.46546303665	2.380825890065828e-10
143.9189189189189	0.21960334413270038	41072.63795309276	2.5698266397631514e-10
144.1941941941942	0.21990398430322014	41061.813295171865	2.488688384831344e-10
144.46946946946946	0.2202633317145822	41050.99149012822	2.3857282462606763e-10
144.74474474474476	0.220419734379033	41040.17253880068	2.575075043261997e-10
145.02002002002	0.22051611144456243	41029.35643724476	2.4923150865629005e-10
145.29529529529532	0.22076153918453673	41018.54318631119	2.3873810215764e-10
145.57057057057057	0.2211218685976713	41007.73278683522	2.5781897273085853e-10
145.84584584584587	0.22149163572528321	40996.925234882016	2.4919314402522213e-10
146.12112112112112	0.2217277366956952	40986.12053288944	2.646174000766965e-10
146.3963963963964	0.22184522238525858	40975.31867691345	2.576124603142419e-10
146.67167167167167	0.22203694353134254	40964.51966780515	2.486505038404529e-10
146.94694694694695	0.2223315591107049	40953.72350640132	2.644675870661268e-10
147.22222222222223	0.22263999534922027	40942.93018876847	2.570934755296312e-10
147.4974974974975	0.2229342667922093	40932.139715753576	2.475666280414401e-10
147.77277277277278	0.2232112084144077	40921.35208818809	2.639884363317812e-10
148.04804804804806	0.22345451678391584	40910.56730214998	2.5613494977314897e-10
148.32332332332334	0.22366725494834339	40899.785358481706	2.4596517961019296e-10
148.59859859859858	0.22390577558910232	40889.00625800919	2.6317503671789456e-10
148.8738738738739	0.22416645931243653	40878.22999682264	2.5476303804968715e-10
149.14914914914914	0.2243535388454063	40867.45657575967	2.4382956145982456e-10
149.42442442442444	0.22448707538482127	40856.68599564013	2.6202063329970707e-10
149.6996996996997	0.22468151527349384	40845.91825256719	2.5300116183832046e-10
149.974974974975	0.22490008664562858	40835.153348945896	2.679613524167443e-10
150.25025025025025	0.2250424582953651	40824.391280871336	2.605038129536993e-10
150.52552552552555	0.22512245320939	40813.632049179505	2.507825360217191e-10
150.8008008008008	0.22519702810885692	40802.87565468996	2.6674085742009595e-10
151.07607607607608	0.22533883446826275	40792.12209351074	2.5872786794843556e-10
151.35135135135135	0.2255455294247717	40781.371366472864	2.4821984343192264e-10
151.62662662662663	0.2256793815586411	40770.62347438956	2.653135324241595e-10
151.9019019019019	0.2257493109430991	40759.87841338219	2.56637846978649e-10
152.17717717717719	0.2259308886635878	40749.13618427643	2.4524924451756345e-10
152.45245245245246	0.22624948966952385	40738.39678787907	2.636362434511028e-10
152.72772772772774	0.2266217410609279	40727.660220325866	2.5404089506287983e-10
153.00300300300302	0.2269667902919542	40716.926483993215	2.693343475828046e-10
153.2782782782783	0.22723351326340763	40706.1955750094	2.6124422071355123e-10
153.55355355355357	0.22747824195381428	40695.46749419766	2.504684918513555e-10
153.82882882882885	0.22774962631317278	40684.74224236235	2.672891517635773e-10
154.10410410410412	0.22802031297742667	40674.01981564723	2.5817888645015507e-10
154.37937937937937	0.22826932667323568	40663.30021642193	2.722831493040012e-10
154.65465465465465	0.2284986979086605	40652.58344082414	2.6457693068923967e-10
154.92992992992993	0.22870792231349152	40641.86948967374	2.542220104114368e-10
155.2052052052052	0.22889132470967302	40631.15836377169	2.6999208814246313e-10
155.48048048048048	0.22902920236464366	40620.45005927162	2.612456986585012e-10
155.75575575575576	0.22912211276844974	40609.74457698699	2.4951125121003566e-10
156.03103103103103	0.2293066664824353	40599.04191771051	2.6722335133800255e-10
156.3063063063063	0.22965456337470302	40588.342077613124	2.5721402838206134e-10
156.5815815815816	0.22993379549320234	40577.64505904061	2.722065496078044e-10
156.85685685685687	0.2300657969927085	40566.95085815739	2.636822281778773e-10
157.13213213213214	0.23031745851630112	40556.25947577307	2.520888558400297e-10
157.40740740740742	0.23072604280870912	40545.57091267597	2.691994847501693e-10
157.6826826826827	0.23106906215116704	40534.88516504877	2.59168708382674e-10
157.95795795795797	0.23133363207467558	40524.20223522677	2.737802134307045e-10
158.23323323323325	0.2316310414413991	40513.52211938738	2.651174854902715e-10
158.50850850850853	0.23194271000805666	40502.8448183354	2.5316442950990507e-10
158.7837837837838	0.23220889335139597	40492.1703328529	2.7023354967483644e-10
159.05905905905905	0.23240895078626023	40481.498659137	2.598875143904413e-10
159.33433433433433	0.23255745407068404	40470.829799510415	2.7457149573442596e-10
159.6096096096096	0.2327234456446664	40460.16375016523	2.65637767291841e-10
159.88488488488488	0.23290899794343436	40449.500511900595	2.532657654943173e-10
160.16016016016016	0.23302722672770756	40438.84008549202	2.706291257457965e-10
160.43543543543544	0.23311275706487178	40428.18246715214	2.599551752173191e-10
160.7107107107107	0.23328832719126724	40417.52765919035	2.7493800578312796e-10
160.985985985986	0.2335533661672023	40406.8756578142	2.6564912504186024e-10
161.26126126126127	0.23384537526053206	40396.22646381697	2.5266775213918814e-10
161.53653653653654	0.23410322635999709	40385.58007796689	2.70601620813485e-10
161.81181181181182	0.23430652809287117	40374.93649649346	2.5924701916256635e-10
162.0870870870871	0.23454249097181618	40364.29572169095	2.7484270387461727e-10
162.36236236236238	0.23484269624061138	40353.657749784	2.64859061436231e-10
162.63763763763765	0.23512184931213692	40343.02258307176	2.784809675053715e-10
162.91291291291293	0.23534892523306136	40332.39021777535	2.69683590457102e-10
163.1881881881882	0.23555919996750202	40321.76065468294	2.5724214333115626e-10
163.46346346346348	0.23580266229921643	40311.13389455793	2.7394467256061736e-10
163.73873873873873	0.2361216372260275	40300.509933644345	2.629119602427621e-10
164.014014014014	0.23646893311020956	40289.88877422402	2.7761717244498756e-10
164.2892892892893	0.23678452245911183	40279.27041253738	2.677690020059414e-10
164.56456456456456	0.23707800431810408	40268.654850869796	2.807765756446787e-10
164.83983983983984	0.23734855179714207	40258.04208545947	2.71975312217204e-10
165.11511511511512	0.23754580354438937	40247.43211708821	2.593309932993197e-10
165.3903903903904	0.23768210693580427	40236.82494651182	2.7574171829279996e-10
165.66566566566567	0.23785068171766752	40226.22056999292	2.644772832329347e-10
165.94094094094095	0.23808316920894926	40215.61898979718	2.7907040355968886e-10
166.21621621621622	0.2383590159152696	40205.02020218428	2.689557437896559e-10
166.4914914914915	0.23864897278350428	40194.42420942292	2.819869687440664e-10
166.76676676676678	0.23891603360364325	40183.83100777097	2.728626941783246e-10
167.04204204204206	0.23910438473675447	40173.24059800282	2.596020119750797e-10
167.31731731731733	0.2392015662252455	40162.65298086512	2.763965812848613e-10
167.5925925925926	0.2393177826898976	40152.06815264199	2.6450241890224457e-10
167.8678678678679	0.23951550226697654	40141.4861155802	2.795637673622706e-10
168.14314314314316	0.2397532054864006	40130.906865961166	2.68813227231291e-10
168.4184184184184	0.23996631691515655	40120.33040603444	2.823682474095468e-10
168.6936936936937	0.24008466602260453	40109.756732079666	2.7265658777813174e-10
168.96896896896897	0.2401185461904849	40099.18584634845	2.848721697046556e-10
169.24424424424424	0.24013337412385308	40088.617745119445	2.7615646527117325e-10
169.51951951951952	0.24023903533241586	40078.0524291592	2.6341299125531927e-10
169.7947947947948	0.24050241824193744	40067.489899207205	2.793561830364102e-10
170.07007007007007	0.24080227118170494	40056.930151568275	2.6774183461129227e-10
170.34534534534535	0.24105422394493667	40046.37318847127	2.8217272486049595e-10
170.62062062062063	0.2413160251134149	40035.81900621932	2.7156383961958045e-10
170.8958958958959	0.24160639170681256	40025.267607043366	2.8467276355790947e-10
171.17117117117118	0.2418812192867703	40014.7189872457	2.7493555896839323e-10
171.44644644644646	0.24212268874845488	40004.173149058384	2.8689090964746157e-10
171.72172172172174	0.2423360329982828	39993.63008878366	2.779492792148972e-10
171.996996996997	0.2425360284658751	39983.089807179174	2.646091159459516e-10
172.2722722722723	0.24273201142799136	39972.55230497341	2.8073408737394293e-10
172.54754754754757	0.24289447971091566	39962.01757849715	2.684702623114904e-10
172.82282282282284	0.24302804160850144	39951.485629956434	2.8324651501412247e-10
173.0980980980981	0.24324159405187148	39940.95645568102	2.7195045466629356e-10
173.37337337337337	0.24354859711200574	39930.43005787859	2.8552972524195613e-10
173.64864864864865	0.24380680427805645	39919.90643287844	2.750393279326842e-10
173.92392392392392	0.24398257302580315	39909.38558288882	2.8756718025974854e-10
174.1991991991992	0.2441459214285051	39898.86750423936	2.778503015909474e-10
174.47447447447448	0.24431642026253103	39888.352199138666	2.89429321919823e-10
174.74974974974975	0.244477073846898	39877.8396639171	2.804130408632442e-10
175.02502502502503	0.2445762848959114	39867.32989932162	2.6678207173343856e-10
175.3003003003003	0.2446128133899365	39856.82290606879	2.828270417947848e-10
175.57557557557558	0.24477170722825659	39846.31868051914	2.702002761216212e-10
175.85085085085086	0.24509326294751274	39835.81722485317	2.8506814461335256e-10
176.12612612612614	0.24529939517011343	39825.31853543085	2.7325371937722863e-10
176.40140140140142	0.24534442298772938	39814.822614433106	2.870760781914145e-10
176.6766766766767	0.24546035719345102	39804.32945822026	2.7609396445509416e-10
176.95195195195197	0.24563766938316514	39793.83906897391	2.8895339827937294e-10
177.22722722722725	0.24572371589956724	39783.351443054795	2.7871108508636545e-10
177.50250250250252	0.24579512191816708	39772.86658264442	2.9068922761791437e-10
177.77777777777777	0.24597525367677675	39762.38448410464	2.811253236437704e-10
178.05305305305305	0.24619195884022627	39751.90514961665	2.923060446153312e-10
178.32832832832833	0.2463736006612505	39741.42857554355	2.833283971824446e-10
178.6036036036036	0.24655760972460045	39730.954762619884	2.6954228421738046e-10
178.87887887887888	0.24676463823358183	39720.48371154882	2.8541786202074817e-10
179.15415415415416	0.2469723134782705	39710.015418725015	2.724295988568417e-10
179.42942942942943	0.24717604422332848	39699.54988629906	2.8732636450747104e-10
179.7047047047047	0.24738991304504523	39689.087110666165	2.750560573465199e-10
179.97997997998	0.2476348129369616	39678.62709397694	2.890750743756428e-10
180.25525525525526	0.24790990433148408	39668.16983262764	2.7741922751833134e-10
180.53053053053054	0.24809003494044674	39657.71532876822	2.9066108217842327e-10
180.80580580580582	0.24812278798849233	39647.26357879622	2.796432804425861e-10
181.0810810810811	0.24827339164859008	39636.81458486109	2.92153438137576e-10
181.35635635635637	0.24862602803724226	39626.36834336231	2.816435831350969e-10
181.63163163163165	0.24886602372063776	39615.924856447964	2.935189233886948e-10
181.90690690690693	0.24892436963103182	39605.484120519315	2.8351755764007373e-10
182.1821821821822	0.2490202886866969	39595.04613772317	2.947953675947194e-10
182.45745745745745	0.24921390231345175	39584.61090446327	2.8526206928233254e-10
182.73273273273273	0.249454675257842	39574.17842288481	2.959988348746875e-10
183.008008008008	0.2497083045208414	39563.74868939404	2.868473634213939e-10
183.28328328328328	0.24993883213063742	39553.321704709306	2.724161154425366e-10
183.55855855855856	0.2500783005107614	39542.89746951494	2.8837670548549437e-10
183.83383383383384	0.2501112627351291	39532.47598025169	2.7458514907554965e-10
184.1091091091091	0.25015000883022254	39522.05723902996	2.898304314506917e-10
184.3843843843844	0.2502726504301802	39511.64124229218	2.766432986675264e-10
184.65965965965967	0.25048732110668154	39501.22799214793	2.912245236620773e-10
184.93493493493494	0.2507461025901458	39490.81748504151	2.7850405110747683e-10
185.21021021021022	0.2509707878401813	39480.40972308096	2.9250178309108057e-10
185.4854854854855	0.2511777392534391	39470.00470271288	2.802064986672668e-10
185.76076076076077	0.2514076464325465	39459.602426043646	2.93680323715766e-10
186.03603603603605	0.25159305775099544	39449.20288952247	2.817677415110797e-10
186.31131131131133	0.25170329505871725	39438.80609525364	2.947683913016418e-10
186.5865865865866	0.251891755541153	39428.412039689305	2.832295871239986e-10
186.86186186186188	0.2521967815315463	39418.02072493176	2.958005831745637e-10
187.13713713713713	0.2524245732433981	39407.63214743612	2.845376678978579e-10
187.4124124124124	0.25250853719956795	39397.24630930196	2.9673410796667117e-10
187.68768768768768	0.2525340129938291	39386.86320698764	2.858199125595768e-10
187.96296296296296	0.2526156245501913	39376.48284259051	2.9764671022636297e-10
188.23823823823824	0.2528472893223823	39366.10521257235	2.8701193782374755e-10
188.51351351351352	0.25311397966889104	39355.73031902785	2.9851348000724567e-10
188.7887887887888	0.2532889634043062	39345.35815842213	2.8809927720723514e-10
189.06406406406407	0.2534731099511692	39334.98873284697	2.993130399423694e-10
189.33933933933935	0.2537270350043247	39324.62203877139	2.8908499296572053e-10
189.61461461461462	0.25393202978758	39314.25807828397	3.0005280359998895e-10
189.8898898898899	0.25405329376126845	39303.89684785756	2.900083167829063e-10
190.16516516516518	0.25418381458774375	39293.538349577604	3.0075000168063483e-10
190.44044044044045	0.2543616162685124	39283.18257992103	2.9087028464596936e-10
190.71571571571573	0.2545787665680506	39272.82954097003	3.014128586913088e-10
190.990990990991	0.2548472387475472	39262.47922920571	2.916339814939317e-10
191.26626626626629	0.25516212672040356	39252.131646706715	3.0201978229912185e-10
191.54154154154156	0.2554004947460828	39241.78678995846	2.9229319885969784e-10
191.8168168168168	0.25549684760652824	39231.44466103566	3.0255824865446676e-10
192.0920920920921	0.25561485429065656	39221.10525642833	2.9292794081342963e-10
192.36736736736736	0.25585011799300494	39210.768578207695	3.0308221800990355e-10
192.64264264264264	0.2561372558120182	39200.43462286839	2.934638398952935e-10
192.91791791791792	0.2564088089823964	39190.10339247752	3.0355032786764116e-10
193.1931931931932	0.25662000355262005	39179.77488353446	2.9391952196625183e-10
193.46846846846847	0.25684417852085284	39169.449098102195	3.0396753981416776e-10
193.74374374374375	0.2571857943673865	39159.12603268529	2.9427188571487356e-10
194.01901901901903	0.2575355735276233	39148.8056893423	3.0432722315271804e-10
194.2942942942943	0.2577728975124143	39138.48806458287	2.945239226510779e-10
194.56956956956958	0.2579847880123138	39128.17316046092	3.0462187422302874e-10
194.84484484484486	0.2582248567636386	39117.86097349165	2.9470061230446713e-10
195.12012012012013	0.25840427711813646	39107.551505724216	3.0487069861976934e-10
195.3953953953954	0.25852953553679775	39097.244753679246	2.9483657700516597e-10
195.6706706706707	0.2587304227600909	39086.94071940127	3.050934306399599e-10
195.94594594594597	0.2590216395030292	39076.63939941665	2.948804314767066e-10
196.22122122122124	0.2593247352903716	39066.340795764845	3.0526599145007894e-10
196.4964964964965	0.25953334698438024	39056.044904977934	2.948326514219573e-10
196.77177177177177	0.2595810311946886	39045.751729090036	3.0537727181847057e-10
197.04704704704704	0.25961467237531655	39035.461264639205	2.9479119523614354e-10
197.32232232232232	0.259768907517128	39025.173513654714	3.0549131910441345e-10
197.5975975975976	0.26001405073192424	39014.88847268065	2.946697414813856e-10
197.87287287287288	0.26028055112745035	39004.60614374087	3.0556385282433956e-10
198.14814814814815	0.260481100156346	38994.32652338552	2.944568650262802e-10
198.42342342342343	0.2606228660948742	38984.04961363285	3.055785049947655e-10
198.6986986986987	0.260792202673329	38973.775411039394	2.9418503392308085e-10
198.97397397397398	0.2610023269327211	38963.5039176179	3.055588939560024e-10
199.24924924924926	0.26122703205989584	38953.23512993136	2.938169951996827e-10
199.52452452452454	0.26145558556322385	38942.96904998664	3.054834947734772e-10
199.7997997997998	0.2616661658660184	38932.70567435345	2.933476903735439e-10
200.0750750750751	0.26178755068452786	38922.44500503245	3.053453341308971e-10
200.35035035035037	0.26181834861789216	38912.18703860013	2.928520959883251e-10
200.62562562562564	0.26189736872931324	38901.93177705126	3.0518712820598023e-10
200.90090090090092	0.2620430000008438	38891.67921696926	2.9229862199243487e-10
201.17617617617617	0.2621314959472811	38881.42936034266	3.049972701430816e-10
201.45145145145145	0.2621606068959569	38871.182203761746	2.9172269230892133e-10
201.72672672672672	0.2622167188119026	38860.93774920888	3.0479100950638906e-10
202.002002002002	0.2623805032733393	38850.69599328153	2.9108444921754707e-10
202.27727727727728	0.26268679093882696	38840.45693795578	3.0455671920602304e-10
202.55255255255256	0.26300363537154614	38830.22057983639	2.90258518881535e-10
202.82782782782783	0.2632327547927072	38819.98692089233	3.0421257785965434e-10
203.1031031031031	0.26344481876591097	38809.75595773614	2.89295351655176e-10
203.3783783783784	0.2636596714782476	38799.52769232969	3.0378432370720924e-10
203.65365365365366	0.2637974432279405	38789.30212129352	2.8821033190805525e-10
203.92892892892894	0.26384001030669074	38779.07924658202	3.032777432726531e-10
204.20420420420422	0.26383479207664534	38768.85906615973	3.123680199453439e-10
204.4794794794795	0.26388420837094706	38758.64157796519	3.027219821354632e-10
204.75475475475477	0.26408285979248297	38748.426783977346	3.121775997982508e-10
205.03003003003005	0.26434662654019636	38738.2146808013	3.0205073066185363e-10
205.30530530530532	0.26458620016649564	38728.005270409405	3.119228269831858e-10
205.5805805805806	0.264858161803209	38717.79854941407	3.01247431240155e-10
205.85585585585588	0.265177129675267	38707.59451978095	3.1159146319289715e-10
206.13113113113113	0.26544244797667205	38697.3931781301	3.00281240158821e-10
206.4064064064064	0.26561597581519525	38687.19452641988	3.111610862188234e-10
206.68168168168168	0.2657391105778885	38676.998561278364	2.992084788419253e-10
206.95695695695696	0.26586375942794555	38666.80528465665	3.106644021628734e-10
207.23223223223223	0.2660375094295792	38656.614693191084	2.9801277513780244e-10
207.5075075075075	0.26625196951836483	38646.42678882524	3.100978040424652e-10
207.7827827827828	0.26647962418946325	38636.24156820397	2.966428182739413e-10
208.05805805805807	0.2667042255552538	38626.059033262776	3.094295816223102e-10
208.33333333333334	0.2669060283699206	38615.87918065543	2.9508641565215283e-10
208.60860860860862	0.26705288352825796	38605.70201230899	3.086491401308094e-10
208.8838838838839	0.26714407383448047	38595.52752488653	2.933845226881959e-10
209.15915915915917	0.2672231534893108	38585.35572030642	3.077789436873879e-10
209.43443443443445	0.26734600909458545	38575.18659655651	3.164342702024194e-10
209.70970970970973	0.26755516294014614	38565.02015159993	3.0675150039558844e-10
209.984984984985	0.26771773762911694	38554.8563873773	3.1596780094072875e-10
210.26026026026028	0.2676869347744629	38544.69530053921	3.0563887877264736e-10
210.53553553553556	0.26766201995618044	38534.53689301899	3.1544472085533596e-10
210.8108108108108	0.2678215393596939	38524.381161475714	3.0442346439597834e-10
211.08608608608608	0.2680104223508574	38514.22810783517	3.148673078459186e-10
211.36136136136136	0.26813335095168317	38504.07772876473	3.030620732306456e-10
211.63663663663664	0.2682812854767984	38493.930026182206	3.1420252554216306e-10
211.91191191191191	0.2684584331587522	38483.784996763934	3.015332257993556e-10
212.1871871871872	0.2685742439949727	38473.642642419356	3.1343933233313154e-10
212.46246246246247	0.26865159126041843	38463.50295983393	2.998603363510173e-10
212.73773773773775	0.2687658902987946	38453.365950908585	3.1258936067047424e-10
213.01301301301302	0.2688668299598117	38443.23161233832	2.980208388766604e-10
213.2882882882883	0.2689036072006804	38433.09994601503	3.1163990691604324e-10
213.56356356356358	0.2689878458997141	38422.97094864361	2.9603132381996096e-10
213.83883883883885	0.2691897172723962	38412.84462210684	3.106053491284473e-10
214.11411411411413	0.2694230719096955	38402.72096441533	3.1934896294731867e-10
214.3893893893894	0.2696156362503852	38392.59997355452	3.0934348756498555e-10
214.66466466466468	0.2697420577181183	38382.48165142934	3.187456210139737e-10
214.93993993993996	0.2698626269054815	38372.36599473281	3.079347163917585e-10
215.21521521521524	0.27008459093106363	38362.25300536203	3.180562418064311e-10
215.4904904904905	0.2703815209608797	38352.142680019126	3.062932611870805e-10
215.76576576576576	0.27066630314752976	38342.03502059245	3.172337027972491e-10
216.04104104104104	0.27086549936563115	38331.93002379363	3.0440301424467387e-10
216.31631631631632	0.2709695902353012	38321.8276915018	3.1626015297303224e-10
216.5915915915916	0.27112152294521	38311.728020438815	3.022912164733153e-10
216.86686686686687	0.2713480568691377	38301.63101247436	3.1515779343878627e-10
217.14214214214215	0.2714675688471588	38291.53666434081	2.999065783446409e-10
217.41741741741743	0.27149701982167224	38281.44497789744	3.138902659896757e-10
217.6926926926927	0.27163662622934204	38271.35595117003	3.2226008230123774e-10
217.96796796796798	0.27183600838403443	38261.26958216028	3.124107784050919e-10
218.24324324324326	0.2719402380458781	38251.18587274839	3.21530542326217e-10
218.51851851851853	0.2720666689754514	38241.1048196572	3.107453832770593e-10
218.7937937937938	0.2723537580649391	38231.026424758544	3.206934019378375e-10
219.0690690690691	0.2726927144052663	38220.95068478502	3.0877323013013834e-10
219.34434434434436	0.27297006923162526	38210.877601598884	3.1967912041532685e-10
219.61961961961964	0.27316300804903487	38200.80717194305	3.064940413199338e-10
219.89489489489492	0.27331356887382624	38190.73939766974	3.1848031583364573e-10
220.17017017017017	0.27351999836951696	38180.67427553313	3.0388947801434677e-10
220.44544544544544	0.2737637946227193	38170.611807374735	3.1709251538328724e-10
220.72072072072072	0.27395017854108433	38160.55199123188	3.249807906767075e-10
220.995995995996	0.2740716422905745	38150.49482511942	3.154250177608661e-10
221.27127127127127	0.2741689426361627	38140.440310897764	3.241421715958378e-10
221.54654654654655	0.2743181608380611	38130.38844531397	3.13517355640205e-10
221.82182182182183	0.2745641919868744	38120.3392302194	3.2316482988614563e-10
222.0970970970971	0.27485331447831673	38110.29266237139	3.112694284264581e-10
222.37237237237238	0.2751027525941692	38100.24874361119	3.2198998020669093e-10
222.64764764764766	0.2752170638701416	38090.2074707071	3.0867703015558897e-10
222.92292292292294	0.27526469664329223	38080.168845489585	3.206073246812822e-10
223.1981981981982	0.2754386751848031	38070.13286473903	3.0572398186400147e-10
223.4734734734735	0.2756868734609722	38060.099530274514	3.190176300730182e-10
223.74874874874877	0.2758578792779557	38050.06884014775	3.269431054583737e-10
224.02402402402404	0.27601687076001385	38040.04079238789	3.1709466050842725e-10
224.29929929929932	0.2762440384764838	38030.01538883275	3.259590748881672e-10
224.5745745745746	0.2764424539132812	38019.992626256426	3.1483483070039745e-10
224.84984984984985	0.27653841480991226	38009.972506486614	3.247764017821641e-10
225.12512512512512	0.276565102843639	37999.95502630841	3.122617673863617e-10
225.4004004004004	0.27661371362220477	37989.94018753898	3.2340689940355296e-10
225.67567567567568	0.2768082911774767	37979.92798697544	3.0929732008158794e-10
225.95095095095095	0.2770202129433813	37969.91842642337	3.218130758800499e-10
226.22622622622623	0.27700149968558196	37959.91150269233	3.0591486990575374e-10
226.5015015015015	0.27690348334986764	37949.9072175753	3.1996485830622567e-10
226.77677677677679	0.27698058235901674	37939.90556914071	3.2832432586513817e-10
227.05205205205206	0.277225098686211	37929.90655543272	3.178015146217271e-10
227.32732732732734	0.2775425448955388	37919.910178264625	3.2720376254550096e-10
227.60260260260262	0.27779009585026876	37909.91643443941	3.152226943488192e-10
227.8778778778779	0.2779434355816004	37899.92532575945	3.2583813014293405e-10
228.15315315315317	0.2781451891402309	37889.93684903983	3.1220740098808265e-10
228.42842842842845	0.2783993154549821	37879.951006071315	3.242182173545444e-10
228.70370370370372	0.27859051278309965	37869.96779368196	3.086582370726269e-10
228.978978978979	0.278704292743045	37859.98721364945	3.222837086652201e-10
229.25425425425428	0.2787891622965999	37850.00926405201	3.303782978155423e-10
229.52952952952953	0.2789312040444632	37840.033942944516	3.199743907927542e-10
229.8048048048048	0.2791985523819639	37830.06125212387	3.2917308480645804e-10
230.08008008008008	0.27957283529269455	37820.091188413215	3.1717698986466495e-10
230.35535535535536	0.27998482133487634	37810.123753598076	3.276877154745406e-10
230.63063063063063	0.28030915199406187	37800.15894451413	3.1377356814529876e-10
230.9059059059059	0.28054914833069156	37790.19676293404	3.2584607485851686e-10
231.1811811811812	0.2808359111990019	37780.23720570787	3.096956843506541e-10
231.45645645645646	0.2811122903454671	37770.28027459401	3.236114255143899e-10
231.73173173173174	0.2812400908633873	37760.325967683	3.318578986059503e-10
232.00700700700702	0.28138847672745815	37750.37428304164	3.2086525689981053e-10
232.2822822822823	0.281733057360259	37740.42522244743	3.304017840956877e-10
232.55755755755757	0.2820176866046298	37730.47878274673	3.175074620464274e-10
232.83283283283285	0.282075232572906	37720.53496570403	3.285869988335531e-10
233.10810810810813	0.28214653664197853	37710.59376817978	3.1355397936822175e-10
233.3833833833834	0.2823716384503668	37700.65519192485	3.2642428044008644e-10
233.65865865865868	0.282683458135389	37690.719235035234	3.340498073593484e-10
233.93393393393396	0.28296800093184876	37680.78589558509	3.236920598577723e-10
234.2092092092092	0.28310794242610365	37670.8551753416	3.3260363412358056e-10
234.48448448448448	0.28318338313224506	37660.92707116358	3.204186457026255e-10
234.75975975975976	0.28333822862251695	37651.00158480603	3.3083987819676565e-10
235.03503503503504	0.2835489976270891	37641.07871314175	3.164607621518256e-10
235.3103103103103	0.28375189903239556	37631.15845791165	3.2867959888727485e-10
235.5855855855856	0.283909787599049	37621.2408172181	3.3591244343006364e-10
235.86086086086087	0.28404235071312534	37611.32578914301	3.259942423195781e-10
236.13613613613614	0.2842511876997403	37601.413375442746	3.344952590883377e-10
236.41141141141142	0.28454255803042444	37591.50357298985	3.2268425108052295e-10
236.6866866866867	0.28482701536482125	37581.596383528115	3.3271700084410927e-10
236.96196196196198	0.2851125879717514	37571.691803944144	3.1859679299433766e-10
237.23723723723725	0.2854490131938358	37561.78983596734	3.3048765225089306e-10
237.51251251251253	0.28575200676425977	37551.89047770767	3.375189234476272e-10
237.7877877877878	0.28593795481774886	37541.9937272553	3.276274219822752e-10
238.06306306306308	0.28610229606389165	37532.09958635383	3.360030285154645e-10
238.33833833833836	0.2863171436946361	37522.208051891255	3.24087945165605e-10
238.61361361361364	0.28652620685750724	37512.319125598115	3.340929383150941e-10
238.88888888888889	0.28666306935279484	37502.432804377044	3.1973060207192766e-10
239.16416416416416	0.28667719382933615	37492.54908994344	3.317040960911727e-10
239.43943943943944	0.2866507799701444	37482.66798041618	3.387729296986294e-10
239.71471471471472	0.28674766422368975	37472.7894738943	3.287597054108956e-10
239.98998998999	0.28696745025520287	37462.91357210791	3.3720986903755763e-10
240.26526526526527	0.2872364796430086	37453.04027196133	3.2507771658407996e-10
240.54054054054055	0.28750675416384097	37443.169575171116	3.3522055578591257e-10
240.81581581581582	0.28774525443935123	37433.301478656744	3.2048174226688807e-10
241.0910910910911	0.28793912882330946	37423.435984119074	3.326997379093386e-10
241.36636636636638	0.2880923372945291	37413.57308968638	3.3990443751604514e-10
241.64164164164166	0.2882299657074699	37403.712793466584	3.294963344009108e-10
241.91691691691693	0.2883761832701217	37393.85509717507	3.381932314318145e-10
242.1921921921922	0.28854942426762864	37383.999997733634	3.255003025725361e-10
242.4674674674675	0.2887360503687142	37374.14749684349	3.360226340852534e-10
242.74274274274276	0.2889061051618339	37364.29759144247	3.205217974295807e-10
243.01801801801804	0.2890444366337879	37354.450283215156	3.3328151533385913e-10
243.29329329329332	0.28914700265907145	37344.60557030023	3.4079386744918695e-10
243.56856856856857	0.2892290064252419	37334.76345081489	3.2981504270923843e-10
243.84384384384384	0.28934159563243317	37324.92392645908	3.3893141709611474e-10
244.11911911911912	0.28959260409182197	37315.08699417312	3.254608458183945e-10
244.3943943943944	0.28991259714271966	37305.252655641925	3.365580918588017e-10
244.66966966966967	0.29003794128978494	37295.420909004286	3.430978549830542e-10
244.94494494494495	0.2900527775236403	37285.591752380955	3.3350974301972384e-10
245.22022022022023	0.2902570163160782	37275.76518746929	3.414806984297576e-10
245.4954954954955	0.29058622217375096	37265.94121121361	3.2960978273495887e-10
245.77077077077078	0.2908439514638083	37256.11982529703	3.3937322464336194e-10
246.04604604604606	0.2909762249721402	37246.30102667953	3.246801053147415e-10
246.32132132132134	0.29100354291415587	37236.48481702774	3.366650622046589e-10
246.5965965965966	0.2910355911629667	37226.67119449218	3.437136444523077e-10
246.8718718718719	0.29113722418027327	37216.86015720353	3.3322567219239014e-10
247.14714714714717	0.29128807382825694	37207.05170684221	3.418721580191769e-10
247.42242242242244	0.29148313356266864	37197.24584037229	3.2885931674266233e-10
247.69769769769772	0.2917321080866419	37187.442559459116	3.394957289461352e-10
247.972972972973	0.29199029173869623	37177.64186108397	3.2328932849810444e-10
248.24824824824825	0.29220372367341463	37167.843746894	3.364236724053293e-10
248.52352352352352	0.292434930895783	37158.04821505215	3.441334408897633e-10
248.7987987987988	0.292747346850021	37148.255263699364	3.323799909363393e-10
249.07407407407408	0.29308584261868253	37138.46489449781	3.4194855749383133e-10
249.34934934934935	0.2933621022284895	37128.677104433256	3.2713869062959687e-10
249.62462462462463	0.2934735653406479	37118.891895150395	3.390693289864876e-10
249.8998998998999	0.2934527023336409	37109.10926481385	3.460716315913968e-10
250.17517517517518	0.2934754060755274	37099.32921156869	3.3536536169383e-10
250.45045045045046	0.29357436587126157	37089.551737072885	3.4408110929562474e-10
250.72572572572574	0.2936941887893011	37079.77683831771	3.3062669671551467e-10
251.00100100100101	0.2939013873985861	37070.00451694512	3.4149401905204434e-10
251.2762762762763	0.294247454315714	37060.23477112219	3.4787952612320684e-10
251.55155155155157	0.2945171905803971	37050.46759899828	3.3802834838106135e-10
251.82682682682685	0.29456427284869713	37040.70300222609	3.460304947611304e-10
252.10210210210212	0.2945531286846759	37030.94097780325	3.335989927203394e-10
252.3773773773774	0.2946254918917641	37021.181527367466	3.4362243745689624e-10
252.65265265265268	0.29482227347777024	37011.42464793403	3.2790291624530297e-10
252.92792792792793	0.29504612435796773	37001.67034112218	3.404863145528391e-10
253.2032032032032	0.29512125464826294	36991.918605113024	3.4785737365711877e-10
253.47847847847848	0.29518864265630773	36982.16943806681	3.3637619211204586e-10
253.75375375375376	0.29548248428481644	36972.42284161674	3.4563851910464123e-10
254.02902902902903	0.2958475810861746	36962.678812784136	3.309624498258539e-10
254.3043043043043	0.2960955339192697	36952.937353184105	3.426701963202215e-10
254.5795795795796	0.296300941780168	36943.198461000684	3.495296013232878e-10
254.85485485485486	0.296516422987669	36933.46213439887	3.3868792429277377e-10
255.13013013013014	0.2966758487103972	36923.72837500575	3.4738729654736585e-10
255.40540540540542	0.29678972004616627	36913.99717984991	3.3348747790646604e-10
255.6806806806807	0.29695683873347195	36904.26855054134	3.4454189196677816e-10
255.95595595595597	0.29719409357165005	36894.5424852678	3.5101910166031663e-10
256.2312312312313	0.297460023480784	36884.818982199184	3.406970790715279e-10
256.5065065065065	0.29770620144235865	36875.09804295618	3.489592868993883e-10
256.7817817817818	0.29788947857015746	36865.3796645755	3.356026936824697e-10
257.0570570570571	0.2979954555572721	36855.66384866073	3.461780153222702e-10
257.3323323323324	0.29806156977949744	36845.95059340373	3.5237244116590793e-10
257.60760760760763	0.29822068297054727	36836.2398969796	3.4244935732909567e-10
257.8828828828829	0.2984800431394764	36826.53176100207	3.5038099542183406e-10
258.15815815815813	0.29867509082046206	36816.82618251654	3.374753206245559e-10
258.43343343343344	0.2988390520743634	36807.123163119875	3.476721016214557e-10
258.70870870870874	0.29914436984305365	36797.422701008625	3.536452428747229e-10
258.983983983984	0.2994799637020386	36787.724794363174	3.439383739577188e-10
259.25925925925924	0.29965956365498675	36778.029444789325	3.516537114574356e-10
259.53453453453454	0.2998298347312207	36768.336649342025	3.389360062719018e-10
259.80980980980985	0.30013254859112026	36758.64640961053	3.4893240699484703e-10
260.0850850850851	0.30042311578920144	36748.958723796364	3.5478445830986337e-10
260.36036036036035	0.3006107557716734	36739.27359008538	3.4515660583556755e-10
260.63563563563565	0.3007723767425453	36729.59101007516	3.5277011400212313e-10
260.91091091091096	0.30093609722260783	36719.910980830864	3.4006120939722064e-10
261.1861861861862	0.30106756609058605	36710.23350393306	3.499966460949057e-10
261.46146146146145	0.30116929575004064	36700.558577588825	3.5580865396413215e-10
261.73673673673676	0.30126823497032207	36690.88619998979	3.4619805175118075e-10
262.01201201201206	0.3013880243045216	36681.21637272496	3.5378224878725203e-10
262.2872872872873	0.3015447133887083	36671.54909286998	3.41064204396681e-10
262.56256256256256	0.3017324329639163	36661.884361996716	3.5098914357983166e-10
262.8378378378378	0.3019136173115963	36652.22217831799	3.5679243047245836e-10
263.1131131131131	0.30199785064504225	36642.56254003111	3.4713242522812004e-10
263.3883883883884	0.301991208829407	36632.905448716054	3.5473359129114254e-10
263.66366366366367	0.30202657695956536	36623.2509014592	3.419551331076687e-10
263.9389389389389	0.30218862826148074	36613.598899823526	3.5191646613481123e-10
264.2142142142142	0.3025014875940668	36603.949442027864	3.5773894634501853e-10
264.48948948948953	0.30285821283014125	36594.30252627549	3.479552298647528e-10
264.7647647647648	0.3031148981591099	36584.658154137236	3.556248206520469e-10
265.04004004004	0.30323906276320894	36575.01632271052	3.4253497546752123e-10
265.31531531531533	0.30325987498384477	36565.377033548284	3.526705967833052e-10
265.59059059059064	0.3032848393839012	36555.7402848756	3.5858769614012767e-10
265.8658658658659	0.303393446117907	36546.10607490175	3.486063933235926e-10
266.14114114114113	0.3035981120180164	36536.474405188244	3.5641460098982643e-10
266.41641641641644	0.30383519258433744	36526.845272844126	3.4301859102361744e-10
266.69169169169174	0.30398770765027716	36517.21867941242	3.5336799976847284e-10
266.966966966967	0.3040911445054394	36507.594623124605	3.5940508921785327e-10
267.24224224224224	0.3042486437926433	36497.97310219601	3.491216494711349e-10
267.5175175175175	0.3044217264719437	36488.35411817823	3.571294727540696e-10
267.7927927927928	0.3045580798340585	36478.737668192116	3.4329162050196395e-10
268.0680680680681	0.3047274896641419	36469.123753770364	3.5394582070067383e-10
268.34334334334335	0.304944774430965	36459.51237315131	3.6015515802864876e-10
268.6186186186186	0.3050723976014377	36449.90352455637	3.494781913204482e-10
268.8938938938939	0.3051116812446858	36440.29720952681	3.5775368016239673e-10
269.1691691691692	0.3052390770821904	36430.693425195954	3.433553167785755e-10
269.44444444444446	0.30545807644834067	36421.0921730856	3.544048519276809e-10
269.7197197197197	0.3056426489572018	36411.49345144105	3.6083756677284345e-10
269.994994994995	0.3057143723075006	36401.89725849001	3.497028230057203e-10
270.2702702702703	0.305657705603285	36392.30359576321	3.583026972666427e-10
270.54554554554556	0.305625850137954	36382.71246040648	3.4331110934893597e-10
270.8208208208208	0.30571849643964033	36373.123853930505	3.5479981070883427e-10
271.0960960960961	0.30579637548977906	36363.5377745878	3.614819919963813e-10
271.3713713713714	0.3058106142063481	36353.954220612344	3.499417669340674e-10
271.6466466466467	0.3058938596566981	36344.373193524705	3.5885949631231125e-10
271.9219219219219	0.30605560002301807	36334.79469048321	3.432679691629611e-10
272.19719719719717	0.3061923248809728	36325.2187129873	3.5519872888221885e-10
272.4724724724725	0.3063336524644325	36315.64525929666	3.621318917839936e-10
272.7477477477478	0.3065522440555909	36306.074327651826	3.5005600823579926e-10
273.02302302302303	0.3067336898153498	36296.50591956249	3.593500598052993e-10
273.2982982982983	0.30678667566774115	36286.94003219977	3.429777869924274e-10
273.5735735735736	0.30688763738829283	36277.37666705141	3.5545955408825657e-10
273.8488488488489	0.30711700539913733	36267.81582238481	3.627051953679428e-10
274.12412412412414	0.3072863220452375	36258.25749644688	3.4998090319662246e-10
274.3993993993994	0.30734971430844377	36248.701690736074	3.597322410216632e-10
274.6746746746747	0.307450712617318	36239.14840351331	3.6541079125611397e-10
274.94994994995	0.30765787518054977	36229.59763302449	3.5551964702658836e-10
275.22522522522524	0.30795560438442643	36220.04938077553	3.6316523524976617e-10
275.5005005005005	0.30815959986952907	36210.503643942946	3.495928983200838e-10
275.7757757757758	0.30812264686716684	36200.9604240131	3.5993792490122917e-10
276.0510510510511	0.30812780040936	36191.4197192546	3.659529933039493e-10
276.32632632632635	0.30838822696287416	36181.881527920086	3.553767695152874e-10
276.6016016016016	0.30870690850936283	36172.34585150412	3.6351022898226976e-10
276.87687687687685	0.30889733657779556	36162.812687196856	3.4894682162851475e-10
277.15215215215215	0.3088806030914806	36153.282036472076	3.5999775977003453e-10
277.42742742742746	0.30877678466243075	36143.753897606366	3.664130753229644e-10
277.7027027027027	0.30884127038942655	36134.22826885896	3.5508024502859536e-10
277.97797797797796	0.30904611499980145	36124.705151712886	3.637667860261249e-10
278.25325325325326	0.30924362301996267	36115.1845433723	3.4817793720997176e-10
278.52852852852857	0.3094610782205199	36105.66644529845	3.5998822694154155e-10
278.8038038038038	0.3097148831324693	36096.150855776235	3.668363781303685e-10
279.07907907907907	0.3098267584119317	36086.637773071496	3.5457610023112525e-10
279.35435435435437	0.30974957646267093	36077.12719865471	3.6390840639976167e-10
279.6296296296297	0.30972351052817804	36067.619130805244	3.693370098327191e-10
279.9049049049049	0.3098628911966928	36058.11356778831	3.597518259521158e-10
280.1801801801802	0.3101102146108729	36048.6105110812	3.671291652907735e-10
280.4554554554555	0.3103505057340166	36039.109957895394	3.5384084056798864e-10
280.7307307307308	0.3104691848389857	36029.61190968877	3.639200355584743e-10
281.00600600600603	0.31056805923827463	36020.11636474876	3.697732832295623e-10
281.2812812812813	0.31077944194945417	36010.623321347346	3.5929891458876304e-10
281.5565565565566	0.31102328827438785	36001.132780949745	3.673023952537029e-10
281.83183183183183	0.3112102759991979	35991.6447407819	3.527237567161891e-10
282.10710710710714	0.3113410234631338	35982.15920228808	3.637167180133971e-10
282.3823823823824	0.31146272854464274	35972.67616376451	3.700885877414294e-10
282.6576576576577	0.3116614095280017	35963.19562349021	3.58539636942929e-10
282.93293293293294	0.31189911565938294	35953.717582917634	3.6730249494425533e-10
283.20820820820825	0.31204968469747857	35944.242039288176	3.511670503819577e-10
283.4834834834835	0.31212851263539837	35934.76899403127	3.6326444811887307e-10
283.75875875875874	0.3122177372186681	35925.29844545263	3.702629924426382e-10
284.03403403403405	0.3123689715320083	35915.8303918386	3.574527971429032e-10
284.3093093093093	0.31259129542303027	35906.36483462814	3.671169006212231e-10
284.5845845845846	0.31280247257146593	35896.90177212142	3.727255972749738e-10
284.85985985985985	0.31297024332528695	35887.44120260388	3.624996310431179e-10
285.13513513513516	0.3131677253411712	35877.983127520645	3.7026182524626406e-10
285.4104104104104	0.3133810937759916	35868.527544122444	3.558442069976849e-10
285.6856856856857	0.3135083135295344	35859.07445383319	3.666374151722202e-10
285.96096096096096	0.3135716303649629	35849.62385496251	3.7288632107832613e-10
286.23623623623627	0.31365986602719886	35840.175745803295	3.6136908154005934e-10
286.5115115115115	0.3137721573303329	35830.730127787036	3.7005273268101876e-10
286.7867867867868	0.31388173874011627	35821.28699818086	3.5382568193111145e-10
287.06206206206207	0.3139923120556819	35811.8463583929	3.659245175103585e-10
287.3373373373374	0.31410927182167336	35802.40820674299	3.7291506046237014e-10
287.6126126126126	0.31422761743257377	35792.97254153161	3.599214027525479e-10
287.8878878878879	0.31434450232576516	35783.53936417587	3.696650933572204e-10
288.1631631631632	0.31446091311225194	35774.10867299031	3.7531219006117337e-10
288.4384384384384	0.3145695477184767	35764.68046627459	3.6489663596725026e-10
288.71371371371373	0.31466488962567457	35755.25474545198	3.7276635544420456e-10
288.988988988989	0.3148091494758933	35745.831507799834	3.580177990591413e-10
289.2642642642643	0.31505662557523034	35736.41075471983	3.6902111987713996e-10
289.53953953953953	0.3152796445964344	35726.99248453641	3.753832449962117e-10
289.81481481481484	0.315375528312822	35717.576695556716	3.634935064668201e-10
290.0900900900901	0.31544014602829884	35708.16338918972	3.7240715678848717e-10
290.3653653653654	0.31551280166534923	35698.75256375556	3.7757738545724666e-10
290.64064064064064	0.31550038071607917	35689.34421756098	3.68032265048915e-10
290.91591591591595	0.3154638668926398	35679.93835202009	3.7525761738719323e-10
291.1911911911912	0.315602425440643	35670.53496442161	3.617070283464641e-10
291.4664664664665	0.3158739762967186	35661.13405615951	3.718307164084642e-10
291.74174174174175	0.31611369583347915	35651.73562556358	3.7768834997362127e-10
292.01701701701705	0.3163032758865647	35642.33967094809	3.6671906925135723e-10
292.2922922922923	0.3164625671648215	35632.94619371314	3.7495269629589914e-10
292.5675675675676	0.316561507114313	35623.55519116426	3.592893961249348e-10
292.84284284284286	0.31659149029594963	35614.16666467838	3.7089950089733233e-10
293.1181181181181	0.3166076645592467	35604.78061259604	3.775989543303094e-10
293.3933933933934	0.3167070292785724	35595.39703323951	3.6496434316376633e-10
293.66866866866866	0.3170084517610808	35586.01592799407	3.7439733023206435e-10
293.94394394394396	0.3173528840339315	35576.637295195585	3.798581793583149e-10
294.2192192192192	0.31743692143077207	35567.26113316546	3.6957757939599505e-10
294.4944944944945	0.31743349571071927	35557.887443294	3.772906625981027e-10
294.76976976976977	0.31762437497469226	35548.51622289901	3.6253144433076716e-10
295.0450450450451	0.3178294099804951	35539.147473348734	3.7346058388831474e-10
295.3203203203203	0.31788230015204805	35529.7811929896	3.7976817825833444e-10
295.5955955955956	0.31795241373408767	35520.417380151186	3.6777547191219056e-10
295.8708708708709	0.31811319909506364	35511.056036208814	3.767114371887455e-10
296.1461461461462	0.31822741204841287	35501.697159504925	3.8188539285109527e-10
296.4214214214214	0.31832566126275796	35492.34074836876	3.7212430398606165e-10
296.69669669669673	0.3185768445368267	35482.98680418043	3.79453773366461e-10
296.971971971972	0.3188309324799599	35473.63532427045	3.653111007538314e-10
297.2472472472473	0.31883346325616313	35464.28630999692	3.757590835220147e-10
297.52252252252254	0.3187634714225095	35454.93975971303	3.8178892793637036e-10
297.7977977977978	0.31885090715049924	35445.59567175609	3.7028765381360376e-10
298.0730730730731	0.3190240007480299	35436.25404749095	3.788567145299052e-10
298.34834834834834	0.3192118143587026	35426.91488526717	3.8381925315376096e-10
298.62362362362364	0.31945236505314256	35417.57818342185	3.7439631260942827e-10
298.8988988988989	0.3197188048230675	35408.243943323905	3.814628093660709e-10
299.1741741741742	0.31990247521082954	35398.91216231739	3.677386486586743e-10
299.44944944944945	0.3199712941650295	35389.58284174987	3.7786014486194547e-10
299.72472472472475	0.3199506428108358	35380.25597998169	3.8370068842812223e-10
300.0	0.3198671096345515	35370.93157535778	3.72500493977029e-10
