0.009469299791879555	9.840059247009574	5255.997300614634	6.70442100311551	0.005840839917681685
25.0	0.051003322259136216	33212.0	10.0
25.275275275275277	0.051621015291277085	33870.451116897355	9.091276932120609
25.55055055055055	0.05223822033207779	34470.53131837881	8.255722262232267
25.825825825825827	0.05293397034616181	35017.03033041015	7.4873408748969785
26.1011011011011	0.053692532312069524	35514.074379275226	6.780974902977713
26.376376376376378	0.054468250802270954	35965.00271495673	6.132462723363308
26.65165165165165	0.0551983678231577	36372.47436334897	5.53850428384565
26.926926926926928	0.05593207868120482	36739.53159829971	4.995304806689679
27.2022022022022	0.056796306311961316	37069.892595204496	4.498200380896262
27.47747747747748	0.05772111031939738	37366.384165312425	4.0436574370540015
27.75275275275275	0.0585507167557497	37630.777153216164	3.629484718332529
28.02802802802803	0.0592395099215292	37864.75797445382	3.2535951249810435
28.303303303303302	0.059825360301304954	38070.338250444634	2.9134829219829883
28.57857857857858	0.060486462290002194	38250.2309265293	2.605742894843137
28.853853853853856	0.06128470425593041	38407.06026209654	2.3270774836168
29.12912912912913	0.06203713886670368	38542.55313414564	2.0753293958307513
29.404404404404403	0.06270174162124079	38658.27240170421	1.8485471910178752
29.67967967967968	0.06341001543279905	38756.07891861467	1.6443957826672122
29.954954954954957	0.06421734794340204	38837.7736543825	1.4606127165605205
30.23023023023023	0.06511033127323064	38904.92130883945	1.2952334780606654
30.505505505505504	0.0659969384806117	38958.76444983533	1.1467015945888686
30.78078078078078	0.06678578736034005	39000.335915211384	1.0137257977310161
31.056056056056057	0.06750594134723789	39030.69409338794	0.8949800794198892
31.33133133133133	0.06819839494988295	39050.89850302984	0.7891348161896778
31.606606606606608	0.06886864769011719	39061.93894021762	0.6949472206267557
31.88188188188188	0.06955389650041505	39064.761749832935	0.6112279460447032
32.15715715715716	0.07033314225299057	39060.28513645896	0.5368216281598124
32.432432432432435	0.07116580142499294	39049.28788234279	0.47074901290187615
32.70770770770771	0.07193200740556774	39032.395157009254	0.41222535926406967
32.98298298298298	0.07270550764371558	39010.23385398598	0.3604624413820936
33.25825825825826	0.07360581559204465	38983.426693258436	0.3146760740418211
33.533533533533536	0.07449193747421826	38952.45863853686	0.27425666217431943
33.808808808808806	0.07522041065593525	38917.72514551157	0.23870788686665312
34.08408408408408	0.07585954388479424	38879.63001045687	0.20752196880729906
34.35935935935936	0.07647623013493986	38838.56542551764	0.18020511389272464
34.63463463463464	0.07707500765314675	38794.88557615586	0.1563112443954789
34.90990990990991	0.07768665331430007	38748.914094164604	0.13543256197121553
35.18518518518518	0.07836341468148122	38700.94672645696	0.11719620323907137
35.46046046046046	0.07902539958807185	38651.22995281815	0.10129159520305234
35.73573573573574	0.07954894024449155	38599.96859297973	0.08746084475459732
36.01101101101101	0.08006308341846272	38547.366417123485	0.0754469779000325
36.286286286286284	0.0807227128229892	38493.618119275416	0.06500418923948267
36.56156156156156	0.08143067718215764	38438.88125755799	0.05593368377683346
36.83683683683684	0.08210402978382624	38383.28774623067	0.04806908164881052
37.112112112112115	0.08280405937576066	38326.95914182953	0.041256955379741715
37.38738738738739	0.08351939090690756	38270.00143699659	0.035363497755669444
37.66266266266266	0.08413155432487368	38212.50260947485	0.0302776829620004
37.93793793793794	0.08465324393791439	38154.54277447148	0.025898342315583373
38.213213213213216	0.08519637153470262	38096.197274892314	0.022130235173855525
38.488488488488485	0.0857944705191719	38037.53240868165	0.01888951355424947
38.76376376376376	0.08643960340968075	37978.6050876696	0.016104176271879864
39.03903903903904	0.08711298640846808	37919.46408199859	0.013712499503704898
39.314314314314316	0.08777847200127778	37860.15108908858	0.01166168880539287
39.58958958958959	0.08836383325358774	37800.701521864896	0.009906887349297929
39.86486486486486	0.0889011675104875	37741.147161663255	0.0084078019201844
40.14014014014014	0.08958557815469988	37681.51785042884	0.007126549941815864
40.41541541541542	0.0903659174767747	37621.83820688849	0.006031855915240957
40.690690690690694	0.09096828368963769	37562.12716909978	0.00509964626414337
40.965965965965964	0.09145593149529554	37502.40224655524	0.004307632356659898
41.24124124124124	0.0920541598530939	37442.680069121925	0.0036346125512845676
41.51651651651652	0.09271665981325741	37382.974407787	0.0030630009814266892
41.791791791791795	0.09332441123303604	37323.296517516406	0.0025784074259787657
42.06706706706707	0.09384658429565593	37263.656086390685	0.0021683914119593555
42.34234234234234	0.09434449447899869	37204.06171087989	0.0018219014249251878
42.61761761761762	0.09501787956864738	37144.52119819396	0.0015288759037745579
42.892892892892895	0.09583423125195933	37085.04093838524	0.0012810464924377409
43.168168168168165	0.09648348071064103	37025.625777687856	0.0010721026585938194
43.44344344344344	0.09698146127741886	36966.28002369427	0.0008964115740175181
43.71871871871872	0.09757069774171898	36907.007699807684	0.0007486943714624897
43.993993993993996	0.09826987804922492	36847.81216698696	0.0006245096421984151
44.26926926926927	0.09900446776502493	36788.69615542924	0.0005202143480630367
44.54454454454455	0.09974837001326277	36729.66194160322	0.00043273910447135953
44.81981981981982	0.10048648099097039	36670.71143369346	0.000359480029421593
45.0950950950951	0.10119888900956102	36611.846227606235	0.00029822800114338914
45.37037037037037	0.10188448702453963	36553.06766321364	0.000247097498209815
45.645645645645644	0.10256862869041171	36494.37686673424	0.00020447305059985627
45.92092092092092	0.10321982011656927	36435.77476064277	0.00016899703395372313
46.1961961961962	0.10377005831434512	36377.262091918	0.00013953401932296033
46.471471471471475	0.10433125665769778	36318.83949654962	0.00011508879379264082
46.74674674674675	0.1050618250997582	36260.50750515669	9.479941407206082e-05
47.02202202202202	0.1058083788615694	36202.266508672175	7.798125757533435e-05
47.2972972972973	0.1064042105141679	36144.11680075916	6.406964640688108e-05
47.572572572572575	0.10697519082223238	36086.05861347172	5.2583022135520116e-05
47.847847847847845	0.10761101065630385	36028.092126691234	4.3104065516640906e-05
48.12312312312312	0.10822886733788298	35970.217459487685	3.5292707963978715e-05
48.3983983983984	0.10881955983517827	35912.43468698206	2.886472953965781e-05
48.673673673673676	0.10947161784479342	35854.74385081243	2.357848646187893e-05
48.94894894894895	0.11016195218712166	35797.1449588932	1.923526637000609e-05
49.22422422422423	0.11079718860062729	35739.63799026309	1.567314533307842e-05
49.4994994994995	0.11137439637971086	35682.222903314156	1.2756525647802832e-05
49.77477477477478	0.11193090965018997	35624.89963951592	1.037139948424552e-05
50.05005005005005	0.11250650991866444	35567.66812556548	8.422606156230466e-06
50.32532532532532	0.11312001769774495	35510.528275202596	6.831500922932841e-06
50.6006006006006	0.11374002461772409	35453.4799910525	5.533873619295076e-06
50.87587587587588	0.11434682576818499	35396.52316711571	4.477046899236536e-06
51.151151151151154	0.114947490049651	35339.657690416396	3.617457512274724e-06
51.42642642642643	0.115547255462593	35282.8834421691	2.91917666524838e-06
51.70170170170171	0.11614938444229377	35226.200298781114	2.352640174153205e-06
51.97697697697698	0.11677038179827488	35169.60813275318	1.893513920601698e-06
52.252252252252255	0.11742190607879269	35113.10681335065	1.5218419949975878e-06
52.527527527527525	0.11805365788836042	35056.69620706055	1.2214333598927444e-06
52.8028028028028	0.11862369832353294	35000.376178212864	9.790724788481989e-07
53.07807807807808	0.11917384019846829	34944.146589567856	7.838217948098393e-07
53.353353353353356	0.11974189400432766	34888.007302569815	6.267003374829093e-07
53.62862862862863	0.1203294399200299	34831.95817754496	5.004090190926636e-07
53.90390390390391	0.1208905972728307	34775.99907388638	3.990567847246179e-07
54.17917917917918	0.12134642412890802	34720.12985023755	3.178907254025262e-07
54.454454454454456	0.12179743536685075	34664.35036870715	2.5300784103828093e-07
54.729729729729726	0.12242605833286323	34608.66048991897	2.0114271441368794e-07
55.005005005005	0.12314906894303784	34553.06007192989	1.5970551690024835e-07
55.28028028028028	0.12381271115115831	34497.54897259552	1.2666119644306533e-07
55.55555555555556	0.12440836355046733	34442.12704970282	1.0035731933090379e-07
55.830830830830834	0.12496855418628415	34386.794161028505	7.944885471358183e-08
56.10610610610611	0.12553889525031262	34331.5501643795	6.284615802791387e-08
56.38138138138139	0.12608872712346483	34276.39491762086	4.967926727767514e-08
56.65665665665666	0.12649616450846843	34221.32827870577	3.925916370632911e-08
56.931931931931935	0.12687667656354737	34166.35010571903	3.1021031751496376e-08
57.20720720720721	0.12749740606401	34111.460256894585	2.450166427962391e-08
57.48248248248248	0.12817699828811477	34056.658590609964	1.9346668933363235e-08
57.75775775775776	0.12859941261754643	34001.94496540679	1.5283423821664067e-08
58.033033033033036	0.12891993833648097	33947.31924001791	1.2085717602097326e-08
58.30830830830831	0.12934101789468805	33892.78127337078	9.569030073279233e-09
58.58358358358358	0.1297973424605074	33838.330924587965	7.589529713151342e-09
58.85885885885886	0.13026605265919444	33783.968052994736	6.0338751374407666e-09
59.134134134134136	0.1308654427687556	33729.69251812484	4.8113925697435665e-09
59.40940940940941	0.13151774971012722	33675.504179722004	3.851575837093334e-09
59.68468468468468	0.13195793242629336	33621.40289774263	3.1001203108447696e-09
59.95995995995996	0.1322567020724422	33567.38853236014	2.512938821443396e-09
60.23523523523524	0.1326709460494749	33513.46094396645	2.0540932403453428e-09
60.510510510510514	0.13324713612192385	33459.61999317169	1.6954989620416942e-09
60.78578578578579	0.13391811229058168	33405.86554080494	1.4154607817190924e-09
61.06106106106106	0.13450504026391544	33352.19744791489	1.197253929307011e-09
61.33633633633634	0.1349327606758278	33298.61557577066	1.02767599602303e-09
61.611611611611615	0.1353917767439962	33245.11978586244	8.960454115133317e-10
61.88688688688689	0.1359357261892377	33191.70993990113	7.93978460582345e-10
62.16216216216216	0.13640854409160463	33138.385899818226	7.150318554528259e-10
62.43743743743744	0.13678338088831815	33085.147527765956	6.541400457650892e-10
62.712712712712715	0.13714370015181807	33031.99468611719	6.072893917366632e-10
62.98798798798799	0.13754870251136275	32978.92723746529	5.713344781514209e-10
63.26326326326326	0.13803852792352692	32925.94504462384	5.438267160805391e-10
63.53853853853854	0.13862658943774733	32873.04797062637	5.228686489052383e-10
63.813813813813816	0.13926432780534542	32820.23587872612	5.069963023101811e-10
64.0890890890891	0.13976183973548947	32767.50863239557	4.95085883908761e-10
64.36436436436436	0.1400738965854927	32714.866095326353	4.862546631602697e-10
64.63963963963964	0.14041523874062703	32662.308131429058	4.797992700688386e-10
64.91491491491492	0.14085535144567776	32609.83460483283	4.751748404603466e-10
65.1901901901902	0.14130610928485232	32557.44537988492	4.719646232896393e-10
65.46546546546547	0.14176092205488397	32505.140321150444	4.698462902853129e-10
65.74074074074073	0.1422531512661353	32452.919293412026	4.685702628020897e-10
66.01601601601601	0.14273763401312295	32400.782161669475	4.679442572430996e-10
66.29129129129129	0.1431725198643491	32348.72879113938	4.678196207801889e-10
66.56656656656656	0.14362326459630623	32296.759047254898	4.680813380871246e-10
66.84184184184184	0.1441298231947188	32244.872795665353	4.6864101821097e-10
67.11711711711712	0.1446380401789209	32193.069902235853	4.694305689846611e-10
67.3923923923924	0.14513120412129696	32141.35023304699	4.703974540449641e-10
67.66766766766767	0.1456476573064335	32089.71365439447	4.715014756145871e-10
67.94294294294295	0.14616939087507877	32038.1600327888	4.72711656930562e-10
68.21821821821823	0.14664069660232454	31986.689234954887	4.740037800284773e-10
68.4934934934935	0.1470602796205128	31935.30112783173	4.753592049926705e-10
68.76876876876878	0.14745990738084458	31883.99557857212	4.767638933144775e-10
69.04404404404404	0.14790430307737348	31832.772454542297	4.782076719914198e-10
69.31931931931932	0.14842419146585142	31781.631623321577	4.796830701064861e-10
69.5945945945946	0.14894411298392884	31730.572952701976	4.811837319917097e-10
69.86986986986987	0.14941890618122658	31679.596310687873	4.827043977752554e-10
70.14514514514515	0.1498739734353568	31628.701565495696	4.842412853195278e-10
70.42042042042041	0.15034228415749526	31577.8885855536	4.857918198241308e-10
70.69569569569569	0.15084777358544438	31527.157239501124	4.873542682481952e-10
70.97097097097097	0.1513086486530704	31476.5073961888	4.889265612333189e-10
71.24624624624624	0.1516304164041192	31425.938924677783	4.905062559097506e-10
71.52152152152152	0.15198124259249202	31375.451694239655	4.920930685489947e-10
71.7967967967968	0.1525074374904041	31325.045574356147	4.936881492342496e-10
72.07207207207207	0.15300213248153618	31274.720434718514	4.9529044010412e-10
72.34734734734735	0.15333514329783748	31224.47614522726	4.96897933582803e-10
72.62262262262263	0.1536503827843563	31174.312575991997	4.985104668414318e-10
72.8978978978979	0.15406724462250745	31124.22959733108	5.00129035934217e-10
73.17317317317318	0.15462793630844074	31074.227079771223	5.017547851455053e-10
73.44844844844846	0.1551869531903787	31024.304894047054	5.033872134554915e-10
73.72372372372374	0.15551883235155617	30974.462911100683	5.050238425803852e-10
73.998998998999	0.15575972973809382	30924.70100208165	5.066640987054058e-10
74.27427427427428	0.156127492302025	30875.019038346643	5.083095949472283e-10
74.54954954954955	0.1565338358277736	30825.416891458968	5.099607145886193e-10
74.82482482482483	0.15687499297492918	30775.894433188183	5.116167767964915e-10
75.1001001001001	0.15719362011978028	30726.451535509874	5.132776780240838e-10
75.37537537537537	0.15754544442977492	30677.088070605332	5.149438680397613e-10
75.65065065065065	0.15797062600804043	30627.803910861217	5.166160628402007e-10
75.92592592592592	0.15843354140632698	30578.598928869185	5.182944648086465e-10
76.2012012012012	0.15884350679721349	30529.47299742551	5.199783768242442e-10
76.47647647647648	0.15921095900449939	30480.4259895308	5.216673834956745e-10
76.75175175175175	0.1595915972365036	30431.457778389744	5.233617045654189e-10
77.02702702702703	0.15998562221418966	30382.568237410727	5.250615096062189e-10
77.30230230230231	0.1603771471213964	30333.7572402055	5.267667795213385e-10
77.57757757757759	0.16075645090734106	30285.024660588835	5.284774133906127e-10
77.85285285285286	0.1611357977216772	30236.370372578232	5.301934567294887e-10
78.12812812812814	0.1615623145054593	30187.79425039362	5.319153916079671e-10
78.40340340340342	0.16202395140850043	30139.296168456975	5.336434648793655e-10
78.67867867867868	0.16244319173561167	30090.87600139197	5.353771323125016e-10
78.95395395395396	0.16278228293787309	30042.53362402365	5.371156415572465e-10
79.22922922922923	0.16305364911890396	29994.268911378174	5.388585609231724e-10
79.50450450450451	0.1634096117261954	29946.08173868258	5.406070154876413e-10
79.77977977977977	0.163956750813243	29897.971981364455	5.423628450479836e-10
80.05505505505505	0.1644116538690189	29849.93951505126	5.441247280411942e-10
80.33033033033033	0.16458993954157003	29801.984215570144	5.458899553991673e-10
80.6056056056056	0.16473232532510337	29754.105958947915	5.476588200986701e-10
80.88088088088088	0.16498591877421517	29706.30462141066	5.494329354731108e-10
81.15615615615616	0.16529292684225927	29658.580079383268	5.512129441609575e-10
81.43143143143143	0.16559320420412937	29610.932209489096	5.529987521298143e-10
81.70670670670671	0.16585204257933192	29563.360888549694	5.547899652728035e-10
81.98198198198199	0.16616625727266682	29515.865993584557	5.565872210197696e-10
82.25725725725727	0.16665264527022605	29468.44740181086	5.583921049066212e-10
82.53253253253254	0.1671977340645579	29421.104990642914	5.60204699291834e-10
82.80780780780782	0.1676661898594778	29373.838637691893	5.62023775257106e-10
83.0830830830831	0.16805892586481996	29326.648220765557	5.638484481384962e-10
83.35835835835836	0.16840788509785087	29279.53361786801	5.65678383037649e-10
83.63363363363364	0.1687562031371497	29232.49470719937	5.675137537227156e-10
83.90890890890891	0.16912398489493166	29185.531367155458	5.693548846761483e-10
84.18418418418419	0.16950681260872882	29138.64347632743	5.712019753423629e-10
84.45945945945945	0.16990619594321002	29091.83091350149	5.730551905592448e-10
84.73473473473473	0.17032016525362645	29045.093557658583	5.749146364192371e-10
85.01001001001	0.1706965977855583	28998.431287974032	5.767798954128316e-10
85.28528528528528	0.17099959008216986	28951.843983817216	5.786503255195434e-10
85.56056056056056	0.17132064052520546	28905.331524751404	5.805263451653299e-10
85.83583583583584	0.17173320238161796	28858.89379053339	5.824089693806737e-10
86.11111111111111	0.17221225568901558	28812.53066111314	5.842986982374743e-10
86.38638638638639	0.17272056233202757	28766.242016633445	5.861955395416812e-10
86.66166166166167	0.1732219860030652	28720.02773742961	5.880991549177769e-10
86.93693693693695	0.17369224164871108	28673.887704029166	5.900090705917179e-10
87.21221221221222	0.17411469190446646	28627.82179715156	5.919247899331867e-10
87.4874874874875	0.17445860499686522	28581.829897707852	5.93845665183847e-10
87.76276276276278	0.17471768286360254	28535.911886800393	5.957711756957088e-10
88.03803803803804	0.17502942098446428	28490.06764572268	5.977022792021821e-10
88.31331331331332	0.17547062176844946	28444.29705595897	5.996404129389879e-10
88.58858858858859	0.1758492736029839	28398.59999918376	6.015847611358082e-10
88.86386386386387	0.17607996908836726	28352.976357261552	6.03533916976563e-10
89.13913913913915	0.17631326193922145	28307.426012246786	6.054883326863315e-10
89.41441441441442	0.1765935678162038	28261.948846383388	6.074487696846804e-10
89.68968968968969	0.17684749514784828	28216.54474210443	6.094150686422324e-10
89.96496496496496	0.17708421750019226	28171.213582031858	6.113872099814209e-10
90.24024024024024	0.17735707734770806	28125.95524897622	6.133657046743631e-10
90.51551551551552	0.1776658553782056	28080.76962593634	6.153509233556848e-10
90.7907907907908	0.17799255461782487	28035.656596099	6.173429621583545e-10
91.06606606606607	0.17832619921563692	27990.61604283863	6.193417885313915e-10
91.34134134134135	0.1786908541941707	27945.647849717036	6.213476204807523e-10
91.61661661661662	0.17917337204896874	27900.751900483156	6.233614705838118e-10
91.8918918918919	0.17972253755408957	27855.92807907267	6.253835648610453e-10
92.16716716716716	0.18012417558178065	27811.176269607506	6.274119674205004e-10
92.44244244244244	0.18037615150679154	27766.496356395735	6.294452833848741e-10
92.71771771771772	0.18062715383097416	27721.888223931455	6.314839863344684e-10
92.992992992993	0.18089690736908004	27677.351756894317	6.33528614089861e-10
93.26826826826827	0.18116221760978682	27632.886840149244	6.35579327634786e-10
93.54354354354355	0.18147838763660457	27588.493358746153	6.376367933079058e-10
93.81881881881883	0.18188560239761659	27544.17119791967	6.397018886106321e-10
94.0940940940941	0.18233250142640353	27499.920243088764	6.417747357330996e-10
94.36936936936937	0.18274761901863626	27455.7403798564	6.438547197198188e-10
94.64464464464464	0.1830550800494579	27411.63149400927	6.459406586970562e-10
94.91991991991992	0.18327346031009292	27367.593471517543	6.480319050890476e-10
95.1951951951952	0.18350517686831325	27323.6261985347	6.501290224736568e-10
95.47047047047047	0.18380358734739496	27279.72956139716	6.522329471610751e-10
95.74574574574575	0.18417462276932578	27235.90344662395	6.543444084340457e-10
96.02102102102103	0.18452867607446516	27192.147740916327	6.564630361907763e-10
96.2962962962963	0.18481045816820058	27148.462331157516	6.585880231347522e-10
96.57157157157158	0.18517690730355943	27104.84710441261	6.607203725463429e-10
96.84684684684684	0.1856852655291048	27061.30194792819	6.628613722785788e-10
97.12212212212212	0.186129745308681	27017.826749131782	6.65009876862795e-10
97.3973973973974	0.18644303366538842	26974.4213956317	6.671644104718974e-10
97.67267267267268	0.18674627430318935	26931.085775216943	6.693251549086372e-10
97.94794794794795	0.18708345341416685	26887.819775856806	6.714926865903834e-10
98.22322322322323	0.18743816719546336	26844.62328570057	6.736672532759503e-10
98.4984984984985	0.18781184534771236	26801.496193077193	6.758490503647084e-10
98.77377377377378	0.18819867033164425	26758.43838649503	6.780381632948703e-10
99.04904904904905	0.1885297018771476	26715.44975464149	6.802339639756161e-10
99.32432432432432	0.18879256266774536	26672.530186382795	6.824358935740023e-10
99.5995995995996	0.18914414031037433	26629.679570763867	6.846451517259458e-10
99.87487487487488	0.189610234423252	26586.897797007892	6.868628474959173e-10
100.15015015015015	0.19000070419688456	26544.184754515853	6.890878393793758e-10
100.42542542542543	0.19026460111703908	26501.540332866345	6.913188190290301e-10
100.70070070070071	0.19048254554725397	26458.96442181546	6.935556960496643e-10
100.97597597597598	0.19067018216349835	26416.456911296398	6.95798572764224e-10
101.25125125125126	0.19082125469446062	26374.017691419176	6.980474633402007e-10
101.52652652652652	0.1910131609439642	26331.646652470456	7.003031728789616e-10
101.8018018018018	0.19129041603393954	26289.343684913176	7.025667263247095e-10
102.07707707707708	0.19151839094514242	26247.108679386125	7.048374702886694e-10
102.35235235235236	0.19166218045069602	26204.94152670376	7.071145969971127e-10
102.62762762762763	0.19191796245407833	26162.84211785613	7.093995635604643e-10
102.90290290290291	0.19229310568947136	26120.810344008423	7.116934715542065e-10
103.17817817817819	0.19258105169864745	26078.846096500474	7.13994968426004e-10
103.45345345345346	0.1928246184662955	26036.949266846717	7.163035600607968e-10
103.72872872872873	0.19320211684292535	25995.119746736073	7.186207529633976e-10
104.004004004004	0.19361316813627488	25953.357428031348	7.209465643721665e-10
104.27927927927928	0.19389611773714474	25911.662202768915	7.232793376199689e-10
104.55455455455456	0.19409796342819333	25870.03396315865	7.256184161871544e-10
104.82982982982983	0.194307506131477	25828.472601583675	7.279642739219905e-10
105.10510510510511	0.19459302629144182	25786.978010600087	7.303179583314872e-10
105.38038038038039	0.19493035054538918	25745.550082936556	7.326799525981633e-10
105.65565565565566	0.19518369729745186	25704.18871149396	7.350491812858387e-10
105.93093093093094	0.19539731805113597	25662.893789345286	7.374253686548687e-10
106.2062062062062	0.1957470120397299	25621.665209735478	7.398101734096886e-10
106.48148148148148	0.1961725425595848	25580.502866080926	7.422041207066321e-10
106.75675675675676	0.19652186212811645	25539.406651969093	7.44605983543313e-10
107.03203203203203	0.19680151239216037	25498.37646115841	7.470149897093554e-10
107.30730730730731	0.19707038673449212	25457.412187578033	7.494312336554213e-10
107.58258258258259	0.1973969114112878	25416.51372532762	7.518555103691226e-10
107.85785785785787	0.19780607896487043	25375.680968676985	7.542886407580982e-10
108.13313313313314	0.19824621548238705	25334.913812065744	7.567306520748661e-10
108.4084084084084	0.1986574484230379	25294.212150103045	7.591809364110045e-10
108.68368368368368	0.1989851947942006	25253.57587756727	7.616385045241466e-10
108.95895895895896	0.19924557526874886	25213.00488940588	7.641028550971033e-10
109.23423423423424	0.19949358000045725	25172.499080735157	7.665742355497228e-10
109.50950950950951	0.19974282061489254	25132.0583468399	7.690529686338177e-10
109.78478478478479	0.19999878287191586	25091.68258317316	7.715393425506214e-10
110.06006006006007	0.20029644240300734	25051.371685355967	7.740339367574053e-10
110.33533533533534	0.20065594057569558	25011.125549177075	7.765373729087105e-10
110.61061061061062	0.20105101468992417	24970.944070592628	7.790498047317769e-10
110.88588588588588	0.20141984267842597	24930.82714572584	7.815706829596293e-10
111.16116116116116	0.20166882756657137	24890.774670866726	7.840986349553988e-10
111.43643643643644	0.20180762153911208	24850.786542471906	7.866328324005173e-10
111.71171171171171	0.20193393810604404	24810.862657164456	7.891737668728557e-10
111.98698698698699	0.2021759867694921	24771.002911733707	7.917231654846865e-10
112.26226226226227	0.2026054513017537	24731.20720313485	7.942829948824678e-10
112.53753753753755	0.2029704421377237	24691.475428488353	7.968518823340952e-10
112.81281281281282	0.20308783333921715	24651.807485079757	7.994269124260332e-10
113.08808808808809	0.2032050001164414	24612.2032703599	8.020087867997985e-10
113.36336336336336	0.2034584250171026	24572.66268194453	8.045994775461055e-10
113.63863863863864	0.203696679260359	24533.185617613693	8.071986897159377e-10
113.91391391391392	0.20386134301109712	24493.771975311607	8.098055920719722e-10
114.1891891891892	0.20400971011089797	24454.421653146503	8.124202521959152e-10
114.46446446446447	0.20417574796959678	24415.134549390343	8.150430968140353e-10
114.73973973973975	0.20436431292883614	24375.91056247854	8.176744790400825e-10
115.01501501501502	0.2045103466681273	24336.7495910096	8.203139314716208e-10
115.2902902902903	0.2045929911719027	24297.65153374489	8.229609126953608e-10
115.56556556556556	0.20482699007720756	24258.6162896087	8.25617439032169e-10
115.84084084084084	0.20530455936245554	24219.643757687794	8.282859192034219e-10
116.11611611611612	0.20577623828107966	24180.733837230786	8.30965230443563e-10
116.3913913913914	0.20612344544064007	24141.886427648	8.3365329801006e-10
116.66666666666667	0.20643331045799962	24103.101428511465	8.36349692683953e-10
116.94194194194195	0.20672309230552005	24064.37873955457	8.390543247755207e-10
117.21721721721723	0.20696439516996631	24025.718260671758	8.417668251519023e-10
117.4924924924925	0.2072587947071372	23987.119891918424	8.444880889494895e-10
117.76776776776778	0.2077143743950476	23948.583533510668	8.472199432544223e-10
118.04304304304304	0.20820406636408484	23910.109085824723	8.499622079426213e-10
118.31831831831832	0.20858982184910585	23871.69644939672	8.527132191344447e-10
118.5935935935936	0.20886733733514345	23833.345524922574	8.554718140883822e-10
118.86886886886887	0.20905915071215808	23795.05621325777	8.582374708258421e-10
119.14414414414415	0.20920009086763272	23756.82841541711	8.610102378274665e-10
119.41941941941943	0.20938838733080029	23718.66203257454	8.637912651994686e-10
119.6946946946947	0.2097565551028216	23680.556966062955	8.665828386390426e-10
119.96996996996998	0.2101918616979466	23642.513117373623	8.693852326011863e-10
120.24524524524524	0.21049146060560003	23604.53038815581	8.721963385966281e-10
120.52052052052052	0.21074590725812437	23566.608680216897	8.750157756809581e-10
120.7957957957958	0.21108720281137114	23528.7478955222	8.778447998973355e-10
121.07107107107107	0.2114540065042654	23490.947936194443	8.806835664694056e-10
121.34634634634635	0.2118030302622643	23453.20870451355	8.835316951450628e-10
121.62162162162163	0.21219612122383114	23415.530102916513	8.863896474093867e-10
121.8968968968969	0.21262345706230001	23377.912033997058	8.892576301127081e-10
122.17217217217218	0.21298514135827654	23340.354400505268	8.921346467080372e-10
122.44744744744746	0.2132759426884925	23302.85710534745	8.950199796637347e-10
122.72272272272272	0.21355068845166647	23265.42005158599	8.979137883768654e-10
122.997997997998	0.21377940191058672	23228.04314243893	9.008158442408839e-10
123.27327327327328	0.2139276937761018	23190.726281279804	9.037256070125776e-10
123.54854854854855	0.2140970643434499	23153.46937163748	9.066438956617424e-10
123.82382382382383	0.21435898859186675	23116.272317195915	9.095720947251752e-10
124.0990990990991	0.2146313856575011	23079.135021793696	9.125101894076008e-10
124.37437437437438	0.21486367154040167	23042.057389423844	9.154575926388033e-10
124.64964964964966	0.21508307446464753	23005.039324233647	9.184142389808958e-10
124.92492492492492	0.21531845712676415	22968.080730524434	9.213804313073165e-10
125.2002002002002	0.21558633156875545	22931.181512751282	9.24356575150236e-10
125.47547547547548	0.21582433459697434	22894.341575522707	9.273422217724874e-10
125.75075075075075	0.2159604048872767	22857.560823600365	9.303362366740549e-10
126.02602602602603	0.21609697230105454	22820.839161899068	9.333390757353385e-10
126.30130130130131	0.2163384329525762	22784.17649548652	9.363522822951032e-10
126.57657657657658	0.21662329542534808	22747.572729582862	9.393761709408874e-10
126.85185185185186	0.21688983876623388	22711.02776956042	9.42410232686625e-10
127.12712712712714	0.21713257385051615	22674.541520943545	9.45454074470746e-10
127.4024024024024	0.21736415976754372	22638.11388940838	9.485075956024998e-10
127.67767767767768	0.21761138701457636	22601.744780782643	9.515710583200444e-10
127.95295295295296	0.21790828155482936	22565.434101045386	9.546450533144934e-10
128.22822822822823	0.218278767043946	22529.181756326765	9.577302698757756e-10
128.5035035035035	0.2186487473333127	22492.987652907625	9.608262909023663e-10
128.7787787787788	0.21894327063038382	22456.85169721928	9.63931953430792e-10
129.05405405405406	0.219239480169238	22420.773795843485	9.670474226649559e-10
129.32932932932934	0.2195530144552673	22384.753855512077	9.70173006717441e-10
129.60460460460462	0.21968478473288175	22348.791783106477	9.733065254958132e-10
129.87987987987987	0.2196998751043693	22312.887485657786	9.7644732852826e-10
130.15515515515517	0.22003239896220406	22277.040870347068	9.796002372124603e-10
130.43043043043042	0.22055173493055677	22241.25184450435	9.827668750816875e-10
130.70570570570572	0.22070914383539028	22205.520315607737	9.85941675201407e-10
130.98098098098097	0.22068500167771662	22169.84619128426	9.89123159139657e-10
131.25625625625628	0.22092909825383653	22134.229379309967	9.92315831234451e-10
131.53153153153153	0.2213181542937343	22098.669787608913	9.955211772138228e-10
131.80680680680683	0.22162539202564452	22063.16732425275	9.987374194690963e-10
132.08208208208208	0.22183431201163406	22027.7218974608	1.0019631949289874e-09
132.35735735735736	0.22201673063862362	21992.333415599926	1.0051984962936977e-09
132.63263263263264	0.22232244647249838	21957.001787184432	1.0084451704584704e-09
132.9079079079079	0.2226765170210449	21921.726920875484	1.011703523933517e-09
133.1831831831832	0.22279132282810876	21886.5087254806	1.0149702233868511e-09
133.45845845845847	0.22274019029820477	21851.34710995387	1.0182439890306086e-09
133.73373373373374	0.2227984597339978	21816.24198339609	1.0215273943285572e-09
134.00900900900902	0.22299813842382687	21781.19325505412	1.0248225428654592e-09
134.2842842842843	0.22327566627047327	21746.20083432054	1.028130042877721e-09
134.55955955955955	0.22357053951576267	21711.264630733418	1.0314495535674793e-09
134.83483483483485	0.22381638002101514	21676.38455397602	1.0347800337553972e-09
135.1101101101101	0.2239357280823319	21641.560513876648	1.0381198403784798e-09
135.3853853853854	0.2239674898077593	21606.792420408492	1.0414683917703485e-09
135.66066066066065	0.22409307678586912	21572.080183689668	1.0448275981582768e-09
135.93593593593596	0.22432821423583638	21537.423713982695	1.0481989257446363e-09
136.2112112112112	0.22456375414624496	21502.82292169413	1.051581970902171e-09
136.4864864864865	0.22482235324629787	21468.277717374473	1.0549767691907753e-09
136.76176176176176	0.2251761874930703	21433.78801171806	1.05838427415645e-09
137.03703703703704	0.22561827776675294	21399.353715562695	1.0618050352238047e-09
137.31231231231232	0.2260622976711401	21364.974739889283	1.065238324339096e-09
137.5875875875876	0.22627462493499542	21330.650995821397	1.0686806971251812e-09
137.86286286286287	0.22626983713060647	21296.38239462541	1.0721301000185885e-09
138.13813813813815	0.22648454513242824	21262.168847710924	1.0755907902759433e-09
138.41341341341342	0.22695703427726766	21228.010266629943	1.0790660554686274e-09
138.6886886886887	0.22732094823726623	21193.906563075983	1.082553346452627e-09
138.96396396396398	0.22753552541342106	21159.85764888439	1.0860504881926045e-09
139.23923923923923	0.22775105709391683	21125.863436032374	1.0895580127868804e-09
139.51451451451453	0.22800052858366623	21091.923836638594	1.0930767051924355e-09
139.78978978978978	0.22826546396009778	21058.038762962908	1.0966068503574907e-09
140.06506506506508	0.22850318003116957	21024.208127406022	1.1001480930899739e-09
140.34034034034033	0.2287022543876758	20990.4318425094	1.1037000661670573e-09
140.61561561561564	0.22892249190398245	20956.709820955082	1.1072633215478088e-09
140.8908908908909	0.22915259565998633	20923.041975565397	1.1108380837436683e-09
141.1661661661662	0.22929162552924665	20889.428219302543	1.114423191614793e-09
141.44144144144144	0.22936366159139704	20855.868465268606	1.1180182164429432e-09
141.71671671671672	0.22948208751759752	20822.362626705453	1.121624379103653e-09
141.991991991992	0.22968076838847315	20788.910616994417	1.1252429323849929e-09
142.26726726726727	0.2299436143368959	20755.512349655928	1.1288744932403431e-09
142.54254254254255	0.2302026302152713	20722.167738349257	1.1325185780413443e-09
142.81781781781783	0.23039669184526992	20688.8766968723	1.1361740765293553e-09
143.0930930930931	0.23051912898447396	20655.639139161416	1.1398401921148619e-09
143.36836836836838	0.23064121709179183	20622.454979291368	1.1435173683737868e-09
143.64364364364366	0.23092966102284404	20589.324131475212	1.1472081311275698e-09
143.9189189189189	0.2313291999057552	20556.246510063753	1.1509133951733295e-09
144.1941941941942	0.2315927985804055	20523.222029544984	1.1546304583909304e-09
144.46946946946946	0.23173243245380773	20490.25060454432	1.1583577457549538e-09
144.74474474474476	0.23189928411322488	20457.332149824553	1.162096283025362e-09
145.02002002002	0.23215514298866627	20424.466580285563	1.1658475797622574e-09
145.29529529529532	0.23249993540118782	20391.6538109639	1.1696126262176043e-09
145.57057057057057	0.23283691352876806	20358.8937570325	1.1733907683411833e-09
145.84584584584587	0.23309474598123708	20326.186333800415	1.1771806314194181e-09
146.12112112112112	0.23328851575232948	20293.531456712837	1.180981546678369e-09
146.3963963963964	0.2334648905022218	20260.929041350835	1.1847937302395346e-09
146.67167167167167	0.23369107681508078	20228.379003431222	1.1886182507235198e-09
146.94694694694695	0.2339657518437591	20195.88125880625	1.1924557934948438e-09
147.22222222222223	0.23423976888465384	20163.435723463255	1.1963061424596928e-09
147.4974974974975	0.23448304447266222	20131.042313524496	1.200168760477693e-09
147.77277277277278	0.23469150904479225	20098.70094524698	1.2040432599162057e-09
148.04804804804806	0.23493147342363577	20066.411535022366	1.2079303181794447e-09
148.32332332332334	0.23524414585152803	20034.17399937672	1.2118309542626195e-09
148.59859859859858	0.23556743775573608	20001.988254970107	1.2157449804930412e-09
148.8738738738739	0.23583844935116705	19969.854218596352	1.219671420532284e-09
149.14914914914914	0.2360215056151817	19937.771807182926	1.2236091670407852e-09
149.42442442442444	0.23620352521492508	19905.740937790884	1.2275587304215405e-09
149.6996996996997	0.23654869818710722	19873.761527614854	1.2315227389886388e-09
149.974974974975	0.236930280440493	19841.833493982245	1.2355011261021084e-09
150.25025025025025	0.23712133700464033	19809.95675435291	1.2394906931390367e-09
150.52552552552555	0.2372200261361076	19778.131226319445	1.2434907790729387e-09
150.8008008008008	0.23737296181341982	19746.356827607142	1.2475030294121756e-09
151.07607607607608	0.2375492428616555	19714.63347607339	1.2515280771771546e-09
151.35135135135135	0.2377240491777074	19682.961089707518	1.2555659926287696e-09
151.62662662662663	0.23794206528634887	19651.339586630682	1.2596174673636066e-09
151.9019019019019	0.23819148967555756	19619.76888509557	1.2636827929706303e-09
152.17717717717719	0.23839857124405506	19588.248903486077	1.2677611254258387e-09
152.45245245245246	0.23860136452445704	19556.77956031728	1.2718524816062818e-09
152.72772772772774	0.23889060420073455	19525.360774235327	1.2759581810678058e-09
153.00300300300302	0.23917863519722296	19493.992464016927	1.2800778314396845e-09
153.2782782782783	0.2393607671295716	19462.67454856907	1.2842097003489033e-09
153.55355355355357	0.23955480514735583	19431.406946929255	1.2883543860594399e-09
153.82882882882885	0.2398378372504316	19400.189578265206	1.2925133929656914e-09
154.10410410410412	0.2400747606318216	19369.022361874242	1.2966857516001686e-09
154.37937937937937	0.2402064835569636	19337.905217183237	1.3008700071120802e-09
154.65465465465465	0.24031962907488402	19306.83806374867	1.3050664983818232e-09
154.92992992992993	0.2405197004917741	19275.820821256457	1.3092769843733612e-09
155.2052052052052	0.24089478499104122	19244.85340952172	1.3135038821948706e-09
155.48048048048048	0.241316790103666	19213.93574848815	1.3177468842120848e-09
155.75575575575576	0.24160068100195667	19183.067758227724	1.3220031150765807e-09
156.03103103103103	0.24183704979884466	19152.24935894098	1.3262720877294746e-09
156.3063063063063	0.24212278549786012	19121.480470956874	1.3305549256686403e-09
156.5815815815816	0.24232988025138508	19090.761014732085	1.3348504819632907e-09
156.85685685685687	0.242431136081751	19060.09091085104	1.339157644370126e-09
157.13213213213214	0.24263143956761085	19029.470080026153	1.3434787358658354e-09
157.40740740740742	0.24291925464009573	18998.898443097205	1.3478150762616464e-09
157.6826826826827	0.24305471783016172	18968.375921030678	1.3521639745129164e-09
157.95795795795797	0.2430757083968258	18937.902434920106	1.3565242999078503e-09
158.23323323323325	0.24317961583422296	18907.47790598617	1.3608982789716002e-09
158.50850850850853	0.24338262352010015	18877.102255576163	1.3652875804687342e-09
158.7837837837838	0.24362836497324333	18846.77540516362	1.3696924396986694e-09
159.05905905905905	0.24385953722473913	18816.497276348124	1.3741121673140882e-09
159.33433433433433	0.24404543321527356	18786.26779085516	1.378545884349653e-09
159.6096096096096	0.24421284037159788	18756.086870536015	1.382993453825371e-09
159.88488488488488	0.24439875692951832	18725.954437367607	1.387455362755726e-09
160.16016016016016	0.24463731034713512	18695.870413452267	1.391932451584369e-09
160.43543543543544	0.2448578952862782	18665.834721017334	1.396424201443625e-09
160.7107107107107	0.2449351982194437	18635.847282414852	1.4009284013275746e-09
160.985985985986	0.24499004140457392	18605.90802012185	1.4054455043570423e-09
161.26126126126127	0.24520151647474653	18576.016856740254	1.4099785408840195e-09
161.53653653653654	0.2454496764802893	18546.173714996126	1.4145276122868039e-09
161.81181181181182	0.24562841856012066	18516.378517739424	1.4190911773886927e-09
162.0870870870871	0.24590263040944563	18486.631187944415	1.423670812191328e-09
162.36236236236238	0.2463182971890881	18456.931648709207	1.4282682369198764e-09
162.63763763763765	0.24666359178815392	18427.27982325502	1.4328812917824854e-09
162.91291291291293	0.2469141071569929	18397.675634926374	1.437508260000717e-09
163.1881881881882	0.24723995017178962	18368.119007191293	1.4421507086437593e-09
163.46346346346348	0.2476310025087611	18338.60986364074	1.4468094839261783e-09
163.73873873873873	0.2479655012749239	18309.148127988185	1.4514832478460476e-09
164.014014014014	0.24815073481872704	18279.73372406944	1.4561697393612334e-09
164.2892892892893	0.24818313287051286	18250.366575842705	1.4608674995050418e-09
164.56456456456456	0.2483249568806914	18221.04660738888	1.46557971484718e-09
164.83983983983984	0.24871537810309036	18191.773742911126	1.470310578712718e-09
165.11511511511512	0.2491316458611085	18162.54790673393	1.4750592531412914e-09
165.3903903903904	0.24943499011543122	18133.369023303047	1.4798230561352574e-09
165.66566566566567	0.24964690729612546	18104.23701718567	1.4846006658028398e-09
165.94094094094095	0.24982117368465018	18075.151813070286	1.4893921187457945e-09
166.21621621621622	0.25002114277301446	18046.11333576652	1.4941984538925178e-09
166.4914914914915	0.250251761770857	18017.1215102048	1.4990204170756598e-09
166.76676676676678	0.2504888062008166	17988.176261436103	1.5038581096801922e-09
167.04204204204206	0.2507004857964893	17959.277514631776	1.5087111093060536e-09
167.31731731731733	0.2508813819466351	17930.42519508335	1.5135790842868047e-09
167.5925925925926	0.2510970614717982	17901.619228202526	1.5184628913269447e-09
167.8678678678679	0.2513355912373047	17872.85953952081	1.5233628938610903e-09
168.14314314314316	0.2514581297677525	17844.146054689063	1.5282771139794418e-09
168.4184184184184	0.2515190251339539	17815.47869947769	1.53320520615814e-09
168.6936936936937	0.251738970713152	17786.85739977685	1.538150523435052e-09
168.96896896896897	0.25206032473227213	17758.282081595633	1.543114249404836e-09
169.24424424424424	0.25228618565761685	17729.75267106157	1.5480939606671477e-09
169.51951951951952	0.25237404761263305	17701.269094420782	1.5530874779935597e-09
169.7947947947948	0.2523890159767119	17672.831278038022	1.558094515996332e-09
170.07007007007007	0.2525659941661168	17644.43914839687	1.5631187372353236e-09
170.34534534534535	0.2529805447492529	17616.092632099193	1.5681636796981088e-09
170.62062062062063	0.2533440042248083	17587.791655864126	1.5732268476373348e-09
170.8958958958959	0.2535704234371931	17559.536146528346	1.5783053030563305e-09
171.17117117117118	0.2538452687666426	17531.326031046494	1.5834002853594603e-09
171.44644644644646	0.25414657979744965	17503.1612364905	1.5885122229600165e-09
171.72172172172174	0.25432835758018274	17475.041690049147	1.593638996091096e-09
171.996996996997	0.2545218002049469	17446.967319028485	1.5987814746416052e-09
172.2722722722723	0.2548963777400509	17418.93805085173	1.603943022118013e-09
172.54754754754757	0.2552683091863531	17390.95381305831	1.6091226986372772e-09
172.82282282282284	0.25548723179204547	17363.014533303674	1.614317447035549e-09
173.0980980980981	0.25570189747023453	17335.12013935989	1.6195278694390947e-09
173.37337337337337	0.2560101678928802	17307.27055911526	1.6247559891512966e-09
173.64864864864865	0.25636988443578546	17279.46572057386	1.6300023747417485e-09
173.92392392392392	0.25670716085795114	17251.705551855255	1.6352661633766856e-09
174.1991991991992	0.2569428254485522	17223.989981194314	1.640545517017833e-09
174.47447447447448	0.25712456841984216	17196.318936941294	1.6458401215366537e-09
174.74974974974975	0.2573512523716324	17168.69234756181	1.651151465024341e-09
175.02502502502503	0.25761987221581756	17141.1101416364	1.6564804354531134e-09
175.3003003003003	0.25789906805412677	17113.57224786027	1.6618270724883938e-09
175.57557557557558	0.25817414923728593	17086.078595043135	1.6671911738926528e-09
175.85085085085086	0.25843852356393116	17058.629112109084	1.6725725250520403e-09
176.12612612612614	0.2586944823194792	17031.223728096393	1.6779710542760184e-09
176.40140140140142	0.25894299277331834	17003.862372157346	1.6833867553082044e-09
176.6766766766767	0.25918154371197816	16976.54497355804	1.6888196028204409e-09
176.95195195195197	0.2593954602935406	16949.271461678192	1.694269351643794e-09
177.22722722722725	0.25957028179301483	16922.04176601092	1.6997356241191643e-09
177.50250250250252	0.2597493571567944	16894.855816162744	1.7052189525242493e-09
177.77777777777777	0.25998502259732087	16867.713541853387	1.7107205856244396e-09
178.05305305305305	0.2602704734627308	16840.61487291547	1.7162411961714543e-09
178.32832832832833	0.2605691937962406	16813.55973929427	1.7217805899961674e-09
178.6036036036036	0.26081170026980904	16786.548071047426	1.7273374685346835e-09
178.87887887887888	0.2610098747373076	16759.579798344985	1.7329112637966134e-09
179.15415415415416	0.2612855040455199	16732.654851469473	1.7385037661058223e-09
179.42942942942943	0.261605810255019	16705.773160815366	1.7441155245416942e-09
179.7047047047047	0.261816607700499	16678.93465688855	1.7497442082752384e-09
179.97997997998	0.26192109501504063	16652.139270306583	1.755388467904018e-09
180.25525525525526	0.2620054132500223	16625.386931798712	1.7610490052646546e-09
180.53053053053054	0.2621470627778257	16598.677572205648	1.7667276305370145e-09
180.80580580580582	0.2623760661630995	16572.01112247931	1.7724260033536347e-09
181.0810810810811	0.26259499274179676	16545.387513682294	1.7781434438876422e-09
181.35635635635637	0.2627519694098475	16518.806676987828	1.7838786425425828e-09
181.63163163163165	0.2629105215676228	16492.26854367986	1.7896319480595126e-09
181.90690690690693	0.26308358191707354	16465.773045152775	1.7954038260636498e-09
182.1821821821822	0.26322544483769267	16439.320112911068	1.801193769316459e-09
182.45745745745745	0.26337281542994173	16412.909678569376	1.807002146403461e-09
182.73273273273273	0.26360096512687703	16386.54167385239	1.812830554447943e-09
183.008008008008	0.2638750004258193	16360.216030594403	1.8186793677235492e-09
183.28328328328328	0.26413453862165026	16333.932680739072	1.824547754177201e-09
183.55855855855856	0.2643860627704808	16307.691556339396	1.8304353486693684e-09
183.83383383383384	0.26462688547045715	16281.492589557547	1.8363419046605247e-09
184.1091091091091	0.2648031003223903	16255.335712664526	1.8422663197748442e-09
184.3843843843844	0.2649186397522171	16229.22085804016	1.8482080161110507e-09
184.65965965965967	0.26505803777549886	16203.147958173142	1.8541682002368535e-09
184.93493493493494	0.2652425549454599	16177.116945660677	1.8601480171535126e-09
185.21021021021022	0.26543701144267534	16151.127753208171	1.8661475456091572e-09
185.4854854854855	0.26560097618342715	16125.180313629044	1.872166117797404e-09
185.76076076076077	0.265717866609813	16099.2745598446	1.8782030467397604e-09
186.03603603603605	0.26589119712230064	16073.410424884192	1.8842598437146328e-09
186.31131131131133	0.26618957661852294	16047.587841884957	1.8903387197917155e-09
186.5865865865866	0.2664927190869679	16021.806744091124	1.896438821578875e-09
186.86186186186188	0.266749988068237	15996.067064854042	1.9025587199210628e-09
187.13713713713713	0.2670692102447627	15970.368737632432	1.9086995762434374e-09
187.4124124124124	0.26740545428328627	15944.711695991782	1.914861284909531e-09
187.68768768768768	0.2675690963576905	15919.095873603801	1.9210402736749777e-09
187.96296296296296	0.26762855561823656	15893.521204246941	1.9272356787207547e-09
188.23823823823824	0.2677738497405308	15867.987621806573	1.9334505534007508e-09
188.51351351351352	0.26793973882486005	15842.495060274103	1.939685546132616e-09
188.7887887887888	0.26800841415646437	15817.043453746666	1.945938857258697e-09
189.06406406406407	0.26801152206116463	15791.632736427347	1.952210014717302e-09
189.33933933933935	0.26801340075179864	15766.262842625138	1.9584999689847717e-09
189.61461461461462	0.2680771032271846	15740.933706754728	1.9648105148356755e-09
189.8898898898899	0.2681902769505531	15715.645263336159	1.9711425316913347e-09
190.16516516516518	0.26825535230933684	15690.397446994379	1.9774947177816893e-09
190.44044044044045	0.26829970466100045	15665.190192459453	1.983866834262674e-09
190.71571571571573	0.26842829040780075	15640.023434566614	1.9902607777700975e-09
190.990990990991	0.26856844379038225	15614.89710825557	1.9966763267927488e-09
191.26626626626629	0.26861601306242217	15589.811148570267	2.0031113641228237e-09
191.54154154154156	0.26870038861853734	15564.765490659363	2.0095671380659882e-09
191.8168168168168	0.26895493533415143	15539.760069776108	2.0160470215772786e-09
192.0920920920921	0.269356386095514	15514.7948212777	2.0225526347422274e-09
192.36736736736736	0.26978240126111325	15489.869680624848	2.029082602640879e-09
192.64264264264264	0.27000829902290335	15464.984583381285	2.0356317376876375e-09
192.91791791791792	0.27006996948990153	15440.139465214374	2.0421976402550922e-09
193.1931931931932	0.27022925790513636	15415.334261895585	2.048784019481822e-09
193.46846846846847	0.27043055571737795	15390.56890929943	2.055392043188622e-09
193.74374374374375	0.270486303275223	15365.843343402876	2.0620187449393627e-09
194.01901901901903	0.27054829225340365	15341.15750028621	2.0686653579806024e-09
194.2942942942943	0.27079528272007036	15316.511316132941	2.0753361935017245e-09
194.56956956956958	0.2711038927237793	15291.904727228739	2.08203143131887e-09
194.84484484484486	0.27135777370006225	15267.33766996129	2.0887488958081435e-09
195.12012012012013	0.2715720250013881	15242.810080820524	2.095487608510026e-09
195.3953953953954	0.27175555316118005	15218.321896398418	2.1022471864038616e-09
195.6706706706707	0.27189657869396433	15193.8730533888	2.109027189366132e-09
195.94594594594597	0.27204260536919683	15169.463488587338	2.1158283322692893e-09
196.22122122122124	0.27226871304977723	15145.093138891483	2.122652583548588e-09
196.4964964964965	0.27252847377987605	15120.761941299921	2.129500219331617e-09
196.77177177177177	0.27274454661023495	15096.469832912315	2.136369871908379e-09
197.04704704704704	0.27293669591570946	15072.21675092944	2.1432611497498803e-09
197.32232232232232	0.27312759709630435	15048.002632653037	2.150174306386525e-09
197.5975975975976	0.2732863351565882	15023.827415485479	2.157108892234524e-09
197.87287287287288	0.2734071530095156	14999.691036929697	2.1640645470177937e-09
198.14814814814815	0.27353307788347525	14975.593434589153	2.1710419611987092e-09
198.42342342342343	0.2737137236712617	14951.534546167713	2.178042594339716e-09
198.6986986986987	0.273986888604046	14927.51430946945	2.1850681296423105e-09
198.97397397397398	0.2742538119933962	14903.53266239805	2.1921175730846547e-09
199.24924924924926	0.2743859269096184	14879.589542956553	2.199187705462181e-09
199.52452452452454	0.2744994896890366	14855.684889247965	2.2062790330353004e-09
199.7997997997998	0.27472323014153277	14831.818639475152	2.2133945571164157e-09
200.0750750750751	0.27497520067202263	14807.990731939995	2.2205344002868862e-09
200.35035035035037	0.27519611670867494	14784.201105043323	2.227697432088744e-09
200.62562562562564	0.27544045738288	14760.449697285092	2.2348841460729283e-09
200.90090090090092	0.2757369089323405	14736.736447264157	2.2420954688860713e-09
201.17617617617617	0.2760662785542443	14713.061293677973	2.249331583156941e-09
201.45145145145145	0.2763398066001207	14689.424175322169	2.2565907644504877e-09
201.72672672672672	0.2764474415440397	14665.825031090366	2.2638696970733914e-09
202.002002002002	0.2764518106678738	14642.263799974544	2.2711677493207443e-09
202.27727727727728	0.27647759996502197	14618.740421065104	2.2784872026934717e-09
202.55255255255256	0.27660749700527587	14595.254833550582	2.2858311987658756e-09
202.82782782782783	0.2768642357036475	14571.806976717293	2.2932021292967353e-09
203.1031031031031	0.27715705676918584	14548.396789948802	2.3005995209765608e-09
203.3783783783784	0.27738821778979417	14525.02421272572	2.308021037601942e-09
203.65365365365366	0.2774802954467552	14501.68918462564	2.3154636608643483e-09
203.92892892892894	0.27749913773363544	14478.391645323438	2.32292703349132e-09
204.20420420420422	0.2776104012374304	14455.131534591457	2.3304145350913704e-09
204.4794794794795	0.2777825448746376	14431.90879229872	2.337927527941634e-09
204.75475475475477	0.2779019591899372	14408.723358410443	2.345464396424145e-09
205.03003003003005	0.2779735647836582	14385.575172988325	2.353024316776158e-09
205.30530530530532	0.27804722365296036	14362.464176190528	2.3606079132476593e-09
205.5805805805806	0.27819413655422565	14339.3903082716	2.3682171427854385e-09
205.85585585585588	0.2784268495508037	14316.353509582117	2.3758534796326967e-09
206.13113113113113	0.2786523557379856	14293.353720568177	2.3835157964657546e-09
206.4064064064064	0.2788367157644816	14270.39088177142	2.3912027121866967e-09
206.68168168168168	0.27901610880308547	14247.464933829155	2.3989142370364193e-09
206.95695695695696	0.27918092292961	14224.57581747402	2.406650196786467e-09
207.23223223223223	0.2792993795028508	14201.72347353376	2.414409815355726e-09
207.5075075075075	0.2794052357398834	14178.907842931305	2.4221934117635354e-09
207.7827827827828	0.27955760009822167	14156.128866684696	2.430002522338498e-09
208.05805805805807	0.2798122104937004	14133.386485906942	2.437839337499429e-09
208.33333333333334	0.2801573234622283	14110.68064180562	2.4457049311548275e-09
208.60860860860862	0.28044032203078406	14088.011275682216	2.453596555805056e-09
208.8838838838839	0.28063544500777715	14065.378328932436	2.4615120415851627e-09
209.15915915915917	0.280898156032481	14042.78174304668	2.4694536365991657e-09
209.43443443443445	0.2812201949598664	14020.22145960933	2.477422518259313e-09
209.70970970970973	0.28146813653391317	13997.697420298142	2.485416402404101e-09
209.984984984985	0.28166331456123994	13975.209566884632	2.493434456379819e-09
210.26026026026028	0.2818871070006597	13952.757841234172	2.5014780672196162e-09
210.53553553553556	0.28213108715278407	13930.342185305499	2.5095478955591908e-09
210.8108108108108	0.2823747313783474	13907.962541150517	2.517643898165965e-09
211.08608608608608	0.2826359022789129	13885.618850914305	2.5257664925394572e-09
211.36136136136136	0.28285348516172293	13863.311056834656	2.5339145610387354e-09
211.63663663663664	0.2828384101982975	13841.039101241477	2.542083138667632e-09
211.91191191191191	0.2826782550141671	13818.802926557632	2.550271329595646e-09
212.1871871871872	0.2827184646694462	13796.602475299766	2.5584865933330753e-09
212.46246246246247	0.28293472964046296	13774.437690076786	2.566732808798937e-09
212.73773773773775	0.28310233176550775	13752.308513588985	2.5750070931639814e-09
213.01301301301302	0.2832217681736765	13730.214888628707	2.583307797341311e-09
213.2882882882883	0.28337045989661175	13708.156758080491	2.5916357916877934e-09
213.56356356356358	0.28359546653726914	13686.134064920814	2.5999927276472396e-09
213.83883883883885	0.28387339589958255	13664.146752217679	2.608379069513273e-09
214.11411411411413	0.2840534496401776	13642.19476313	2.616791586096606e-09
214.3893893893894	0.28409247528122633	13620.27804090783	2.6252273934789333e-09
214.66466466466468	0.28410110543388756	13598.39652889281	2.6336874341069775e-09
214.93993993993996	0.2841871865890574	13576.550170518029	2.6421748456976584e-09
215.21521521521524	0.28443202141819834	13554.738909307758	2.65069344452018e-09
215.4904904904905	0.284784607120886	13532.962688876827	2.6592443056655124e-09
215.76576576576576	0.28513635196822806	13511.221452930218	2.6678255136015406e-09
216.04104104104104	0.2853992457627576	13489.515145263033	2.676433880859502e-09
216.31631631631632	0.2855728081606592	13467.84370976066	2.685067562892405e-09
216.5915915915916	0.28586377828160264	13446.20709039944	2.6937304748844335e-09
216.86686686686687	0.28629868441216655	13424.60523124583	2.7024255885047632e-09
217.14214214214215	0.2865851363308368	13403.038076455014	2.7111476403811982e-09
217.41741741741743	0.2866764763501695	13381.505570271689	2.7198924607014334e-09
217.6926926926927	0.28676752122908583	13360.007657030908	2.7286623499240142e-09
217.96796796796798	0.2868427720976225	13338.544281157085	2.7374583076954003e-09
218.24324324324326	0.2868074940760198	13317.115387163538	2.7462786444000465e-09
218.51851851851853	0.28685567746059704	13295.720919653506	2.755127130265284e-09
218.7937937937938	0.2871561902965364	13274.3608233199	2.764010146394056e-09
219.0690690690691	0.28746169453372744	13253.03504294351	2.7729254121567997e-09
219.34434434434436	0.28760003115456684	13231.74352339315	2.7818674063740115e-09
219.61961961961964	0.28770656472451084	13210.486209626739	2.7908362716896198e-09
219.89489489489492	0.287845155308976	13189.26304669089	2.7998337031527528e-09
220.17017017017017	0.28795542336053465	13168.073979720251	2.8088592333685754e-09
220.44544544544544	0.28800925665573734	13146.918953937504	2.8179119268351734e-09
220.72072072072072	0.2880198517691946	13125.797914653387	2.8269915981275684e-09
220.995995995996	0.2880908339116611	13104.710807266923	2.8361007604847053e-09
221.27127127127127	0.288327283165221	13083.657577265294	2.8452435574570703e-09
221.54654654654655	0.28867331085529296	13062.638170223036	2.8544210561835445e-09
221.82182182182183	0.2890344818582209	13041.652531801734	2.863631551606226e-09
222.0970970970971	0.2893260648792166	13020.700607749932	2.8728719586135054e-09
222.37237237237238	0.2895213685067936	12999.782343903207	2.8821398466619615e-09
222.64764764764766	0.2896760331168818	12978.897686184388	2.891435244849691e-09
222.92292292292294	0.2898288766647072	12958.046580603344	2.9007591901337453e-09
223.1981981981982	0.28999316523800917	12937.228973256742	2.9101126608191295e-09
223.4734734734735	0.2901412538016502	12916.444810327732	2.919495560643052e-09
223.74874874874877	0.2902437798946615	12895.694038085789	2.928907121486741e-09
224.02402402402404	0.29038189174784224	12874.97660288707	2.9383490132136304e-09
224.29929929929932	0.29061789034022356	12854.292451174178	2.947823850213065e-09
224.5745745745746	0.2908428368539636	12833.641529475295	2.957330393880498e-09
224.84984984984985	0.29097917245029464	12813.02378440418	2.9668659653872874e-09
225.12512512512512	0.29106868548783627	12792.43916266053	2.9764301266554844e-09
225.4004004004004	0.2912000172471412	12771.887611030066	2.986024959484673e-09
225.67567567567568	0.29148270607642623	12751.369076384464	2.9956545657900593e-09
225.95095095095095	0.291800906400335	12730.883505680276	3.0053183569032586e-09
226.22622622622623	0.2919340386951646	12710.430845958299	3.015010275258592e-09
226.5015015015015	0.2920275228024675	12690.01104434504	3.0247306511393106e-09
226.77677677677679	0.2922753607023175	12669.624048052807	3.0344848065108816e-09
227.05205205205206	0.2924517079433291	12649.269804377733	3.044269931016196e-09
227.32732732732734	0.29242313781843043	12628.948260700021	3.0540809148034316e-09
227.60260260260262	0.2925018446511134	12608.659364485793	3.063923082286351e-09
227.8778778778779	0.2928192219767842	12588.403063286152	3.073803051128384e-09
228.15315315315317	0.2931720031120515	12568.17930473558	3.0837193067184796e-09
228.42842842842845	0.2934375743613242	12547.988036552139	3.093667756160943e-09
228.70370370370372	0.29359215148986856	12527.829206537763	3.1036454409027213e-09
228.978978978979	0.29368129839356816	12507.702762578465	3.1136519062667576e-09
229.25425425425428	0.29377814048285755	12487.608652644292	3.123688886129507e-09
229.52952952952953	0.2939181225413271	12467.546824789062	3.1337583764630427e-09
229.8048048048048	0.29412199093657226	12447.517227150125	3.1438621363471836e-09
230.08008008008008	0.2944016152268015	12427.519807948222	3.1540015527267882e-09
230.35535535535536	0.2946991813303472	12407.554515487016	3.164175911092702e-09
230.63063063063063	0.29484590293658197	12387.621298152462	3.174380264547646e-09
230.9059059059059	0.2948575478544833	12367.720104413484	3.184612224260287e-09
231.1811811811812	0.2949436466483363	12347.850882822766	3.194876160025979e-09
231.45645645645646	0.2951305939151198	12328.013582015776	3.2051753604328366e-09
231.73173173173174	0.29532795316467025	12308.208150710076	3.215509293393387e-09
232.00700700700702	0.29551289999479446	12288.434537705527	3.2258770733305435e-09
232.2822822822823	0.2956949106022733	12268.692691884276	3.2362784977910426e-09
232.55755755755757	0.29589985243299305	12248.982562210726	3.2467142115255636e-09
232.83283283283285	0.29610503890865764	12229.304097731161	3.257184005335493e-09
233.10810810810813	0.29617874606969197	12209.657247573108	3.2676841469983085e-09
233.3833833833834	0.2961745637480849	12190.041960946068	3.27821401428526e-09
233.65865865865868	0.29638825774436983	12170.458187142554	3.2887815438028588e-09
233.93393393393396	0.29675466206565476	12150.905875536228	3.299389539581089e-09
234.2092092092092	0.2969440801844758	12131.384975580535	3.3100304252448427e-09
234.48448448448448	0.2970053791614071	12111.895436810335	3.3207012608095494e-09
234.75975975975976	0.29713512443509116	12092.437208842513	3.3314059324047365e-09
235.03503503503504	0.2973109958725854	12073.0102413748	3.3421460903241285e-09
235.3103103103103	0.2974882324926184	12053.61448418552	3.3529214652012405e-09
235.5855855855856	0.2977381128118313	12034.249887134027	3.3637339764032093e-09
235.86086086086087	0.29805630741369843	12014.916400160211	3.3745846564133943e-09
236.13613613613614	0.2982866209456348	11995.61397328364	3.385469696481962e-09
236.41141141141142	0.2983866479331188	11976.342556603959	3.396385745690248e-09
236.6866866866867	0.2984477635222093	11957.10210030142	3.407333537732531e-09
236.96196196196198	0.2986060287330352	11937.892554636986	3.4183174431095324e-09
237.23723723723725	0.2989771813168286	11918.713869952115	3.4293433554815447e-09
237.51251251251253	0.2994058008129128	11899.565996667276	3.4404102268950433e-09
237.7877877877878	0.29970722191703214	11880.448885281687	3.4515121746588414e-09
238.06306306306308	0.2999506041686459	11861.362486374415	3.462647885881955e-09
238.33833833833836	0.3002100751176041	11842.306750604303	3.473818807419622e-09
238.61361361361364	0.3004562612350258	11823.28162870931	3.4850249604816985e-09
238.88888888888889	0.3006616652745828	11804.287071506415	3.49626560409913e-09
239.16416416416416	0.30081964955175144	11785.32302989156	3.5075401673899856e-09
239.43943943943944	0.30096164272513526	11766.389454839742	3.518849288968791e-09
239.71471471471472	0.3011400923186496	11747.486297404988	3.530194919220413e-09
239.98998998999	0.30134783218870076	11728.613508719925	3.541578012147378e-09
240.26526526526527	0.3015628471945195	11709.771039995576	3.5529985160732083e-09
240.54054054054055	0.3018242570221789	11690.95884252155	3.5644576107488067e-09
240.81581581581582	0.30214691175823455	11672.176867665798	3.5759564638553863e-09
241.0910910910911	0.3024393136423322	11653.42506687392	3.5874930814437892e-09
241.36636636636638	0.30264640513439056	11634.703391669249	3.599064743228104e-09
241.64164164164166	0.3027966495076371	11616.011793653126	3.610670795752411e-09
241.91691691691693	0.30292436317840216	11597.350224504835	3.6223119368809232e-09
242.1921921921922	0.30306096142474503	11578.718635981453	3.633989550927348e-09
242.4674674674675	0.3032216719925152	11560.116979917648	3.645704932980691e-09
242.74274274274276	0.3034021910740843	11541.545208225441	3.657458743667594e-09
243.01801801801804	0.3035411019024731	11523.00327289379	3.6692495593935555e-09
243.29329329329332	0.3035976971221989	11504.491125988563	3.681075387882094e-09
243.56856856856857	0.30366551436594863	11486.008719653144	3.692937977571556e-09
243.84384384384384	0.3038174066713418	11467.556006108178	3.704840590149866e-09
244.11911911911912	0.30403210488623345	11449.132937650973	3.7167844913602886e-09
244.3943943943944	0.30427706018756107	11430.739466655292	3.728769466645538e-09
244.66966966966967	0.304519127938225	11412.37554557125	3.7407944378812945e-09
244.94494494494495	0.3047240381521504	11394.041126925156	3.752857796997501e-09
245.22022022022023	0.3048722412624548	11375.736163319492	3.7649580822736436e-09
245.4954954954955	0.305058929138743	11357.460607433395	3.777097452120875e-09
245.77077077077078	0.30537890946699664	11339.214412022551	3.789280119766922e-09
246.04604604604606	0.30570968240421303	11320.99752991788	3.801504739095131e-09
246.32132132132134	0.30592573664615513	11302.809914025398	3.8137667086726135e-09
246.5965965965966	0.30603440767944934	11284.651517326809	3.826063701475455e-09
246.8718718718719	0.3060802357171863	11266.522292879597	3.838395832271729e-09
247.14714714714717	0.30613364802191895	11248.422193817052	3.850765411762426e-09
247.42242242242244	0.3062727587068058	11230.351173348192	3.863176250434989e-09
247.69769769769772	0.3065637477115733	11212.309184757592	3.875632650943212e-09
247.972972972973	0.306907505789176	11194.296181404325	3.888133992190759e-09
248.24824824824825	0.3071433511244003	11176.312116721503	3.900674910757011e-09
248.52352352352352	0.3072782757430741	11158.356944217066	3.913252651282448e-09
248.7987987987988	0.30738607242668975	11140.43061747408	3.925868046461626e-09
249.07407407407408	0.30757195452697317	11122.533090150762	3.938524965331717e-09
249.34934934934935	0.30788246266969266	11104.664315980064	3.9512271391361305e-09
249.62462462462463	0.30824393278955037	11086.824248768851	3.963974386172188e-09
249.8998998998999	0.30855104599466715	11069.012842397606	3.976763295389626e-09
250.17517517517518	0.30869121347563	11051.230050820233	3.98958838942973e-09
250.45045045045046	0.3087323358651286	11033.47582806502	4.0024488096239925e-09
250.72572572572574	0.30884655523584625	11015.750128235086	4.015349665395138e-09
251.00100100100101	0.30905067876407705	10998.052905507402	4.0282944384734765e-09
251.2762762762763	0.3093037339086316	10980.384114132316	4.041283828686627e-09
251.55155155155157	0.3096005793571389	10962.743708433649	4.054318128988748e-09
251.82682682682685	0.3099279581034773	10945.131642808537	4.067397137922456e-09
252.10210210210212	0.31023302181507795	10927.547871727062	4.0805190824719245e-09
252.3773773773774	0.31044998694158843	10909.992349732069	4.093680876867712e-09
252.65265265265268	0.3105088767365315	10892.465031439007	4.106878547944524e-09
252.92792792792793	0.3104499253987976	10874.965871536477	4.120111221883282e-09
253.2032032032032	0.3104045284866872	10857.494824786632	4.133382768821517e-09
253.47847847847848	0.31046116257206563	10840.05184602486	4.146698339861851e-09
253.75375375375376	0.3106395815331297	10822.636890159227	4.160061556907646e-09
254.02902902902903	0.310735715546858	10805.249912169014	4.173467748516138e-09
254.3043043043043	0.31061366094622994	10787.890867105005	4.1869098120826536e-09
254.5795795795796	0.31054143041952603	10770.559710091817	4.20039274772925e-09
254.85485485485486	0.3106997804622712	10753.256396327257	4.213925493883314e-09
255.13013013013014	0.31098679001361856	10735.980881080512	4.227509734873855e-09
255.40540540540542	0.31123247248922503	10718.733119691598	4.241140764698649e-09
255.6806806806807	0.3112469494151624	10701.513067571108	4.254809586117907e-09
255.95595595595597	0.31111368283258745	10684.320680201768	4.26851401287758e-09
256.2312312312313	0.31106581506256475	10667.155913139259	4.28226077883477e-09
256.5065065065065	0.3111250733385895	10650.018722010806	4.2960544716125395e-09
256.7817817817818	0.31124144278150423	10632.909062514618	4.30989603259723e-09
257.0570570570571	0.31141739004832625	10615.826890420092	4.323786151082597e-09
257.3323323323324	0.3116341403962857	10598.772161567584	4.337724643261105e-09
257.60760760760763	0.31180116654775314	10581.744831867827	4.351708353922846e-09
257.8828828828829	0.31188426956649273	10564.744857302156	4.365734392210641e-09
258.15815815815813	0.3119355019419316	10547.772193922949	4.3798029966701566e-09
258.43343343343344	0.31198654754113514	10530.826797853399	4.39391545907186e-09
258.70870870870874	0.3120512130307473	10513.908625287278	4.40807304596956e-09
258.983983983984	0.3121756431425075	10497.01763248902	4.422278147936756e-09
259.25925925925924	0.31238678820992954	10480.15377579351	4.436533124348667e-09
259.53453453453454	0.31254129178141393	10463.317011604862	4.450834330359074e-09
259.80980980980985	0.31254335420746104	10446.507296396623	4.465176406575112e-09
260.0850850850851	0.3125670972029429	10429.72458671337	4.479562556180395e-09
260.36036036036035	0.3127399515842502	10412.968839170317	4.4939991587224294e-09
260.63563563563565	0.31303214600862994	10396.240010452213	4.508488811007847e-09
260.91091091091096	0.3133219287058144	10379.538057312604	4.523028707734105e-09
261.1861861861862	0.313429014640878	10362.86293657333	4.537610909297834e-09
261.46146146146145	0.3133995615323591	10346.214605125888	4.552232677503977e-09
261.73673673673676	0.3134057441033463	10329.593019932145	4.566898707912778e-09
262.01201201201206	0.3135083969581314	10312.998138023542	4.581613882217594e-09
262.2872872872873	0.3137148338350251	10296.42991650061	4.596381273998758e-09
262.56256256256256	0.31399485931543447	10279.888312532592	4.61120159095638e-09
262.8378378378378	0.31427006420171083	10263.373283357021	4.626072461439232e-09
263.1131131131131	0.31438493699489595	10246.884786279092	4.6409869731283264e-09
263.3883883883884	0.31438314815042806	10230.422778672875	4.655942911532095e-09
263.66366366366367	0.3145526036566943	10213.987217982867	4.670949624659403e-09
263.9389389389389	0.31489007330509305	10197.578061721908	4.686012295985261e-09
264.2142142142142	0.31517745987342605	10181.195267469631	4.701125886635588e-09
264.48948948948953	0.3153940986118686	10164.838792873683	4.7162868979794305e-09
264.7647647647648	0.3156003530150168	10148.508595650157	4.731495674408852e-09
265.04004004004	0.31578515984951977	10132.204633582993	4.746752065671971e-09
265.31531531531533	0.31592706399576415	10115.926864523819	4.7620552582978095e-09
265.59059059059064	0.31602976239209796	10099.67524639199	4.7774049996272406e-09
265.8658658658659	0.3160779693731628	10083.449737174367	4.792800640027719e-09
266.14114114114113	0.3160258632347047	10067.250294924972	4.8082401598493e-09
266.41641641641644	0.3159470637615304	10051.07687776573	4.823725242294317e-09
266.69169169169174	0.3160173528249839	10034.929443887082	4.839263502231252e-09
266.966966966967	0.3162455024236584	10018.8079515467	4.854859606573047e-09
267.24224224224224	0.31653318079573733	10002.712359068646	4.8705125299483135e-09
267.5175175175175	0.3167535968468642	9986.642624843042	4.886216978302812e-09
267.7927927927928	0.3168354177579246	9970.598707326339	4.9019673653581724e-09
268.0680680680681	0.31692195414838886	9954.580565042757	4.917766104064901e-09
268.34334334334335	0.3171068058490386	9938.588156583812	4.93361818306524e-09
268.6186186186186	0.31730139453882295	9922.621440606912	4.949523063923694e-09
268.8938938938939	0.31746488542517987	9906.680375835595	4.965478955753697e-09
269.1691691691692	0.31763707666848595	9890.764921060005	4.981486468496235e-09
269.44444444444446	0.3178322795420854	9874.875035136592	4.99754656853026e-09
269.7197197197197	0.3180420323128422	9859.010676987838	5.013659542349105e-09
269.994994994995	0.318255300496855	9843.171805602147	5.029825198300186e-09
270.2702702702703	0.31846044244738825	9827.358380033733	5.0460430537641026e-09
270.54554554554556	0.31864715084808837	9811.57035940251	5.062312514136668e-09
270.8208208208208	0.31881118352849913	9795.807702894026	5.0786331569648e-09
271.0960960960961	0.3189621004020013	9780.07036975948	5.0950051942139794e-09
271.3713713713714	0.3190977108389975	9764.358319315526	5.111428729618544e-09
271.6466466466467	0.31919798847578296	9748.671510944027	5.127903104042777e-09
271.9219219219219	0.3192963999597928	9733.009904092329	5.144429342633142e-09
272.19719719719717	0.31947096888326976	9717.373458273527	5.161011176287889e-09
272.4724724724725	0.31974215214423446	9701.76213306592	5.1776515700206096e-09
272.7477477477478	0.3200816584239215	9686.175888112546	5.194351130998844e-09
273.02302302302303	0.32037864822681417	9670.614683120442	5.211105866983313e-09
273.2982982982983	0.320556804444642	9655.078477860803	5.227910602279776e-09
273.5735735735736	0.32073277466610384	9639.567232170322	5.244767210629558e-09
273.8488488488489	0.3209700456264976	9624.080905950697	5.261679348018183e-09
274.12412412412414	0.3211670007000467	9608.619459167301	5.278645031637767e-09
274.3993993993994	0.32129655074006996	9593.182851849584	5.295662149486454e-09
274.6746746746747	0.32143176322284034	9577.771044091784	5.31273255623425e-09
274.94994994995	0.32158206605859346	9562.38399605232	5.329857733880303e-09
275.22522522522524	0.32171280638796834	9547.021667953355	5.347037172765733e-09
275.5005005005005	0.3218207800659341	9531.684020080937	5.364270537527722e-09
275.7757757757758	0.32192334131690953	9516.371012785026	5.3815584269456315e-09
276.0510510510511	0.3220645350210171	9501.082606479658	5.39890305283867e-09
276.32632632632635	0.32225536315765685	9485.818761642546	5.416306172960613e-09
276.6016016016016	0.3224162857828558	9470.579438814257	5.4337655727502815e-09
276.87687687687685	0.32253670059317324	9455.364598598695	5.451279673839506e-09
277.15215215215215	0.3227150006710578	9440.17420166381	5.468851752701534e-09
277.42742742742746	0.32293829133769913	9425.008208740657	5.486483168831498e-09
277.7027027027027	0.3231005429375825	9409.866580622545	5.5041703536247176e-09
277.97797797797796	0.32319636332130186	9394.749278165706	5.521911193781592e-09
278.25325325325326	0.32327257373557633	9379.65626228963	5.539706552458728e-09
278.52852852852857	0.32335897692153176	9364.587493976838	5.557558228588499e-09
278.8038038038038	0.323480035156809	9349.542934272737	5.5754683221924905e-09
279.07907907907907	0.32365996496707694	9334.522544285512	5.593439098300559e-09
279.35435435435437	0.32384486596369716	9319.52628518539	5.611469620943222e-09
279.6296296296297	0.32385310653995325	9304.554118203516	5.629551770154e-09
279.9049049049049	0.32374151277811686	9289.606004633764	5.6476835438445855e-09
280.1801801801802	0.3238103548301054	9274.68190583464	5.665876688410216e-09
280.4554554554555	0.3240233039254445	9259.781783226435	5.684136224615115e-09
280.7307307307308	0.3241475085768495	9244.905598289539	5.702455047870328e-09
281.00600600600603	0.3241867014333773	9230.053312566237	5.720829491748864e-09
281.2812812812813	0.32422889863368803	9215.224887661325	5.739261404187407e-09
281.5565565565566	0.3243150408420871	9200.420285241613	5.757753653211342e-09
281.83183183183183	0.3244565579222973	9185.639467035613	5.776308404197079e-09
282.10710710710714	0.32462417594365506	9170.882394833068	5.794925673113227e-09
282.3823823823824	0.32477623768808217	9156.149030484774	5.813603748532893e-09
282.6576576576577	0.3248663205176161	9141.439335902403	5.832339749773891e-09
282.93293293293294	0.32492394869683056	9126.753273059083	5.851133465570102e-09
283.20820820820825	0.325030733612218	9112.090803989713	5.869988445181081e-09
283.4834834834835	0.32517427022277257	9097.451890790093	5.888906185090171e-09
283.75875875875874	0.3253100470243597	9082.836495616537	5.907885636377174e-09
284.03403403403405	0.3254717983085959	9068.244580686438	5.9269278082714364e-09
284.3093093093093	0.3256669148655432	9053.676108277974	5.946033677640992e-09
284.5845845845846	0.32576623188799225	9039.131040728793	5.965198125917593e-09
284.85985985985985	0.32574756350327433	9024.609340436866	5.984417429396943e-09
285.13513513513516	0.3257996784138644	9010.110969862193	6.003698060909546e-09
285.4104104104104	0.32597799195378635	8995.63589152558	6.0230461558251525e-09
285.6856856856857	0.3261843391770025	8981.184068007195	6.042460771195797e-09
285.96096096096096	0.3263584917647968	8966.755461946803	6.0619387736354315e-09
286.23623623623627	0.3264840862004509	8952.350036044038	6.0814777968456014e-09
286.5115115115115	0.32663984292984694	8937.967753059165	6.1010802009636235e-09
286.7867867867868	0.32688586661713664	8923.608575812787	6.1207501079403205e-09
287.06206206206207	0.32709033682641153	8909.272467184095	6.14048387115412e-09
287.3373373373374	0.3271748699010947	8894.9593901112	6.160276003531064e-09
287.6126126126126	0.3272578752784228	8880.66930759282	6.1801290006899095e-09
287.8878878878879	0.32738950481018436	8866.402182687552	6.200046618873055e-09
288.1631631631632	0.32750619088839367	8852.157978512785	6.22002808291561e-09
288.4384384384384	0.32760381441041914	8837.936658245122	6.240072870356851e-09
288.71371371371373	0.32772871721860014	8823.73818512073	6.2601829328469805e-09
288.988988988989	0.32791143857937705	8809.562522435146	6.280360855135099e-09
289.2642642642643	0.328152476739385	8795.40963354286	6.30060817962888e-09
289.53953953953953	0.3283540676200013	8781.279481856373	6.320921294037573e-09
289.81481481481484	0.3284483993499332	8767.172030846306	6.341295146505018e-09
290.0900900900901	0.32851777234429264	8753.087244042748	6.3617309156606586e-09
290.3653653653654	0.3286153757075708	8739.025085034846	6.382231832321086e-09
290.64064064064064	0.3287128736850556	8724.985517469997	6.402798420969314e-09
290.91591591591595	0.32883525836662725	8710.96850505422	6.423432246611656e-09
291.1911911911912	0.3290557128250824	8696.974011552536	6.444137737550291e-09
291.4664664664665	0.329335733335506	8683.002000787832	6.464915595209507e-09
291.74174174174175	0.32957749135762887	8669.0524366402	6.485761653027782e-09
292.01701701701705	0.32973428438090674	8655.125283047311	6.506671508018272e-09
292.2922922922923	0.3298142254387732	8641.22050400486	6.527643234221605e-09
292.5675675675676	0.32994473272623104	8627.338063567558	6.5486819791787034e-09
292.84284284284286	0.3301598008787571	8613.47792584822	6.569792286532768e-09
293.1181181181181	0.33026629699741317	8599.640055015463	6.590967426109207e-09
293.3933933933934	0.33023087623659014	8585.82441529515	6.612202200292932e-09
293.66866866866866	0.330233931674992	8572.030970972333	6.633502595492201e-09
293.94394394394396	0.3303090640379222	8558.259686389762	6.654873606519031e-09
294.2192192192192	0.33037606490060556	8544.51052594672	6.676314151315851e-09
294.4944944944945	0.3303923837536943	8530.78345409926	6.69782165804332e-09
294.76976976976977	0.3303666046595731	8517.078435360625	6.719395236761994e-09
295.0450450450451	0.3304463576018975	8503.395434302494	6.7410417687706255e-09
295.3203203203203	0.33069293469137273	8489.734415554087	6.7627681561029274e-09
295.5955955955956	0.3308666272042337	8476.095343799108	6.784566417955126e-09
295.8708708708709	0.3308938170811884	8462.478183777279	6.806428654321192e-09
296.1461461461462	0.3310056465898645	8448.882900287206	6.828362157134859e-09
296.4214214214214	0.33121066654625725	8435.309458184176	6.850371435323983e-09
296.69669669669673	0.3313155981269895	8421.757822378011	6.872449384272892e-09
296.971971971972	0.33138784853644654	8408.227957835568	6.8945956157960205e-09
297.2472472472473	0.33160393088240886	8394.719829581758	6.916818903867977e-09
297.52252252252254	0.33190487591217216	8381.233402697098	6.939121170127578e-09
297.7977977977978	0.33217856404058776	8367.768642317085	6.961497911928871e-09
298.0730730730731	0.33239812019286386	8354.325513632959	6.983945431774896e-09
298.34834834834834	0.3325854961381534	8340.903981892097	7.006462938810049e-09
298.62362362362364	0.3328189164386942	8327.504012398498	7.029054087572294e-09
298.8988988988989	0.33307346142340827	8314.12557051166	7.051719700983019e-09
299.1741741741742	0.3332098103543775	8300.768621645297	7.074453210778893e-09
299.44944944944945	0.3332251879609006	8287.433131268657	7.097250999637355e-09
299.72472472472475	0.33321806426181627	8274.119064907462	7.120116242981067e-09
300.0	0.3332890365448505	8260.826388143862	7.1430559434631244e-09
