0.0053946	8.82
0.0	0.0
0.5	0.2
1.0	0.2
1.5	0.8
2.0	2.4
2.5	4.4
3.0	5.8
3.5	9.6
4.0	14.2
4.5	18.8
5.0	25.0
5.5	33.4
6.0	39.8
6.5	48.0
7.0	56.0
7.5	64.6
8.0	76.0
8.5	88.8
9.0	100.4
9.5	116.4
10.0	128.8
10.5	143.6
11.0	160.8
11.5	176.6
12.0	193.4
12.5	207.6
13.0	220.8
13.5	239.0
14.0	257.6
14.5	279.4
15.0	299.2
15.5	317.0
16.0	333.8
16.5	354.6
17.0	373.0
17.5	390.4
18.0	411.0
18.5	432.4
19.0	451.2
19.5	469.2
20.0	486.6
20.5	508.0
21.0	527.0
21.5	546.4
22.0	567.0
22.5	588.6
23.0	611.2
23.5	631.8
24.0	652.0
24.5	671.0
25.0	692.2
25.5	711.8
26.0	732.0
26.5	749.8
27.0	772.4
27.5	794.0
28.0	812.4
28.5	834.8
29.0	855.0
29.5	875.2
30.0	893.8
30.5	915.2
31.0	936.6
31.5	954.4
32.0	975.4
32.5	996.0
33.0	1019.8
33.5	1039.2
34.0	1059.4
34.5	1078.8
35.0	1095.4
35.5	1112.0
36.0	1133.2
36.5	1144.6
37.0	1164.2
37.5	1183.2
38.0	1199.8
38.5	1220.6
39.0	1238.6
39.5	1256.8
40.0	1273.6
40.5	1290.0
41.0	1306.4
41.5	1325.0
42.0	1341.0
42.5	1356.6
43.0	1376.0
43.5	1394.0
44.0	1412.4
44.5	1430.0
45.0	1446.6
45.5	1465.4
46.0	1481.4
46.5	1500.8
47.0	1517.8
47.5	1532.4
48.0	1552.2
48.5	1568.4
49.0	1585.0
49.5	1598.2
50.0	1613.6
50.5	1629.4
51.0	1641.4
51.5	1656.4
52.0	1673.2
52.5	1687.4
53.0	1703.8
53.5	1718.6
54.0	1734.6
54.5	1748.2
55.0	1764.2
55.5	1780.0
56.0	1797.6
56.5	1813.4
57.0	1826.2
57.5	1838.4
58.0	1849.4
58.5	1862.0
59.0	1879.2
59.5	1895.0
60.0	1911.0
60.5	1925.0
61.0	1940.8
61.5	1952.8
62.0	1968.8
62.5	1982.6
63.0	1998.6
63.5	2013.4
64.0	2029.4
64.5	2042.4
65.0	2051.8
65.5	2063.8
66.0	2078.0
66.5	2089.6
67.0	2099.2
67.5	2111.2
68.0	2118.8
68.5	2129.4
69.0	2142.2
69.5	2152.2
70.0	2162.6
70.5	2174.0
71.0	2189.2
71.5	2201.8
72.0	2214.6
72.5	2225.6
73.0	2231.4
73.5	2246.0
74.0	2259.6
74.5	2268.2
75.0	2282.8
75.5	2294.2
76.0	2306.8
76.5	2317.8
77.0	2329.0
77.5	2343.0
78.0	2353.0
78.5	2358.2
79.0	2367.0
79.5	2375.4
80.0	2389.0
80.5	2397.4
81.0	2406.6
81.5	2415.8
82.0	2427.2
82.5	2435.4
83.0	2445.6
83.5	2455.0
84.0	2462.2
84.5	2476.4
85.0	2485.6
85.5	2493.4
86.0	2499.4
86.5	2508.8
87.0	2521.0
87.5	2527.0
88.0	2538.2
88.5	2545.2
89.0	2559.8
89.5	2570.6
90.0	2580.4
90.5	2589.4
91.0	2601.0
91.5	2614.0
92.0	2619.2
92.5	2627.6
93.0	2634.2
93.5	2645.6
94.0	2657.8
94.5	2667.4
95.0	2674.4
95.5	2684.4
96.0	2691.4
96.5	2703.2
97.0	2715.2
97.5	2723.4
98.0	2728.8
98.5	2741.6
99.0	2751.4
99.5	2759.6
100.0	2767.6
100.5	2775.8
101.0	2779.6
101.5	2786.0
102.0	2794.0
102.5	2803.2
103.0	2813.8
103.5	2819.4
104.0	2826.8
104.5	2837.8
105.0	2846.8
105.5	2856.6
106.0	2866.0
106.5	2874.2
107.0	2885.6
107.5	2895.6
108.0	2905.4
108.5	2914.0
109.0	2916.6
109.5	2921.4
110.0	2928.2
110.5	2934.0
111.0	2943.2
111.5	2952.0
112.0	2958.8
112.5	2966.8
113.0	2973.8
113.5	2980.2
114.0	2989.4
114.5	2995.2
115.0	3006.8
115.5	3014.6
116.0	3023.0
116.5	3029.6
117.0	3035.2
117.5	3043.0
118.0	3047.0
118.5	3057.8
119.0	3065.0
119.5	3071.4
120.0	3081.6
120.5	3086.8
121.0	3094.6
121.5	3104.6
122.0	3111.0
122.5	3117.6
123.0	3123.8
123.5	3131.8
124.0	3142.2
124.5	3149.2
125.0	3159.4
125.5	3167.0
126.0	3176.0
126.5	3187.2
127.0	3195.4
127.5	3198.2
128.0	3205.2
128.5	3209.4
129.0	3216.4
129.5	3219.8
130.0	3228.8
130.5	3238.2
131.0	3243.8
131.5	3247.0
132.0	3255.0
132.5	3262.0
133.0	3270.6
133.5	3281.4
134.0	3290.6
134.5	3295.6
135.0	3304.2
135.5	3312.6
136.0	3315.4
136.5	3325.4
137.0	3333.2
137.5	3340.2
138.0	3344.0
138.5	3351.2
139.0	3359.8
139.5	3360.4
140.0	3366.4
140.5	3373.0
141.0	3380.0
141.5	3384.8
142.0	3388.8
142.5	3398.4
143.0	3405.2
143.5	3412.6
144.0	3413.6
144.5	3422.8
145.0	3432.8
145.5	3433.8
146.0	3441.6
146.5	3445.2
147.0	3450.6
147.5	3454.4
148.0	3461.4
148.5	3469.6
149.0	3473.8
149.5	3476.8
150.0	3478.2
150.5	3479.8
151.0	3484.2
151.5	3485.4
152.0	3496.4
152.5	3499.4
153.0	3508.4
153.5	3509.0
154.0	3510.6
154.5	3514.8
155.0	3519.4
155.5	3522.2
156.0	3530.4
156.5	3534.6
157.0	3541.6
157.5	3546.6
158.0	3552.2
158.5	3556.8
159.0	3562.6
159.5	3566.6
160.0	3575.0
160.5	3577.2
161.0	3585.2
161.5	3589.8
162.0	3595.4
162.5	3601.6
163.0	3606.0
163.5	3615.2
164.0	3618.8
164.5	3619.4
165.0	3627.2
165.5	3635.6
166.0	3642.0
166.5	3648.4
167.0	3654.0
167.5	3661.0
168.0	3670.4
168.5	3677.6
169.0	3684.4
169.5	3689.6
170.0	3694.0
170.5	3699.6
171.0	3704.6
171.5	3710.0
172.0	3714.4
172.5	3724.8
173.0	3729.6
173.5	3738.6
174.0	3748.2
174.5	3751.4
175.0	3753.2
175.5	3757.2
176.0	3769.4
176.5	3774.2
177.0	3779.8
177.5	3788.4
178.0	3792.0
178.5	3797.6
179.0	3803.0
179.5	3810.6
180.0	3816.6
180.5	3820.2
181.0	3828.0
181.5	3830.8
182.0	3837.8
182.5	3844.6
183.0	3848.8
183.5	3857.0
184.0	3863.4
184.5	3867.6
185.0	3876.2
185.5	3881.4
186.0	3889.0
186.5	3893.2
187.0	3901.0
187.5	3904.0
188.0	3907.6
188.5	3913.0
189.0	3921.8
189.5	3925.6
190.0	3932.8
190.5	3933.4
191.0	3939.8
191.5	3944.0
192.0	3948.6
192.5	3952.0
193.0	3955.8
193.5	3959.6
194.0	3965.0
194.5	3968.4
195.0	3971.4
195.5	3976.6
196.0	3984.6
196.5	3988.8
197.0	3991.4
197.5	3994.0
198.0	3999.6
198.5	4001.8
199.0	4006.6
199.5	4010.8
200.0	4016.8
200.5	4025.2
201.0	4030.8
201.5	4034.0
202.0	4038.0
202.5	4044.2
203.0	4050.8
203.5	4056.2
204.0	4061.2
204.5	4064.2
205.0	4069.0
205.5	4073.0
206.0	4078.0
206.5	4080.2
207.0	4087.6
207.5	4090.8
208.0	4097.4
208.5	4103.4
209.0	4110.4
209.5	4117.6
210.0	4121.4
210.5	4132.2
211.0	4134.4
211.5	4133.8
212.0	4140.6
212.5	4145.2
213.0	4147.6
213.5	4152.6
214.0	4157.2
214.5	4157.8
215.0	4163.4
215.5	4170.0
216.0	4176.0
216.5	4181.6
217.0	4188.2
217.5	4190.2
218.0	4197.2
218.5	4201.2
219.0	4203.2
219.5	4207.2
220.0	4209.8
220.5	4212.6
221.0	4220.6
221.5	4225.2
222.0	4227.8
222.5	4230.6
223.0	4230.8
223.5	4231.6
224.0	4237.0
224.5	4246.4
225.0	4251.4
225.5	4259.8
226.0	4264.8
226.5	4268.0
227.0	4274.0
227.5	4275.2
228.0	4276.2
228.5	4280.2
229.0	4288.2
229.5	4295.0
230.0	4303.0
230.5	4301.8
231.0	4306.8
231.5	4314.6
232.0	4320.0
232.5	4324.4
233.0	4329.8
233.5	4333.8
234.0	4340.4
234.5	4345.6
235.0	4350.6
235.5	4358.6
236.0	4364.6
236.5	4371.6
237.0	4374.6
237.5	4379.2
238.0	4384.0
238.5	4387.6
239.0	4395.0
239.5	4397.4
240.0	4402.6
240.5	4408.8
241.0	4416.4
241.5	4420.4
242.0	4421.6
242.5	4420.6
243.0	4427.4
243.5	4432.4
244.0	4439.6
244.5	4447.2
245.0	4450.0
245.5	4451.6
246.0	4459.0
246.5	4460.8
247.0	4462.0
247.5	4465.4
248.0	4471.2
248.5	4475.0
249.0	4483.4
249.5	4491.4
250.0	4495.4
250.5	4498.6
251.0	4505.6
251.5	4511.6
252.0	4510.8
252.5	4517.8
253.0	4519.2
253.5	4523.0
254.0	4525.6
254.5	4527.4
255.0	4530.4
255.5	4535.4
256.0	4536.2
256.5	4542.0
257.0	4544.2
257.5	4545.8
258.0	4552.4
258.5	4555.6
259.0	4561.6
259.5	4569.6
260.0	4575.0
260.5	4574.6
261.0	4580.4
261.5	4584.6
262.0	4589.4
262.5	4592.6
263.0	4596.0
263.5	4602.2
264.0	4603.4
264.5	4607.6
265.0	4611.0
265.5	4619.2
266.0	4623.8
266.5	4629.8
267.0	4629.6
267.5	4636.8
268.0	4639.8
268.5	4646.6
269.0	4651.6
269.5	4656.6
270.0	4661.2
270.5	4661.2
271.0	4664.2
271.5	4667.8
272.0	4671.0
272.5	4673.0
273.0	4674.2
273.5	4682.6
274.0	4688.4
274.5	4691.6
275.0	4694.4
275.5	4696.8
276.0	4704.2
276.5	4704.6
277.0	4714.0
277.5	4720.8
278.0	4725.6
278.5	4722.2
279.0	4723.0
279.5	4724.2
280.0	4724.6
280.5	4726.8
281.0	4726.4
281.5	4732.8
282.0	4736.6
282.5	4742.4
283.0	4746.8
283.5	4753.6
284.0	4753.4
284.5	4760.6
285.0	4765.6
285.5	4761.8
286.0	4762.8
286.5	4769.6
287.0	4776.2
287.5	4777.8
288.0	4785.4
288.5	4792.6
289.0	4795.6
289.5	4796.2
290.0	4796.8
290.5	4801.8
291.0	4806.0
291.5	4808.6
292.0	4815.4
292.5	4818.8
293.0	4822.8
293.5	4827.6
294.0	4827.0
294.5	4835.0
295.0	4840.0
295.5	4845.4
296.0	4850.8
296.5	4853.2
297.0	4856.2
297.5	4859.0
298.0	4863.4
298.5	4866.4
299.0	4867.6
299.5	4869.8
300.0	4872.4
