0.0001998	6.3
0.0	0.0
0.5	0.0
1.0	0.0
1.5	0.0
2.0	0.0
2.5	0.0
3.0	0.0
3.5	0.4
4.0	1.0
4.5	1.0
5.0	1.6
5.5	2.2
6.0	2.4
6.5	3.6
7.0	4.6
7.5	5.2
8.0	6.2
8.5	7.8
9.0	9.8
9.5	11.2
10.0	12.4
10.5	14.6
11.0	15.6
11.5	18.4
12.0	19.4
12.5	20.8
13.0	24.0
13.5	24.4
14.0	26.2
14.5	28.6
15.0	31.8
15.5	34.8
16.0	36.0
16.5	38.6
17.0	40.6
17.5	43.2
18.0	45.6
18.5	49.4
19.0	54.0
19.5	57.2
20.0	60.0
20.5	64.4
21.0	68.6
21.5	71.8
22.0	76.0
22.5	79.8
23.0	84.8
23.5	89.6
24.0	93.2
24.5	98.2
25.0	103.0
25.5	108.4
26.0	113.6
26.5	118.8
27.0	124.4
27.5	130.8
28.0	136.6
28.5	142.2
29.0	148.2
29.5	152.6
30.0	158.6
30.5	165.4
31.0	171.6
31.5	177.2
32.0	184.0
32.5	191.0
33.0	192.8
33.5	199.2
34.0	207.4
34.5	212.8
35.0	219.8
35.5	226.4
36.0	231.4
36.5	235.8
37.0	240.6
37.5	245.6
38.0	251.6
38.5	258.6
39.0	266.8
39.5	274.4
40.0	282.8
40.5	289.0
41.0	295.2
41.5	303.4
42.0	307.8
42.5	313.8
43.0	321.2
43.5	326.0
44.0	331.6
44.5	337.8
45.0	345.2
45.5	349.8
46.0	353.8
46.5	360.0
47.0	365.8
47.5	375.0
48.0	380.6
48.5	386.8
49.0	393.8
49.5	401.2
50.0	408.2
50.5	413.2
51.0	419.2
51.5	426.0
52.0	434.2
52.5	441.0
53.0	447.6
53.5	453.0
54.0	459.8
54.5	465.4
55.0	475.0
55.5	481.0
56.0	488.8
56.5	494.6
57.0	501.0
57.5	506.0
58.0	511.8
58.5	519.4
59.0	526.6
59.5	532.2
60.0	536.4
60.5	544.0
61.0	552.8
61.5	560.8
62.0	564.8
62.5	569.8
63.0	577.0
63.5	587.2
64.0	596.8
64.5	605.2
65.0	612.4
65.5	620.6
66.0	626.4
66.5	633.6
67.0	639.2
67.5	645.8
68.0	653.6
68.5	660.4
69.0	665.2
69.5	673.2
70.0	679.8
70.5	685.8
71.0	689.2
71.5	696.8
72.0	705.2
72.5	714.0
73.0	720.4
73.5	729.0
74.0	736.2
74.5	743.4
75.0	752.4
75.5	761.6
76.0	769.6
76.5	777.8
77.0	783.0
77.5	791.2
78.0	800.4
78.5	808.8
79.0	813.4
79.5	820.2
80.0	827.8
80.5	833.4
81.0	840.4
81.5	847.8
82.0	854.4
82.5	860.4
83.0	867.4
83.5	874.8
84.0	882.6
84.5	888.6
85.0	894.2
85.5	901.4
86.0	906.4
86.5	911.6
87.0	918.4
87.5	926.2
88.0	936.0
88.5	940.2
89.0	944.8
89.5	951.4
90.0	957.8
90.5	964.6
91.0	972.0
91.5	975.8
92.0	982.0
92.5	988.2
93.0	994.8
93.5	1002.8
94.0	1010.8
94.5	1018.6
95.0	1025.0
95.5	1032.2
96.0	1041.0
96.5	1047.6
97.0	1052.2
97.5	1059.2
98.0	1064.2
98.5	1071.0
99.0	1076.8
99.5	1082.0
100.0	1087.6
100.5	1095.6
101.0	1104.8
101.5	1113.4
102.0	1115.6
102.5	1122.0
103.0	1131.0
103.5	1134.2
104.0	1139.2
104.5	1145.0
105.0	1152.4
105.5	1159.2
106.0	1163.6
106.5	1173.4
107.0	1180.4
107.5	1190.4
108.0	1197.8
108.5	1203.0
109.0	1209.8
109.5	1215.2
110.0	1220.8
110.5	1226.2
111.0	1232.6
111.5	1239.0
112.0	1244.4
112.5	1251.2
113.0	1259.0
113.5	1267.6
114.0	1272.4
114.5	1272.2
115.0	1278.4
115.5	1284.2
116.0	1290.6
116.5	1295.8
117.0	1300.8
117.5	1307.2
118.0	1312.4
118.5	1317.4
119.0	1324.0
119.5	1331.2
120.0	1336.0
120.5	1341.6
121.0	1345.0
121.5	1349.2
122.0	1352.8
122.5	1360.0
123.0	1366.6
123.5	1370.2
124.0	1375.2
124.5	1383.2
125.0	1389.8
125.5	1394.4
126.0	1400.0
126.5	1405.2
127.0	1413.0
127.5	1418.8
128.0	1421.0
128.5	1424.4
129.0	1429.4
129.5	1438.8
130.0	1444.4
130.5	1448.8
131.0	1452.2
131.5	1459.0
132.0	1464.0
132.5	1470.2
133.0	1473.0
133.5	1479.0
134.0	1481.8
134.5	1485.4
135.0	1489.2
135.5	1495.8
136.0	1498.6
136.5	1501.6
137.0	1506.8
137.5	1513.2
138.0	1520.4
138.5	1520.0
139.0	1523.6
139.5	1529.4
140.0	1534.0
140.5	1536.8
141.0	1541.6
141.5	1547.8
142.0	1554.2
142.5	1561.6
143.0	1565.8
143.5	1569.4
144.0	1577.6
144.5	1583.2
145.0	1586.0
145.5	1586.8
146.0	1593.4
146.5	1598.2
147.0	1606.0
147.5	1608.4
148.0	1612.4
148.5	1615.6
149.0	1620.8
149.5	1623.8
150.0	1629.4
150.5	1633.6
151.0	1634.2
151.5	1638.0
152.0	1646.0
152.5	1655.4
153.0	1661.2
153.5	1667.2
154.0	1670.6
154.5	1677.2
155.0	1682.2
155.5	1687.8
156.0	1693.8
156.5	1699.2
157.0	1705.0
157.5	1708.6
158.0	1710.4
158.5	1714.8
159.0	1718.6
159.5	1721.0
160.0	1726.4
160.5	1727.2
161.0	1728.0
161.5	1730.2
162.0	1734.0
162.5	1740.6
163.0	1744.6
163.5	1748.6
164.0	1747.8
164.5	1751.2
165.0	1755.4
165.5	1760.0
166.0	1764.8
166.5	1770.8
167.0	1773.8
167.5	1779.4
168.0	1784.0
168.5	1788.8
169.0	1795.6
169.5	1799.2
170.0	1804.8
170.5	1809.0
171.0	1811.0
171.5	1816.0
172.0	1821.2
172.5	1822.2
173.0	1823.6
173.5	1829.4
174.0	1833.8
174.5	1839.6
175.0	1846.2
175.5	1850.2
176.0	1856.2
176.5	1859.8
177.0	1861.6
177.5	1868.4
178.0	1876.4
178.5	1881.2
179.0	1885.6
179.5	1890.2
180.0	1896.6
180.5	1901.6
181.0	1903.4
181.5	1909.8
182.0	1911.2
182.5	1912.6
183.0	1916.0
183.5	1921.0
184.0	1925.6
184.5	1928.8
185.0	1929.0
185.5	1932.0
186.0	1936.0
186.5	1942.2
187.0	1945.8
187.5	1947.6
188.0	1950.6
188.5	1951.2
189.0	1955.4
189.5	1961.4
190.0	1962.8
190.5	1964.6
191.0	1967.6
191.5	1969.0
192.0	1972.4
192.5	1976.4
193.0	1980.6
193.5	1987.4
194.0	1991.6
194.5	1998.6
195.0	2005.4
195.5	2009.0
196.0	2010.2
196.5	2010.8
197.0	2014.6
197.5	2017.6
198.0	2019.8
198.5	2024.2
199.0	2025.2
199.5	2027.8
200.0	2031.6
200.5	2035.8
201.0	2041.0
201.5	2045.6
202.0	2051.0
202.5	2055.4
203.0	2060.4
203.5	2061.6
204.0	2063.2
204.5	2067.0
205.0	2074.6
205.5	2077.2
206.0	2081.8
206.5	2085.4
207.0	2088.2
207.5	2089.8
208.0	2092.2
208.5	2094.8
209.0	2099.6
209.5	2102.2
210.0	2104.8
210.5	2110.2
211.0	2112.2
211.5	2116.6
212.0	2123.2
212.5	2128.8
213.0	2133.8
213.5	2135.4
214.0	2142.6
214.5	2148.6
215.0	2150.6
215.5	2157.0
216.0	2159.4
216.5	2161.2
217.0	2164.2
217.5	2168.0
218.0	2169.2
218.5	2173.8
219.0	2176.6
219.5	2179.0
220.0	2184.4
220.5	2189.4
221.0	2193.4
221.5	2198.2
222.0	2202.6
222.5	2208.4
223.0	2211.6
223.5	2213.0
224.0	2216.2
224.5	2216.6
225.0	2222.2
225.5	2226.4
226.0	2229.2
226.5	2231.0
227.0	2231.6
227.5	2233.4
228.0	2237.0
228.5	2241.0
229.0	2244.8
229.5	2247.0
230.0	2250.2
230.5	2255.8
231.0	2257.8
231.5	2261.6
232.0	2264.4
232.5	2269.4
233.0	2274.6
233.5	2277.8
234.0	2283.4
234.5	2286.2
235.0	2288.6
235.5	2292.0
236.0	2294.4
236.5	2296.6
237.0	2300.2
237.5	2305.8
238.0	2309.4
238.5	2312.6
239.0	2315.8
239.5	2317.6
240.0	2321.6
240.5	2326.0
241.0	2329.0
241.5	2335.6
242.0	2339.4
242.5	2342.8
243.0	2347.2
243.5	2352.0
244.0	2356.4
244.5	2360.6
245.0	2364.2
245.5	2365.6
246.0	2369.0
246.5	2372.2
247.0	2375.6
247.5	2379.0
248.0	2382.4
248.5	2386.8
249.0	2391.6
249.5	2393.8
250.0	2397.4
250.5	2401.2
251.0	2407.8
251.5	2411.6
252.0	2417.0
252.5	2419.8
253.0	2423.2
253.5	2426.6
254.0	2430.8
254.5	2433.8
255.0	2438.8
255.5	2438.8
256.0	2444.2
256.5	2450.2
257.0	2456.4
257.5	2461.0
258.0	2462.8
258.5	2466.8
259.0	2469.0
259.5	2472.8
260.0	2475.8
260.5	2480.8
261.0	2482.6
261.5	2486.8
262.0	2488.6
262.5	2494.4
263.0	2499.8
263.5	2499.2
264.0	2500.6
264.5	2502.6
265.0	2504.4
265.5	2508.4
266.0	2512.2
266.5	2515.0
267.0	2520.2
267.5	2523.8
268.0	2527.2
268.5	2530.4
269.0	2536.6
269.5	2540.0
270.0	2544.4
270.5	2547.2
271.0	2547.4
271.5	2550.4
272.0	2551.4
272.5	2553.4
273.0	2556.6
273.5	2561.2
274.0	2561.0
274.5	2563.6
275.0	2565.2
275.5	2571.2
276.0	2572.0
276.5	2570.8
277.0	2572.8
277.5	2577.4
278.0	2579.2
278.5	2581.6
279.0	2586.8
279.5	2594.2
280.0	2598.8
280.5	2602.0
281.0	2604.4
281.5	2606.8
282.0	2606.6
282.5	2610.6
283.0	2615.8
283.5	2618.0
284.0	2625.0
284.5	2630.6
285.0	2633.0
285.5	2634.8
286.0	2637.6
286.5	2642.4
287.0	2646.6
287.5	2647.4
288.0	2649.6
288.5	2655.4
289.0	2656.8
289.5	2659.0
290.0	2663.4
290.5	2664.4
291.0	2665.8
291.5	2668.8
292.0	2670.4
292.5	2671.8
293.0	2674.4
293.5	2674.6
294.0	2677.8
294.5	2682.6
295.0	2684.4
295.5	2685.8
296.0	2689.8
296.5	2693.8
297.0	2697.6
297.5	2700.0
298.0	2700.4
298.5	2706.6
299.0	2710.6
299.5	2715.8
300.0	2717.2
