0.0045954	0.0
0.0	0.0
0.5	0.0
1.0	0.6
1.5	1.0
2.0	1.4
2.5	3.8
3.0	7.4
3.5	10.6
4.0	16.0
4.5	21.4
5.0	26.0
5.5	32.2
6.0	41.4
6.5	50.8
7.0	58.2
7.5	68.6
8.0	82.4
8.5	92.6
9.0	107.4
9.5	119.8
10.0	132.6
10.5	148.2
11.0	163.6
11.5	177.0
12.0	192.2
12.5	208.2
13.0	224.0
13.5	244.0
14.0	260.0
14.5	275.6
15.0	293.4
15.5	311.0
16.0	328.0
16.5	346.8
17.0	362.8
17.5	384.0
18.0	404.4
18.5	424.6
19.0	446.2
19.5	467.2
20.0	489.6
20.5	514.0
21.0	534.2
21.5	558.2
22.0	581.2
22.5	601.2
23.0	620.4
23.5	639.6
24.0	663.0
24.5	686.8
25.0	707.4
25.5	731.2
26.0	751.8
26.5	772.6
27.0	795.8
27.5	814.4
28.0	835.6
28.5	858.8
29.0	881.8
29.5	904.4
30.0	925.2
30.5	945.8
31.0	964.8
31.5	978.8
32.0	999.6
32.5	1022.2
33.0	1041.8
33.5	1058.2
34.0	1079.8
34.5	1104.2
35.0	1122.4
35.5	1147.8
36.0	1166.8
36.5	1184.6
37.0	1206.6
37.5	1227.8
38.0	1249.4
38.5	1271.6
39.0	1292.6
39.5	1310.4
40.0	1326.0
40.5	1346.2
41.0	1363.0
41.5	1375.0
42.0	1392.8
42.5	1411.8
43.0	1429.4
43.5	1442.2
44.0	1461.8
44.5	1474.8
45.0	1488.4
45.5	1508.2
46.0	1525.8
46.5	1539.6
47.0	1558.0
47.5	1575.4
48.0	1593.4
48.5	1611.8
49.0	1627.6
49.5	1641.4
50.0	1654.0
50.5	1670.4
51.0	1689.2
51.5	1706.2
52.0	1721.4
52.5	1740.2
53.0	1755.8
53.5	1770.2
54.0	1784.0
54.5	1798.4
55.0	1813.4
55.5	1832.0
56.0	1845.0
56.5	1862.4
57.0	1877.4
57.5	1893.4
58.0	1902.8
58.5	1920.0
59.0	1933.0
59.5	1950.0
60.0	1963.6
60.5	1974.8
61.0	1990.6
61.5	2002.8
62.0	2017.0
62.5	2031.6
63.0	2041.6
63.5	2059.2
64.0	2070.2
64.5	2083.8
65.0	2095.2
65.5	2105.2
66.0	2114.0
66.5	2127.2
67.0	2140.6
67.5	2149.4
68.0	2160.4
68.5	2173.6
69.0	2185.8
69.5	2196.4
70.0	2207.8
70.5	2218.4
71.0	2230.2
71.5	2236.6
72.0	2246.4
72.5	2259.2
73.0	2269.4
73.5	2280.0
74.0	2289.8
74.5	2304.0
75.0	2316.8
75.5	2326.2
76.0	2335.8
76.5	2349.8
77.0	2359.8
77.5	2369.6
78.0	2379.2
78.5	2390.6
79.0	2398.2
79.5	2411.0
80.0	2419.6
80.5	2430.4
81.0	2441.0
81.5	2449.8
82.0	2459.2
82.5	2470.6
83.0	2478.8
83.5	2486.8
84.0	2492.6
84.5	2504.6
85.0	2515.6
85.5	2524.4
86.0	2537.0
86.5	2547.6
87.0	2553.2
87.5	2564.0
88.0	2570.8
88.5	2584.0
89.0	2593.4
89.5	2601.0
90.0	2608.6
90.5	2619.6
91.0	2628.8
91.5	2638.2
92.0	2648.6
92.5	2658.4
93.0	2666.0
93.5	2678.0
94.0	2690.0
94.5	2699.0
95.0	2707.6
95.5	2717.0
96.0	2729.6
96.5	2736.8
97.0	2745.2
97.5	2755.6
98.0	2761.6
98.5	2767.8
99.0	2776.0
99.5	2781.8
100.0	2793.2
100.5	2803.8
101.0	2810.6
101.5	2819.2
102.0	2829.2
102.5	2838.2
103.0	2845.4
103.5	2853.8
104.0	2862.0
104.5	2873.0
105.0	2882.6
105.5	2889.4
106.0	2899.0
106.5	2905.0
107.0	2912.4
107.5	2922.8
108.0	2930.8
108.5	2940.4
109.0	2947.4
109.5	2955.4
110.0	2958.8
110.5	2968.6
111.0	2979.4
111.5	2984.0
112.0	2989.0
112.5	2994.8
113.0	3002.2
113.5	3008.2
114.0	3017.4
114.5	3024.4
115.0	3033.2
115.5	3043.0
116.0	3051.0
116.5	3058.0
117.0	3067.2
117.5	3073.6
118.0	3079.8
118.5	3086.2
119.0	3097.8
119.5	3108.0
120.0	3116.8
120.5	3119.6
121.0	3130.4
121.5	3139.8
122.0	3144.4
122.5	3153.8
123.0	3159.4
123.5	3165.0
124.0	3171.2
124.5	3176.4
125.0	3183.8
125.5	3187.6
126.0	3193.6
126.5	3201.2
127.0	3206.8
127.5	3212.0
128.0	3220.4
128.5	3224.2
129.0	3229.6
129.5	3233.8
130.0	3237.6
130.5	3245.0
131.0	3246.2
131.5	3254.6
132.0	3260.2
132.5	3266.8
133.0	3270.2
133.5	3277.4
134.0	3284.4
134.5	3285.6
135.0	3290.6
135.5	3298.2
136.0	3305.2
136.5	3310.4
137.0	3316.6
137.5	3321.8
138.0	3329.6
138.5	3336.0
139.0	3346.4
139.5	3352.2
140.0	3358.2
140.5	3362.8
141.0	3368.4
141.5	3379.2
142.0	3384.4
142.5	3391.0
143.0	3399.2
143.5	3408.2
144.0	3413.0
144.5	3418.8
145.0	3429.6
145.5	3436.0
146.0	3442.4
146.5	3447.2
147.0	3455.6
147.5	3465.0
148.0	3471.6
148.5	3479.0
149.0	3484.6
149.5	3490.4
150.0	3497.0
150.5	3506.8
151.0	3508.0
151.5	3512.4
152.0	3514.8
152.5	3521.8
153.0	3525.0
153.5	3530.2
154.0	3539.2
154.5	3549.2
155.0	3552.0
155.5	3561.2
156.0	3565.6
156.5	3570.0
157.0	3576.6
157.5	3583.2
158.0	3590.8
158.5	3599.6
159.0	3598.6
159.5	3602.0
160.0	3605.8
160.5	3608.4
161.0	3615.0
161.5	3620.2
162.0	3622.6
162.5	3632.2
163.0	3640.0
163.5	3648.2
164.0	3651.8
164.5	3658.4
165.0	3665.8
165.5	3669.0
166.0	3677.8
166.5	3684.0
167.0	3689.4
167.5	3698.8
168.0	3698.6
168.5	3706.2
169.0	3709.8
169.5	3717.4
170.0	3726.4
170.5	3731.4
171.0	3733.6
171.5	3739.4
172.0	3745.8
172.5	3750.6
173.0	3758.4
173.5	3762.4
174.0	3768.6
174.5	3775.4
175.0	3780.2
175.5	3784.2
176.0	3791.4
176.5	3796.6
177.0	3799.2
177.5	3804.6
178.0	3812.8
178.5	3817.0
179.0	3821.6
179.5	3824.4
180.0	3827.0
180.5	3836.0
181.0	3845.0
181.5	3852.0
182.0	3858.6
182.5	3863.8
183.0	3872.0
183.5	3873.4
184.0	3877.6
184.5	3884.0
185.0	3890.0
185.5	3891.8
186.0	3898.0
186.5	3904.4
187.0	3905.0
187.5	3910.2
188.0	3917.2
188.5	3926.2
189.0	3933.8
189.5	3935.8
190.0	3942.0
190.5	3947.8
191.0	3952.6
191.5	3957.4
192.0	3961.8
192.5	3966.0
193.0	3965.6
193.5	3971.0
194.0	3975.2
194.5	3978.8
195.0	3984.8
195.5	3991.4
196.0	3997.0
196.5	4006.4
197.0	4012.4
197.5	4020.4
198.0	4024.8
198.5	4026.2
199.0	4029.0
199.5	4032.4
200.0	4037.0
200.5	4043.6
201.0	4050.2
201.5	4055.0
202.0	4058.2
202.5	4063.8
203.0	4069.4
203.5	4077.8
204.0	4086.6
204.5	4085.2
205.0	4090.0
205.5	4097.2
206.0	4102.8
206.5	4107.0
207.0	4111.6
207.5	4118.8
208.0	4118.0
208.5	4124.8
209.0	4129.8
209.5	4136.2
210.0	4142.4
210.5	4146.2
211.0	4154.6
211.5	4157.8
212.0	4163.2
212.5	4168.2
213.0	4172.0
213.5	4174.6
214.0	4176.0
214.5	4182.4
215.0	4187.4
215.5	4190.6
216.0	4193.2
216.5	4200.4
217.0	4209.2
217.5	4214.6
218.0	4222.0
218.5	4228.0
219.0	4232.2
219.5	4236.0
220.0	4237.8
220.5	4242.4
221.0	4248.4
221.5	4254.4
222.0	4263.8
222.5	4272.0
223.0	4276.4
223.5	4281.4
224.0	4287.0
224.5	4294.6
225.0	4301.8
225.5	4311.4
226.0	4309.6
226.5	4319.8
227.0	4325.8
227.5	4328.2
228.0	4332.8
228.5	4342.4
229.0	4344.8
229.5	4351.4
230.0	4355.0
230.5	4365.6
231.0	4368.2
231.5	4372.6
232.0	4376.0
232.5	4384.6
233.0	4392.2
233.5	4389.4
234.0	4393.6
234.5	4395.8
235.0	4397.2
235.5	4399.8
236.0	4408.4
236.5	4408.0
237.0	4409.4
237.5	4415.4
238.0	4415.6
238.5	4417.4
239.0	4420.8
239.5	4428.4
240.0	4435.4
240.5	4439.8
241.0	4444.8
241.5	4445.6
242.0	4452.2
242.5	4457.6
243.0	4460.6
243.5	4468.0
244.0	4472.2
244.5	4470.2
245.0	4473.8
245.5	4474.0
246.0	4480.4
246.5	4482.2
247.0	4488.4
247.5	4491.8
248.0	4491.4
248.5	4491.2
249.0	4498.8
249.5	4502.0
250.0	4508.0
250.5	4506.2
251.0	4511.0
251.5	4513.2
252.0	4516.8
252.5	4519.2
253.0	4522.2
253.5	4525.2
254.0	4532.0
254.5	4538.8
255.0	4537.6
255.5	4547.0
256.0	4551.6
256.5	4551.4
257.0	4555.2
257.5	4563.4
258.0	4570.8
258.5	4577.8
259.0	4578.4
259.5	4584.4
260.0	4583.8
260.5	4591.8
261.0	4596.4
261.5	4597.6
262.0	4599.4
262.5	4600.0
263.0	4605.2
263.5	4610.8
264.0	4617.2
264.5	4621.8
265.0	4627.4
265.5	4632.0
266.0	4632.8
266.5	4632.4
267.0	4636.4
267.5	4636.8
268.0	4638.2
268.5	4643.0
269.0	4645.8
269.5	4649.0
270.0	4655.2
270.5	4660.6
271.0	4663.2
271.5	4669.4
272.0	4672.2
272.5	4673.0
273.0	4681.0
273.5	4683.8
274.0	4686.2
274.5	4690.2
275.0	4691.2
275.5	4696.4
276.0	4696.0
276.5	4702.6
277.0	4705.8
277.5	4710.4
278.0	4712.4
278.5	4716.6
279.0	4718.2
279.5	4726.2
280.0	4728.4
280.5	4733.2
281.0	4736.6
281.5	4739.2
282.0	4743.0
282.5	4749.6
283.0	4754.0
283.5	4759.6
284.0	4762.4
284.5	4764.8
285.0	4769.8
285.5	4774.6
286.0	4779.4
286.5	4785.8
287.0	4786.0
287.5	4794.8
288.0	4796.6
288.5	4799.4
289.0	4795.4
289.5	4797.8
290.0	4801.4
290.5	4808.4
291.0	4812.2
291.5	4817.2
292.0	4823.8
292.5	4827.8
293.0	4829.0
293.5	4834.0
294.0	4839.4
294.5	4840.8
295.0	4842.0
295.5	4844.6
296.0	4841.8
296.5	4839.6
297.0	4844.4
297.5	4848.0
298.0	4853.4
298.5	4858.4
299.0	4864.8
299.5	4869.8
300.0	4874.4
