0.007992	1.7999999999999998
0.0	0.0
0.5	0.0
1.0	0.6
1.5	1.4
2.0	2.6
2.5	5.0
3.0	10.0
3.5	14.0
4.0	19.8
4.5	28.0
5.0	35.2
5.5	44.8
6.0	55.0
6.5	67.6
7.0	80.8
7.5	90.4
8.0	102.4
8.5	115.8
9.0	133.2
9.5	149.6
10.0	163.6
10.5	178.4
11.0	195.8
11.5	212.4
12.0	229.4
12.5	248.8
13.0	269.2
13.5	290.4
14.0	311.6
14.5	328.8
15.0	345.4
15.5	360.8
16.0	382.4
16.5	402.4
17.0	421.2
17.5	438.8
18.0	461.6
18.5	478.2
19.0	499.8
19.5	521.2
20.0	546.0
20.5	564.6
21.0	585.6
21.5	602.0
22.0	621.4
22.5	643.2
23.0	665.8
23.5	685.6
24.0	705.6
24.5	727.0
25.0	746.6
25.5	766.4
26.0	783.8
26.5	806.0
27.0	828.2
27.5	847.8
28.0	868.6
28.5	890.8
29.0	912.2
29.5	933.0
30.0	952.0
30.5	975.0
31.0	996.0
31.5	1013.8
32.0	1033.8
32.5	1056.6
33.0	1076.4
33.5	1096.2
34.0	1116.6
34.5	1132.0
35.0	1151.6
35.5	1169.8
36.0	1188.8
36.5	1210.6
37.0	1229.8
37.5	1250.8
38.0	1267.8
38.5	1291.2
39.0	1313.0
39.5	1333.0
40.0	1348.8
40.5	1365.4
41.0	1380.4
41.5	1396.4
42.0	1414.0
42.5	1434.6
43.0	1456.0
43.5	1474.4
44.0	1488.8
44.5	1508.4
45.0	1523.0
45.5	1544.0
46.0	1559.2
46.5	1575.0
47.0	1589.2
47.5	1602.8
48.0	1615.2
48.5	1631.2
49.0	1652.8
49.5	1666.4
50.0	1683.6
50.5	1699.8
51.0	1718.0
51.5	1730.2
52.0	1746.4
52.5	1759.8
53.0	1775.4
53.5	1787.8
54.0	1800.6
54.5	1818.6
55.0	1830.6
55.5	1846.2
56.0	1860.4
56.5	1872.8
57.0	1886.0
57.5	1902.8
58.0	1916.0
58.5	1930.6
59.0	1943.2
59.5	1955.0
60.0	1968.0
60.5	1982.4
61.0	1997.2
61.5	2011.2
62.0	2028.8
62.5	2042.0
63.0	2053.4
63.5	2068.8
64.0	2085.0
64.5	2097.0
65.0	2113.2
65.5	2125.2
66.0	2139.4
66.5	2153.8
67.0	2166.6
67.5	2176.4
68.0	2189.8
68.5	2202.2
69.0	2209.8
69.5	2220.4
70.0	2229.4
70.5	2238.6
71.0	2255.2
71.5	2264.8
72.0	2275.2
72.5	2290.4
73.0	2303.0
73.5	2312.4
74.0	2322.8
74.5	2335.2
75.0	2345.2
75.5	2355.8
76.0	2363.0
76.5	2370.8
77.0	2383.2
77.5	2387.8
78.0	2403.0
78.5	2416.4
79.0	2426.4
79.5	2441.8
80.0	2452.0
80.5	2459.2
81.0	2468.8
81.5	2481.4
82.0	2493.2
82.5	2499.4
83.0	2513.0
83.5	2519.8
84.0	2529.6
84.5	2536.6
85.0	2542.8
85.5	2549.2
86.0	2562.6
86.5	2572.6
87.0	2580.4
87.5	2589.2
88.0	2596.8
88.5	2605.4
89.0	2615.8
89.5	2628.8
90.0	2631.4
90.5	2641.4
91.0	2652.8
91.5	2660.6
92.0	2662.6
92.5	2673.6
93.0	2681.8
93.5	2693.6
94.0	2700.2
94.5	2712.0
95.0	2725.2
95.5	2739.0
96.0	2747.8
96.5	2755.2
97.0	2760.2
97.5	2766.2
98.0	2775.4
98.5	2785.0
99.0	2793.6
99.5	2804.2
100.0	2814.2
100.5	2823.4
101.0	2829.4
101.5	2838.2
102.0	2848.6
102.5	2861.8
103.0	2869.0
103.5	2877.0
104.0	2885.8
104.5	2896.0
105.0	2902.6
105.5	2909.8
106.0	2919.0
106.5	2930.0
107.0	2939.0
107.5	2942.6
108.0	2950.4
108.5	2959.4
109.0	2961.8
109.5	2969.8
110.0	2971.4
110.5	2979.0
111.0	2986.8
111.5	2993.2
112.0	2999.2
112.5	3008.8
113.0	3019.6
113.5	3029.2
114.0	3035.4
114.5	3042.6
115.0	3052.8
115.5	3063.4
116.0	3069.6
116.5	3082.2
117.0	3089.6
117.5	3099.6
118.0	3106.0
118.5	3111.6
119.0	3119.6
119.5	3123.6
120.0	3132.8
120.5	3144.2
121.0	3155.0
121.5	3161.8
122.0	3164.0
122.5	3171.4
123.0	3179.0
123.5	3189.8
124.0	3197.6
124.5	3200.6
125.0	3207.8
125.5	3216.2
126.0	3223.2
126.5	3231.6
127.0	3240.8
127.5	3250.4
128.0	3257.8
128.5	3266.2
129.0	3276.6
129.5	3283.2
130.0	3287.6
130.5	3296.0
131.0	3302.8
131.5	3309.6
132.0	3315.2
132.5	3323.8
133.0	3333.0
133.5	3340.6
134.0	3346.2
134.5	3350.2
135.0	3355.6
135.5	3361.6
136.0	3365.2
136.5	3372.4
137.0	3382.4
137.5	3389.2
138.0	3393.8
138.5	3398.2
139.0	3404.8
139.5	3410.8
140.0	3423.4
140.5	3426.0
141.0	3430.2
141.5	3440.0
142.0	3446.8
142.5	3450.0
143.0	3455.8
143.5	3458.6
144.0	3464.6
144.5	3470.2
145.0	3476.0
145.5	3481.4
146.0	3482.0
146.5	3485.2
147.0	3484.2
147.5	3488.6
148.0	3497.8
148.5	3506.6
149.0	3511.8
149.5	3515.2
150.0	3523.0
150.5	3533.0
151.0	3537.8
151.5	3544.4
152.0	3551.0
152.5	3556.2
153.0	3563.2
153.5	3567.0
154.0	3573.4
154.5	3579.4
155.0	3586.8
155.5	3594.2
156.0	3598.8
156.5	3606.6
157.0	3610.2
157.5	3620.2
158.0	3627.8
158.5	3632.4
159.0	3638.4
159.5	3643.6
160.0	3653.0
160.5	3660.0
161.0	3663.4
161.5	3671.6
162.0	3677.0
162.5	3678.4
163.0	3686.0
163.5	3696.4
164.0	3702.0
164.5	3706.2
165.0	3711.6
165.5	3718.0
166.0	3725.4
166.5	3732.8
167.0	3738.0
167.5	3741.4
168.0	3747.8
168.5	3755.6
169.0	3764.0
169.5	3775.4
170.0	3783.2
170.5	3785.2
171.0	3790.4
171.5	3793.8
172.0	3797.0
172.5	3801.8
173.0	3806.8
173.5	3811.4
174.0	3819.4
174.5	3829.4
175.0	3835.2
175.5	3840.2
176.0	3845.2
176.5	3844.2
177.0	3851.6
177.5	3856.8
178.0	3863.4
178.5	3872.2
179.0	3879.2
179.5	3882.8
180.0	3892.8
180.5	3898.2
181.0	3901.8
181.5	3908.6
182.0	3913.0
182.5	3920.4
183.0	3927.2
183.5	3931.4
184.0	3937.2
184.5	3944.4
185.0	3952.0
185.5	3958.8
186.0	3960.8
186.5	3964.8
187.0	3971.8
187.5	3976.8
188.0	3977.4
188.5	3985.6
189.0	3991.8
189.5	3996.6
190.0	4000.6
190.5	4007.4
191.0	4011.6
191.5	4016.4
192.0	4023.6
192.5	4026.2
193.0	4029.8
193.5	4037.4
194.0	4047.6
194.5	4051.2
195.0	4054.6
195.5	4057.8
196.0	4063.0
196.5	4073.4
197.0	4077.4
197.5	4082.2
198.0	4086.2
198.5	4090.8
199.0	4093.8
199.5	4097.8
200.0	4100.4
200.5	4105.8
201.0	4109.0
201.5	4113.8
202.0	4116.2
202.5	4123.8
203.0	4128.8
203.5	4132.6
204.0	4138.0
204.5	4141.6
205.0	4149.6
205.5	4149.6
206.0	4154.2
206.5	4156.8
207.0	4162.6
207.5	4168.8
208.0	4173.8
208.5	4179.4
209.0	4183.6
209.5	4191.6
210.0	4196.0
210.5	4200.6
211.0	4209.2
211.5	4215.0
212.0	4219.0
212.5	4227.4
213.0	4232.6
213.5	4241.8
214.0	4249.8
214.5	4254.4
215.0	4260.4
215.5	4267.2
216.0	4265.6
216.5	4271.0
217.0	4272.6
217.5	4276.6
218.0	4281.4
218.5	4287.0
219.0	4287.2
219.5	4293.2
220.0	4295.4
220.5	4302.8
221.0	4303.8
221.5	4306.8
222.0	4313.6
222.5	4315.8
223.0	4321.4
223.5	4327.8
224.0	4334.8
224.5	4342.8
225.0	4347.6
225.5	4349.2
226.0	4353.0
226.5	4355.0
227.0	4361.2
227.5	4363.6
228.0	4366.6
228.5	4369.0
229.0	4370.6
229.5	4373.4
230.0	4381.8
230.5	4389.8
231.0	4397.2
231.5	4399.8
232.0	4405.2
232.5	4407.2
233.0	4413.2
233.5	4418.0
234.0	4421.0
234.5	4428.0
235.0	4431.4
235.5	4431.4
236.0	4433.4
236.5	4441.2
237.0	4445.8
237.5	4450.2
238.0	4457.0
238.5	4465.2
239.0	4466.4
239.5	4469.0
240.0	4474.4
240.5	4476.2
241.0	4481.2
241.5	4488.0
242.0	4491.2
242.5	4494.0
243.0	4497.8
243.5	4501.4
244.0	4504.4
244.5	4509.2
245.0	4516.4
245.5	4520.8
246.0	4528.0
246.5	4536.6
247.0	4539.0
247.5	4547.0
248.0	4552.2
248.5	4557.8
249.0	4562.4
249.5	4566.6
250.0	4574.4
250.5	4574.4
251.0	4579.8
251.5	4584.0
252.0	4587.6
252.5	4598.0
253.0	4601.2
253.5	4606.2
254.0	4610.8
254.5	4615.2
255.0	4618.0
255.5	4618.4
256.0	4625.4
256.5	4631.8
257.0	4637.8
257.5	4645.6
258.0	4648.8
258.5	4656.0
259.0	4659.8
259.5	4669.2
260.0	4671.8
260.5	4674.2
261.0	4679.2
261.5	4681.0
262.0	4688.2
262.5	4691.6
263.0	4696.0
263.5	4699.8
264.0	4707.4
264.5	4711.6
265.0	4718.0
265.5	4721.2
266.0	4722.8
266.5	4729.6
267.0	4730.2
267.5	4734.4
268.0	4743.0
268.5	4744.0
269.0	4749.0
269.5	4746.8
270.0	4750.0
270.5	4755.0
271.0	4759.2
271.5	4761.6
272.0	4768.6
272.5	4772.4
273.0	4775.0
273.5	4780.8
274.0	4785.4
274.5	4791.2
275.0	4795.2
275.5	4799.4
276.0	4803.2
276.5	4808.4
277.0	4812.2
277.5	4818.6
278.0	4823.4
278.5	4824.0
279.0	4827.2
279.5	4831.6
280.0	4835.0
280.5	4835.4
281.0	4840.8
281.5	4844.6
282.0	4851.2
282.5	4856.0
283.0	4858.8
283.5	4862.4
284.0	4867.8
284.5	4874.0
285.0	4875.6
285.5	4881.2
286.0	4887.4
286.5	4892.4
287.0	4898.8
287.5	4904.2
288.0	4907.0
288.5	4912.2
289.0	4915.8
289.5	4919.0
290.0	4919.8
290.5	4927.2
291.0	4927.4
291.5	4936.6
292.0	4940.6
292.5	4944.8
293.0	4944.8
293.5	4948.0
294.0	4956.0
294.5	4961.8
295.0	4968.4
295.5	4976.4
296.0	4979.6
296.5	4981.0
297.0	4982.8
297.5	4987.4
298.0	4987.8
298.5	4993.4
299.0	4995.8
299.5	4994.8
300.0	4996.4
