0.0043956	2.88
0.0	0.0
0.5	0.2
1.0	0.6
1.5	1.0
2.0	2.2
2.5	4.8
3.0	7.4
3.5	10.8
4.0	13.8
4.5	18.0
5.0	23.2
5.5	27.2
6.0	36.6
6.5	44.2
7.0	52.6
7.5	62.2
8.0	73.6
8.5	81.6
9.0	94.8
9.5	106.2
10.0	118.0
10.5	130.8
11.0	144.2
11.5	158.8
12.0	174.0
12.5	188.4
13.0	206.8
13.5	222.8
14.0	241.4
14.5	259.0
15.0	279.6
15.5	299.0
16.0	318.8
16.5	337.6
17.0	355.6
17.5	371.8
18.0	395.0
18.5	416.4
19.0	436.6
19.5	459.4
20.0	477.0
20.5	492.8
21.0	510.2
21.5	532.4
22.0	550.2
22.5	571.2
23.0	590.8
23.5	613.8
24.0	634.0
24.5	653.0
25.0	671.8
25.5	692.2
26.0	714.2
26.5	732.0
27.0	751.2
27.5	770.6
28.0	791.4
28.5	811.8
29.0	833.8
29.5	855.8
30.0	877.2
30.5	897.0
31.0	918.0
31.5	941.8
32.0	966.4
32.5	985.8
33.0	1004.8
33.5	1023.2
34.0	1041.4
34.5	1058.8
35.0	1081.0
35.5	1100.6
36.0	1119.0
36.5	1135.4
37.0	1150.4
37.5	1170.8
38.0	1190.8
38.5	1205.8
39.0	1222.8
39.5	1244.4
40.0	1264.8
40.5	1278.6
41.0	1297.0
41.5	1314.8
42.0	1332.4
42.5	1352.0
43.0	1370.6
43.5	1391.0
44.0	1409.8
44.5	1424.8
45.0	1441.4
45.5	1458.4
46.0	1476.8
46.5	1489.6
47.0	1505.8
47.5	1521.2
48.0	1536.0
48.5	1550.4
49.0	1568.2
49.5	1583.6
50.0	1600.8
50.5	1616.2
51.0	1633.8
51.5	1651.4
52.0	1669.2
52.5	1687.0
53.0	1701.0
53.5	1717.4
54.0	1737.6
54.5	1756.2
55.0	1770.0
55.5	1780.2
56.0	1790.4
56.5	1805.6
57.0	1820.0
57.5	1835.6
58.0	1851.8
58.5	1866.4
59.0	1885.8
59.5	1899.0
60.0	1914.8
60.5	1931.4
61.0	1945.0
61.5	1960.8
62.0	1971.0
62.5	1985.2
63.0	1995.6
63.5	2006.2
64.0	2019.0
64.5	2031.2
65.0	2042.0
65.5	2058.4
66.0	2071.4
66.5	2082.6
67.0	2089.8
67.5	2100.6
68.0	2113.8
68.5	2127.6
69.0	2140.2
69.5	2153.0
70.0	2167.0
70.5	2179.2
71.0	2190.0
71.5	2206.0
72.0	2218.0
72.5	2229.8
73.0	2241.8
73.5	2253.0
74.0	2264.4
74.5	2277.2
75.0	2289.6
75.5	2300.2
76.0	2313.0
76.5	2324.0
77.0	2337.4
77.5	2349.0
78.0	2360.0
78.5	2371.0
79.0	2380.0
79.5	2388.8
80.0	2400.6
80.5	2414.6
81.0	2424.6
81.5	2432.0
82.0	2441.2
82.5	2454.0
83.0	2462.2
83.5	2471.4
84.0	2480.2
84.5	2488.0
85.0	2498.0
85.5	2508.4
86.0	2519.0
86.5	2532.2
87.0	2542.6
87.5	2554.0
88.0	2562.8
88.5	2575.2
89.0	2588.8
89.5	2600.2
90.0	2613.4
90.5	2621.8
91.0	2633.4
91.5	2637.4
92.0	2644.2
92.5	2648.4
93.0	2657.8
93.5	2665.0
94.0	2673.4
94.5	2683.8
95.0	2690.8
95.5	2700.2
96.0	2711.6
96.5	2720.8
97.0	2722.6
97.5	2730.4
98.0	2737.0
98.5	2743.2
99.0	2751.6
99.5	2754.6
100.0	2762.2
100.5	2770.6
101.0	2780.2
101.5	2788.6
102.0	2795.4
102.5	2807.2
103.0	2816.2
103.5	2824.2
104.0	2828.8
104.5	2832.8
105.0	2845.2
105.5	2850.4
106.0	2861.2
106.5	2869.8
107.0	2881.4
107.5	2889.8
108.0	2900.8
108.5	2908.8
109.0	2913.4
109.5	2921.6
110.0	2932.6
110.5	2940.6
111.0	2946.0
111.5	2954.4
112.0	2962.4
112.5	2967.2
113.0	2972.0
113.5	2981.2
114.0	2990.2
114.5	3000.4
115.0	3008.2
115.5	3010.6
116.0	3016.8
116.5	3024.4
117.0	3031.2
117.5	3041.8
118.0	3046.2
118.5	3053.4
119.0	3060.4
119.5	3067.0
120.0	3074.0
120.5	3081.8
121.0	3084.2
121.5	3093.6
122.0	3100.4
122.5	3107.2
123.0	3113.0
123.5	3120.0
124.0	3127.0
124.5	3132.6
125.0	3142.0
125.5	3142.4
126.0	3149.8
126.5	3158.0
127.0	3165.6
127.5	3173.2
128.0	3174.8
128.5	3186.4
129.0	3192.6
129.5	3202.6
130.0	3204.0
130.5	3210.4
131.0	3217.0
131.5	3224.2
132.0	3230.2
132.5	3237.2
133.0	3245.2
133.5	3252.8
134.0	3259.0
134.5	3265.0
135.0	3268.8
135.5	3278.6
136.0	3287.4
136.5	3294.4
137.0	3300.8
137.5	3309.2
138.0	3317.2
138.5	3320.4
139.0	3328.0
139.5	3337.0
140.0	3347.4
140.5	3352.8
141.0	3361.6
141.5	3369.8
142.0	3377.2
142.5	3387.0
143.0	3393.2
143.5	3401.6
144.0	3412.0
144.5	3418.2
145.0	3424.8
145.5	3429.4
146.0	3434.2
146.5	3438.6
147.0	3441.4
147.5	3449.0
148.0	3453.6
148.5	3464.8
149.0	3475.0
149.5	3481.6
150.0	3486.6
150.5	3494.0
151.0	3502.4
151.5	3508.8
152.0	3514.2
152.5	3520.4
153.0	3528.4
153.5	3536.4
154.0	3542.0
154.5	3546.2
155.0	3554.6
155.5	3559.4
156.0	3565.2
156.5	3572.8
157.0	3579.4
157.5	3587.6
158.0	3592.4
158.5	3601.6
159.0	3603.0
159.5	3607.2
160.0	3609.0
160.5	3616.8
161.0	3623.4
161.5	3625.2
162.0	3634.8
162.5	3643.4
163.0	3649.2
163.5	3654.2
164.0	3660.0
164.5	3665.8
165.0	3670.4
165.5	3673.6
166.0	3682.6
166.5	3692.0
167.0	3697.4
167.5	3704.8
168.0	3713.4
168.5	3712.2
169.0	3717.4
169.5	3723.0
170.0	3726.4
170.5	3732.0
171.0	3739.6
171.5	3747.0
172.0	3755.6
172.5	3761.6
173.0	3768.8
173.5	3776.2
174.0	3782.4
174.5	3787.6
175.0	3790.0
175.5	3796.8
176.0	3800.0
176.5	3803.4
177.0	3805.4
177.5	3812.6
178.0	3814.6
178.5	3822.0
179.0	3822.6
179.5	3828.6
180.0	3830.8
180.5	3837.4
181.0	3843.0
181.5	3848.8
182.0	3853.0
182.5	3861.0
183.0	3867.0
183.5	3875.2
184.0	3881.0
184.5	3887.0
185.0	3888.0
185.5	3894.6
186.0	3901.6
186.5	3907.4
187.0	3908.2
187.5	3912.0
188.0	3914.8
188.5	3919.2
189.0	3926.4
189.5	3934.0
190.0	3942.2
190.5	3947.0
191.0	3954.6
191.5	3959.6
192.0	3963.0
192.5	3965.6
193.0	3970.0
193.5	3977.4
194.0	3982.4
194.5	3991.8
195.0	3996.6
195.5	4001.2
196.0	4008.0
196.5	4013.8
197.0	4015.4
197.5	4021.2
198.0	4025.4
198.5	4031.4
199.0	4036.4
199.5	4040.2
200.0	4045.2
200.5	4046.6
201.0	4052.6
201.5	4059.8
202.0	4063.8
202.5	4069.6
203.0	4073.8
203.5	4082.6
204.0	4088.4
204.5	4090.6
205.0	4095.0
205.5	4100.2
206.0	4104.4
206.5	4110.2
207.0	4115.2
207.5	4119.2
208.0	4127.4
208.5	4133.0
209.0	4137.6
209.5	4146.2
210.0	4147.2
210.5	4146.0
211.0	4150.0
211.5	4155.2
212.0	4160.0
212.5	4167.8
213.0	4174.4
213.5	4173.4
214.0	4178.0
214.5	4181.0
215.0	4187.0
215.5	4191.2
216.0	4193.4
216.5	4201.4
217.0	4203.0
217.5	4208.4
218.0	4213.2
218.5	4219.2
219.0	4220.2
219.5	4228.8
220.0	4236.8
220.5	4242.2
221.0	4246.2
221.5	4252.4
222.0	4254.6
222.5	4260.8
223.0	4264.4
223.5	4269.4
224.0	4274.0
224.5	4276.6
225.0	4285.0
225.5	4293.0
226.0	4294.6
226.5	4299.6
227.0	4308.0
227.5	4315.6
228.0	4322.2
228.5	4329.4
229.0	4333.0
229.5	4338.6
230.0	4347.2
230.5	4348.8
231.0	4347.4
231.5	4356.2
232.0	4354.4
232.5	4360.0
233.0	4366.0
233.5	4373.4
234.0	4371.6
234.5	4377.2
235.0	4382.8
235.5	4388.2
236.0	4393.2
236.5	4401.0
237.0	4405.2
237.5	4411.4
238.0	4417.6
238.5	4424.0
239.0	4428.0
239.5	4431.6
240.0	4434.0
240.5	4435.0
241.0	4442.0
241.5	4444.8
242.0	4445.2
242.5	4450.8
243.0	4456.0
243.5	4462.8
244.0	4468.0
244.5	4468.2
245.0	4475.6
245.5	4482.2
246.0	4486.0
246.5	4492.6
247.0	4488.4
247.5	4494.8
248.0	4498.4
248.5	4504.6
249.0	4511.2
249.5	4511.8
250.0	4517.0
250.5	4526.2
251.0	4527.2
251.5	4529.4
252.0	4531.4
252.5	4537.8
253.0	4545.4
253.5	4555.8
254.0	4561.4
254.5	4566.0
255.0	4568.2
255.5	4573.8
256.0	4577.4
256.5	4580.4
257.0	4586.0
257.5	4591.2
258.0	4597.6
258.5	4604.8
259.0	4608.2
259.5	4616.6
260.0	4621.4
260.5	4626.0
261.0	4629.2
261.5	4629.0
262.0	4631.6
262.5	4639.2
263.0	4644.2
263.5	4646.6
264.0	4654.2
264.5	4659.2
265.0	4665.6
265.5	4665.8
266.0	4669.6
266.5	4675.2
267.0	4677.4
267.5	4679.6
268.0	4686.6
268.5	4691.4
269.0	4693.4
269.5	4700.6
270.0	4707.4
270.5	4716.6
271.0	4720.0
271.5	4723.0
272.0	4729.2
272.5	4737.0
273.0	4741.8
273.5	4746.6
274.0	4753.0
274.5	4754.6
275.0	4761.8
275.5	4768.0
276.0	4775.6
276.5	4783.8
277.0	4793.8
277.5	4799.6
278.0	4802.8
278.5	4808.8
279.0	4812.8
279.5	4814.0
280.0	4820.4
280.5	4823.6
281.0	4829.6
281.5	4832.4
282.0	4837.4
282.5	4836.6
283.0	4844.0
283.5	4850.2
284.0	4855.2
284.5	4859.4
285.0	4862.6
285.5	4865.6
286.0	4872.4
286.5	4876.0
287.0	4882.0
287.5	4886.2
288.0	4887.6
288.5	4894.4
289.0	4898.0
289.5	4902.2
290.0	4908.2
290.5	4913.8
291.0	4917.6
291.5	4921.8
292.0	4924.4
292.5	4929.6
293.0	4932.4
293.5	4937.8
294.0	4941.0
294.5	4947.0
295.0	4952.4
295.5	4956.0
296.0	4959.4
296.5	4962.0
297.0	4966.2
297.5	4971.0
298.0	4977.0
298.5	4979.6
299.0	4984.2
299.5	4986.0
300.0	4991.6
