0.0011988	7.38
0.0	0.0
0.5	0.0
1.0	0.0
1.5	0.2
2.0	0.8
2.5	1.0
3.0	1.2
3.5	2.0
4.0	3.0
4.5	4.2
5.0	6.0
5.5	9.4
6.0	13.8
6.5	16.8
7.0	20.0
7.5	25.4
8.0	28.6
8.5	35.2
9.0	39.8
9.5	45.6
10.0	51.4
10.5	56.8
11.0	63.8
11.5	71.0
12.0	78.4
12.5	87.2
13.0	95.4
13.5	103.6
14.0	114.2
14.5	121.8
15.0	131.6
15.5	141.2
16.0	150.4
16.5	161.6
17.0	175.8
17.5	188.2
18.0	204.0
18.5	216.0
19.0	225.8
19.5	236.4
20.0	246.0
20.5	258.0
21.0	269.6
21.5	285.4
22.0	300.6
22.5	317.2
23.0	329.0
23.5	342.6
24.0	356.4
24.5	368.4
25.0	382.8
25.5	396.4
26.0	412.4
26.5	426.6
27.0	441.6
27.5	458.4
28.0	472.0
28.5	488.2
29.0	500.4
29.5	516.0
30.0	531.4
30.5	542.6
31.0	560.0
31.5	573.2
32.0	587.2
32.5	602.4
33.0	618.6
33.5	633.2
34.0	647.8
34.5	661.6
35.0	676.4
35.5	690.8
36.0	709.4
36.5	726.8
37.0	742.0
37.5	755.4
38.0	771.2
38.5	786.6
39.0	804.6
39.5	822.6
40.0	833.4
40.5	849.0
41.0	866.0
41.5	884.0
42.0	896.2
42.5	912.8
43.0	930.2
43.5	951.2
44.0	964.4
44.5	979.6
45.0	995.6
45.5	1015.8
46.0	1030.8
46.5	1049.8
47.0	1064.6
47.5	1080.6
48.0	1097.0
48.5	1111.6
49.0	1129.8
49.5	1144.6
50.0	1159.2
50.5	1178.0
51.0	1192.8
51.5	1211.4
52.0	1226.8
52.5	1241.8
53.0	1254.8
53.5	1266.6
54.0	1281.6
54.5	1297.8
55.0	1310.4
55.5	1325.2
56.0	1335.6
56.5	1350.6
57.0	1366.6
57.5	1382.0
58.0	1394.8
58.5	1410.4
59.0	1420.0
59.5	1432.8
60.0	1447.2
60.5	1461.8
61.0	1478.0
61.5	1491.2
62.0	1507.4
62.5	1522.8
63.0	1539.6
63.5	1549.0
64.0	1560.8
64.5	1570.6
65.0	1583.0
65.5	1594.4
66.0	1607.0
66.5	1618.8
67.0	1629.2
67.5	1639.4
68.0	1649.4
68.5	1660.2
69.0	1667.4
69.5	1676.0
70.0	1688.0
70.5	1697.0
71.0	1708.0
71.5	1717.8
72.0	1731.4
72.5	1743.6
73.0	1752.0
73.5	1760.2
74.0	1774.0
74.5	1782.2
75.0	1791.2
75.5	1800.4
76.0	1812.6
76.5	1827.0
77.0	1834.6
77.5	1844.2
78.0	1854.0
78.5	1860.8
79.0	1869.8
79.5	1879.6
80.0	1889.2
80.5	1900.2
81.0	1905.0
81.5	1917.6
82.0	1928.2
82.5	1938.8
83.0	1949.6
83.5	1963.4
84.0	1972.8
84.5	1987.0
85.0	1993.2
85.5	2005.2
86.0	2016.4
86.5	2026.2
87.0	2034.4
87.5	2045.4
88.0	2058.2
88.5	2070.8
89.0	2080.8
89.5	2093.4
90.0	2102.6
90.5	2117.4
91.0	2124.6
91.5	2134.6
92.0	2142.8
92.5	2151.4
93.0	2159.0
93.5	2170.8
94.0	2180.6
94.5	2194.6
95.0	2200.6
95.5	2208.8
96.0	2216.6
96.5	2223.6
97.0	2232.8
97.5	2242.0
98.0	2246.2
98.5	2251.0
99.0	2257.8
99.5	2263.8
100.0	2271.6
100.5	2280.2
101.0	2287.4
101.5	2294.2
102.0	2302.8
102.5	2305.4
103.0	2313.2
103.5	2323.6
104.0	2333.4
104.5	2343.2
105.0	2350.8
105.5	2359.8
106.0	2368.6
106.5	2377.4
107.0	2383.8
107.5	2392.0
108.0	2396.2
108.5	2404.8
109.0	2413.4
109.5	2423.0
110.0	2429.4
110.5	2436.6
111.0	2442.4
111.5	2450.6
112.0	2456.2
112.5	2466.0
113.0	2472.0
113.5	2480.2
114.0	2488.6
114.5	2494.2
115.0	2498.6
115.5	2507.6
116.0	2516.8
116.5	2522.6
117.0	2530.0
117.5	2538.8
118.0	2543.8
118.5	2552.8
119.0	2559.8
119.5	2561.8
120.0	2568.2
120.5	2575.4
121.0	2584.4
121.5	2591.4
122.0	2598.4
122.5	2603.8
123.0	2610.0
123.5	2612.0
124.0	2617.4
124.5	2623.6
125.0	2628.4
125.5	2635.8
126.0	2642.8
126.5	2650.8
127.0	2657.2
127.5	2667.8
128.0	2678.4
128.5	2684.0
129.0	2686.6
129.5	2694.0
130.0	2704.0
130.5	2706.8
131.0	2708.6
131.5	2718.4
132.0	2725.0
132.5	2728.2
133.0	2732.4
133.5	2740.8
134.0	2747.0
134.5	2755.4
135.0	2761.8
135.5	2768.6
136.0	2778.2
136.5	2785.6
137.0	2792.0
137.5	2798.2
138.0	2807.2
138.5	2811.8
139.0	2822.6
139.5	2830.0
140.0	2833.2
140.5	2836.2
141.0	2839.0
141.5	2847.0
142.0	2852.6
142.5	2860.6
143.0	2863.0
143.5	2866.4
144.0	2867.0
144.5	2880.0
145.0	2884.6
145.5	2887.8
146.0	2895.8
146.5	2899.8
147.0	2908.6
147.5	2916.6
148.0	2922.4
148.5	2930.6
149.0	2935.2
149.5	2943.4
150.0	2948.4
150.5	2953.0
151.0	2957.6
151.5	2963.0
152.0	2969.6
152.5	2977.8
153.0	2984.4
153.5	2993.2
154.0	3000.4
154.5	3003.4
155.0	3008.0
155.5	3008.2
156.0	3015.6
156.5	3021.6
157.0	3023.4
157.5	3030.2
158.0	3039.2
158.5	3040.2
159.0	3042.2
159.5	3047.2
160.0	3051.2
160.5	3054.2
161.0	3064.8
161.5	3064.4
162.0	3069.8
162.5	3079.0
163.0	3085.0
163.5	3090.2
164.0	3092.0
164.5	3092.0
165.0	3097.2
165.5	3098.6
166.0	3103.8
166.5	3107.2
167.0	3109.2
167.5	3117.4
168.0	3119.6
168.5	3130.6
169.0	3131.4
169.5	3133.2
170.0	3137.6
170.5	3143.4
171.0	3147.0
171.5	3146.4
172.0	3150.2
172.5	3156.4
173.0	3159.8
173.5	3165.8
174.0	3170.6
174.5	3177.2
175.0	3187.4
175.5	3189.2
176.0	3194.8
176.5	3198.0
177.0	3204.0
177.5	3208.8
178.0	3215.0
178.5	3224.2
179.0	3234.2
179.5	3242.2
180.0	3245.0
180.5	3252.4
181.0	3255.4
181.5	3261.4
182.0	3264.6
182.5	3266.0
183.0	3272.6
183.5	3281.2
184.0	3286.4
184.5	3288.2
185.0	3298.4
185.5	3307.6
186.0	3311.8
186.5	3316.2
187.0	3322.6
187.5	3329.8
188.0	3333.4
188.5	3334.8
189.0	3341.6
189.5	3348.6
190.0	3357.8
190.5	3360.4
191.0	3365.2
191.5	3368.0
192.0	3374.6
192.5	3382.6
193.0	3389.2
193.5	3394.6
194.0	3398.6
194.5	3404.6
195.0	3409.0
195.5	3413.8
196.0	3416.8
196.5	3421.4
197.0	3425.2
197.5	3430.2
198.0	3435.8
198.5	3441.6
199.0	3446.2
199.5	3453.2
200.0	3460.6
200.5	3465.8
201.0	3473.0
201.5	3478.8
202.0	3481.0
202.5	3482.8
203.0	3488.8
203.5	3494.6
204.0	3504.8
204.5	3510.4
205.0	3514.8
205.5	3521.8
206.0	3524.0
206.5	3530.0
207.0	3539.4
207.5	3544.8
208.0	3548.4
208.5	3554.0
209.0	3558.0
209.5	3564.2
210.0	3567.4
210.5	3571.2
211.0	3575.4
211.5	3582.6
212.0	3586.6
212.5	3592.8
213.0	3598.2
213.5	3601.8
214.0	3610.4
214.5	3618.4
215.0	3622.2
215.5	3628.8
216.0	3633.2
216.5	3641.4
217.0	3646.4
217.5	3650.4
218.0	3653.0
218.5	3659.8
219.0	3664.6
219.5	3667.6
220.0	3671.8
220.5	3674.8
221.0	3681.0
221.5	3685.8
222.0	3690.6
222.5	3694.8
223.0	3700.6
223.5	3704.4
224.0	3710.2
224.5	3719.6
225.0	3725.2
225.5	3731.8
226.0	3734.8
226.5	3737.8
227.0	3744.8
227.5	3743.8
228.0	3747.6
228.5	3751.6
229.0	3753.4
229.5	3751.4
230.0	3751.8
230.5	3754.8
231.0	3758.0
231.5	3765.2
232.0	3770.0
232.5	3773.4
233.0	3775.6
233.5	3782.0
234.0	3789.0
234.5	3794.8
235.0	3797.2
235.5	3804.2
236.0	3806.6
236.5	3807.2
237.0	3809.6
237.5	3812.4
238.0	3814.0
238.5	3817.8
239.0	3821.4
239.5	3830.0
240.0	3839.2
240.5	3844.8
241.0	3852.2
241.5	3854.0
242.0	3857.8
242.5	3860.0
243.0	3865.0
243.5	3870.0
244.0	3877.6
244.5	3879.6
245.0	3878.4
245.5	3885.6
246.0	3888.4
246.5	3894.8
247.0	3903.6
247.5	3908.4
248.0	3912.0
248.5	3914.4
249.0	3918.4
249.5	3925.2
250.0	3925.2
250.5	3927.8
251.0	3933.4
251.5	3937.4
252.0	3943.8
252.5	3949.8
253.0	3954.6
253.5	3959.0
254.0	3963.8
254.5	3967.4
255.0	3971.6
255.5	3977.6
256.0	3983.6
256.5	3988.0
257.0	3990.6
257.5	3995.4
258.0	4001.4
258.5	4005.0
259.0	4010.6
259.5	4015.8
260.0	4023.6
260.5	4029.0
261.0	4033.8
261.5	4040.6
262.0	4047.6
262.5	4049.0
263.0	4055.8
263.5	4057.4
264.0	4057.2
264.5	4062.0
265.0	4066.6
265.5	4072.0
266.0	4076.6
266.5	4076.6
267.0	4081.4
267.5	4087.2
268.0	4091.6
268.5	4095.2
269.0	4097.6
269.5	4107.0
270.0	4107.6
270.5	4112.4
271.0	4113.8
271.5	4116.6
272.0	4119.0
272.5	4124.0
273.0	4128.0
273.5	4138.6
274.0	4141.2
274.5	4146.6
275.0	4154.6
275.5	4158.0
276.0	4161.2
276.5	4166.4
277.0	4169.0
277.5	4173.0
278.0	4178.8
278.5	4185.6
279.0	4189.0
279.5	4193.8
280.0	4199.2
280.5	4206.6
281.0	4206.6
281.5	4213.0
282.0	4215.0
282.5	4216.8
283.0	4219.4
283.5	4226.0
284.0	4232.8
284.5	4235.8
285.0	4238.4
285.5	4242.4
286.0	4246.4
286.5	4250.8
287.0	4250.2
287.5	4254.4
288.0	4251.8
288.5	4253.8
289.0	4259.4
289.5	4261.2
290.0	4262.4
290.5	4269.0
291.0	4274.2
291.5	4282.6
292.0	4288.8
292.5	4292.8
293.0	4294.2
293.5	4294.4
294.0	4303.2
294.5	4307.4
295.0	4311.0
295.5	4315.8
296.0	4321.0
296.5	4323.2
297.0	4327.0
297.5	4332.0
298.0	4336.4
298.5	4340.4
299.0	4344.0
299.5	4345.6
300.0	4354.4
