0.007992	5.58
0.0	0.0
0.5	0.0
1.0	0.2
1.5	1.6
2.0	3.2
2.5	5.8
3.0	9.0
3.5	12.0
4.0	18.2
4.5	25.0
5.0	34.0
5.5	41.6
6.0	51.6
6.5	61.0
7.0	76.2
7.5	88.0
8.0	101.4
8.5	116.6
9.0	128.6
9.5	141.2
10.0	157.6
10.5	175.2
11.0	193.4
11.5	208.8
12.0	227.4
12.5	243.4
13.0	261.0
13.5	277.0
14.0	293.6
14.5	313.8
15.0	331.8
15.5	353.0
16.0	375.4
16.5	393.6
17.0	414.6
17.5	434.8
18.0	453.4
18.5	473.4
19.0	490.2
19.5	509.2
20.0	531.4
20.5	550.2
21.0	569.8
21.5	590.8
22.0	608.4
22.5	635.0
23.0	653.6
23.5	676.0
24.0	695.0
24.5	714.2
25.0	733.8
25.5	754.4
26.0	773.0
26.5	793.4
27.0	810.8
27.5	831.8
28.0	850.8
28.5	869.6
29.0	887.4
29.5	902.0
30.0	921.6
30.5	940.4
31.0	962.4
31.5	979.0
32.0	996.2
32.5	1013.0
33.0	1028.0
33.5	1046.6
34.0	1069.6
34.5	1091.4
35.0	1110.0
35.5	1128.0
36.0	1147.4
36.5	1172.4
37.0	1191.4
37.5	1208.2
38.0	1227.2
38.5	1249.6
39.0	1265.8
39.5	1286.2
40.0	1303.6
40.5	1319.2
41.0	1337.2
41.5	1352.4
42.0	1365.6
42.5	1382.8
43.0	1398.4
43.5	1417.0
44.0	1436.6
44.5	1455.2
45.0	1472.4
45.5	1491.2
46.0	1501.6
46.5	1517.0
47.0	1534.2
47.5	1548.4
48.0	1570.2
48.5	1579.8
49.0	1598.8
49.5	1614.6
50.0	1633.6
50.5	1648.4
51.0	1664.8
51.5	1682.2
52.0	1700.2
52.5	1715.8
53.0	1732.0
53.5	1749.4
54.0	1764.4
54.5	1778.4
55.0	1793.6
55.5	1800.6
56.0	1814.0
56.5	1828.8
57.0	1850.0
57.5	1867.0
58.0	1880.4
58.5	1893.6
59.0	1909.4
59.5	1919.8
60.0	1932.8
60.5	1942.2
61.0	1951.8
61.5	1964.8
62.0	1979.4
62.5	1987.8
63.0	2000.2
63.5	2010.4
64.0	2026.4
64.5	2041.2
65.0	2058.6
65.5	2073.8
66.0	2086.0
66.5	2099.6
67.0	2111.6
67.5	2124.0
68.0	2140.2
68.5	2150.6
69.0	2163.0
69.5	2176.8
70.0	2187.0
70.5	2200.8
71.0	2209.4
71.5	2221.6
72.0	2231.2
72.5	2243.2
73.0	2253.0
73.5	2268.8
74.0	2278.4
74.5	2289.6
75.0	2306.0
75.5	2319.6
76.0	2335.0
76.5	2344.8
77.0	2358.0
77.5	2372.0
78.0	2388.6
78.5	2400.8
79.0	2409.4
79.5	2420.6
80.0	2428.8
80.5	2442.6
81.0	2451.8
81.5	2461.0
82.0	2470.0
82.5	2481.4
83.0	2496.0
83.5	2505.2
84.0	2514.8
84.5	2528.0
85.0	2535.0
85.5	2542.0
86.0	2553.6
86.5	2563.8
87.0	2573.4
87.5	2586.2
88.0	2595.6
88.5	2607.4
89.0	2618.0
89.5	2626.4
90.0	2634.4
90.5	2644.4
91.0	2655.8
91.5	2665.8
92.0	2676.2
92.5	2687.2
93.0	2694.4
93.5	2702.4
94.0	2708.8
94.5	2717.6
95.0	2721.4
95.5	2731.2
96.0	2740.2
96.5	2750.0
97.0	2761.6
97.5	2772.6
98.0	2784.4
98.5	2793.4
99.0	2800.6
99.5	2808.6
100.0	2819.2
100.5	2826.6
101.0	2832.8
101.5	2839.6
102.0	2852.0
102.5	2860.8
103.0	2870.2
103.5	2876.6
104.0	2884.0
104.5	2889.4
105.0	2900.4
105.5	2902.2
106.0	2903.6
106.5	2916.6
107.0	2923.4
107.5	2929.8
108.0	2936.8
108.5	2947.4
109.0	2952.0
109.5	2963.8
110.0	2971.2
110.5	2981.0
111.0	2991.0
111.5	2997.4
112.0	3006.0
112.5	3016.6
113.0	3022.2
113.5	3030.4
114.0	3037.6
114.5	3043.4
115.0	3048.2
115.5	3058.6
116.0	3066.8
116.5	3073.2
117.0	3084.4
117.5	3088.8
118.0	3097.2
118.5	3104.4
119.0	3112.4
119.5	3121.2
120.0	3127.6
120.5	3136.0
121.0	3144.6
121.5	3158.0
122.0	3162.2
122.5	3169.6
123.0	3175.0
123.5	3183.4
124.0	3188.8
124.5	3194.4
125.0	3201.8
125.5	3206.0
126.0	3216.6
126.5	3220.8
127.0	3228.8
127.5	3239.6
128.0	3241.8
128.5	3252.4
129.0	3260.4
129.5	3266.6
130.0	3267.6
130.5	3274.0
131.0	3283.6
131.5	3286.6
132.0	3291.6
132.5	3297.8
133.0	3305.0
133.5	3307.2
134.0	3312.6
134.5	3319.4
135.0	3330.0
135.5	3337.2
136.0	3340.8
136.5	3342.8
137.0	3346.6
137.5	3350.0
138.0	3354.6
138.5	3358.2
139.0	3366.4
139.5	3376.8
140.0	3380.8
140.5	3389.2
141.0	3391.0
141.5	3398.4
142.0	3408.6
142.5	3411.4
143.0	3416.8
143.5	3419.4
144.0	3427.6
144.5	3435.8
145.0	3443.0
145.5	3451.2
146.0	3456.0
146.5	3462.0
147.0	3470.6
147.5	3480.0
148.0	3487.6
148.5	3486.8
149.0	3489.2
149.5	3495.2
150.0	3505.2
150.5	3517.6
151.0	3523.6
151.5	3530.4
152.0	3539.8
152.5	3541.4
153.0	3548.4
153.5	3553.4
154.0	3557.6
154.5	3565.2
155.0	3564.2
155.5	3572.4
156.0	3580.0
156.5	3586.6
157.0	3594.2
157.5	3599.4
158.0	3607.6
158.5	3616.2
159.0	3622.4
159.5	3628.2
160.0	3637.4
160.5	3643.4
161.0	3651.0
161.5	3657.4
162.0	3661.0
162.5	3668.8
163.0	3676.0
163.5	3682.0
164.0	3685.6
164.5	3690.8
165.0	3697.6
165.5	3699.0
166.0	3702.2
166.5	3709.4
167.0	3717.4
167.5	3721.2
168.0	3725.4
168.5	3731.0
169.0	3734.0
169.5	3739.0
170.0	3747.8
170.5	3756.8
171.0	3761.8
171.5	3767.8
172.0	3769.0
172.5	3780.0
173.0	3785.4
173.5	3795.6
174.0	3805.0
174.5	3808.4
175.0	3816.0
175.5	3821.2
176.0	3826.0
176.5	3829.8
177.0	3834.6
177.5	3835.4
178.0	3836.4
178.5	3845.4
179.0	3850.6
179.5	3854.8
180.0	3856.2
180.5	3864.2
181.0	3867.0
181.5	3870.2
182.0	3880.8
182.5	3885.0
183.0	3891.2
183.5	3895.4
184.0	3900.2
184.5	3905.6
185.0	3913.6
185.5	3918.6
186.0	3920.6
186.5	3924.0
187.0	3930.6
187.5	3937.2
188.0	3937.2
188.5	3936.6
189.0	3945.0
189.5	3949.6
190.0	3952.6
190.5	3957.0
191.0	3964.6
191.5	3967.8
192.0	3974.6
192.5	3978.0
193.0	3983.2
193.5	3990.0
194.0	3996.4
194.5	4000.0
195.0	3998.6
195.5	4007.2
196.0	4011.0
196.5	4017.0
197.0	4021.2
197.5	4029.6
198.0	4031.4
198.5	4036.0
199.0	4040.6
199.5	4051.0
200.0	4057.6
200.5	4064.6
201.0	4067.4
201.5	4070.6
202.0	4074.0
202.5	4074.4
203.0	4082.2
203.5	4090.2
204.0	4096.0
204.5	4107.4
205.0	4112.2
205.5	4119.8
206.0	4125.0
206.5	4134.2
207.0	4142.0
207.5	4146.6
208.0	4151.6
208.5	4155.4
209.0	4159.0
209.5	4159.2
210.0	4161.2
210.5	4167.4
211.0	4174.4
211.5	4178.2
212.0	4184.6
212.5	4188.6
213.0	4191.6
213.5	4198.0
214.0	4201.6
214.5	4207.0
215.0	4210.0
215.5	4212.0
216.0	4218.6
216.5	4222.4
217.0	4227.4
217.5	4232.2
218.0	4235.4
218.5	4242.6
219.0	4247.6
219.5	4254.6
220.0	4255.2
220.5	4258.8
221.0	4262.2
221.5	4268.0
222.0	4275.2
222.5	4286.4
223.0	4293.6
223.5	4295.6
224.0	4298.0
224.5	4300.2
225.0	4308.2
225.5	4314.2
226.0	4322.8
226.5	4323.2
227.0	4328.6
227.5	4339.2
228.0	4344.0
228.5	4351.6
229.0	4355.8
229.5	4367.4
230.0	4373.8
230.5	4377.2
231.0	4390.8
231.5	4390.4
232.0	4394.0
232.5	4402.4
233.0	4407.2
233.5	4408.8
234.0	4412.6
234.5	4413.8
235.0	4418.4
235.5	4425.4
236.0	4429.8
236.5	4435.6
237.0	4437.6
237.5	4438.6
238.0	4440.0
238.5	4441.6
239.0	4440.6
239.5	4444.2
240.0	4452.2
240.5	4452.4
241.0	4459.2
241.5	4460.6
242.0	4465.0
242.5	4476.8
243.0	4479.6
243.5	4483.2
244.0	4490.2
244.5	4495.2
245.0	4505.2
245.5	4506.4
246.0	4513.6
246.5	4518.6
247.0	4524.4
247.5	4532.4
248.0	4535.8
248.5	4546.6
249.0	4549.4
249.5	4554.0
250.0	4557.0
250.5	4564.4
251.0	4575.0
251.5	4583.2
252.0	4586.0
252.5	4591.2
253.0	4593.2
253.5	4594.6
254.0	4594.4
254.5	4595.2
255.0	4599.6
255.5	4606.2
256.0	4611.8
256.5	4618.0
257.0	4621.0
257.5	4628.8
258.0	4636.6
258.5	4637.4
259.0	4639.4
259.5	4641.0
260.0	4647.0
260.5	4656.2
261.0	4659.8
261.5	4663.2
262.0	4669.0
262.5	4673.4
263.0	4676.0
263.5	4675.0
264.0	4676.6
264.5	4685.6
265.0	4688.6
265.5	4693.2
266.0	4700.0
266.5	4703.6
267.0	4707.4
267.5	4710.8
268.0	4715.4
268.5	4719.8
269.0	4724.4
269.5	4728.2
270.0	4735.8
270.5	4734.8
271.0	4736.0
271.5	4740.8
272.0	4742.0
272.5	4748.2
273.0	4756.6
273.5	4764.8
274.0	4771.6
274.5	4775.2
275.0	4781.4
275.5	4788.2
276.0	4793.6
276.5	4800.6
277.0	4803.8
277.5	4809.2
278.0	4813.0
278.5	4818.2
279.0	4824.4
279.5	4831.0
280.0	4834.0
280.5	4838.6
281.0	4841.6
281.5	4847.4
282.0	4849.6
282.5	4858.8
283.0	4861.6
283.5	4867.8
284.0	4872.8
284.5	4876.6
285.0	4883.2
285.5	4889.6
286.0	4891.6
286.5	4894.4
287.0	4900.0
287.5	4901.2
288.0	4904.6
288.5	4912.8
289.0	4915.6
289.5	4923.4
290.0	4926.6
290.5	4931.0
291.0	4938.8
291.5	4938.4
292.0	4939.4
292.5	4944.0
293.0	4948.4
293.5	4950.8
294.0	4958.2
294.5	4964.6
295.0	4967.6
295.5	4974.6
296.0	4979.0
296.5	4978.4
297.0	4979.0
297.5	4978.4
298.0	4983.6
298.5	4988.4
299.0	4992.4
299.5	4994.2
300.0	4996.8
