0.0055944	7.02
0.0	0.0
0.5	0.0
1.0	0.2
1.5	0.6
2.0	1.4
2.5	3.0
3.0	4.4
3.5	9.0
4.0	11.6
4.5	15.6
5.0	20.4
5.5	27.4
6.0	34.6
6.5	41.6
7.0	51.4
7.5	62.6
8.0	75.4
8.5	84.6
9.0	96.6
9.5	112.0
10.0	125.8
10.5	137.6
11.0	153.0
11.5	165.8
12.0	182.8
12.5	196.4
13.0	212.4
13.5	228.6
14.0	244.4
14.5	259.4
15.0	278.4
15.5	297.2
16.0	322.2
16.5	339.6
17.0	357.8
17.5	377.6
18.0	397.2
18.5	416.8
19.0	436.2
19.5	458.8
20.0	475.8
20.5	496.6
21.0	513.4
21.5	533.0
22.0	553.0
22.5	572.6
23.0	595.0
23.5	615.8
24.0	636.4
24.5	654.0
25.0	674.0
25.5	696.4
26.0	712.6
26.5	733.8
27.0	755.2
27.5	774.2
28.0	792.4
28.5	816.2
29.0	835.8
29.5	862.4
30.0	886.8
30.5	904.4
31.0	925.0
31.5	940.2
32.0	962.8
32.5	984.6
33.0	1001.2
33.5	1022.6
34.0	1042.8
34.5	1063.8
35.0	1082.4
35.5	1105.4
36.0	1124.6
36.5	1139.0
37.0	1158.2
37.5	1179.0
38.0	1200.0
38.5	1217.0
39.0	1237.2
39.5	1256.6
40.0	1274.4
40.5	1292.6
41.0	1312.0
41.5	1333.6
42.0	1352.6
42.5	1367.8
43.0	1385.4
43.5	1401.6
44.0	1421.0
44.5	1439.2
45.0	1452.4
45.5	1465.2
46.0	1482.4
46.5	1499.0
47.0	1518.4
47.5	1535.2
48.0	1552.0
48.5	1570.8
49.0	1586.8
49.5	1600.2
50.0	1616.8
50.5	1627.8
51.0	1642.8
51.5	1660.4
52.0	1679.2
52.5	1696.4
53.0	1710.8
53.5	1728.6
54.0	1747.0
54.5	1762.4
55.0	1780.0
55.5	1797.4
56.0	1811.6
56.5	1821.0
57.0	1834.2
57.5	1844.8
58.0	1858.8
58.5	1876.2
59.0	1889.0
59.5	1900.4
60.0	1915.2
60.5	1924.0
61.0	1938.2
61.5	1948.4
62.0	1961.0
62.5	1970.2
63.0	1981.6
63.5	1997.4
64.0	2012.4
64.5	2022.8
65.0	2034.4
65.5	2048.2
66.0	2061.2
66.5	2075.8
67.0	2087.2
67.5	2097.4
68.0	2107.6
68.5	2122.2
69.0	2136.8
69.5	2152.8
70.0	2167.0
70.5	2177.4
71.0	2189.6
71.5	2199.8
72.0	2212.8
72.5	2221.6
73.0	2231.2
73.5	2244.6
74.0	2258.0
74.5	2266.6
75.0	2281.2
75.5	2296.8
76.0	2301.6
76.5	2308.6
77.0	2322.8
77.5	2335.2
78.0	2344.2
78.5	2358.2
79.0	2368.0
79.5	2375.8
80.0	2387.4
80.5	2397.8
81.0	2409.4
81.5	2414.0
82.0	2422.0
82.5	2431.6
83.0	2443.0
83.5	2455.8
84.0	2468.2
84.5	2480.6
85.0	2492.2
85.5	2501.8
86.0	2512.2
86.5	2528.6
87.0	2537.4
87.5	2545.8
88.0	2557.0
88.5	2570.2
89.0	2578.4
89.5	2578.8
90.0	2589.4
90.5	2599.8
91.0	2607.6
91.5	2616.4
92.0	2620.4
92.5	2628.2
93.0	2634.4
93.5	2645.8
94.0	2656.6
94.5	2664.6
95.0	2675.0
95.5	2686.0
96.0	2696.0
96.5	2705.2
97.0	2707.6
97.5	2714.8
98.0	2721.6
98.5	2729.6
99.0	2739.0
99.5	2743.8
100.0	2754.0
100.5	2765.0
101.0	2771.0
101.5	2779.4
102.0	2785.8
102.5	2795.2
103.0	2797.8
103.5	2806.4
104.0	2816.8
104.5	2827.6
105.0	2836.6
105.5	2842.6
106.0	2850.8
106.5	2860.2
107.0	2870.2
107.5	2878.6
108.0	2885.0
108.5	2894.0
109.0	2898.4
109.5	2904.8
110.0	2914.6
110.5	2918.6
111.0	2932.6
111.5	2942.8
112.0	2954.4
112.5	2965.8
113.0	2971.0
113.5	2979.4
114.0	2990.6
114.5	2999.0
115.0	3006.4
115.5	3013.6
116.0	3019.8
116.5	3020.8
117.0	3024.8
117.5	3035.0
118.0	3040.8
118.5	3044.6
119.0	3052.6
119.5	3058.2
120.0	3068.0
120.5	3072.2
121.0	3079.6
121.5	3084.8
122.0	3091.8
122.5	3100.6
123.0	3106.0
123.5	3115.2
124.0	3123.4
124.5	3133.0
125.0	3132.6
125.5	3140.4
126.0	3147.0
126.5	3159.0
127.0	3168.4
127.5	3169.2
128.0	3178.6
128.5	3187.6
129.0	3196.0
129.5	3198.8
130.0	3205.2
130.5	3209.2
131.0	3216.0
131.5	3226.0
132.0	3237.0
132.5	3247.4
133.0	3252.2
133.5	3256.8
134.0	3256.2
134.5	3264.0
135.0	3268.8
135.5	3276.2
136.0	3279.2
136.5	3285.6
137.0	3293.8
137.5	3297.8
138.0	3298.2
138.5	3305.8
139.0	3312.4
139.5	3316.2
140.0	3322.8
140.5	3329.2
141.0	3330.6
141.5	3342.0
142.0	3345.4
142.5	3349.4
143.0	3356.0
143.5	3364.4
144.0	3376.0
144.5	3381.0
145.0	3384.4
145.5	3391.4
146.0	3399.8
146.5	3406.8
147.0	3414.4
147.5	3420.6
148.0	3425.4
148.5	3430.0
149.0	3433.8
149.5	3440.2
150.0	3445.6
150.5	3452.2
151.0	3456.2
151.5	3457.0
152.0	3466.4
152.5	3472.2
153.0	3473.4
153.5	3475.0
154.0	3480.4
154.5	3489.6
155.0	3497.0
155.5	3501.6
156.0	3498.6
156.5	3507.4
157.0	3511.4
157.5	3518.4
158.0	3530.6
158.5	3537.0
159.0	3541.0
159.5	3543.6
160.0	3550.0
160.5	3556.4
161.0	3562.6
161.5	3567.8
162.0	3577.4
162.5	3584.2
163.0	3594.8
163.5	3600.0
164.0	3601.6
164.5	3611.6
165.0	3622.2
165.5	3630.0
166.0	3633.2
166.5	3636.6
167.0	3643.6
167.5	3647.4
168.0	3656.6
168.5	3663.0
169.0	3664.4
169.5	3669.2
170.0	3678.6
170.5	3686.8
171.0	3693.0
171.5	3699.6
172.0	3705.4
172.5	3714.8
173.0	3721.4
173.5	3724.4
174.0	3729.0
174.5	3738.4
175.0	3740.2
175.5	3741.8
176.0	3751.0
176.5	3755.0
177.0	3757.8
177.5	3763.2
178.0	3765.4
178.5	3773.0
179.0	3779.0
179.5	3786.4
180.0	3793.6
180.5	3794.6
181.0	3798.4
181.5	3802.2
182.0	3807.2
182.5	3809.4
183.0	3812.6
183.5	3819.0
184.0	3823.0
184.5	3827.6
185.0	3832.2
185.5	3833.2
186.0	3840.6
186.5	3850.2
187.0	3853.2
187.5	3862.0
188.0	3868.0
188.5	3869.6
189.0	3876.8
189.5	3881.4
190.0	3884.0
190.5	3885.4
191.0	3890.2
191.5	3896.0
192.0	3902.0
192.5	3910.8
193.0	3912.8
193.5	3918.6
194.0	3923.2
194.5	3926.0
195.0	3937.0
195.5	3943.0
196.0	3947.4
196.5	3954.8
197.0	3958.2
197.5	3966.8
198.0	3969.6
198.5	3974.0
199.0	3978.6
199.5	3985.8
200.0	3989.6
200.5	3998.6
201.0	3999.0
201.5	4002.6
202.0	4009.4
202.5	4016.2
203.0	4018.6
203.5	4026.6
204.0	4029.6
204.5	4033.4
205.0	4044.6
205.5	4050.2
206.0	4055.4
206.5	4058.4
207.0	4068.8
207.5	4071.4
208.0	4075.2
208.5	4079.0
209.0	4083.4
209.5	4092.0
210.0	4096.4
210.5	4100.2
211.0	4102.2
211.5	4105.4
212.0	4112.0
212.5	4117.0
213.0	4123.2
213.5	4129.6
214.0	4133.6
214.5	4139.8
215.0	4145.4
215.5	4149.0
216.0	4150.6
216.5	4162.0
217.0	4165.6
217.5	4170.8
218.0	4176.4
218.5	4181.4
219.0	4182.2
219.5	4187.0
220.0	4194.8
220.5	4196.8
221.0	4202.2
221.5	4209.0
222.0	4213.8
222.5	4221.4
223.0	4222.6
223.5	4225.2
224.0	4225.4
224.5	4232.8
225.0	4237.2
225.5	4240.2
226.0	4243.2
226.5	4242.4
227.0	4247.2
227.5	4250.6
228.0	4259.4
228.5	4261.4
229.0	4262.6
229.5	4266.4
230.0	4269.8
230.5	4277.2
231.0	4280.0
231.5	4286.8
232.0	4290.6
232.5	4293.2
233.0	4297.2
233.5	4303.2
234.0	4305.4
234.5	4310.0
235.0	4319.0
235.5	4323.2
236.0	4326.8
236.5	4331.8
237.0	4335.6
237.5	4341.2
238.0	4348.8
238.5	4351.6
239.0	4360.2
239.5	4368.6
240.0	4372.0
240.5	4371.4
241.0	4379.8
241.5	4384.0
242.0	4390.8
242.5	4394.4
243.0	4400.6
243.5	4405.6
244.0	4407.2
244.5	4405.8
245.0	4409.4
245.5	4407.6
246.0	4412.0
246.5	4413.0
247.0	4416.6
247.5	4419.0
248.0	4421.6
248.5	4426.0
249.0	4433.0
249.5	4440.8
250.0	4447.6
250.5	4452.0
251.0	4457.6
251.5	4464.0
252.0	4467.2
252.5	4469.8
253.0	4474.8
253.5	4480.6
254.0	4485.6
254.5	4491.0
255.0	4489.6
255.5	4497.0
256.0	4504.8
256.5	4508.4
257.0	4512.0
257.5	4517.8
258.0	4521.4
258.5	4529.2
259.0	4534.0
259.5	4538.2
260.0	4545.2
260.5	4548.2
261.0	4550.2
261.5	4550.4
262.0	4556.6
262.5	4560.8
263.0	4562.4
263.5	4566.6
264.0	4571.8
264.5	4574.6
265.0	4580.6
265.5	4589.2
266.0	4597.4
266.5	4603.6
267.0	4607.2
267.5	4602.4
268.0	4613.2
268.5	4616.6
269.0	4621.0
269.5	4628.8
270.0	4633.6
270.5	4638.0
271.0	4638.8
271.5	4645.0
272.0	4649.4
272.5	4653.6
273.0	4655.8
273.5	4665.8
274.0	4668.2
274.5	4672.4
275.0	4677.2
275.5	4679.0
276.0	4682.2
276.5	4684.2
277.0	4686.4
277.5	4690.8
278.0	4695.4
278.5	4697.6
279.0	4702.2
279.5	4705.2
280.0	4709.4
280.5	4715.2
281.0	4719.4
281.5	4725.6
282.0	4728.4
282.5	4736.6
283.0	4742.0
283.5	4744.4
284.0	4746.0
284.5	4748.8
285.0	4752.0
285.5	4754.4
286.0	4758.4
286.5	4762.0
287.0	4763.0
287.5	4770.6
288.0	4771.2
288.5	4776.6
289.0	4777.0
289.5	4783.4
290.0	4782.6
290.5	4785.0
291.0	4786.4
291.5	4786.0
292.0	4789.4
292.5	4792.8
293.0	4798.4
293.5	4799.8
294.0	4800.8
294.5	4804.2
295.0	4808.8
295.5	4810.4
296.0	4812.8
296.5	4820.0
297.0	4824.6
297.5	4823.0
298.0	4825.4
298.5	4832.0
299.0	4831.0
299.5	4836.6
300.0	4837.6
