0.0087912	3.78
0.0	0.0
0.5	0.0
1.0	0.6
1.5	1.4
2.0	3.4
2.5	8.0
3.0	11.6
3.5	15.2
4.0	20.6
4.5	28.0
5.0	36.2
5.5	45.6
6.0	55.2
6.5	66.2
7.0	78.6
7.5	91.2
8.0	103.0
8.5	116.0
9.0	128.6
9.5	142.8
10.0	158.8
10.5	174.2
11.0	189.6
11.5	205.4
12.0	222.0
12.5	242.6
13.0	258.6
13.5	275.4
14.0	294.0
14.5	310.0
15.0	326.6
15.5	344.4
16.0	362.2
16.5	383.4
17.0	403.8
17.5	422.4
18.0	443.6
18.5	464.6
19.0	486.4
19.5	507.2
20.0	526.0
20.5	545.8
21.0	568.0
21.5	592.0
22.0	612.2
22.5	632.8
23.0	650.4
23.5	670.2
24.0	690.2
24.5	713.2
25.0	734.2
25.5	757.4
26.0	779.0
26.5	800.8
27.0	820.4
27.5	845.4
28.0	864.6
28.5	881.8
29.0	904.0
29.5	924.0
30.0	940.2
30.5	959.8
31.0	980.0
31.5	1003.2
32.0	1027.0
32.5	1048.2
33.0	1067.8
33.5	1086.8
34.0	1103.0
34.5	1121.4
35.0	1144.4
35.5	1166.6
36.0	1185.6
36.5	1204.8
37.0	1224.2
37.5	1243.6
38.0	1260.4
38.5	1282.4
39.0	1301.2
39.5	1320.2
40.0	1341.2
40.5	1357.8
41.0	1369.2
41.5	1383.8
42.0	1401.8
42.5	1421.6
43.0	1439.2
43.5	1455.4
44.0	1474.0
44.5	1490.4
45.0	1509.6
45.5	1527.4
46.0	1542.6
46.5	1560.8
47.0	1580.2
47.5	1593.4
48.0	1610.4
48.5	1626.2
49.0	1640.8
49.5	1653.8
50.0	1669.8
50.5	1686.0
51.0	1697.0
51.5	1714.0
52.0	1730.4
52.5	1746.8
53.0	1764.8
53.5	1781.8
54.0	1795.2
54.5	1810.2
55.0	1827.4
55.5	1844.4
56.0	1859.4
56.5	1874.4
57.0	1891.6
57.5	1903.6
58.0	1917.8
58.5	1935.6
59.0	1952.6
59.5	1968.6
60.0	1982.6
60.5	1996.6
61.0	2011.4
61.5	2021.8
62.0	2037.8
62.5	2054.4
63.0	2068.4
63.5	2079.2
64.0	2092.2
64.5	2105.4
65.0	2118.6
65.5	2129.6
66.0	2141.8
66.5	2158.4
67.0	2177.6
67.5	2191.6
68.0	2204.4
68.5	2213.6
69.0	2224.4
69.5	2237.4
70.0	2253.6
70.5	2265.4
71.0	2278.2
71.5	2288.0
72.0	2306.0
72.5	2315.8
73.0	2326.8
73.5	2340.6
74.0	2351.6
74.5	2362.8
75.0	2374.2
75.5	2384.4
76.0	2397.2
76.5	2408.0
77.0	2421.0
77.5	2429.8
78.0	2439.2
78.5	2447.0
79.0	2458.2
79.5	2472.2
80.0	2481.4
80.5	2495.4
81.0	2504.0
81.5	2513.8
82.0	2526.0
82.5	2534.0
83.0	2544.8
83.5	2555.6
84.0	2566.6
84.5	2576.8
85.0	2587.6
85.5	2597.0
86.0	2608.2
86.5	2619.0
87.0	2628.8
87.5	2635.0
88.0	2641.4
88.5	2649.0
89.0	2661.0
89.5	2669.2
90.0	2671.6
90.5	2678.8
91.0	2689.2
91.5	2697.8
92.0	2707.8
92.5	2721.2
93.0	2732.0
93.5	2740.6
94.0	2749.4
94.5	2753.2
95.0	2764.0
95.5	2767.8
96.0	2775.2
96.5	2787.4
97.0	2794.0
97.5	2802.0
98.0	2812.2
98.5	2823.4
99.0	2838.2
99.5	2843.0
100.0	2853.8
100.5	2865.0
101.0	2873.4
101.5	2881.0
102.0	2886.6
102.5	2893.2
103.0	2902.4
103.5	2909.4
104.0	2916.6
104.5	2917.2
105.0	2927.4
105.5	2937.6
106.0	2945.4
106.5	2952.2
107.0	2957.6
107.5	2965.2
108.0	2971.2
108.5	2979.4
109.0	2989.2
109.5	2996.4
110.0	3005.4
110.5	3015.4
111.0	3022.0
111.5	3033.4
112.0	3043.4
112.5	3051.8
113.0	3063.6
113.5	3070.4
114.0	3077.0
114.5	3084.4
115.0	3091.4
115.5	3098.2
116.0	3106.0
116.5	3115.0
117.0	3120.2
117.5	3131.0
118.0	3137.6
118.5	3143.8
119.0	3153.4
119.5	3160.6
120.0	3166.8
120.5	3174.4
121.0	3181.2
121.5	3188.2
122.0	3196.6
122.5	3203.8
123.0	3209.0
123.5	3216.8
124.0	3221.4
124.5	3232.0
125.0	3237.0
125.5	3244.4
126.0	3253.2
126.5	3262.0
127.0	3268.8
127.5	3276.4
128.0	3282.4
128.5	3286.2
129.0	3294.6
129.5	3304.8
130.0	3312.6
130.5	3318.0
131.0	3319.6
131.5	3325.0
132.0	3335.0
132.5	3342.2
133.0	3347.0
133.5	3355.2
134.0	3361.4
134.5	3367.4
135.0	3374.4
135.5	3380.4
136.0	3388.6
136.5	3393.4
137.0	3401.6
137.5	3411.2
138.0	3420.4
138.5	3426.0
139.0	3431.8
139.5	3437.4
140.0	3444.2
140.5	3454.0
141.0	3458.0
141.5	3464.6
142.0	3473.4
142.5	3477.2
143.0	3489.0
143.5	3496.2
144.0	3503.0
144.5	3511.2
145.0	3521.2
145.5	3530.0
146.0	3536.0
146.5	3543.2
147.0	3547.2
147.5	3551.4
148.0	3558.8
148.5	3562.4
149.0	3569.0
149.5	3581.2
150.0	3585.8
150.5	3595.0
151.0	3599.8
151.5	3604.2
152.0	3613.8
152.5	3620.4
153.0	3627.2
153.5	3632.2
154.0	3641.4
154.5	3646.4
155.0	3652.4
155.5	3661.4
156.0	3668.4
156.5	3673.2
157.0	3682.8
157.5	3689.0
158.0	3696.6
158.5	3700.0
159.0	3706.2
159.5	3715.8
160.0	3726.0
160.5	3732.4
161.0	3738.6
161.5	3743.0
162.0	3749.8
162.5	3752.8
163.0	3752.0
163.5	3752.8
164.0	3760.2
164.5	3759.4
165.0	3762.4
165.5	3765.2
166.0	3773.4
166.5	3775.0
167.0	3783.2
167.5	3794.4
168.0	3805.2
168.5	3809.4
169.0	3818.2
169.5	3825.8
170.0	3832.0
170.5	3838.2
171.0	3847.4
171.5	3853.4
172.0	3860.0
172.5	3869.8
173.0	3875.4
173.5	3883.4
174.0	3888.6
174.5	3895.6
175.0	3903.8
175.5	3910.8
176.0	3915.0
176.5	3921.4
177.0	3921.6
177.5	3926.6
178.0	3929.0
178.5	3934.0
179.0	3936.2
179.5	3939.0
180.0	3943.0
180.5	3949.4
181.0	3953.6
181.5	3955.6
182.0	3963.6
182.5	3967.6
183.0	3969.6
183.5	3975.8
184.0	3979.6
184.5	3986.0
185.0	3992.8
185.5	3998.8
186.0	4006.0
186.5	4010.6
187.0	4017.4
187.5	4026.4
188.0	4030.8
188.5	4039.4
189.0	4045.0
189.5	4047.2
190.0	4052.2
190.5	4059.4
191.0	4064.8
191.5	4067.2
192.0	4072.4
192.5	4077.2
193.0	4086.6
193.5	4090.4
194.0	4094.8
194.5	4099.2
195.0	4102.8
195.5	4110.6
196.0	4111.8
196.5	4116.2
197.0	4122.6
197.5	4126.4
198.0	4133.2
198.5	4138.8
199.0	4141.0
199.5	4149.0
200.0	4152.6
200.5	4159.0
201.0	4167.2
201.5	4174.0
202.0	4177.4
202.5	4180.8
203.0	4187.2
203.5	4195.2
204.0	4200.4
204.5	4203.0
205.0	4204.0
205.5	4212.4
206.0	4221.0
206.5	4228.4
207.0	4232.4
207.5	4236.6
208.0	4241.8
208.5	4246.6
209.0	4251.4
209.5	4258.2
210.0	4264.2
210.5	4267.4
211.0	4275.4
211.5	4284.4
212.0	4291.6
212.5	4295.4
213.0	4297.2
213.5	4300.6
214.0	4306.8
214.5	4308.0
215.0	4306.6
215.5	4309.2
216.0	4313.6
216.5	4317.8
217.0	4327.4
217.5	4331.0
218.0	4335.2
218.5	4340.2
219.0	4343.0
219.5	4352.2
220.0	4356.6
220.5	4358.0
221.0	4361.2
221.5	4364.4
222.0	4372.0
222.5	4376.0
223.0	4378.2
223.5	4384.0
224.0	4389.0
224.5	4393.4
225.0	4399.8
225.5	4399.6
226.0	4406.6
226.5	4412.6
227.0	4419.6
227.5	4421.4
228.0	4428.6
228.5	4431.6
229.0	4437.4
229.5	4444.6
230.0	4447.2
230.5	4447.2
231.0	4450.2
231.5	4455.8
232.0	4457.2
232.5	4464.4
233.0	4464.2
233.5	4471.0
234.0	4471.8
234.5	4474.8
235.0	4482.4
235.5	4485.2
236.0	4490.8
236.5	4498.2
237.0	4501.4
237.5	4506.8
238.0	4509.8
238.5	4517.6
239.0	4518.4
239.5	4521.0
240.0	4523.8
240.5	4532.0
241.0	4536.0
241.5	4545.0
242.0	4552.0
242.5	4560.6
243.0	4569.2
243.5	4579.8
244.0	4578.6
244.5	4586.2
245.0	4586.0
245.5	4586.8
246.0	4591.8
246.5	4593.0
247.0	4597.4
247.5	4605.6
248.0	4606.2
248.5	4608.2
249.0	4612.8
249.5	4615.0
250.0	4622.2
250.5	4628.0
251.0	4632.8
251.5	4636.2
252.0	4638.8
252.5	4638.6
253.0	4642.0
253.5	4643.8
254.0	4650.4
254.5	4653.0
255.0	4659.6
255.5	4663.6
256.0	4668.2
256.5	4674.6
257.0	4679.8
257.5	4683.6
258.0	4689.6
258.5	4690.0
259.0	4697.8
259.5	4701.0
260.0	4707.6
260.5	4712.8
261.0	4715.2
261.5	4718.8
262.0	4718.8
262.5	4724.4
263.0	4732.8
263.5	4740.2
264.0	4744.6
264.5	4752.0
265.0	4756.2
265.5	4760.0
266.0	4763.0
266.5	4764.8
267.0	4768.8
267.5	4772.4
268.0	4779.2
268.5	4784.4
269.0	4787.0
269.5	4792.2
270.0	4796.8
270.5	4800.4
271.0	4803.0
271.5	4807.4
272.0	4810.6
272.5	4814.4
273.0	4823.4
273.5	4830.0
274.0	4830.2
274.5	4833.4
275.0	4839.8
275.5	4840.0
276.0	4845.0
276.5	4849.6
277.0	4857.0
277.5	4860.8
278.0	4864.4
278.5	4873.4
279.0	4879.2
279.5	4888.4
280.0	4893.6
280.5	4901.8
281.0	4905.2
281.5	4910.6
282.0	4916.2
282.5	4914.0
283.0	4918.4
283.5	4919.0
284.0	4923.0
284.5	4925.0
285.0	4931.4
285.5	4932.2
286.0	4938.2
286.5	4940.8
287.0	4946.6
287.5	4947.0
288.0	4949.8
288.5	4953.0
289.0	4956.4
289.5	4956.0
290.0	4956.2
290.5	4961.6
291.0	4967.4
291.5	4973.4
292.0	4972.6
292.5	4976.0
293.0	4979.8
293.5	4983.6
294.0	4989.0
294.5	4992.6
295.0	4996.0
295.5	4999.2
296.0	5003.0
296.5	5006.2
297.0	5012.2
297.5	5015.2
298.0	5020.2
298.5	5021.2
299.0	5025.8
299.5	5027.6
300.0	5032.4
