0.0057942	1.6199999999999999
0.0	0.0
0.5	0.0
1.0	0.0
1.5	0.6
2.0	1.6
2.5	4.4
3.0	8.0
3.5	11.4
4.0	16.6
4.5	22.4
5.0	29.6
5.5	38.0
6.0	46.0
6.5	53.2
7.0	64.6
7.5	76.0
8.0	87.0
8.5	98.0
9.0	112.8
9.5	124.2
10.0	137.8
10.5	153.6
11.0	167.6
11.5	185.0
12.0	200.4
12.5	218.2
13.0	235.8
13.5	253.8
14.0	271.8
14.5	292.0
15.0	309.4
15.5	325.8
16.0	344.0
16.5	365.6
17.0	386.4
17.5	406.2
18.0	426.0
18.5	449.0
19.0	469.0
19.5	490.8
20.0	511.2
20.5	534.8
21.0	557.0
21.5	578.6
22.0	599.0
22.5	619.4
23.0	639.6
23.5	660.8
24.0	680.6
24.5	704.2
25.0	721.2
25.5	740.4
26.0	758.4
26.5	784.4
27.0	805.4
27.5	826.0
28.0	848.6
28.5	867.6
29.0	890.6
29.5	909.8
30.0	925.8
30.5	945.2
31.0	969.4
31.5	988.8
32.0	1009.8
32.5	1029.8
33.0	1047.8
33.5	1068.4
34.0	1089.8
34.5	1106.8
35.0	1128.8
35.5	1153.0
36.0	1171.4
36.5	1188.6
37.0	1208.2
37.5	1231.4
38.0	1246.8
38.5	1263.4
39.0	1278.8
39.5	1297.4
40.0	1315.6
40.5	1334.4
41.0	1350.4
41.5	1367.2
42.0	1381.4
42.5	1397.4
43.0	1415.2
43.5	1432.2
44.0	1453.6
44.5	1469.2
45.0	1485.0
45.5	1501.0
46.0	1520.0
46.5	1539.8
47.0	1559.6
47.5	1572.0
48.0	1585.2
48.5	1598.2
49.0	1616.2
49.5	1632.0
50.0	1647.8
50.5	1668.0
51.0	1686.6
51.5	1698.0
52.0	1711.6
52.5	1727.0
53.0	1742.8
53.5	1754.8
54.0	1764.8
54.5	1782.6
55.0	1793.6
55.5	1808.4
56.0	1826.4
56.5	1842.0
57.0	1854.2
57.5	1867.0
58.0	1887.2
58.5	1898.4
59.0	1909.0
59.5	1925.4
60.0	1940.8
60.5	1956.2
61.0	1969.0
61.5	1982.8
62.0	1990.8
62.5	2003.6
63.0	2012.8
63.5	2027.4
64.0	2038.4
64.5	2049.8
65.0	2057.8
65.5	2070.6
66.0	2079.6
66.5	2091.4
67.0	2107.8
67.5	2117.0
68.0	2128.0
68.5	2136.6
69.0	2151.0
69.5	2159.6
70.0	2172.2
70.5	2187.2
71.0	2200.0
71.5	2208.2
72.0	2222.8
72.5	2237.0
73.0	2250.8
73.5	2262.8
74.0	2278.8
74.5	2288.6
75.0	2301.4
75.5	2314.2
76.0	2326.6
76.5	2340.8
77.0	2351.4
77.5	2361.6
78.0	2373.0
78.5	2385.4
79.0	2396.8
79.5	2407.4
80.0	2416.0
80.5	2428.6
81.0	2441.2
81.5	2452.4
82.0	2462.0
82.5	2472.4
83.0	2485.8
83.5	2499.6
84.0	2509.4
84.5	2521.4
85.0	2528.4
85.5	2537.8
86.0	2548.2
86.5	2558.4
87.0	2565.0
87.5	2575.6
88.0	2586.4
88.5	2591.0
89.0	2602.8
89.5	2608.8
90.0	2619.6
90.5	2629.4
91.0	2640.6
91.5	2653.6
92.0	2658.4
92.5	2663.0
93.0	2673.8
93.5	2685.2
94.0	2698.8
94.5	2707.8
95.0	2716.0
95.5	2723.6
96.0	2729.0
96.5	2738.0
97.0	2746.6
97.5	2753.0
98.0	2761.6
98.5	2772.8
99.0	2780.0
99.5	2789.2
100.0	2797.6
100.5	2806.6
101.0	2812.6
101.5	2822.0
102.0	2830.0
102.5	2841.8
103.0	2850.8
103.5	2855.0
104.0	2863.0
104.5	2872.6
105.0	2878.8
105.5	2886.8
106.0	2894.6
106.5	2904.0
107.0	2911.6
107.5	2922.0
108.0	2930.6
108.5	2938.6
109.0	2949.6
109.5	2953.6
110.0	2961.6
110.5	2965.8
111.0	2969.8
111.5	2979.6
112.0	2987.2
112.5	2996.0
113.0	3006.2
113.5	3012.2
114.0	3023.6
114.5	3029.2
115.0	3034.8
115.5	3038.8
116.0	3049.2
116.5	3058.4
117.0	3069.4
117.5	3078.4
118.0	3084.4
118.5	3091.0
119.0	3095.4
119.5	3101.2
120.0	3105.6
120.5	3109.6
121.0	3111.6
121.5	3118.4
122.0	3128.6
122.5	3136.8
123.0	3145.0
123.5	3155.2
124.0	3160.4
124.5	3167.6
125.0	3172.2
125.5	3176.4
126.0	3181.0
126.5	3186.6
127.0	3189.2
127.5	3195.8
128.0	3200.8
128.5	3204.6
129.0	3210.0
129.5	3219.0
130.0	3222.6
130.5	3230.4
131.0	3235.2
131.5	3242.4
132.0	3245.6
132.5	3246.0
133.0	3251.6
133.5	3256.4
134.0	3259.4
134.5	3264.6
135.0	3268.8
135.5	3274.4
136.0	3278.0
136.5	3280.0
137.0	3285.2
137.5	3290.6
138.0	3295.2
138.5	3301.6
139.0	3304.8
139.5	3312.0
140.0	3321.0
140.5	3330.8
141.0	3337.2
141.5	3345.2
142.0	3350.6
142.5	3355.8
143.0	3366.2
143.5	3370.6
144.0	3378.8
144.5	3382.8
145.0	3389.6
145.5	3398.6
146.0	3403.8
146.5	3407.2
147.0	3412.6
147.5	3417.2
148.0	3423.8
148.5	3427.8
149.0	3434.0
149.5	3442.0
150.0	3442.8
150.5	3449.4
151.0	3453.2
151.5	3462.2
152.0	3469.4
152.5	3476.6
153.0	3483.6
153.5	3487.2
154.0	3493.6
154.5	3500.8
155.0	3511.0
155.5	3519.0
156.0	3522.0
156.5	3528.0
157.0	3533.2
157.5	3543.2
158.0	3549.2
158.5	3558.0
159.0	3564.2
159.5	3570.8
160.0	3576.2
160.5	3580.4
161.0	3582.8
161.5	3585.2
162.0	3586.2
162.5	3594.6
163.0	3602.6
163.5	3603.2
164.0	3608.6
164.5	3610.6
165.0	3616.8
165.5	3620.4
166.0	3625.8
166.5	3632.8
167.0	3639.8
167.5	3644.8
168.0	3648.6
168.5	3659.0
169.0	3662.6
169.5	3666.8
170.0	3671.2
170.5	3674.6
171.0	3677.0
171.5	3684.2
172.0	3690.8
172.5	3697.4
173.0	3706.4
173.5	3711.2
174.0	3717.8
174.5	3723.8
175.0	3726.8
175.5	3732.4
176.0	3731.8
176.5	3742.4
177.0	3747.0
177.5	3754.4
178.0	3766.0
178.5	3774.2
179.0	3780.8
179.5	3788.6
180.0	3796.4
180.5	3804.6
181.0	3815.2
181.5	3822.0
182.0	3829.0
182.5	3838.0
183.0	3841.6
183.5	3847.6
184.0	3857.2
184.5	3861.8
185.0	3871.8
185.5	3877.0
186.0	3883.2
186.5	3887.6
187.0	3892.6
187.5	3893.0
188.0	3895.4
188.5	3901.8
189.0	3907.2
189.5	3910.6
190.0	3912.4
190.5	3914.0
191.0	3920.8
191.5	3923.2
192.0	3926.2
192.5	3933.8
193.0	3942.8
193.5	3944.8
194.0	3948.6
194.5	3955.2
195.0	3961.0
195.5	3968.0
196.0	3971.8
196.5	3974.4
197.0	3978.4
197.5	3985.8
198.0	3994.6
198.5	3997.0
199.0	4007.2
199.5	4009.6
200.0	4015.0
200.5	4017.6
201.0	4023.0
201.5	4027.2
202.0	4033.6
202.5	4036.2
203.0	4043.2
203.5	4049.0
204.0	4057.4
204.5	4062.6
205.0	4066.6
205.5	4072.2
206.0	4076.8
206.5	4082.2
207.0	4088.4
207.5	4091.8
208.0	4093.6
208.5	4099.2
209.0	4103.4
209.5	4109.6
210.0	4110.2
210.5	4113.0
211.0	4118.2
211.5	4121.0
212.0	4126.2
212.5	4125.4
213.0	4126.4
213.5	4132.2
214.0	4135.6
214.5	4140.2
215.0	4143.2
215.5	4146.0
216.0	4155.0
216.5	4160.4
217.0	4163.0
217.5	4170.4
218.0	4173.8
218.5	4180.0
219.0	4189.0
219.5	4190.8
220.0	4195.8
220.5	4206.4
221.0	4208.0
221.5	4212.4
222.0	4218.0
222.5	4220.8
223.0	4226.0
223.5	4231.8
224.0	4236.2
224.5	4240.6
225.0	4246.0
225.5	4248.6
226.0	4257.4
226.5	4259.2
227.0	4269.0
227.5	4272.4
228.0	4278.0
228.5	4281.8
229.0	4280.2
229.5	4282.6
230.0	4285.0
230.5	4291.8
231.0	4294.2
231.5	4301.4
232.0	4302.0
232.5	4304.4
233.0	4309.6
233.5	4313.6
234.0	4317.0
234.5	4321.2
235.0	4327.8
235.5	4332.8
236.0	4341.6
236.5	4343.6
237.0	4349.2
237.5	4352.0
238.0	4355.4
238.5	4358.8
239.0	4361.4
239.5	4368.4
240.0	4374.0
240.5	4377.4
241.0	4383.0
241.5	4390.0
242.0	4394.8
242.5	4400.8
243.0	4405.2
243.5	4409.8
244.0	4413.6
244.5	4415.2
245.0	4417.6
245.5	4422.0
246.0	4427.0
246.5	4432.4
247.0	4437.0
247.5	4445.2
248.0	4448.4
248.5	4456.0
249.0	4460.4
249.5	4466.8
250.0	4472.2
250.5	4477.2
251.0	4482.4
251.5	4489.4
252.0	4494.2
252.5	4503.4
253.0	4511.2
253.5	4514.6
254.0	4515.4
254.5	4516.2
255.0	4521.2
255.5	4524.0
256.0	4526.0
256.5	4533.0
257.0	4537.8
257.5	4540.0
258.0	4550.8
258.5	4557.4
259.0	4559.2
259.5	4564.4
260.0	4569.0
260.5	4571.0
261.0	4577.0
261.5	4583.0
262.0	4586.6
262.5	4594.6
263.0	4600.0
263.5	4605.4
264.0	4606.4
264.5	4607.2
265.0	4615.0
265.5	4620.6
266.0	4624.8
266.5	4629.8
267.0	4634.2
267.5	4637.0
268.0	4640.4
268.5	4646.8
269.0	4652.6
269.5	4651.8
270.0	4655.6
270.5	4658.4
271.0	4663.0
271.5	4667.2
272.0	4669.8
272.5	4678.0
273.0	4682.4
273.5	4687.0
274.0	4692.4
274.5	4697.2
275.0	4702.4
275.5	4708.2
276.0	4713.6
276.5	4719.8
277.0	4727.4
277.5	4730.2
278.0	4735.8
278.5	4742.8
279.0	4749.4
279.5	4754.0
280.0	4759.0
280.5	4757.4
281.0	4756.6
281.5	4760.8
282.0	4762.8
282.5	4764.4
283.0	4769.0
283.5	4772.6
284.0	4783.0
284.5	4784.8
285.0	4789.4
285.5	4796.2
286.0	4800.6
286.5	4804.2
287.0	4809.8
287.5	4810.2
288.0	4813.0
288.5	4816.8
289.0	4818.8
289.5	4823.0
290.0	4825.4
290.5	4828.4
291.0	4830.4
291.5	4834.0
292.0	4836.6
292.5	4836.2
293.0	4845.2
293.5	4849.4
294.0	4852.8
294.5	4857.2
295.0	4857.8
295.5	4862.0
296.0	4862.0
296.5	4865.6
297.0	4869.6
297.5	4870.4
298.0	4877.0
298.5	4878.6
299.0	4883.0
299.5	4888.2
300.0	4894.8
