0.000999	0.36
0.0	0.0
0.5	0.0
1.0	0.0
1.5	0.0
2.0	0.8
2.5	1.4
3.0	2.4
3.5	3.0
4.0	3.6
4.5	4.6
5.0	6.0
5.5	8.6
6.0	10.8
6.5	13.8
7.0	16.8
7.5	21.4
8.0	27.8
8.5	33.4
9.0	38.6
9.5	44.0
10.0	49.8
10.5	55.2
11.0	63.2
11.5	72.0
12.0	83.2
12.5	89.8
13.0	98.8
13.5	107.6
14.0	116.4
14.5	125.8
15.0	135.4
15.5	146.2
16.0	158.0
16.5	171.2
17.0	183.6
17.5	194.2
18.0	205.8
18.5	218.4
19.0	231.8
19.5	244.6
20.0	256.6
20.5	268.8
21.0	280.2
21.5	291.0
22.0	305.0
22.5	321.0
23.0	334.2
23.5	348.4
24.0	358.6
24.5	373.0
25.0	386.8
25.5	403.8
26.0	420.4
26.5	432.6
27.0	446.2
27.5	464.8
28.0	480.2
28.5	493.2
29.0	506.8
29.5	522.8
30.0	540.2
30.5	553.0
31.0	569.8
31.5	588.8
32.0	605.0
32.5	622.2
33.0	638.2
33.5	651.6
34.0	669.4
34.5	683.8
35.0	698.4
35.5	717.0
36.0	733.8
36.5	750.6
37.0	769.0
37.5	786.0
38.0	802.0
38.5	819.4
39.0	832.6
39.5	849.2
40.0	865.8
40.5	876.8
41.0	894.4
41.5	909.2
42.0	923.8
42.5	941.0
43.0	958.0
43.5	975.6
44.0	995.0
44.5	1010.8
45.0	1027.6
45.5	1042.6
46.0	1055.0
46.5	1071.4
47.0	1084.2
47.5	1101.6
48.0	1116.0
48.5	1132.0
49.0	1142.4
49.5	1160.8
50.0	1177.8
50.5	1194.2
51.0	1213.2
51.5	1226.6
52.0	1244.2
52.5	1260.0
53.0	1274.8
53.5	1286.2
54.0	1302.0
54.5	1318.4
55.0	1333.8
55.5	1349.8
56.0	1362.4
56.5	1378.8
57.0	1390.2
57.5	1404.4
58.0	1415.8
58.5	1428.6
59.0	1444.8
59.5	1459.8
60.0	1470.4
60.5	1481.8
61.0	1494.6
61.5	1511.4
62.0	1524.0
62.5	1536.0
63.0	1549.2
63.5	1560.2
64.0	1573.4
64.5	1586.8
65.0	1599.0
65.5	1608.6
66.0	1623.6
66.5	1635.0
67.0	1649.2
67.5	1662.4
68.0	1673.4
68.5	1687.4
69.0	1700.2
69.5	1712.0
70.0	1721.6
70.5	1731.4
71.0	1743.0
71.5	1755.4
72.0	1769.8
72.5	1776.4
73.0	1789.4
73.5	1801.8
74.0	1808.0
74.5	1821.8
75.0	1837.8
75.5	1851.4
76.0	1863.6
76.5	1878.8
77.0	1886.6
77.5	1896.4
78.0	1905.6
78.5	1917.8
79.0	1924.6
79.5	1937.8
80.0	1948.0
80.5	1954.0
81.0	1964.6
81.5	1976.8
82.0	1985.4
82.5	1993.6
83.0	2003.2
83.5	2014.2
84.0	2025.6
84.5	2039.6
85.0	2054.4
85.5	2067.2
86.0	2077.4
86.5	2087.8
87.0	2100.2
87.5	2109.4
88.0	2122.4
88.5	2132.6
89.0	2140.4
89.5	2145.2
90.0	2155.8
90.5	2164.0
91.0	2175.2
91.5	2183.6
92.0	2191.6
92.5	2202.4
93.0	2213.8
93.5	2219.2
94.0	2228.2
94.5	2237.2
95.0	2243.8
95.5	2253.0
96.0	2265.6
96.5	2273.2
97.0	2281.0
97.5	2284.2
98.0	2293.4
98.5	2301.6
99.0	2309.8
99.5	2319.4
100.0	2326.2
100.5	2332.0
101.0	2340.6
101.5	2353.4
102.0	2365.0
102.5	2373.8
103.0	2381.6
103.5	2389.0
104.0	2396.8
104.5	2403.4
105.0	2409.6
105.5	2413.8
106.0	2420.6
106.5	2427.6
107.0	2435.4
107.5	2443.4
108.0	2448.0
108.5	2459.6
109.0	2466.0
109.5	2470.6
110.0	2477.4
110.5	2484.0
111.0	2495.0
111.5	2501.6
112.0	2511.0
112.5	2512.4
113.0	2516.4
113.5	2524.6
114.0	2532.6
114.5	2540.4
115.0	2547.0
115.5	2556.4
116.0	2569.4
116.5	2575.0
117.0	2585.8
117.5	2594.2
118.0	2603.4
118.5	2609.4
119.0	2611.8
119.5	2622.4
120.0	2628.0
120.5	2633.0
121.0	2640.2
121.5	2646.4
122.0	2655.8
122.5	2664.2
123.0	2671.2
123.5	2677.2
124.0	2686.4
124.5	2689.8
125.0	2695.4
125.5	2705.0
126.0	2708.4
126.5	2716.4
127.0	2721.6
127.5	2730.6
128.0	2739.4
128.5	2745.0
129.0	2751.4
129.5	2756.0
130.0	2764.6
130.5	2769.6
131.0	2776.6
131.5	2781.2
132.0	2788.0
132.5	2791.6
133.0	2795.8
133.5	2800.0
134.0	2805.6
134.5	2813.8
135.0	2819.4
135.5	2824.4
136.0	2831.6
136.5	2841.2
137.0	2847.0
137.5	2858.0
138.0	2865.2
138.5	2872.4
139.0	2880.2
139.5	2879.0
140.0	2882.2
140.5	2885.4
141.0	2890.0
141.5	2896.6
142.0	2903.2
142.5	2905.6
143.0	2913.6
143.5	2921.2
144.0	2929.8
144.5	2937.2
145.0	2943.4
145.5	2952.4
146.0	2958.6
146.5	2964.8
147.0	2968.4
147.5	2974.8
148.0	2982.6
148.5	2987.2
149.0	2993.8
149.5	2995.6
150.0	2998.2
150.5	3006.8
151.0	3012.8
151.5	3017.2
152.0	3026.6
152.5	3034.4
153.0	3041.4
153.5	3050.8
154.0	3055.8
154.5	3062.0
155.0	3065.8
155.5	3073.4
156.0	3076.8
156.5	3080.2
157.0	3082.6
157.5	3089.0
158.0	3094.2
158.5	3099.8
159.0	3107.8
159.5	3111.8
160.0	3116.6
160.5	3125.0
161.0	3131.0
161.5	3135.6
162.0	3138.0
162.5	3144.8
163.0	3148.8
163.5	3157.4
164.0	3164.6
164.5	3170.2
165.0	3176.4
165.5	3184.0
166.0	3188.0
166.5	3193.4
167.0	3201.2
167.5	3207.2
168.0	3212.8
168.5	3219.2
169.0	3221.2
169.5	3226.2
170.0	3235.4
170.5	3242.0
171.0	3247.8
171.5	3256.2
172.0	3261.8
172.5	3264.0
173.0	3270.4
173.5	3275.4
174.0	3280.4
174.5	3289.2
175.0	3296.6
175.5	3305.8
176.0	3309.8
176.5	3312.2
177.0	3319.6
177.5	3325.6
178.0	3328.8
178.5	3337.6
179.0	3342.6
179.5	3349.0
180.0	3358.0
180.5	3367.0
181.0	3372.4
181.5	3374.8
182.0	3382.8
182.5	3390.2
183.0	3394.2
183.5	3401.2
184.0	3405.8
184.5	3409.8
185.0	3414.6
185.5	3419.6
186.0	3425.0
186.5	3430.4
187.0	3430.2
187.5	3433.6
188.0	3435.4
188.5	3441.2
189.0	3448.6
189.5	3454.6
190.0	3462.4
190.5	3469.8
191.0	3475.8
191.5	3483.6
192.0	3486.6
192.5	3488.2
193.0	3493.6
193.5	3496.2
194.0	3502.2
194.5	3505.4
195.0	3511.4
195.5	3515.2
196.0	3522.0
196.5	3526.8
197.0	3532.2
197.5	3535.0
198.0	3539.4
198.5	3545.2
199.0	3550.6
199.5	3554.8
200.0	3561.4
200.5	3565.8
201.0	3571.4
201.5	3575.4
202.0	3579.0
202.5	3583.2
203.0	3585.0
203.5	3588.8
204.0	3593.2
204.5	3594.8
205.0	3598.4
205.5	3598.0
206.0	3601.4
206.5	3607.6
207.0	3611.6
207.5	3614.8
208.0	3618.8
208.5	3622.8
209.0	3626.2
209.5	3634.0
210.0	3639.2
210.5	3647.2
211.0	3646.4
211.5	3648.6
212.0	3649.6
212.5	3655.6
213.0	3663.2
213.5	3666.0
214.0	3671.6
214.5	3677.8
215.0	3681.8
215.5	3683.8
216.0	3684.8
216.5	3681.6
217.0	3685.8
217.5	3686.8
218.0	3687.8
218.5	3692.4
219.0	3700.8
219.5	3703.8
220.0	3711.0
220.5	3712.6
221.0	3716.6
221.5	3722.4
222.0	3724.6
222.5	3731.2
223.0	3738.4
223.5	3745.2
224.0	3745.2
224.5	3749.4
225.0	3750.0
225.5	3756.2
226.0	3759.4
226.5	3759.2
227.0	3765.6
227.5	3773.0
228.0	3776.6
228.5	3778.8
229.0	3782.8
229.5	3783.0
230.0	3788.2
230.5	3793.8
231.0	3795.2
231.5	3802.4
232.0	3803.4
232.5	3805.8
233.0	3810.2
233.5	3812.6
234.0	3816.2
234.5	3818.6
235.0	3823.8
235.5	3826.2
236.0	3827.2
236.5	3834.4
237.0	3838.6
237.5	3846.2
238.0	3847.0
238.5	3851.2
239.0	3855.2
239.5	3859.0
240.0	3859.2
240.5	3862.8
241.0	3868.0
241.5	3871.4
242.0	3877.2
242.5	3880.4
243.0	3880.0
243.5	3885.2
244.0	3887.0
244.5	3889.0
245.0	3887.6
245.5	3891.4
246.0	3898.4
246.5	3906.4
247.0	3905.4
247.5	3909.4
248.0	3914.8
248.5	3921.6
249.0	3923.6
249.5	3930.6
250.0	3935.6
250.5	3937.8
251.0	3940.4
251.5	3943.8
252.0	3946.6
252.5	3950.4
253.0	3948.8
253.5	3956.0
254.0	3961.0
254.5	3966.2
255.0	3970.6
255.5	3975.2
256.0	3980.6
256.5	3986.2
257.0	3989.0
257.5	3992.6
258.0	3993.4
258.5	3996.8
259.0	3998.2
259.5	4003.0
260.0	4009.8
260.5	4017.4
261.0	4021.4
261.5	4025.8
262.0	4027.2
262.5	4027.4
263.0	4031.6
263.5	4038.8
264.0	4046.2
264.5	4051.6
265.0	4056.0
265.5	4056.6
266.0	4065.4
266.5	4071.6
267.0	4070.8
267.5	4074.4
268.0	4078.4
268.5	4084.2
269.0	4087.6
269.5	4093.2
270.0	4099.8
270.5	4103.6
271.0	4109.6
271.5	4111.0
272.0	4115.6
272.5	4120.8
273.0	4120.0
273.5	4127.0
274.0	4132.0
274.5	4137.0
275.0	4140.0
275.5	4145.4
276.0	4150.2
276.5	4150.8
277.0	4157.2
277.5	4164.6
278.0	4169.2
278.5	4175.6
279.0	4177.4
279.5	4184.0
280.0	4184.6
280.5	4185.2
281.0	4188.2
281.5	4192.0
282.0	4192.2
282.5	4196.6
283.0	4201.0
283.5	4203.8
284.0	4208.0
284.5	4214.8
285.0	4215.8
285.5	4218.4
286.0	4225.8
286.5	4231.2
287.0	4237.0
287.5	4241.0
288.0	4244.8
288.5	4248.0
289.0	4253.6
289.5	4252.4
290.0	4259.0
290.5	4268.6
291.0	4273.4
291.5	4278.8
292.0	4280.4
292.5	4282.4
293.0	4286.2
293.5	4287.6
294.0	4289.8
294.5	4295.0
295.0	4299.2
295.5	4300.0
296.0	4305.6
296.5	4307.4
297.0	4310.6
297.5	4312.6
298.0	4315.8
298.5	4317.4
299.0	4320.2
299.5	4327.6
300.0	4331.0
