0.0035964	6.66
0.0	0.0
0.5	0.0
1.0	0.0
1.5	0.6
2.0	1.0
2.5	2.2
3.0	4.8
3.5	7.8
4.0	11.2
4.5	15.0
5.0	19.6
5.5	26.2
6.0	31.4
6.5	39.0
7.0	47.2
7.5	55.0
8.0	64.6
8.5	72.8
9.0	83.0
9.5	95.0
10.0	107.2
10.5	117.2
11.0	130.6
11.5	143.4
12.0	156.8
12.5	170.4
13.0	183.6
13.5	200.4
14.0	215.2
14.5	229.0
15.0	244.6
15.5	259.4
16.0	277.0
16.5	298.4
17.0	318.2
17.5	335.0
18.0	355.0
18.5	372.2
19.0	391.8
19.5	409.2
20.0	426.8
20.5	443.4
21.0	459.6
21.5	479.8
22.0	504.8
22.5	526.4
23.0	545.4
23.5	564.8
24.0	584.6
24.5	602.6
25.0	622.4
25.5	642.2
26.0	661.6
26.5	679.6
27.0	697.0
27.5	714.8
28.0	732.0
28.5	754.0
29.0	777.0
29.5	798.8
30.0	819.4
30.5	835.0
31.0	856.0
31.5	872.0
32.0	888.6
32.5	907.6
33.0	927.4
33.5	949.4
34.0	968.8
34.5	989.0
35.0	1008.2
35.5	1022.0
36.0	1041.2
36.5	1060.0
37.0	1080.2
37.5	1094.8
38.0	1112.0
38.5	1129.0
39.0	1147.4
39.5	1166.2
40.0	1184.8
40.5	1201.6
41.0	1217.2
41.5	1234.8
42.0	1250.2
42.5	1265.8
43.0	1285.8
43.5	1307.2
44.0	1326.6
44.5	1342.4
45.0	1362.4
45.5	1377.6
46.0	1397.6
46.5	1415.6
47.0	1432.4
47.5	1447.8
48.0	1464.2
48.5	1477.6
49.0	1494.0
49.5	1513.6
50.0	1532.6
50.5	1550.0
51.0	1560.6
51.5	1572.8
52.0	1580.4
52.5	1594.2
53.0	1613.4
53.5	1629.8
54.0	1649.6
54.5	1666.4
55.0	1681.2
55.5	1693.0
56.0	1707.6
56.5	1724.8
57.0	1740.0
57.5	1754.6
58.0	1770.8
58.5	1786.4
59.0	1797.0
59.5	1809.6
60.0	1826.8
60.5	1840.6
61.0	1854.2
61.5	1867.0
62.0	1880.8
62.5	1893.0
63.0	1906.2
63.5	1920.4
64.0	1932.0
64.5	1943.4
65.0	1955.4
65.5	1966.4
66.0	1976.4
66.5	1987.2
67.0	1999.0
67.5	2012.4
68.0	2023.2
68.5	2034.4
69.0	2047.8
69.5	2060.6
70.0	2074.2
70.5	2084.0
71.0	2092.2
71.5	2104.4
72.0	2117.0
72.5	2127.8
73.0	2141.8
73.5	2154.6
74.0	2167.0
74.5	2178.6
75.0	2190.2
75.5	2201.6
76.0	2209.6
76.5	2219.6
77.0	2232.2
77.5	2244.6
78.0	2258.8
78.5	2270.4
79.0	2284.4
79.5	2290.6
80.0	2302.4
80.5	2311.0
81.0	2322.2
81.5	2335.2
82.0	2344.6
82.5	2352.6
83.0	2362.4
83.5	2368.6
84.0	2373.6
84.5	2380.8
85.0	2384.2
85.5	2396.2
86.0	2408.6
86.5	2414.4
87.0	2427.6
87.5	2438.8
88.0	2446.6
88.5	2457.8
89.0	2466.2
89.5	2477.2
90.0	2483.2
90.5	2494.0
91.0	2498.4
91.5	2510.2
92.0	2520.8
92.5	2527.4
93.0	2534.4
93.5	2541.4
94.0	2551.0
94.5	2556.6
95.0	2566.8
95.5	2572.6
96.0	2580.4
96.5	2591.8
97.0	2601.0
97.5	2612.0
98.0	2624.0
98.5	2635.0
99.0	2645.2
99.5	2650.6
100.0	2657.2
100.5	2664.6
101.0	2674.2
101.5	2681.8
102.0	2690.8
102.5	2701.4
103.0	2712.2
103.5	2723.4
104.0	2731.8
104.5	2743.4
105.0	2749.0
105.5	2763.8
106.0	2772.0
106.5	2776.8
107.0	2786.8
107.5	2796.4
108.0	2806.0
108.5	2813.4
109.0	2821.2
109.5	2825.4
110.0	2833.0
110.5	2838.4
111.0	2848.2
111.5	2855.4
112.0	2863.4
112.5	2876.0
113.0	2883.4
113.5	2893.2
114.0	2902.4
114.5	2912.4
115.0	2921.4
115.5	2933.2
116.0	2939.4
116.5	2949.4
117.0	2955.0
117.5	2961.8
118.0	2968.8
118.5	2974.2
119.0	2983.2
119.5	2989.4
120.0	2999.2
120.5	3006.6
121.0	3014.2
121.5	3021.4
122.0	3030.2
122.5	3042.2
123.0	3048.6
123.5	3057.2
124.0	3063.6
124.5	3071.0
125.0	3083.4
125.5	3089.8
126.0	3092.8
126.5	3096.6
127.0	3106.4
127.5	3112.2
128.0	3121.0
128.5	3130.6
129.0	3137.4
129.5	3144.2
130.0	3152.0
130.5	3158.0
131.0	3162.0
131.5	3166.6
132.0	3173.2
132.5	3178.2
133.0	3183.2
133.5	3191.6
134.0	3199.0
134.5	3205.8
135.0	3215.4
135.5	3221.6
136.0	3225.0
136.5	3233.4
137.0	3241.2
137.5	3242.8
138.0	3243.6
138.5	3250.2
139.0	3256.2
139.5	3263.6
140.0	3263.4
140.5	3267.2
141.0	3275.4
141.5	3283.4
142.0	3288.2
142.5	3297.4
143.0	3306.8
143.5	3317.6
144.0	3327.0
144.5	3334.0
145.0	3336.4
145.5	3338.8
146.0	3345.0
146.5	3349.6
147.0	3356.4
147.5	3358.4
148.0	3366.0
148.5	3371.6
149.0	3376.2
149.5	3382.6
150.0	3386.2
150.5	3391.6
151.0	3395.2
151.5	3402.4
152.0	3409.4
152.5	3419.8
153.0	3428.6
153.5	3438.0
154.0	3444.4
154.5	3448.6
155.0	3453.4
155.5	3462.2
156.0	3469.2
156.5	3474.6
157.0	3484.8
157.5	3491.4
158.0	3497.8
158.5	3502.6
159.0	3507.0
159.5	3516.6
160.0	3525.2
160.5	3531.4
161.0	3534.0
161.5	3535.6
162.0	3546.4
162.5	3551.8
163.0	3556.6
163.5	3565.6
164.0	3567.0
164.5	3573.4
165.0	3582.4
165.5	3588.2
166.0	3592.2
166.5	3600.0
167.0	3606.4
167.5	3608.2
168.0	3618.6
168.5	3619.6
169.0	3625.0
169.5	3630.4
170.0	3638.6
170.5	3645.6
171.0	3654.8
171.5	3661.6
172.0	3671.2
172.5	3678.8
173.0	3688.4
173.5	3690.2
174.0	3696.4
174.5	3703.4
175.0	3712.0
175.5	3717.8
176.0	3721.2
176.5	3728.4
177.0	3736.6
177.5	3742.8
178.0	3752.6
178.5	3759.2
179.0	3761.8
179.5	3762.8
180.0	3769.2
180.5	3772.2
181.0	3780.0
181.5	3782.6
182.0	3789.8
182.5	3797.0
183.0	3805.4
183.5	3812.4
184.0	3815.0
184.5	3822.4
185.0	3823.6
185.5	3834.0
186.0	3839.6
186.5	3846.2
187.0	3855.2
187.5	3861.4
188.0	3867.4
188.5	3878.8
189.0	3882.8
189.5	3888.6
190.0	3892.8
190.5	3898.2
191.0	3905.4
191.5	3911.4
192.0	3918.0
192.5	3921.2
193.0	3928.2
193.5	3931.8
194.0	3936.2
194.5	3939.4
195.0	3942.8
195.5	3946.8
196.0	3948.0
196.5	3953.4
197.0	3956.4
197.5	3959.0
198.0	3961.6
198.5	3968.4
199.0	3975.2
199.5	3982.0
200.0	3988.8
200.5	3992.8
201.0	3995.4
201.5	3994.4
202.0	3997.4
202.5	3999.0
203.0	4005.4
203.5	4005.6
204.0	4012.4
204.5	4013.2
205.0	4025.2
205.5	4034.0
206.0	4039.2
206.5	4042.2
207.0	4048.0
207.5	4048.8
208.0	4051.4
208.5	4059.2
209.0	4065.8
209.5	4074.2
210.0	4076.8
210.5	4081.4
211.0	4083.8
211.5	4086.2
212.0	4091.2
212.5	4097.6
213.0	4101.0
213.5	4108.8
214.0	4111.8
214.5	4120.2
215.0	4124.8
215.5	4127.6
216.0	4128.8
216.5	4137.0
217.0	4140.4
217.5	4145.2
218.0	4150.6
218.5	4151.6
219.0	4154.8
219.5	4159.2
220.0	4161.6
220.5	4160.2
221.0	4162.8
221.5	4167.0
222.0	4173.2
222.5	4178.6
223.0	4183.2
223.5	4189.4
224.0	4195.4
224.5	4202.2
225.0	4204.8
225.5	4208.6
226.0	4211.2
226.5	4218.4
227.0	4225.4
227.5	4233.4
228.0	4239.6
228.5	4246.0
229.0	4254.0
229.5	4258.2
230.0	4263.2
230.5	4269.0
231.0	4275.0
231.5	4277.6
232.0	4281.8
232.5	4285.0
233.0	4285.8
233.5	4291.4
234.0	4296.2
234.5	4300.4
235.0	4304.0
235.5	4306.2
236.0	4309.2
236.5	4312.0
237.0	4317.2
237.5	4317.2
238.0	4323.0
238.5	4329.8
239.0	4338.0
239.5	4339.2
240.0	4343.2
240.5	4346.6
241.0	4351.4
241.5	4354.2
242.0	4357.8
242.5	4364.2
243.0	4369.6
243.5	4374.6
244.0	4378.6
244.5	4383.8
245.0	4385.4
245.5	4385.8
246.0	4392.0
246.5	4402.0
247.0	4404.4
247.5	4411.6
248.0	4414.4
248.5	4416.4
249.0	4422.2
249.5	4430.6
250.0	4433.4
250.5	4437.0
251.0	4441.2
251.5	4447.8
252.0	4452.8
252.5	4454.2
253.0	4462.2
253.5	4465.6
254.0	4467.8
254.5	4475.6
255.0	4477.4
255.5	4482.4
256.0	4488.0
256.5	4489.8
257.0	4495.2
257.5	4497.4
258.0	4502.2
258.5	4507.4
259.0	4513.2
259.5	4512.8
260.0	4518.8
260.5	4523.8
261.0	4530.4
261.5	4538.8
262.0	4541.4
262.5	4545.6
263.0	4551.6
263.5	4551.6
264.0	4551.4
264.5	4554.6
265.0	4559.0
265.5	4565.8
266.0	4573.0
266.5	4580.2
267.0	4583.8
267.5	4586.8
268.0	4593.6
268.5	4596.4
269.0	4597.6
269.5	4605.2
270.0	4610.4
270.5	4613.2
271.0	4617.8
271.5	4625.8
272.0	4633.8
272.5	4638.2
273.0	4644.0
273.5	4648.0
274.0	4652.2
274.5	4657.6
275.0	4665.2
275.5	4663.6
276.0	4670.0
276.5	4671.8
277.0	4675.6
277.5	4678.2
278.0	4683.2
278.5	4688.0
279.0	4691.6
279.5	4694.8
280.0	4700.2
280.5	4708.4
281.0	4713.0
281.5	4719.2
282.0	4726.2
282.5	4729.4
283.0	4735.0
283.5	4741.2
284.0	4746.2
284.5	4746.8
285.0	4752.0
285.5	4757.6
286.0	4764.6
286.5	4765.8
287.0	4771.2
287.5	4776.6
288.0	4775.6
288.5	4779.4
289.0	4778.2
289.5	4779.2
290.0	4786.0
290.5	4787.4
291.0	4791.8
291.5	4798.0
292.0	4799.8
292.5	4805.8
293.0	4810.4
293.5	4813.2
294.0	4819.2
294.5	4820.0
295.0	4820.4
295.5	4826.4
296.0	4826.2
296.5	4833.8
297.0	4837.8
297.5	4838.4
298.0	4844.2
298.5	4848.8
299.0	4855.6
299.5	4858.4
300.0	4864.6
