0.008991	5.58
0.0	0.0
0.5	0.0
1.0	0.4
1.5	1.2
2.0	3.4
2.5	6.2
3.0	11.4
3.5	16.6
4.0	23.0
4.5	29.0
5.0	37.4
5.5	47.8
6.0	56.6
6.5	66.2
7.0	77.4
7.5	88.4
8.0	99.4
8.5	111.6
9.0	124.0
9.5	136.6
10.0	152.0
10.5	168.6
11.0	185.8
11.5	207.4
12.0	225.0
12.5	243.0
13.0	263.0
13.5	283.0
14.0	302.6
14.5	317.4
15.0	338.4
15.5	357.0
16.0	378.2
16.5	403.0
17.0	421.0
17.5	440.6
18.0	463.4
18.5	486.2
19.0	508.4
19.5	526.4
20.0	548.4
20.5	567.8
21.0	586.8
21.5	608.2
22.0	636.0
22.5	655.6
23.0	679.4
23.5	699.8
24.0	721.4
24.5	740.2
25.0	762.2
25.5	784.4
26.0	804.2
26.5	825.2
27.0	849.4
27.5	869.6
28.0	892.8
28.5	912.4
29.0	934.0
29.5	951.4
30.0	970.4
30.5	986.0
31.0	1005.6
31.5	1025.2
32.0	1047.2
32.5	1067.8
33.0	1087.0
33.5	1103.8
34.0	1123.8
34.5	1137.8
35.0	1159.4
35.5	1175.6
36.0	1197.2
36.5	1216.6
37.0	1236.8
37.5	1257.8
38.0	1278.0
38.5	1294.8
39.0	1313.0
39.5	1331.4
40.0	1346.0
40.5	1360.4
41.0	1384.0
41.5	1404.4
42.0	1418.2
42.5	1434.6
43.0	1455.2
43.5	1474.6
44.0	1490.4
44.5	1508.4
45.0	1525.6
45.5	1545.2
46.0	1562.8
46.5	1578.0
47.0	1590.6
47.5	1607.2
48.0	1623.4
48.5	1639.6
49.0	1656.4
49.5	1673.6
50.0	1687.2
50.5	1705.4
51.0	1720.4
51.5	1733.0
52.0	1748.8
52.5	1763.6
53.0	1780.0
53.5	1790.8
54.0	1808.0
54.5	1821.6
55.0	1836.2
55.5	1850.4
56.0	1865.0
56.5	1882.4
57.0	1897.4
57.5	1917.2
58.0	1932.8
58.5	1951.8
59.0	1965.0
59.5	1978.6
60.0	1992.4
60.5	2004.4
61.0	2020.4
61.5	2033.8
62.0	2044.6
62.5	2057.8
63.0	2071.2
63.5	2081.0
64.0	2098.4
64.5	2110.6
65.0	2122.6
65.5	2137.4
66.0	2151.6
66.5	2165.6
67.0	2179.8
67.5	2187.8
68.0	2200.6
68.5	2212.6
69.0	2232.0
69.5	2239.2
70.0	2249.2
70.5	2262.2
71.0	2273.6
71.5	2282.8
72.0	2293.6
72.5	2308.4
73.0	2318.4
73.5	2328.0
74.0	2339.4
74.5	2352.6
75.0	2363.0
75.5	2371.0
76.0	2379.0
76.5	2392.0
77.0	2403.8
77.5	2419.8
78.0	2429.8
78.5	2440.6
79.0	2450.6
79.5	2457.8
80.0	2468.4
80.5	2480.4
81.0	2492.2
81.5	2502.4
82.0	2511.8
82.5	2522.0
83.0	2534.0
83.5	2537.6
84.0	2548.6
84.5	2558.4
85.0	2570.0
85.5	2581.4
86.0	2589.2
86.5	2601.0
87.0	2610.6
87.5	2621.2
88.0	2631.6
88.5	2641.2
89.0	2652.4
89.5	2664.4
90.0	2672.2
90.5	2684.6
91.0	2693.0
91.5	2701.2
92.0	2706.8
92.5	2711.8
93.0	2720.6
93.5	2731.0
94.0	2738.0
94.5	2751.0
95.0	2760.2
95.5	2771.6
96.0	2785.2
96.5	2793.6
97.0	2804.0
97.5	2809.8
98.0	2817.0
98.5	2823.8
99.0	2833.8
99.5	2837.0
100.0	2840.8
100.5	2849.2
101.0	2857.6
101.5	2869.8
102.0	2880.2
102.5	2888.4
103.0	2895.2
103.5	2905.0
104.0	2914.4
104.5	2920.8
105.0	2930.0
105.5	2933.0
106.0	2939.8
106.5	2945.8
107.0	2954.0
107.5	2963.4
108.0	2974.4
108.5	2980.4
109.0	2988.4
109.5	2995.6
110.0	3008.0
110.5	3016.6
111.0	3023.2
111.5	3030.6
112.0	3038.0
112.5	3045.0
113.0	3054.8
113.5	3061.8
114.0	3073.6
114.5	3080.6
115.0	3086.8
115.5	3095.8
116.0	3099.8
116.5	3106.4
117.0	3109.8
117.5	3118.4
118.0	3128.4
118.5	3138.0
119.0	3145.2
119.5	3149.2
120.0	3157.8
120.5	3166.8
121.0	3176.6
121.5	3183.2
122.0	3190.8
122.5	3201.0
123.0	3207.6
123.5	3211.4
124.0	3210.8
124.5	3215.6
125.0	3222.0
125.5	3228.8
126.0	3239.6
126.5	3240.8
127.0	3247.4
127.5	3251.8
128.0	3256.8
128.5	3262.4
129.0	3272.6
129.5	3282.2
130.0	3285.8
130.5	3293.6
131.0	3298.6
131.5	3308.0
132.0	3317.2
132.5	3329.8
133.0	3335.4
133.5	3345.6
134.0	3355.2
134.5	3360.4
135.0	3370.6
135.5	3377.4
136.0	3384.8
136.5	3390.4
137.0	3395.4
137.5	3402.4
138.0	3412.2
138.5	3422.2
139.0	3430.2
139.5	3440.0
140.0	3444.8
140.5	3454.4
141.0	3458.4
141.5	3461.2
142.0	3461.6
142.5	3466.6
143.0	3470.2
143.5	3476.2
144.0	3483.0
144.5	3493.0
145.0	3492.6
145.5	3499.6
146.0	3508.4
146.5	3520.2
147.0	3528.4
147.5	3537.0
148.0	3541.4
148.5	3543.2
149.0	3547.2
149.5	3556.6
150.0	3563.0
150.5	3566.0
151.0	3569.2
151.5	3577.4
152.0	3587.2
152.5	3592.4
153.0	3595.8
153.5	3597.4
154.0	3602.8
154.5	3609.8
155.0	3615.8
155.5	3619.8
156.0	3627.6
156.5	3627.4
157.0	3630.6
157.5	3637.2
158.0	3644.0
158.5	3653.2
159.0	3659.0
159.5	3665.8
160.0	3674.4
160.5	3677.4
161.0	3682.0
161.5	3687.4
162.0	3695.6
162.5	3699.8
163.0	3702.0
163.5	3711.4
164.0	3717.6
164.5	3721.2
165.0	3729.0
165.5	3734.8
166.0	3738.8
166.5	3748.2
167.0	3750.8
167.5	3758.8
168.0	3763.2
168.5	3765.6
169.0	3770.4
169.5	3775.4
170.0	3779.4
170.5	3784.8
171.0	3792.4
171.5	3797.6
172.0	3803.8
172.5	3811.8
173.0	3815.6
173.5	3823.2
174.0	3824.0
174.5	3830.8
175.0	3836.2
175.5	3843.8
176.0	3853.2
176.5	3858.6
177.0	3863.8
177.5	3871.2
178.0	3873.6
178.5	3880.4
179.0	3885.2
179.5	3893.2
180.0	3898.8
180.5	3909.6
181.0	3919.2
181.5	3923.8
182.0	3931.6
182.5	3942.6
183.0	3947.6
183.5	3951.0
184.0	3951.0
184.5	3955.0
185.0	3962.2
185.5	3966.8
186.0	3966.4
186.5	3972.8
187.0	3978.6
187.5	3979.2
188.0	3983.8
188.5	3990.0
189.0	3993.8
189.5	4001.6
190.0	4006.6
190.5	4012.0
191.0	4009.6
191.5	4015.8
192.0	4022.8
192.5	4026.8
193.0	4034.2
193.5	4041.4
194.0	4044.8
194.5	4051.8
195.0	4057.4
195.5	4061.0
196.0	4063.8
196.5	4070.2
197.0	4071.4
197.5	4075.2
198.0	4077.6
198.5	4082.6
199.0	4084.2
199.5	4085.6
200.0	4089.2
200.5	4092.4
201.0	4101.0
201.5	4107.0
202.0	4114.4
202.5	4122.6
203.0	4126.6
203.5	4130.8
204.0	4131.4
204.5	4133.2
205.0	4135.4
205.5	4139.4
206.0	4146.6
206.5	4147.8
207.0	4150.4
207.5	4155.8
208.0	4158.0
208.5	4166.6
209.0	4166.6
209.5	4173.2
210.0	4179.0
210.5	4180.4
211.0	4188.2
211.5	4188.0
212.0	4193.8
212.5	4198.4
213.0	4200.6
213.5	4204.8
214.0	4212.4
214.5	4218.0
215.0	4223.0
215.5	4228.0
216.0	4233.6
216.5	4233.2
217.0	4232.8
217.5	4236.4
218.0	4235.4
218.5	4241.4
219.0	4247.4
219.5	4252.4
220.0	4262.0
220.5	4267.8
221.0	4273.2
221.5	4281.0
222.0	4283.4
222.5	4289.8
223.0	4297.8
223.5	4297.4
224.0	4301.4
224.5	4309.2
225.0	4317.2
225.5	4323.4
226.0	4324.6
226.5	4329.8
227.0	4332.8
227.5	4335.8
228.0	4340.2
228.5	4346.4
229.0	4354.4
229.5	4359.6
230.0	4362.4
230.5	4368.4
231.0	4374.0
231.5	4379.0
232.0	4385.2
232.5	4389.6
233.0	4395.0
233.5	4400.8
234.0	4406.0
234.5	4409.2
235.0	4416.2
235.5	4420.2
236.0	4428.2
236.5	4435.2
237.0	4439.0
237.5	4441.8
238.0	4448.2
238.5	4452.6
239.0	4457.4
239.5	4465.2
240.0	4470.8
240.5	4473.6
241.0	4478.8
241.5	4484.4
242.0	4489.4
242.5	4494.0
243.0	4498.6
243.5	4502.6
244.0	4506.8
244.5	4512.4
245.0	4509.4
245.5	4513.6
246.0	4521.2
246.5	4524.6
247.0	4527.0
247.5	4536.0
248.0	4541.6
248.5	4550.2
249.0	4557.8
249.5	4565.2
250.0	4566.4
250.5	4570.8
251.0	4575.4
251.5	4579.2
252.0	4582.8
252.5	4588.2
253.0	4588.8
253.5	4590.2
254.0	4593.0
254.5	4596.6
255.0	4594.8
255.5	4598.2
256.0	4607.2
256.5	4606.6
257.0	4612.4
257.5	4619.2
258.0	4627.2
258.5	4632.4
259.0	4639.6
259.5	4640.8
260.0	4640.8
260.5	4643.6
261.0	4649.8
261.5	4651.0
262.0	4653.4
262.5	4660.0
263.0	4668.0
263.5	4673.0
264.0	4686.0
264.5	4689.8
265.0	4696.0
265.5	4702.6
266.0	4706.0
266.5	4708.8
267.0	4716.0
267.5	4721.0
268.0	4724.2
268.5	4724.8
269.0	4727.0
269.5	4731.6
270.0	4734.8
270.5	4737.4
271.0	4737.2
271.5	4742.0
272.0	4749.0
272.5	4752.0
273.0	4755.0
273.5	4758.6
274.0	4762.6
274.5	4767.8
275.0	4775.0
275.5	4773.6
276.0	4780.6
276.5	4783.8
277.0	4788.2
277.5	4790.0
278.0	4797.4
278.5	4800.0
279.0	4805.4
279.5	4812.4
280.0	4819.6
280.5	4822.8
281.0	4831.6
281.5	4836.4
282.0	4843.8
282.5	4845.8
283.0	4851.6
283.5	4856.0
284.0	4861.4
284.5	4862.2
285.0	4867.0
285.5	4870.0
286.0	4873.4
286.5	4881.2
287.0	4881.4
287.5	4886.4
288.0	4890.4
288.5	4895.0
289.0	4897.8
289.5	4902.2
290.0	4905.6
290.5	4909.6
291.0	4913.6
291.5	4917.4
292.0	4920.8
292.5	4920.8
293.0	4924.4
293.5	4926.8
294.0	4934.8
294.5	4938.6
295.0	4941.8
295.5	4946.8
296.0	4952.0
296.5	4955.8
297.0	4959.2
297.5	4964.8
298.0	4968.8
298.5	4971.6
299.0	4970.0
299.5	4969.8
300.0	4977.0
