0.007992	0.8999999999999999
0.0	0.0
0.5	0.0
1.0	0.0
1.5	0.6
2.0	2.6
2.5	5.4
3.0	8.2
3.5	11.2
4.0	17.4
4.5	23.8
5.0	31.0
5.5	39.6
6.0	50.6
6.5	61.0
7.0	74.6
7.5	86.8
8.0	101.8
8.5	116.0
9.0	129.6
9.5	143.0
10.0	156.4
10.5	171.2
11.0	187.2
11.5	202.4
12.0	219.2
12.5	234.8
13.0	251.2
13.5	271.0
14.0	290.8
14.5	307.8
15.0	330.2
15.5	350.6
16.0	374.0
16.5	393.2
17.0	414.2
17.5	432.8
18.0	452.4
18.5	472.6
19.0	493.8
19.5	513.8
20.0	537.8
20.5	558.4
21.0	579.2
21.5	601.6
22.0	619.2
22.5	642.0
23.0	665.8
23.5	686.8
24.0	707.4
24.5	730.6
25.0	750.4
25.5	771.4
26.0	793.0
26.5	812.8
27.0	831.6
27.5	854.4
28.0	874.6
28.5	895.2
29.0	916.8
29.5	938.0
30.0	959.6
30.5	980.0
31.0	998.4
31.5	1012.2
32.0	1032.8
32.5	1053.8
33.0	1072.6
33.5	1095.8
34.0	1114.0
34.5	1133.6
35.0	1158.6
35.5	1175.2
36.0	1195.8
36.5	1213.6
37.0	1234.0
37.5	1259.4
38.0	1284.2
38.5	1299.8
39.0	1318.0
39.5	1335.0
40.0	1352.6
40.5	1368.2
41.0	1384.8
41.5	1402.2
42.0	1416.0
42.5	1434.0
43.0	1451.8
43.5	1466.8
44.0	1486.8
44.5	1504.8
45.0	1527.4
45.5	1542.8
46.0	1556.6
46.5	1571.6
47.0	1587.4
47.5	1603.0
48.0	1618.0
48.5	1634.4
49.0	1650.8
49.5	1663.4
50.0	1682.6
50.5	1700.4
51.0	1718.6
51.5	1735.2
52.0	1753.2
52.5	1771.4
53.0	1788.0
53.5	1802.8
54.0	1815.6
54.5	1825.6
55.0	1841.6
55.5	1852.2
56.0	1864.0
56.5	1886.0
57.0	1897.2
57.5	1911.2
58.0	1932.2
58.5	1944.8
59.0	1959.4
59.5	1972.8
60.0	1982.6
60.5	1995.2
61.0	2007.4
61.5	2021.2
62.0	2036.0
62.5	2047.8
63.0	2055.4
63.5	2067.6
64.0	2081.0
64.5	2093.0
65.0	2105.8
65.5	2116.8
66.0	2129.4
66.5	2139.2
67.0	2153.6
67.5	2169.6
68.0	2185.2
68.5	2197.4
69.0	2207.0
69.5	2222.0
70.0	2234.2
70.5	2247.8
71.0	2259.2
71.5	2273.2
72.0	2286.0
72.5	2295.0
73.0	2304.0
73.5	2312.8
74.0	2324.6
74.5	2338.4
75.0	2353.8
75.5	2362.4
76.0	2376.0
76.5	2387.6
77.0	2404.8
77.5	2418.0
78.0	2430.4
78.5	2443.8
79.0	2456.8
79.5	2469.2
80.0	2481.4
80.5	2494.2
81.0	2501.8
81.5	2514.0
82.0	2523.2
82.5	2532.8
83.0	2545.4
83.5	2553.2
84.0	2564.6
84.5	2577.0
85.0	2587.2
85.5	2599.4
86.0	2606.2
86.5	2614.2
87.0	2624.8
87.5	2634.8
88.0	2644.2
88.5	2647.6
89.0	2660.6
89.5	2673.4
90.0	2679.8
90.5	2690.2
91.0	2699.6
91.5	2702.2
92.0	2713.0
92.5	2722.4
93.0	2732.2
93.5	2735.2
94.0	2743.0
94.5	2753.8
95.0	2760.2
95.5	2766.2
96.0	2776.2
96.5	2788.8
97.0	2797.4
97.5	2802.2
98.0	2807.8
98.5	2817.6
99.0	2825.8
99.5	2835.0
100.0	2843.2
100.5	2853.2
101.0	2865.2
101.5	2874.8
102.0	2883.0
102.5	2894.6
103.0	2908.0
103.5	2917.8
104.0	2928.4
104.5	2934.6
105.0	2944.0
105.5	2953.0
106.0	2961.0
106.5	2967.4
107.0	2973.6
107.5	2984.2
108.0	2992.8
108.5	3001.4
109.0	3007.6
109.5	3021.4
110.0	3025.6
110.5	3032.8
111.0	3043.6
111.5	3049.2
112.0	3053.8
112.5	3064.0
113.0	3071.2
113.5	3079.8
114.0	3089.8
114.5	3095.6
115.0	3104.8
115.5	3111.0
116.0	3118.8
116.5	3126.4
117.0	3133.2
117.5	3140.6
118.0	3148.4
118.5	3156.8
119.0	3169.4
119.5	3176.4
120.0	3188.4
120.5	3197.6
121.0	3204.4
121.5	3211.0
122.0	3220.0
122.5	3222.2
123.0	3232.4
123.5	3236.6
124.0	3247.8
124.5	3255.6
125.0	3261.2
125.5	3265.4
126.0	3271.6
126.5	3274.6
127.0	3279.6
127.5	3281.0
128.0	3286.8
128.5	3294.4
129.0	3302.6
129.5	3309.8
130.0	3312.0
130.5	3322.2
131.0	3327.4
131.5	3332.2
132.0	3337.6
132.5	3347.4
133.0	3355.6
133.5	3360.0
134.0	3368.2
134.5	3378.4
135.0	3389.2
135.5	3396.0
136.0	3399.8
136.5	3408.4
137.0	3414.6
137.5	3422.2
138.0	3429.8
138.5	3432.4
139.0	3441.0
139.5	3447.8
140.0	3455.6
140.5	3464.0
141.0	3472.4
141.5	3481.2
142.0	3484.0
142.5	3489.4
143.0	3493.0
143.5	3500.4
144.0	3506.4
144.5	3514.0
145.0	3519.6
145.5	3526.8
146.0	3532.8
146.5	3534.8
147.0	3536.2
147.5	3543.0
148.0	3545.6
148.5	3557.4
149.0	3558.4
149.5	3565.8
150.0	3569.6
150.5	3577.8
151.0	3582.2
151.5	3589.6
152.0	3596.6
152.5	3599.2
153.0	3604.0
153.5	3616.0
154.0	3623.2
154.5	3630.0
155.0	3633.2
155.5	3642.8
156.0	3651.0
156.5	3660.0
157.0	3665.4
157.5	3671.8
158.0	3681.2
158.5	3684.4
159.0	3688.4
159.5	3699.2
160.0	3702.0
160.5	3702.8
161.0	3709.4
161.5	3716.0
162.0	3718.4
162.5	3721.8
163.0	3728.8
163.5	3737.4
164.0	3746.2
164.5	3752.8
165.0	3758.4
165.5	3763.2
166.0	3767.0
166.5	3770.8
167.0	3775.0
167.5	3779.8
168.0	3787.0
168.5	3793.0
169.0	3798.4
169.5	3806.4
170.0	3810.0
170.5	3817.8
171.0	3824.6
171.5	3827.8
172.0	3837.2
172.5	3844.8
173.0	3852.0
173.5	3859.8
174.0	3867.0
174.5	3874.4
175.0	3884.0
175.5	3885.8
176.0	3892.8
176.5	3896.6
177.0	3894.6
177.5	3902.6
178.0	3912.2
178.5	3919.0
179.0	3923.4
179.5	3930.8
180.0	3937.2
180.5	3944.0
181.0	3944.8
181.5	3949.2
182.0	3955.2
182.5	3966.0
183.0	3972.0
183.5	3977.6
184.0	3990.0
184.5	3998.4
185.0	4001.0
185.5	4008.0
186.0	4012.2
186.5	4018.8
187.0	4023.0
187.5	4028.6
188.0	4035.6
188.5	4042.2
189.0	4050.0
189.5	4057.8
190.0	4062.6
190.5	4068.8
191.0	4075.8
191.5	4080.6
192.0	4082.8
192.5	4089.8
193.0	4095.4
193.5	4098.8
194.0	4103.8
194.5	4109.0
195.0	4117.8
195.5	4123.0
196.0	4129.0
196.5	4134.4
197.0	4136.6
197.5	4143.0
198.0	4151.2
198.5	4159.2
199.0	4158.4
199.5	4168.6
200.0	4175.0
200.5	4179.4
201.0	4188.8
201.5	4190.6
202.0	4196.8
202.5	4200.0
203.0	4206.6
203.5	4206.6
204.0	4212.4
204.5	4219.8
205.0	4225.4
205.5	4230.0
206.0	4236.2
206.5	4245.6
207.0	4250.4
207.5	4254.8
208.0	4256.8
208.5	4261.8
209.0	4268.4
209.5	4268.6
210.0	4275.4
210.5	4282.8
211.0	4287.2
211.5	4293.6
212.0	4300.8
212.5	4307.0
213.0	4310.6
213.5	4314.6
214.0	4318.4
214.5	4323.2
215.0	4329.0
215.5	4333.2
216.0	4339.4
216.5	4346.8
217.0	4352.6
217.5	4358.0
218.0	4360.8
218.5	4365.2
219.0	4372.8
219.5	4378.0
220.0	4381.6
220.5	4387.4
221.0	4394.0
221.5	4396.6
222.0	4402.2
222.5	4407.2
223.0	4412.6
223.5	4417.6
224.0	4420.2
224.5	4422.0
225.0	4424.4
225.5	4426.6
226.0	4432.0
226.5	4437.0
227.0	4437.0
227.5	4442.0
228.0	4446.6
228.5	4455.4
229.0	4458.6
229.5	4462.4
230.0	4465.6
230.5	4470.8
231.0	4476.2
231.5	4478.0
232.0	4481.4
232.5	4484.8
233.0	4488.2
233.5	4494.4
234.0	4494.8
234.5	4495.2
235.0	4501.4
235.5	4509.0
236.0	4514.0
236.5	4516.8
237.0	4520.8
237.5	4524.6
238.0	4527.8
238.5	4532.2
239.0	4536.2
239.5	4542.4
240.0	4544.6
240.5	4546.6
241.0	4554.8
241.5	4557.8
242.0	4558.2
242.5	4567.0
243.0	4563.6
243.5	4571.4
244.0	4574.0
244.5	4582.4
245.0	4587.0
245.5	4592.4
246.0	4600.4
246.5	4609.0
247.0	4611.0
247.5	4615.4
248.0	4621.6
248.5	4627.6
249.0	4625.6
249.5	4630.6
250.0	4633.0
250.5	4636.2
251.0	4638.4
251.5	4642.6
252.0	4648.0
252.5	4653.2
253.0	4658.4
253.5	4657.8
254.0	4663.6
254.5	4669.0
255.0	4675.0
255.5	4673.6
256.0	4679.6
256.5	4685.0
257.0	4689.0
257.5	4691.6
258.0	4695.2
258.5	4699.2
259.0	4699.4
259.5	4706.2
260.0	4711.6
260.5	4713.2
261.0	4717.0
261.5	4723.6
262.0	4726.4
262.5	4733.4
263.0	4737.6
263.5	4743.8
264.0	4746.0
264.5	4750.8
265.0	4754.4
265.5	4759.2
266.0	4758.0
266.5	4760.6
267.0	4757.6
267.5	4762.8
268.0	4768.8
268.5	4775.2
269.0	4778.6
269.5	4781.6
270.0	4788.2
270.5	4792.2
271.0	4797.8
271.5	4802.0
272.0	4804.2
272.5	4805.6
273.0	4808.0
273.5	4810.2
274.0	4817.8
274.5	4826.6
275.0	4833.2
275.5	4835.0
276.0	4841.0
276.5	4849.4
277.0	4857.8
277.5	4862.8
278.0	4867.2
278.5	4873.2
279.0	4880.4
279.5	4883.8
280.0	4890.6
280.5	4892.6
281.0	4900.4
281.5	4902.2
282.0	4907.0
282.5	4915.6
283.0	4917.8
283.5	4924.4
284.0	4923.0
284.5	4921.0
285.0	4922.2
285.5	4924.0
286.0	4928.0
286.5	4932.2
287.0	4937.6
287.5	4942.4
288.0	4945.6
288.5	4952.8
289.0	4956.8
289.5	4961.6
290.0	4962.6
290.5	4963.8
291.0	4960.0
291.5	4964.8
292.0	4970.2
292.5	4977.4
293.0	4981.0
293.5	4985.2
294.0	4992.4
294.5	4997.6
295.0	5008.8
295.5	5008.6
296.0	5016.0
296.5	5020.4
297.0	5023.4
297.5	5029.6
298.0	5033.2
298.5	5033.4
299.0	5032.0
299.5	5036.2
300.0	5038.0
