0.0051948	8.64
0.0	0.0
0.5	0.2
1.0	0.4
1.5	0.6
2.0	2.0
2.5	4.6
3.0	7.4
3.5	9.2
4.0	12.0
4.5	15.2
5.0	22.6
5.5	31.4
6.0	39.6
6.5	48.8
7.0	58.2
7.5	67.6
8.0	78.8
8.5	89.0
9.0	102.4
9.5	114.6
10.0	129.4
10.5	142.6
11.0	159.8
11.5	173.0
12.0	186.8
12.5	203.8
13.0	219.2
13.5	238.6
14.0	258.8
14.5	278.4
15.0	296.8
15.5	316.2
16.0	337.2
16.5	355.0
17.0	376.0
17.5	396.0
18.0	412.2
18.5	431.8
19.0	450.8
19.5	471.6
20.0	492.6
20.5	510.2
21.0	532.8
21.5	555.2
22.0	581.0
22.5	604.8
23.0	626.8
23.5	650.4
24.0	671.2
24.5	688.4
25.0	706.4
25.5	726.2
26.0	747.0
26.5	769.0
27.0	792.2
27.5	816.2
28.0	840.8
28.5	864.0
29.0	882.8
29.5	905.8
30.0	922.2
30.5	942.2
31.0	960.8
31.5	980.8
32.0	997.8
32.5	1017.6
33.0	1038.0
33.5	1057.0
34.0	1075.6
34.5	1093.4
35.0	1109.6
35.5	1130.4
36.0	1150.2
36.5	1165.8
37.0	1180.2
37.5	1202.0
38.0	1216.2
38.5	1235.8
39.0	1256.6
39.5	1274.0
40.0	1293.2
40.5	1312.6
41.0	1333.0
41.5	1350.2
42.0	1367.4
42.5	1387.6
43.0	1404.8
43.5	1422.0
44.0	1434.2
44.5	1453.6
45.0	1467.0
45.5	1487.4
46.0	1504.4
46.5	1523.2
47.0	1539.4
47.5	1557.4
48.0	1576.2
48.5	1594.2
49.0	1607.2
49.5	1625.0
50.0	1640.6
50.5	1655.8
51.0	1669.2
51.5	1684.4
52.0	1698.6
52.5	1716.2
53.0	1732.6
53.5	1746.0
54.0	1762.4
54.5	1780.8
55.0	1797.4
55.5	1812.0
56.0	1825.0
56.5	1837.6
57.0	1847.6
57.5	1862.6
58.0	1876.0
58.5	1885.8
59.0	1902.2
59.5	1914.8
60.0	1931.4
60.5	1945.0
61.0	1955.8
61.5	1972.0
62.0	1986.0
62.5	1999.4
63.0	2013.8
63.5	2021.8
64.0	2033.6
64.5	2045.4
65.0	2057.8
65.5	2071.6
66.0	2088.6
66.5	2100.8
67.0	2114.8
67.5	2125.2
68.0	2139.0
68.5	2151.4
69.0	2160.4
69.5	2176.2
70.0	2190.8
70.5	2204.0
71.0	2213.8
71.5	2227.0
72.0	2237.0
72.5	2246.8
73.0	2261.6
73.5	2270.6
74.0	2286.8
74.5	2297.2
75.0	2312.2
75.5	2320.8
76.0	2328.0
76.5	2339.4
77.0	2349.4
77.5	2357.4
78.0	2368.6
78.5	2377.2
79.0	2388.6
79.5	2397.0
80.0	2405.0
80.5	2412.0
81.0	2423.6
81.5	2435.6
82.0	2445.0
82.5	2454.6
83.0	2464.6
83.5	2475.0
84.0	2486.6
84.5	2498.6
85.0	2512.4
85.5	2521.8
86.0	2529.6
86.5	2538.8
87.0	2548.6
87.5	2556.4
88.0	2567.6
88.5	2570.2
89.0	2581.6
89.5	2594.0
90.0	2604.6
90.5	2614.2
91.0	2628.8
91.5	2637.4
92.0	2647.8
92.5	2660.0
93.0	2669.4
93.5	2679.8
94.0	2693.2
94.5	2704.4
95.0	2713.6
95.5	2724.0
96.0	2728.6
96.5	2738.6
97.0	2748.2
97.5	2756.8
98.0	2759.4
98.5	2765.4
99.0	2769.0
99.5	2774.2
100.0	2781.0
100.5	2788.4
101.0	2791.8
101.5	2798.6
102.0	2805.4
102.5	2812.0
103.0	2818.6
103.5	2827.4
104.0	2833.0
104.5	2840.8
105.0	2851.4
105.5	2862.6
106.0	2871.4
106.5	2874.6
107.0	2883.6
107.5	2891.4
108.0	2892.4
108.5	2901.6
109.0	2912.2
109.5	2914.8
110.0	2920.4
110.5	2927.2
111.0	2937.2
111.5	2945.0
112.0	2951.8
112.5	2959.4
113.0	2965.4
113.5	2971.4
114.0	2977.0
114.5	2983.2
115.0	2987.4
115.5	2993.6
116.0	3004.6
116.5	3011.4
117.0	3019.8
117.5	3027.0
118.0	3034.8
118.5	3039.8
119.0	3049.6
119.5	3061.6
120.0	3073.6
120.5	3076.4
121.0	3085.8
121.5	3096.2
122.0	3104.4
122.5	3111.8
123.0	3124.0
123.5	3126.8
124.0	3139.0
124.5	3149.2
125.0	3158.4
125.5	3166.6
126.0	3172.2
126.5	3175.8
127.0	3181.0
127.5	3190.4
128.0	3198.8
128.5	3206.0
129.0	3213.2
129.5	3220.4
130.0	3227.0
130.5	3232.8
131.0	3239.8
131.5	3244.0
132.0	3250.2
132.5	3255.8
133.0	3258.8
133.5	3263.4
134.0	3271.6
134.5	3279.0
135.0	3286.4
135.5	3292.0
136.0	3302.2
136.5	3310.4
137.0	3314.4
137.5	3321.8
138.0	3329.4
138.5	3335.8
139.0	3341.4
139.5	3351.0
140.0	3360.2
140.5	3366.0
141.0	3370.0
141.5	3378.6
142.0	3383.0
142.5	3391.0
143.0	3401.2
143.5	3409.0
144.0	3418.6
144.5	3424.2
145.0	3431.0
145.5	3433.4
146.0	3436.2
146.5	3440.6
147.0	3448.8
147.5	3450.8
148.0	3455.2
148.5	3465.6
149.0	3476.4
149.5	3486.6
150.0	3490.0
150.5	3496.2
151.0	3505.0
151.5	3508.4
152.0	3514.0
152.5	3519.4
153.0	3526.2
153.5	3533.0
154.0	3537.0
154.5	3547.4
155.0	3554.2
155.5	3560.8
156.0	3560.6
156.5	3567.4
157.0	3574.6
157.5	3578.2
158.0	3587.2
158.5	3591.2
159.0	3596.4
159.5	3603.8
160.0	3602.0
160.5	3608.2
161.0	3610.0
161.5	3614.6
162.0	3620.4
162.5	3626.4
163.0	3636.8
163.5	3646.0
164.0	3653.8
164.5	3655.4
165.0	3663.4
165.5	3669.0
166.0	3670.2
166.5	3676.6
167.0	3682.8
167.5	3686.4
168.0	3693.0
168.5	3697.0
169.0	3704.6
169.5	3717.0
170.0	3716.4
170.5	3721.2
171.0	3727.0
171.5	3728.0
172.0	3729.6
172.5	3735.6
173.0	3738.8
173.5	3745.6
174.0	3753.4
174.5	3761.0
175.0	3768.2
175.5	3771.8
176.0	3777.4
176.5	3784.2
177.0	3790.2
177.5	3789.6
178.0	3794.4
178.5	3796.6
179.0	3803.8
179.5	3810.6
180.0	3818.4
180.5	3820.8
181.0	3826.2
181.5	3834.2
182.0	3841.0
182.5	3844.8
183.0	3849.8
183.5	3856.8
184.0	3866.2
184.5	3873.2
185.0	3881.0
185.5	3884.8
186.0	3886.8
186.5	3889.6
187.0	3893.0
187.5	3897.4
188.0	3905.8
188.5	3912.0
189.0	3914.8
189.5	3917.0
190.0	3922.2
190.5	3931.4
191.0	3936.4
191.5	3940.2
192.0	3946.0
192.5	3945.8
193.0	3950.0
193.5	3956.4
194.0	3954.0
194.5	3957.0
195.0	3966.8
195.5	3975.2
196.0	3979.8
196.5	3981.8
197.0	3980.6
197.5	3983.0
198.0	3989.2
198.5	3993.0
199.0	3997.6
199.5	4004.6
200.0	4010.8
200.5	4012.0
201.0	4016.4
201.5	4022.4
202.0	4024.4
202.5	4030.2
203.0	4036.6
203.5	4041.0
204.0	4044.2
204.5	4051.4
205.0	4054.4
205.5	4058.4
206.0	4065.0
206.5	4070.2
207.0	4077.2
207.5	4078.6
208.0	4085.4
208.5	4092.6
209.0	4100.6
209.5	4106.8
210.0	4112.4
210.5	4120.0
211.0	4126.8
211.5	4129.4
212.0	4136.6
212.5	4144.2
213.0	4147.8
213.5	4155.2
214.0	4163.2
214.5	4169.6
215.0	4179.0
215.5	4185.8
216.0	4192.8
216.5	4191.0
217.0	4192.2
217.5	4198.4
218.0	4201.4
218.5	4208.2
219.0	4214.6
219.5	4215.6
220.0	4220.8
220.5	4226.2
221.0	4233.8
221.5	4235.2
222.0	4241.4
222.5	4244.2
223.0	4247.6
223.5	4253.8
224.0	4254.0
224.5	4254.6
225.0	4259.4
225.5	4265.2
226.0	4268.4
226.5	4274.4
227.0	4279.0
227.5	4285.4
228.0	4291.6
228.5	4294.4
229.0	4295.0
229.5	4297.2
230.0	4298.4
230.5	4300.0
231.0	4304.4
231.5	4308.0
232.0	4315.2
232.5	4322.6
233.0	4325.6
233.5	4328.8
234.0	4337.2
234.5	4343.6
235.0	4347.8
235.5	4353.2
236.0	4360.4
236.5	4365.6
237.0	4371.4
237.5	4372.8
238.0	4378.4
238.5	4386.4
239.0	4390.2
239.5	4392.0
240.0	4396.0
240.5	4400.0
241.0	4405.6
241.5	4406.6
242.0	4412.6
242.5	4417.8
243.0	4425.8
243.5	4436.4
244.0	4443.6
244.5	4453.0
245.0	4455.6
245.5	4449.8
246.0	4457.0
246.5	4460.0
247.0	4466.8
247.5	4468.8
248.0	4473.8
248.5	4479.6
249.0	4482.0
249.5	4487.2
250.0	4490.2
250.5	4495.0
251.0	4502.0
251.5	4506.0
252.0	4508.6
252.5	4512.6
253.0	4515.0
253.5	4518.8
254.0	4527.8
254.5	4525.8
255.0	4533.6
255.5	4542.0
256.0	4550.0
256.5	4557.0
257.0	4562.8
257.5	4569.8
258.0	4573.2
258.5	4575.8
259.0	4581.0
259.5	4585.0
260.0	4590.0
260.5	4593.2
261.0	4601.0
261.5	4610.0
262.0	4616.6
262.5	4619.0
263.0	4620.6
263.5	4624.6
264.0	4624.4
264.5	4629.8
265.0	4634.4
265.5	4640.0
266.0	4646.4
266.5	4654.4
267.0	4659.4
267.5	4665.6
268.0	4672.4
268.5	4675.0
269.0	4683.0
269.5	4685.8
270.0	4690.8
270.5	4688.8
271.0	4698.0
271.5	4704.8
272.0	4710.2
272.5	4716.2
273.0	4722.0
273.5	4725.2
274.0	4726.4
274.5	4734.2
275.0	4737.6
275.5	4744.0
276.0	4748.4
276.5	4749.8
277.0	4751.2
277.5	4755.4
278.0	4755.8
278.5	4761.2
279.0	4763.4
279.5	4765.2
280.0	4773.0
280.5	4776.8
281.0	4784.2
281.5	4790.4
282.0	4792.8
282.5	4797.8
283.0	4804.0
283.5	4805.4
284.0	4807.4
284.5	4810.8
285.0	4819.0
285.5	4823.4
286.0	4827.8
286.5	4834.0
287.0	4837.8
287.5	4841.8
288.0	4848.8
288.5	4850.6
289.0	4858.4
289.5	4866.0
290.0	4869.2
290.5	4868.6
291.0	4876.0
291.5	4881.0
292.0	4884.0
292.5	4886.2
293.0	4884.6
293.5	4890.4
294.0	4893.8
294.5	4897.0
295.0	4898.0
295.5	4902.2
296.0	4904.8
296.5	4907.2
297.0	4908.8
297.5	4915.4
298.0	4920.6
298.5	4921.8
299.0	4921.0
299.5	4927.6
300.0	4931.2
