0.03564	0.48
0.0	0.0
0.5	0.2
1.0	0.2
1.5	1.0
2.0	2.0
2.5	4.4
3.0	6.6
3.5	9.8
4.0	12.4
4.5	15.8
5.0	19.2
5.5	23.6
6.0	28.6
6.5	33.6
7.0	38.8
7.5	44.6
8.0	50.8
8.5	56.8
9.0	63.6
9.5	68.6
10.0	77.2
10.5	86.0
11.0	93.4
11.5	99.2
12.0	108.8
12.5	115.0
13.0	122.0
13.5	128.2
14.0	138.8
14.5	144.2
15.0	151.2
15.5	157.4
16.0	165.0
16.5	172.4
17.0	180.0
17.5	189.2
18.0	197.6
18.5	204.8
19.0	213.8
19.5	221.2
20.0	227.4
20.5	234.4
21.0	241.2
21.5	247.4
22.0	254.8
22.5	263.4
23.0	272.0
23.5	277.6
24.0	284.6
24.5	293.4
25.0	303.0
25.5	311.4
26.0	320.2
26.5	331.2
27.0	338.4
27.5	348.2
28.0	356.4
28.5	363.4
29.0	372.6
29.5	379.6
30.0	387.2
30.5	396.2
31.0	404.2
31.5	410.6
32.0	418.8
32.5	429.0
33.0	436.8
33.5	444.8
34.0	452.4
34.5	460.0
35.0	466.6
35.5	472.8
36.0	482.4
36.5	490.8
37.0	498.4
37.5	504.4
38.0	510.0
38.5	517.0
39.0	525.6
39.5	533.6
40.0	542.6
40.5	551.6
41.0	559.0
41.5	566.2
42.0	575.8
42.5	583.0
43.0	594.0
43.5	600.8
44.0	609.0
44.5	617.6
45.0	621.8
45.5	627.6
46.0	635.2
46.5	639.2
47.0	644.8
47.5	652.8
48.0	661.0
48.5	669.4
49.0	675.2
49.5	681.2
50.0	687.4
50.5	694.2
51.0	700.8
51.5	709.6
52.0	716.4
52.5	724.0
53.0	731.0
53.5	736.6
54.0	741.8
54.5	750.2
55.0	756.8
55.5	762.6
56.0	769.0
56.5	776.2
57.0	782.6
57.5	789.0
58.0	794.4
58.5	799.8
59.0	808.4
59.5	815.2
60.0	821.2
60.5	828.2
61.0	832.8
61.5	838.6
62.0	845.0
62.5	852.0
63.0	858.4
63.5	865.2
64.0	871.2
64.5	877.6
65.0	883.2
65.5	888.8
66.0	895.6
66.5	902.2
67.0	907.8
67.5	913.8
68.0	920.0
68.5	924.8
69.0	929.6
69.5	937.2
70.0	944.2
70.5	950.2
71.0	956.4
71.5	960.6
72.0	966.2
72.5	970.6
73.0	976.4
73.5	980.6
74.0	986.6
74.5	991.8
75.0	997.0
75.5	1002.8
76.0	1007.8
76.5	1015.0
77.0	1021.4
77.5	1027.0
78.0	1031.8
78.5	1038.0
79.0	1044.2
79.5	1050.8
80.0	1054.6
80.5	1059.8
81.0	1065.2
81.5	1070.0
82.0	1075.0
82.5	1080.2
83.0	1085.6
83.5	1090.6
84.0	1096.0
84.5	1099.8
85.0	1105.0
85.5	1109.2
86.0	1114.4
86.5	1118.6
87.0	1123.8
87.5	1127.8
88.0	1134.0
88.5	1138.6
89.0	1144.0
89.5	1149.4
90.0	1154.0
90.5	1158.6
91.0	1164.2
91.5	1169.2
92.0	1175.4
92.5	1179.8
93.0	1186.0
93.5	1190.0
94.0	1195.0
94.5	1200.8
95.0	1206.8
95.5	1212.0
96.0	1217.0
96.5	1220.4
97.0	1224.6
97.5	1231.0
98.0	1234.8
98.5	1238.0
99.0	1243.0
99.5	1248.6
100.0	1252.8
100.5	1258.2
101.0	1263.2
101.5	1268.0
102.0	1271.6
102.5	1277.0
103.0	1281.8
103.5	1286.8
104.0	1292.2
104.5	1296.2
105.0	1301.2
105.5	1305.8
106.0	1311.4
106.5	1315.0
107.0	1320.4
107.5	1324.4
108.0	1328.0
108.5	1333.8
109.0	1339.8
109.5	1342.6
110.0	1347.6
110.5	1352.4
111.0	1358.2
111.5	1363.2
112.0	1366.0
112.5	1371.0
113.0	1374.8
113.5	1378.6
114.0	1380.6
114.5	1386.0
115.0	1388.8
115.5	1393.2
116.0	1397.8
116.5	1402.8
117.0	1409.0
117.5	1414.2
118.0	1419.6
118.5	1424.8
119.0	1429.4
119.5	1435.0
120.0	1438.8
120.5	1442.4
121.0	1447.4
121.5	1452.0
122.0	1456.4
122.5	1461.4
123.0	1466.4
123.5	1471.2
124.0	1477.6
124.5	1482.4
125.0	1487.2
125.5	1491.0
126.0	1495.2
126.5	1500.4
127.0	1505.0
127.5	1510.2
128.0	1514.4
128.5	1518.6
129.0	1523.0
129.5	1526.8
130.0	1530.6
130.5	1535.2
131.0	1538.8
131.5	1542.8
132.0	1548.0
132.5	1552.6
133.0	1556.4
133.5	1561.2
134.0	1565.0
134.5	1568.8
135.0	1572.0
135.5	1576.6
136.0	1582.0
136.5	1585.6
137.0	1590.8
137.5	1593.8
138.0	1597.8
138.5	1602.0
139.0	1606.8
139.5	1610.6
140.0	1613.6
140.5	1618.4
141.0	1622.2
141.5	1625.0
142.0	1629.2
142.5	1632.0
143.0	1635.8
143.5	1639.4
144.0	1643.0
144.5	1648.0
145.0	1650.4
145.5	1654.0
146.0	1658.6
146.5	1663.6
147.0	1669.6
147.5	1673.8
148.0	1678.2
148.5	1682.8
149.0	1687.6
149.5	1691.0
150.0	1694.8
150.5	1699.4
151.0	1704.2
151.5	1708.0
152.0	1711.8
152.5	1716.4
153.0	1719.6
153.5	1724.6
154.0	1729.2
154.5	1733.6
155.0	1737.8
155.5	1741.4
156.0	1746.8
156.5	1751.4
157.0	1754.8
157.5	1759.4
158.0	1762.8
158.5	1766.8
159.0	1771.2
159.5	1775.0
160.0	1778.6
160.5	1783.4
161.0	1789.4
161.5	1793.8
162.0	1797.4
162.5	1801.2
163.0	1805.2
163.5	1809.8
164.0	1815.0
164.5	1818.4
165.0	1823.2
165.5	1826.4
166.0	1831.4
166.5	1836.4
167.0	1842.4
167.5	1846.0
168.0	1850.6
168.5	1857.0
169.0	1861.4
169.5	1865.0
170.0	1868.8
170.5	1872.4
171.0	1879.2
171.5	1885.8
172.0	1890.2
172.5	1894.4
173.0	1897.2
173.5	1900.8
174.0	1904.2
174.5	1908.8
175.0	1912.2
175.5	1916.2
176.0	1920.4
176.5	1923.4
177.0	1929.8
177.5	1934.8
178.0	1939.2
178.5	1943.4
179.0	1946.8
179.5	1950.0
180.0	1955.4
180.5	1959.4
181.0	1964.4
181.5	1967.8
182.0	1971.4
182.5	1974.8
183.0	1979.4
183.5	1982.0
184.0	1988.2
184.5	1992.8
185.0	1996.4
185.5	2001.8
186.0	2005.4
186.5	2010.6
187.0	2015.8
187.5	2020.4
188.0	2025.0
188.5	2029.8
189.0	2036.0
189.5	2040.2
190.0	2046.4
190.5	2050.8
191.0	2054.6
191.5	2058.8
192.0	2063.4
192.5	2067.2
193.0	2071.8
193.5	2075.8
194.0	2078.4
194.5	2082.0
195.0	2086.2
195.5	2090.0
196.0	2094.8
196.5	2098.4
197.0	2100.6
197.5	2103.8
198.0	2107.2
198.5	2111.8
199.0	2114.4
199.5	2117.6
200.0	2121.6
200.5	2126.2
201.0	2130.6
201.5	2136.2
202.0	2139.6
202.5	2143.0
203.0	2146.4
203.5	2151.0
204.0	2154.4
204.5	2157.4
205.0	2160.0
205.5	2162.6
206.0	2168.6
206.5	2171.6
207.0	2175.6
207.5	2179.6
208.0	2183.4
208.5	2186.8
209.0	2190.6
209.5	2195.4
210.0	2199.0
210.5	2202.6
211.0	2207.4
211.5	2211.8
212.0	2217.8
212.5	2223.4
213.0	2227.6
213.5	2232.0
214.0	2235.8
214.5	2241.4
215.0	2245.8
215.5	2251.0
216.0	2256.2
216.5	2261.8
217.0	2266.8
217.5	2270.4
218.0	2273.4
218.5	2276.8
219.0	2281.4
219.5	2286.0
220.0	2290.4
220.5	2294.2
221.0	2300.0
221.5	2304.8
222.0	2309.0
222.5	2313.0
223.0	2318.0
223.5	2323.4
224.0	2326.2
224.5	2329.6
225.0	2334.0
225.5	2339.6
226.0	2343.2
226.5	2347.0
227.0	2351.6
227.5	2354.8
228.0	2359.6
228.5	2364.8
229.0	2368.2
229.5	2372.2
230.0	2375.2
230.5	2379.2
231.0	2382.0
231.5	2384.8
232.0	2387.8
232.5	2391.8
233.0	2395.8
233.5	2399.4
234.0	2403.6
234.5	2405.8
235.0	2409.6
235.5	2413.6
236.0	2416.6
236.5	2420.4
237.0	2423.4
237.5	2428.2
238.0	2433.0
238.5	2435.8
239.0	2438.8
239.5	2441.8
240.0	2445.0
240.5	2449.6
241.0	2454.8
241.5	2459.2
242.0	2463.0
242.5	2466.6
243.0	2471.6
243.5	2475.8
244.0	2479.6
244.5	2483.4
245.0	2486.4
245.5	2490.6
246.0	2494.8
246.5	2499.2
247.0	2501.0
247.5	2504.4
248.0	2509.0
248.5	2513.6
249.0	2517.0
249.5	2520.8
250.0	2524.6
250.5	2528.8
251.0	2532.0
251.5	2534.4
252.0	2539.0
252.5	2543.2
253.0	2546.0
253.5	2549.2
254.0	2553.2
254.5	2556.2
255.0	2560.8
255.5	2563.6
256.0	2568.0
256.5	2572.8
257.0	2576.8
257.5	2581.2
258.0	2583.8
258.5	2588.0
259.0	2591.4
259.5	2596.2
260.0	2601.6
260.5	2605.4
261.0	2610.0
261.5	2613.8
262.0	2617.8
262.5	2622.4
263.0	2624.6
263.5	2630.0
264.0	2634.6
264.5	2639.8
265.0	2643.2
265.5	2648.2
266.0	2651.6
266.5	2655.0
267.0	2660.2
267.5	2664.4
268.0	2668.6
268.5	2672.6
269.0	2679.6
269.5	2682.6
270.0	2685.0
270.5	2689.0
271.0	2692.2
271.5	2696.4
272.0	2699.6
272.5	2702.6
273.0	2705.6
273.5	2708.2
274.0	2713.6
274.5	2718.6
275.0	2722.6
275.5	2725.8
276.0	2729.2
276.5	2732.4
277.0	2736.2
277.5	2740.6
278.0	2743.4
278.5	2748.2
279.0	2754.2
279.5	2757.8
280.0	2761.8
280.5	2766.2
281.0	2770.4
281.5	2775.4
282.0	2779.4
282.5	2784.2
283.0	2787.4
283.5	2792.4
284.0	2797.0
284.5	2803.0
285.0	2806.0
285.5	2810.2
286.0	2813.4
286.5	2816.8
287.0	2820.2
287.5	2824.0
288.0	2828.2
288.5	2832.8
289.0	2836.8
289.5	2841.4
290.0	2845.6
290.5	2849.6
291.0	2852.6
291.5	2857.8
292.0	2862.6
292.5	2867.2
293.0	2872.4
293.5	2876.6
294.0	2881.2
294.5	2884.4
295.0	2888.6
295.5	2891.4
296.0	2894.0
296.5	2896.8
297.0	2901.0
297.5	2905.6
298.0	2909.2
298.5	2913.6
299.0	2917.0
299.5	2920.6
300.0	2924.2
