0.02574	0.6
0.0	0.0
0.5	0.0
1.0	0.4
1.5	1.4
2.0	2.8
2.5	5.6
3.0	8.4
3.5	10.0
4.0	13.2
4.5	17.0
5.0	20.6
5.5	25.4
6.0	29.4
6.5	35.4
7.0	41.6
7.5	46.4
8.0	51.4
8.5	57.4
9.0	62.8
9.5	67.4
10.0	72.2
10.5	80.2
11.0	83.6
11.5	89.0
12.0	94.8
12.5	102.2
13.0	108.0
13.5	115.0
14.0	120.4
14.5	126.6
15.0	135.4
15.5	143.4
16.0	149.6
16.5	158.0
17.0	167.0
17.5	174.2
18.0	182.0
18.5	189.0
19.0	195.8
19.5	202.0
20.0	211.0
20.5	218.8
21.0	226.2
21.5	233.6
22.0	243.2
22.5	253.4
23.0	261.0
23.5	270.4
24.0	279.0
24.5	287.8
25.0	295.4
25.5	302.4
26.0	312.0
26.5	319.8
27.0	328.4
27.5	337.6
28.0	344.4
28.5	352.4
29.0	360.8
29.5	370.8
30.0	378.2
30.5	383.0
31.0	389.0
31.5	396.2
32.0	402.6
32.5	410.6
33.0	420.8
33.5	427.8
34.0	435.8
34.5	443.8
35.0	452.0
35.5	459.0
36.0	468.2
36.5	475.8
37.0	482.8
37.5	490.0
38.0	498.0
38.5	506.2
39.0	514.0
39.5	521.4
40.0	529.4
40.5	536.8
41.0	542.4
41.5	549.0
42.0	557.4
42.5	565.8
43.0	573.6
43.5	580.0
44.0	585.8
44.5	594.6
45.0	599.6
45.5	607.4
46.0	615.2
46.5	620.6
47.0	625.6
47.5	635.6
48.0	642.0
48.5	647.2
49.0	655.0
49.5	663.0
50.0	669.6
50.5	676.8
51.0	685.6
51.5	693.4
52.0	699.6
52.5	707.2
53.0	716.2
53.5	723.2
54.0	729.2
54.5	736.0
55.0	741.6
55.5	748.8
56.0	754.0
56.5	760.2
57.0	765.6
57.5	771.4
58.0	777.6
58.5	784.0
59.0	792.0
59.5	796.2
60.0	804.8
60.5	812.2
61.0	816.8
61.5	822.2
62.0	829.0
62.5	832.6
63.0	840.2
63.5	846.8
64.0	852.4
64.5	859.2
65.0	863.8
65.5	869.6
66.0	875.0
66.5	879.6
67.0	883.4
67.5	886.8
68.0	894.8
68.5	902.0
69.0	910.8
69.5	915.8
70.0	921.4
70.5	926.6
71.0	932.8
71.5	940.4
72.0	945.6
72.5	951.8
73.0	955.8
73.5	961.2
74.0	966.0
74.5	973.8
75.0	979.4
75.5	986.0
76.0	993.8
76.5	1000.6
77.0	1007.8
77.5	1011.2
78.0	1015.8
78.5	1020.2
79.0	1027.6
79.5	1033.2
80.0	1040.0
80.5	1045.8
81.0	1049.2
81.5	1054.6
82.0	1059.6
82.5	1065.4
83.0	1070.4
83.5	1075.0
84.0	1081.6
84.5	1086.2
85.0	1090.8
85.5	1095.6
86.0	1098.4
86.5	1102.4
87.0	1106.0
87.5	1110.8
88.0	1115.2
88.5	1121.6
89.0	1127.4
89.5	1133.8
90.0	1141.0
90.5	1146.6
91.0	1151.8
91.5	1156.2
92.0	1161.2
92.5	1164.4
93.0	1167.8
93.5	1172.6
94.0	1177.2
94.5	1182.8
95.0	1189.4
95.5	1194.2
96.0	1198.4
96.5	1204.6
97.0	1208.6
97.5	1213.2
98.0	1218.4
98.5	1224.0
99.0	1227.6
99.5	1232.2
100.0	1236.4
100.5	1241.0
101.0	1246.4
101.5	1252.0
102.0	1257.4
102.5	1263.4
103.0	1270.2
103.5	1275.2
104.0	1279.8
104.5	1285.0
105.0	1291.2
105.5	1295.2
106.0	1299.8
106.5	1303.2
107.0	1309.2
107.5	1312.6
108.0	1318.2
108.5	1323.6
109.0	1329.0
109.5	1333.8
110.0	1339.6
110.5	1343.0
111.0	1347.6
111.5	1351.2
112.0	1354.6
112.5	1360.8
113.0	1363.8
113.5	1366.8
114.0	1370.6
114.5	1374.2
115.0	1378.2
115.5	1384.2
116.0	1390.0
116.5	1394.6
117.0	1401.0
117.5	1404.4
118.0	1409.8
118.5	1413.4
119.0	1418.4
119.5	1422.2
120.0	1425.8
120.5	1429.2
121.0	1433.4
121.5	1439.2
122.0	1443.8
122.5	1448.6
123.0	1452.4
123.5	1459.0
124.0	1464.2
124.5	1469.2
125.0	1474.0
125.5	1479.6
126.0	1484.0
126.5	1487.8
127.0	1491.2
127.5	1496.6
128.0	1501.2
128.5	1505.8
129.0	1510.6
129.5	1514.4
130.0	1520.0
130.5	1525.6
131.0	1529.4
131.5	1534.4
132.0	1539.2
132.5	1544.6
133.0	1549.0
133.5	1553.0
134.0	1556.8
134.5	1560.4
135.0	1565.6
135.5	1570.0
136.0	1573.6
136.5	1578.8
137.0	1584.6
137.5	1588.2
138.0	1592.8
138.5	1596.8
139.0	1600.0
139.5	1603.4
140.0	1607.6
140.5	1611.4
141.0	1614.2
141.5	1617.8
142.0	1620.0
142.5	1625.4
143.0	1630.0
143.5	1635.8
144.0	1640.6
144.5	1644.6
145.0	1648.2
145.5	1654.2
146.0	1659.4
146.5	1662.6
147.0	1666.8
147.5	1669.4
148.0	1673.0
148.5	1680.0
149.0	1684.2
149.5	1689.2
150.0	1694.2
150.5	1699.2
151.0	1703.2
151.5	1707.0
152.0	1711.8
152.5	1713.8
153.0	1717.4
153.5	1721.6
154.0	1725.2
154.5	1729.8
155.0	1734.2
155.5	1738.2
156.0	1741.4
156.5	1745.6
157.0	1749.0
157.5	1752.8
158.0	1757.4
158.5	1763.8
159.0	1768.8
159.5	1772.4
160.0	1776.4
160.5	1781.2
161.0	1785.8
161.5	1790.6
162.0	1794.6
162.5	1799.2
163.0	1803.2
163.5	1807.2
164.0	1811.6
164.5	1817.0
165.0	1822.6
165.5	1825.8
166.0	1829.8
166.5	1832.8
167.0	1837.6
167.5	1842.0
168.0	1845.4
168.5	1848.4
169.0	1852.6
169.5	1857.4
170.0	1862.2
170.5	1866.4
171.0	1870.4
171.5	1875.8
172.0	1881.0
172.5	1887.4
173.0	1891.4
173.5	1896.2
174.0	1900.4
174.5	1903.8
175.0	1907.0
175.5	1914.0
176.0	1917.4
176.5	1920.6
177.0	1925.6
177.5	1929.4
178.0	1932.8
178.5	1936.8
179.0	1941.2
179.5	1945.6
180.0	1952.2
180.5	1956.6
181.0	1959.0
181.5	1963.2
182.0	1968.6
182.5	1972.8
183.0	1977.0
183.5	1979.8
184.0	1984.0
184.5	1988.4
185.0	1992.8
185.5	1996.8
186.0	2001.2
186.5	2004.6
187.0	2009.2
187.5	2012.0
188.0	2016.0
188.5	2020.8
189.0	2025.6
189.5	2030.2
190.0	2034.6
190.5	2038.4
191.0	2042.4
191.5	2046.0
192.0	2049.0
192.5	2052.4
193.0	2057.0
193.5	2059.8
194.0	2062.6
194.5	2065.8
195.0	2069.6
195.5	2074.0
196.0	2078.6
196.5	2082.2
197.0	2086.6
197.5	2090.6
198.0	2094.2
198.5	2098.8
199.0	2103.0
199.5	2107.0
200.0	2110.4
200.5	2112.8
201.0	2116.6
201.5	2120.8
202.0	2124.8
202.5	2129.4
203.0	2134.0
203.5	2138.6
204.0	2144.4
204.5	2149.0
205.0	2151.8
205.5	2156.4
206.0	2161.8
206.5	2166.6
207.0	2169.8
207.5	2174.0
208.0	2176.8
208.5	2180.8
209.0	2182.4
209.5	2187.0
210.0	2190.4
210.5	2195.4
211.0	2198.8
211.5	2204.0
212.0	2206.6
212.5	2210.0
213.0	2214.0
213.5	2218.8
214.0	2222.0
214.5	2226.6
215.0	2228.8
215.5	2232.2
216.0	2236.2
216.5	2239.2
217.0	2244.8
217.5	2249.8
218.0	2254.4
218.5	2258.8
219.0	2262.2
219.5	2265.6
220.0	2268.0
220.5	2273.0
221.0	2277.2
221.5	2281.4
222.0	2286.2
222.5	2291.4
223.0	2294.4
223.5	2298.0
224.0	2301.6
224.5	2306.6
225.0	2309.0
225.5	2313.2
226.0	2319.0
226.5	2322.4
227.0	2328.0
227.5	2331.6
228.0	2335.6
228.5	2339.4
229.0	2343.0
229.5	2345.8
230.0	2348.8
230.5	2352.8
231.0	2356.4
231.5	2360.8
232.0	2364.6
232.5	2367.2
233.0	2370.2
233.5	2373.2
234.0	2376.8
234.5	2381.4
235.0	2385.8
235.5	2392.4
236.0	2397.0
236.5	2401.6
237.0	2406.4
237.5	2410.0
238.0	2413.8
238.5	2418.6
239.0	2421.8
239.5	2423.8
240.0	2426.6
240.5	2430.8
241.0	2434.4
241.5	2437.8
242.0	2443.0
242.5	2448.2
243.0	2453.2
243.5	2456.8
244.0	2461.6
244.5	2464.6
245.0	2466.4
245.5	2469.8
246.0	2473.8
246.5	2477.0
247.0	2482.2
247.5	2488.4
248.0	2493.8
248.5	2497.6
249.0	2501.6
249.5	2505.2
250.0	2508.2
250.5	2512.2
251.0	2516.0
251.5	2521.0
252.0	2523.6
252.5	2529.2
253.0	2534.0
253.5	2537.6
254.0	2540.6
254.5	2543.0
255.0	2546.8
255.5	2550.2
256.0	2554.4
256.5	2558.0
257.0	2563.0
257.5	2565.8
258.0	2569.2
258.5	2574.2
259.0	2577.6
259.5	2581.4
260.0	2584.6
260.5	2589.2
261.0	2592.6
261.5	2596.6
262.0	2600.6
262.5	2605.4
263.0	2609.6
263.5	2612.6
264.0	2615.6
264.5	2619.8
265.0	2624.8
265.5	2629.6
266.0	2634.0
266.5	2636.8
267.0	2639.8
267.5	2643.6
268.0	2646.4
268.5	2649.4
269.0	2654.4
269.5	2658.2
270.0	2661.0
270.5	2666.2
271.0	2669.8
271.5	2676.0
272.0	2679.4
272.5	2684.6
273.0	2686.4
273.5	2688.2
274.0	2693.6
274.5	2697.2
275.0	2701.2
275.5	2703.8
276.0	2708.2
276.5	2711.4
277.0	2715.4
277.5	2721.0
278.0	2726.6
278.5	2729.8
279.0	2733.8
279.5	2738.2
280.0	2743.0
280.5	2748.8
281.0	2752.8
281.5	2758.4
282.0	2762.6
282.5	2766.0
283.0	2770.4
283.5	2774.2
284.0	2778.2
284.5	2782.4
285.0	2784.2
285.5	2786.8
286.0	2791.2
286.5	2795.0
287.0	2798.6
287.5	2803.8
288.0	2807.8
288.5	2810.8
289.0	2814.4
289.5	2818.0
290.0	2821.2
290.5	2825.4
291.0	2828.2
291.5	2832.0
292.0	2835.0
292.5	2839.2
293.0	2843.0
293.5	2847.6
294.0	2850.8
294.5	2852.8
295.0	2856.0
295.5	2859.2
296.0	2864.6
296.5	2866.8
297.0	2868.8
297.5	2873.2
298.0	2877.6
298.5	2881.0
299.0	2883.8
299.5	2888.0
300.0	2893.4
