0.019799999999999998	0.7000000000000001
0.0	0.0
0.5	0.0
1.0	0.0
1.5	0.6
2.0	2.2
2.5	3.6
3.0	5.6
3.5	7.2
4.0	10.8
4.5	14.0
5.0	17.4
5.5	20.2
6.0	23.6
6.5	29.0
7.0	33.8
7.5	37.8
8.0	42.8
8.5	48.4
9.0	55.2
9.5	62.2
10.0	68.4
10.5	75.2
11.0	80.4
11.5	86.6
12.0	92.8
12.5	99.6
13.0	106.0
13.5	115.8
14.0	125.0
14.5	131.8
15.0	138.2
15.5	147.6
16.0	155.4
16.5	163.2
17.0	171.4
17.5	176.8
18.0	184.4
18.5	192.4
19.0	200.6
19.5	208.0
20.0	213.4
20.5	221.0
21.0	229.0
21.5	237.4
22.0	245.0
22.5	253.8
23.0	263.0
23.5	269.8
24.0	276.4
24.5	284.2
25.0	295.0
25.5	304.6
26.0	310.4
26.5	318.0
27.0	325.6
27.5	333.4
28.0	342.2
28.5	349.4
29.0	358.0
29.5	367.2
30.0	376.4
30.5	384.2
31.0	390.2
31.5	398.6
32.0	407.4
32.5	415.0
33.0	427.0
33.5	434.4
34.0	442.0
34.5	452.6
35.0	458.0
35.5	465.0
36.0	473.0
36.5	482.6
37.0	490.2
37.5	499.4
38.0	506.2
38.5	512.6
39.0	520.6
39.5	528.0
40.0	536.2
40.5	544.0
41.0	549.0
41.5	555.8
42.0	562.2
42.5	568.2
43.0	575.8
43.5	583.4
44.0	591.0
44.5	597.8
45.0	605.4
45.5	612.2
46.0	620.0
46.5	627.2
47.0	634.0
47.5	642.2
48.0	649.8
48.5	657.4
49.0	664.4
49.5	668.2
50.0	673.8
50.5	680.4
51.0	686.6
51.5	693.4
52.0	701.6
52.5	706.8
53.0	714.0
53.5	721.0
54.0	729.4
54.5	735.4
55.0	745.2
55.5	750.6
56.0	755.8
56.5	761.6
57.0	768.2
57.5	773.2
58.0	780.4
58.5	786.4
59.0	793.2
59.5	800.0
60.0	807.2
60.5	813.8
61.0	818.4
61.5	824.6
62.0	832.0
62.5	835.4
63.0	840.6
63.5	845.8
64.0	852.0
64.5	856.4
65.0	861.8
65.5	866.6
66.0	872.0
66.5	877.0
67.0	884.8
67.5	889.6
68.0	896.2
68.5	901.4
69.0	907.4
69.5	912.2
70.0	918.6
70.5	925.4
71.0	930.4
71.5	936.0
72.0	942.6
72.5	948.6
73.0	955.2
73.5	959.8
74.0	965.0
74.5	971.2
75.0	976.0
75.5	980.8
76.0	986.4
76.5	991.4
77.0	996.8
77.5	1004.4
78.0	1010.0
78.5	1014.6
79.0	1021.4
79.5	1025.4
80.0	1031.4
80.5	1035.8
81.0	1040.6
81.5	1045.2
82.0	1050.2
82.5	1054.2
83.0	1058.6
83.5	1064.4
84.0	1071.6
84.5	1077.2
85.0	1084.2
85.5	1088.2
86.0	1093.6
86.5	1099.8
87.0	1104.2
87.5	1107.6
88.0	1115.4
88.5	1120.2
89.0	1125.6
89.5	1130.8
90.0	1134.2
90.5	1139.8
91.0	1146.2
91.5	1150.0
92.0	1155.6
92.5	1159.8
93.0	1164.4
93.5	1168.8
94.0	1174.8
94.5	1179.8
95.0	1185.8
95.5	1191.2
96.0	1195.6
96.5	1199.6
97.0	1204.8
97.5	1208.6
98.0	1212.8
98.5	1219.0
99.0	1223.6
99.5	1230.6
100.0	1235.0
100.5	1238.2
101.0	1241.0
101.5	1245.8
102.0	1252.4
102.5	1257.2
103.0	1263.2
103.5	1268.8
104.0	1274.0
104.5	1278.8
105.0	1283.4
105.5	1288.8
106.0	1292.2
106.5	1298.0
107.0	1303.8
107.5	1308.0
108.0	1313.4
108.5	1317.4
109.0	1321.0
109.5	1326.0
110.0	1330.8
110.5	1334.2
111.0	1338.6
111.5	1342.4
112.0	1346.4
112.5	1349.8
113.0	1353.0
113.5	1357.4
114.0	1361.4
114.5	1368.0
115.0	1372.8
115.5	1377.4
116.0	1382.4
116.5	1387.8
117.0	1392.2
117.5	1398.4
118.0	1401.8
118.5	1406.0
119.0	1412.4
119.5	1416.4
120.0	1421.4
120.5	1425.0
121.0	1428.4
121.5	1432.4
122.0	1436.4
122.5	1442.8
123.0	1445.8
123.5	1450.4
124.0	1454.4
124.5	1459.0
125.0	1463.4
125.5	1467.8
126.0	1472.4
126.5	1475.6
127.0	1479.0
127.5	1482.8
128.0	1487.2
128.5	1491.2
129.0	1495.4
129.5	1499.4
130.0	1504.6
130.5	1508.8
131.0	1514.4
131.5	1518.8
132.0	1523.4
132.5	1527.6
133.0	1531.0
133.5	1535.0
134.0	1539.0
134.5	1543.0
135.0	1546.2
135.5	1551.2
136.0	1555.4
136.5	1560.2
137.0	1567.0
137.5	1570.6
138.0	1575.0
138.5	1579.4
139.0	1585.0
139.5	1589.4
140.0	1593.4
140.5	1598.8
141.0	1603.4
141.5	1605.6
142.0	1610.0
142.5	1614.0
143.0	1617.4
143.5	1620.6
144.0	1625.2
144.5	1628.8
145.0	1634.2
145.5	1638.6
146.0	1643.0
146.5	1646.6
147.0	1653.2
147.5	1658.0
148.0	1661.2
148.5	1666.4
149.0	1670.8
149.5	1673.2
150.0	1678.6
150.5	1682.4
151.0	1686.8
151.5	1691.6
152.0	1695.6
152.5	1699.4
153.0	1702.8
153.5	1707.6
154.0	1713.8
154.5	1717.4
155.0	1722.0
155.5	1725.8
156.0	1729.4
156.5	1733.4
157.0	1738.2
157.5	1741.6
158.0	1746.4
158.5	1752.0
159.0	1755.8
159.5	1760.0
160.0	1764.4
160.5	1768.0
161.0	1772.2
161.5	1777.6
162.0	1780.0
162.5	1784.8
163.0	1788.8
163.5	1793.2
164.0	1797.0
164.5	1801.6
165.0	1806.8
165.5	1810.6
166.0	1815.0
166.5	1820.6
167.0	1825.4
167.5	1829.8
168.0	1833.2
168.5	1838.8
169.0	1842.4
169.5	1845.6
170.0	1849.6
170.5	1853.8
171.0	1857.6
171.5	1862.8
172.0	1867.4
172.5	1870.6
173.0	1874.6
173.5	1878.6
174.0	1882.8
174.5	1887.8
175.0	1892.0
175.5	1897.4
176.0	1903.0
176.5	1906.6
177.0	1909.2
177.5	1913.0
178.0	1917.2
178.5	1919.6
179.0	1923.2
179.5	1927.2
180.0	1932.2
180.5	1936.0
181.0	1939.4
181.5	1943.2
182.0	1947.8
182.5	1953.0
183.0	1959.2
183.5	1963.4
184.0	1967.2
184.5	1971.6
185.0	1975.0
185.5	1978.4
186.0	1982.6
186.5	1986.2
187.0	1989.8
187.5	1993.2
188.0	1997.8
188.5	2002.2
189.0	2006.0
189.5	2010.4
190.0	2014.4
190.5	2018.2
191.0	2021.4
191.5	2024.6
192.0	2027.6
192.5	2033.6
193.0	2037.2
193.5	2043.6
194.0	2048.2
194.5	2051.8
195.0	2054.4
195.5	2059.4
196.0	2063.0
196.5	2067.0
197.0	2070.8
197.5	2074.2
198.0	2078.0
198.5	2083.0
199.0	2087.6
199.5	2091.8
200.0	2095.6
200.5	2100.8
201.0	2108.0
201.5	2114.0
202.0	2118.8
202.5	2122.6
203.0	2127.6
203.5	2132.2
204.0	2136.6
204.5	2140.2
205.0	2144.4
205.5	2149.2
206.0	2153.8
206.5	2158.0
207.0	2160.0
207.5	2164.2
208.0	2166.6
208.5	2170.8
209.0	2176.0
209.5	2178.8
210.0	2183.0
210.5	2187.4
211.0	2191.6
211.5	2195.0
212.0	2198.8
212.5	2202.0
213.0	2206.8
213.5	2211.6
214.0	2214.6
214.5	2219.4
215.0	2223.2
215.5	2228.0
216.0	2232.8
216.5	2236.8
217.0	2241.2
217.5	2245.4
218.0	2249.0
218.5	2253.0
219.0	2256.8
219.5	2260.2
220.0	2263.8
220.5	2267.8
221.0	2271.2
221.5	2273.6
222.0	2277.6
222.5	2281.2
223.0	2285.8
223.5	2289.6
224.0	2294.2
224.5	2298.4
225.0	2302.4
225.5	2304.6
226.0	2309.0
226.5	2312.8
227.0	2316.8
227.5	2320.4
228.0	2327.0
228.5	2331.6
229.0	2335.2
229.5	2340.0
230.0	2342.8
230.5	2346.4
231.0	2350.6
231.5	2355.2
232.0	2359.0
232.5	2362.8
233.0	2365.8
233.5	2370.0
234.0	2373.4
234.5	2376.0
235.0	2378.6
235.5	2382.0
236.0	2386.2
236.5	2392.4
237.0	2397.6
237.5	2400.8
238.0	2404.4
238.5	2407.6
239.0	2412.8
239.5	2416.8
240.0	2420.6
240.5	2424.8
241.0	2429.2
241.5	2432.4
242.0	2436.0
242.5	2439.4
243.0	2443.2
243.5	2446.4
244.0	2449.8
244.5	2452.8
245.0	2456.2
245.5	2459.6
246.0	2463.0
246.5	2468.6
247.0	2472.8
247.5	2476.6
248.0	2479.8
248.5	2486.0
249.0	2491.6
249.5	2495.2
250.0	2499.8
250.5	2503.8
251.0	2508.6
251.5	2513.6
252.0	2519.2
252.5	2522.4
253.0	2528.2
253.5	2532.0
254.0	2536.6
254.5	2540.2
255.0	2545.0
255.5	2547.4
256.0	2551.4
256.5	2555.0
257.0	2558.4
257.5	2563.4
258.0	2566.8
258.5	2569.2
259.0	2573.0
259.5	2576.2
260.0	2580.8
260.5	2584.2
261.0	2588.2
261.5	2591.2
262.0	2596.0
262.5	2600.2
263.0	2603.8
263.5	2607.4
264.0	2610.2
264.5	2614.0
265.0	2615.8
265.5	2618.6
266.0	2621.2
266.5	2626.0
267.0	2629.0
267.5	2633.2
268.0	2637.6
268.5	2640.6
269.0	2644.2
269.5	2648.2
270.0	2652.8
270.5	2655.4
271.0	2660.0
271.5	2662.2
272.0	2666.6
272.5	2670.6
273.0	2675.4
273.5	2678.6
274.0	2685.4
274.5	2688.6
275.0	2692.6
275.5	2695.0
276.0	2697.8
276.5	2701.0
277.0	2704.8
277.5	2711.2
278.0	2715.8
278.5	2720.4
279.0	2725.0
279.5	2729.6
280.0	2734.2
280.5	2737.8
281.0	2742.2
281.5	2746.8
282.0	2751.2
282.5	2755.8
283.0	2759.0
283.5	2763.0
284.0	2768.2
284.5	2771.8
285.0	2775.8
285.5	2780.4
286.0	2784.2
286.5	2787.0
287.0	2792.6
287.5	2797.2
288.0	2801.6
288.5	2806.6
289.0	2812.2
289.5	2815.6
290.0	2818.2
290.5	2822.2
291.0	2826.6
291.5	2831.8
292.0	2835.2
292.5	2839.0
293.0	2844.6
293.5	2846.6
294.0	2850.8
294.5	2854.2
295.0	2857.4
295.5	2860.2
296.0	2864.2
296.5	2866.4
297.0	2869.2
297.5	2874.0
298.0	2878.0
298.5	2884.2
299.0	2887.4
299.5	2889.0
300.0	2893.0
