0.00396	0.98
0.0	0.0
0.5	0.0
1.0	0.2
1.5	0.4
2.0	0.4
2.5	0.4
3.0	1.0
3.5	2.0
4.0	3.2
4.5	4.6
5.0	6.4
5.5	9.4
6.0	11.6
6.5	13.8
7.0	17.6
7.5	20.8
8.0	25.0
8.5	27.2
9.0	30.6
9.5	34.8
10.0	40.2
10.5	45.0
11.0	51.8
11.5	56.8
12.0	62.4
12.5	67.2
13.0	74.0
13.5	79.2
14.0	85.0
14.5	89.8
15.0	98.2
15.5	103.0
16.0	108.8
16.5	115.2
17.0	121.8
17.5	128.2
18.0	135.2
18.5	140.8
19.0	146.4
19.5	155.0
20.0	164.6
20.5	171.6
21.0	176.8
21.5	183.4
22.0	191.2
22.5	198.0
23.0	205.6
23.5	214.4
24.0	224.2
24.5	232.4
25.0	238.2
25.5	245.0
26.0	251.8
26.5	260.4
27.0	267.6
27.5	275.4
28.0	281.6
28.5	289.0
29.0	296.6
29.5	304.6
30.0	312.2
30.5	319.6
31.0	328.6
31.5	337.6
32.0	346.4
32.5	353.0
33.0	358.8
33.5	364.8
34.0	370.6
34.5	377.0
35.0	387.0
35.5	393.0
36.0	401.6
36.5	409.6
37.0	416.6
37.5	423.6
38.0	430.6
38.5	437.6
39.0	446.2
39.5	450.8
40.0	457.6
40.5	466.6
41.0	474.2
41.5	482.4
42.0	490.2
42.5	499.0
43.0	505.8
43.5	514.6
44.0	519.8
44.5	526.0
45.0	534.6
45.5	540.6
46.0	546.0
46.5	552.6
47.0	559.4
47.5	565.0
48.0	572.0
48.5	578.2
49.0	584.8
49.5	591.0
50.0	596.8
50.5	603.4
51.0	609.0
51.5	615.4
52.0	621.4
52.5	630.0
53.0	638.2
53.5	645.8
54.0	653.0
54.5	658.0
55.0	662.8
55.5	668.8
56.0	675.4
56.5	681.2
57.0	689.2
57.5	694.2
58.0	698.8
58.5	703.2
59.0	710.6
59.5	716.2
60.0	722.8
60.5	728.2
61.0	733.6
61.5	739.4
62.0	744.0
62.5	749.8
63.0	754.8
63.5	762.2
64.0	769.6
64.5	775.0
65.0	781.4
65.5	789.4
66.0	794.8
66.5	800.2
67.0	806.6
67.5	811.6
68.0	817.6
68.5	823.6
69.0	829.0
69.5	834.2
70.0	839.8
70.5	845.8
71.0	850.6
71.5	854.6
72.0	860.6
72.5	865.0
73.0	871.4
73.5	877.6
74.0	884.8
74.5	891.0
75.0	894.8
75.5	900.8
76.0	905.6
76.5	910.2
77.0	914.6
77.5	920.6
78.0	926.2
78.5	930.6
79.0	935.0
79.5	939.8
80.0	944.6
80.5	950.2
81.0	956.0
81.5	961.0
82.0	966.4
82.5	971.2
83.0	974.6
83.5	979.2
84.0	983.4
84.5	988.6
85.0	993.0
85.5	999.8
86.0	1005.0
86.5	1009.6
87.0	1014.8
87.5	1019.6
88.0	1025.8
88.5	1032.2
89.0	1036.2
89.5	1041.6
90.0	1047.0
90.5	1051.0
91.0	1055.0
91.5	1060.8
92.0	1067.8
92.5	1073.4
93.0	1078.0
93.5	1083.4
94.0	1088.2
94.5	1092.8
95.0	1097.6
95.5	1105.6
96.0	1109.6
96.5	1114.2
97.0	1118.4
97.5	1122.6
98.0	1127.6
98.5	1131.6
99.0	1135.6
99.5	1140.8
100.0	1147.0
100.5	1152.0
101.0	1157.2
101.5	1163.2
102.0	1165.2
102.5	1169.8
103.0	1174.6
103.5	1177.8
104.0	1184.0
104.5	1186.8
105.0	1193.0
105.5	1197.0
106.0	1201.0
106.5	1203.2
107.0	1209.6
107.5	1212.8
108.0	1216.4
108.5	1221.2
109.0	1224.6
109.5	1230.0
110.0	1233.4
110.5	1237.2
111.0	1241.2
111.5	1244.2
112.0	1248.2
112.5	1253.0
113.0	1256.6
113.5	1260.0
114.0	1266.2
114.5	1270.8
115.0	1274.8
115.5	1278.2
116.0	1281.6
116.5	1287.0
117.0	1292.4
117.5	1294.6
118.0	1300.2
118.5	1303.4
119.0	1309.2
119.5	1312.8
120.0	1320.2
120.5	1325.8
121.0	1330.2
121.5	1336.8
122.0	1342.2
122.5	1348.8
123.0	1353.6
123.5	1357.8
124.0	1361.2
124.5	1364.4
125.0	1369.4
125.5	1375.2
126.0	1379.6
126.5	1383.2
127.0	1388.4
127.5	1393.0
128.0	1398.0
128.5	1403.0
129.0	1408.0
129.5	1412.2
130.0	1417.4
130.5	1422.2
131.0	1427.6
131.5	1431.8
132.0	1436.2
132.5	1439.8
133.0	1446.2
133.5	1451.4
134.0	1455.8
134.5	1459.2
135.0	1463.2
135.5	1467.2
136.0	1472.2
136.5	1474.6
137.0	1478.0
137.5	1481.2
138.0	1485.4
138.5	1491.4
139.0	1495.0
139.5	1500.2
140.0	1503.4
140.5	1508.6
141.0	1512.2
141.5	1516.6
142.0	1522.0
142.5	1526.2
143.0	1531.0
143.5	1535.6
144.0	1539.6
144.5	1542.4
145.0	1546.4
145.5	1550.2
146.0	1553.2
146.5	1557.2
147.0	1560.6
147.5	1563.4
148.0	1568.2
148.5	1570.8
149.0	1573.2
149.5	1577.2
150.0	1582.2
150.5	1585.8
151.0	1590.0
151.5	1594.2
152.0	1599.8
152.5	1603.2
153.0	1607.4
153.5	1611.0
154.0	1616.8
154.5	1620.6
155.0	1624.4
155.5	1628.0
156.0	1632.2
156.5	1636.6
157.0	1641.4
157.5	1645.2
158.0	1648.0
158.5	1653.4
159.0	1656.2
159.5	1660.0
160.0	1663.8
160.5	1666.0
161.0	1670.4
161.5	1675.0
162.0	1680.0
162.5	1684.6
163.0	1687.8
163.5	1690.8
164.0	1694.4
164.5	1699.0
165.0	1704.6
165.5	1709.2
166.0	1713.0
166.5	1717.6
167.0	1719.6
167.5	1724.8
168.0	1728.8
168.5	1733.6
169.0	1738.0
169.5	1742.2
170.0	1747.6
170.5	1751.0
171.0	1755.0
171.5	1758.4
172.0	1763.4
172.5	1768.4
173.0	1773.4
173.5	1776.8
174.0	1782.4
174.5	1786.6
175.0	1790.2
175.5	1793.8
176.0	1798.2
176.5	1801.0
177.0	1804.2
177.5	1809.6
178.0	1813.0
178.5	1815.4
179.0	1819.2
179.5	1823.4
180.0	1826.8
180.5	1829.4
181.0	1834.0
181.5	1836.8
182.0	1841.0
182.5	1843.6
183.0	1847.8
183.5	1853.0
184.0	1858.8
184.5	1862.2
185.0	1865.0
185.5	1868.6
186.0	1872.6
186.5	1876.4
187.0	1880.0
187.5	1883.8
188.0	1889.0
188.5	1893.4
189.0	1897.6
189.5	1901.0
190.0	1904.8
190.5	1909.0
191.0	1912.4
191.5	1914.2
192.0	1918.0
192.5	1924.0
193.0	1928.8
193.5	1933.4
194.0	1937.6
194.5	1941.2
195.0	1945.2
195.5	1948.8
196.0	1950.8
196.5	1955.8
197.0	1959.4
197.5	1962.4
198.0	1965.6
198.5	1968.0
199.0	1971.6
199.5	1974.6
200.0	1978.8
200.5	1983.0
201.0	1987.8
201.5	1991.0
202.0	1995.8
202.5	2000.6
203.0	2005.4
203.5	2009.4
204.0	2013.2
204.5	2018.6
205.0	2022.4
205.5	2026.2
206.0	2031.6
206.5	2034.8
207.0	2038.6
207.5	2042.8
208.0	2046.6
208.5	2050.4
209.0	2054.0
209.5	2057.6
210.0	2061.0
210.5	2063.8
211.0	2068.0
211.5	2071.8
212.0	2075.4
212.5	2079.2
213.0	2081.8
213.5	2084.0
214.0	2090.2
214.5	2093.8
215.0	2098.6
215.5	2101.6
216.0	2104.4
216.5	2110.0
217.0	2113.2
217.5	2116.4
218.0	2121.0
218.5	2125.2
219.0	2129.8
219.5	2134.2
220.0	2139.0
220.5	2142.6
221.0	2147.0
221.5	2151.2
222.0	2154.8
222.5	2158.6
223.0	2161.4
223.5	2163.8
224.0	2167.6
224.5	2170.2
225.0	2174.4
225.5	2178.8
226.0	2184.0
226.5	2188.4
227.0	2194.2
227.5	2198.0
228.0	2202.8
228.5	2205.6
229.0	2209.2
229.5	2211.0
230.0	2215.0
230.5	2217.8
231.0	2223.8
231.5	2228.2
232.0	2231.4
232.5	2235.6
233.0	2238.6
233.5	2241.6
234.0	2245.2
234.5	2250.0
235.0	2253.2
235.5	2255.2
236.0	2260.6
236.5	2264.0
237.0	2268.2
237.5	2270.4
238.0	2274.0
238.5	2277.8
239.0	2281.6
239.5	2285.2
240.0	2288.8
240.5	2291.2
241.0	2294.6
241.5	2298.0
242.0	2301.4
242.5	2307.0
243.0	2309.8
243.5	2311.2
244.0	2314.4
244.5	2317.6
245.0	2320.0
245.5	2325.2
246.0	2330.2
246.5	2334.4
247.0	2337.6
247.5	2340.0
248.0	2345.6
248.5	2348.6
249.0	2352.8
249.5	2357.2
250.0	2360.4
250.5	2364.6
251.0	2368.4
251.5	2371.8
252.0	2375.8
252.5	2379.0
253.0	2383.0
253.5	2385.2
254.0	2388.8
254.5	2393.0
255.0	2397.2
255.5	2401.6
256.0	2405.4
256.5	2410.6
257.0	2414.0
257.5	2416.4
258.0	2420.8
258.5	2424.2
259.0	2428.2
259.5	2432.2
260.0	2436.6
260.5	2440.4
261.0	2443.4
261.5	2446.8
262.0	2450.0
262.5	2453.4
263.0	2458.8
263.5	2460.8
264.0	2464.4
264.5	2467.8
265.0	2472.4
265.5	2475.8
266.0	2480.8
266.5	2483.2
267.0	2487.8
267.5	2490.6
268.0	2494.6
268.5	2498.8
269.0	2502.8
269.5	2506.8
270.0	2510.2
270.5	2514.4
271.0	2517.6
271.5	2521.2
272.0	2525.2
272.5	2530.0
273.0	2533.4
273.5	2537.4
274.0	2540.8
274.5	2545.4
275.0	2552.0
275.5	2554.2
276.0	2558.8
276.5	2563.8
277.0	2568.2
277.5	2573.6
278.0	2576.0
278.5	2578.8
279.0	2582.4
279.5	2587.2
280.0	2589.8
280.5	2595.6
281.0	2600.2
281.5	2603.4
282.0	2606.4
282.5	2610.0
283.0	2612.8
283.5	2615.0
284.0	2618.2
284.5	2621.2
285.0	2626.2
285.5	2630.0
286.0	2634.2
286.5	2638.0
287.0	2641.6
287.5	2645.0
288.0	2649.0
288.5	2652.0
289.0	2655.6
289.5	2659.4
290.0	2662.6
290.5	2665.0
291.0	2669.0
291.5	2671.8
292.0	2677.6
292.5	2682.4
293.0	2685.0
293.5	2689.8
294.0	2691.4
294.5	2696.0
295.0	2699.6
295.5	2702.2
296.0	2705.0
296.5	2709.0
297.0	2710.8
297.5	2715.0
298.0	2719.0
298.5	2722.6
299.0	2726.2
299.5	2731.6
300.0	2734.8
