0.03762	0.96
0.0	0.0
0.5	0.2
1.0	0.2
1.5	0.2
2.0	2.6
2.5	5.2
3.0	6.6
3.5	9.0
4.0	12.0
4.5	14.0
5.0	16.8
5.5	22.6
6.0	28.2
6.5	31.8
7.0	37.4
7.5	43.6
8.0	49.2
8.5	55.2
9.0	60.4
9.5	66.4
10.0	74.8
10.5	82.2
11.0	89.2
11.5	96.2
12.0	103.0
12.5	112.6
13.0	119.8
13.5	127.0
14.0	134.2
14.5	139.6
15.0	149.0
15.5	154.8
16.0	162.6
16.5	169.8
17.0	176.6
17.5	184.4
18.0	193.8
18.5	201.2
19.0	210.0
19.5	217.8
20.0	228.6
20.5	236.2
21.0	243.6
21.5	251.4
22.0	258.6
22.5	268.4
23.0	276.4
23.5	284.0
24.0	290.8
24.5	298.2
25.0	306.8
25.5	316.0
26.0	324.0
26.5	332.6
27.0	343.4
27.5	350.8
28.0	356.2
28.5	365.8
29.0	372.8
29.5	381.4
30.0	388.0
30.5	394.8
31.0	403.6
31.5	411.6
32.0	419.2
32.5	425.8
33.0	430.6
33.5	436.8
34.0	446.0
34.5	454.2
35.0	461.6
35.5	470.6
36.0	478.2
36.5	484.2
37.0	492.6
37.5	501.0
38.0	509.0
38.5	515.8
39.0	523.2
39.5	530.4
40.0	536.6
40.5	542.6
41.0	550.6
41.5	558.2
42.0	563.6
42.5	571.6
43.0	581.4
43.5	587.8
44.0	594.8
44.5	603.4
45.0	609.6
45.5	617.4
46.0	625.0
46.5	633.0
47.0	639.8
47.5	647.8
48.0	655.4
48.5	662.2
49.0	671.2
49.5	678.6
50.0	684.8
50.5	695.6
51.0	703.0
51.5	710.8
52.0	715.8
52.5	724.8
53.0	731.2
53.5	739.2
54.0	744.8
54.5	750.4
55.0	758.4
55.5	765.6
56.0	772.2
56.5	781.4
57.0	787.0
57.5	791.6
58.0	797.4
58.5	803.6
59.0	810.0
59.5	818.6
60.0	822.6
60.5	829.0
61.0	835.4
61.5	842.0
62.0	847.2
62.5	853.2
63.0	856.8
63.5	863.4
64.0	868.2
64.5	874.0
65.0	878.6
65.5	884.6
66.0	891.0
66.5	896.6
67.0	901.0
67.5	906.8
68.0	913.6
68.5	917.8
69.0	924.2
69.5	930.4
70.0	934.8
70.5	941.8
71.0	947.2
71.5	952.0
72.0	957.0
72.5	963.4
73.0	968.2
73.5	973.2
74.0	979.2
74.5	985.4
75.0	989.8
75.5	995.2
76.0	1001.0
76.5	1005.2
77.0	1009.2
77.5	1015.8
78.0	1020.8
78.5	1027.6
79.0	1033.2
79.5	1038.6
80.0	1045.8
80.5	1052.2
81.0	1056.0
81.5	1059.4
82.0	1065.8
82.5	1072.6
83.0	1078.6
83.5	1084.0
84.0	1089.0
84.5	1094.0
85.0	1099.2
85.5	1102.4
86.0	1108.6
86.5	1114.2
87.0	1121.0
87.5	1125.0
88.0	1129.2
88.5	1131.4
89.0	1136.0
89.5	1142.0
90.0	1146.8
90.5	1152.0
91.0	1156.8
91.5	1161.0
92.0	1165.0
92.5	1169.4
93.0	1174.4
93.5	1178.8
94.0	1184.2
94.5	1188.4
95.0	1192.0
95.5	1196.6
96.0	1202.4
96.5	1207.4
97.0	1213.2
97.5	1219.2
98.0	1222.6
98.5	1229.0
99.0	1231.8
99.5	1235.6
100.0	1239.0
100.5	1244.8
101.0	1249.6
101.5	1255.0
102.0	1259.8
102.5	1266.2
103.0	1270.6
103.5	1275.2
104.0	1280.8
104.5	1284.6
105.0	1290.4
105.5	1294.8
106.0	1298.2
106.5	1303.4
107.0	1309.0
107.5	1313.4
108.0	1318.4
108.5	1323.6
109.0	1328.2
109.5	1334.4
110.0	1339.0
110.5	1344.2
111.0	1348.0
111.5	1352.6
112.0	1357.0
112.5	1361.8
113.0	1368.0
113.5	1373.2
114.0	1377.2
114.5	1381.6
115.0	1384.8
115.5	1389.0
116.0	1393.0
116.5	1397.4
117.0	1402.6
117.5	1406.2
118.0	1412.4
118.5	1415.4
119.0	1419.8
119.5	1425.6
120.0	1433.0
120.5	1438.2
121.0	1442.4
121.5	1445.2
122.0	1450.0
122.5	1455.6
123.0	1459.8
123.5	1464.4
124.0	1467.2
124.5	1471.6
125.0	1477.4
125.5	1481.0
126.0	1485.8
126.5	1491.8
127.0	1495.4
127.5	1500.8
128.0	1505.6
128.5	1510.0
129.0	1516.4
129.5	1519.8
130.0	1523.2
130.5	1528.2
131.0	1532.8
131.5	1536.6
132.0	1540.8
132.5	1544.0
133.0	1548.0
133.5	1552.4
134.0	1556.0
134.5	1559.2
135.0	1565.0
135.5	1568.2
136.0	1571.8
136.5	1575.2
137.0	1580.4
137.5	1584.4
138.0	1587.6
138.5	1592.2
139.0	1596.8
139.5	1601.0
140.0	1604.2
140.5	1608.0
141.0	1610.8
141.5	1614.4
142.0	1619.0
142.5	1623.8
143.0	1629.0
143.5	1633.8
144.0	1637.2
144.5	1642.4
145.0	1646.4
145.5	1650.2
146.0	1654.8
146.5	1659.6
147.0	1663.6
147.5	1669.6
148.0	1674.2
148.5	1677.2
149.0	1681.4
149.5	1686.2
150.0	1690.2
150.5	1695.2
151.0	1699.8
151.5	1703.6
152.0	1708.2
152.5	1712.0
153.0	1716.8
153.5	1721.4
154.0	1725.8
154.5	1732.0
155.0	1738.2
155.5	1743.6
156.0	1747.6
156.5	1752.0
157.0	1756.2
157.5	1759.4
158.0	1764.0
158.5	1769.2
159.0	1773.0
159.5	1778.4
160.0	1781.8
160.5	1786.0
161.0	1790.2
161.5	1796.4
162.0	1800.6
162.5	1804.8
163.0	1809.2
163.5	1813.0
164.0	1817.2
164.5	1822.2
165.0	1824.8
165.5	1829.4
166.0	1833.0
166.5	1837.4
167.0	1841.4
167.5	1845.6
168.0	1849.2
168.5	1853.2
169.0	1856.4
169.5	1861.2
170.0	1864.8
170.5	1867.6
171.0	1870.6
171.5	1874.2
172.0	1878.0
172.5	1884.0
173.0	1888.2
173.5	1893.4
174.0	1898.8
174.5	1901.8
175.0	1905.2
175.5	1909.8
176.0	1913.8
176.5	1919.2
177.0	1923.6
177.5	1927.2
178.0	1931.0
178.5	1934.6
179.0	1940.6
179.5	1944.6
180.0	1949.0
180.5	1953.6
181.0	1957.4
181.5	1961.6
182.0	1965.2
182.5	1968.6
183.0	1971.0
183.5	1974.8
184.0	1979.8
184.5	1983.6
185.0	1989.2
185.5	1993.4
186.0	1998.4
186.5	2002.8
187.0	2007.6
187.5	2013.6
188.0	2017.4
188.5	2022.8
189.0	2026.8
189.5	2031.0
190.0	2034.6
190.5	2039.4
191.0	2045.0
191.5	2050.4
192.0	2055.2
192.5	2061.2
193.0	2064.6
193.5	2067.0
194.0	2071.2
194.5	2075.6
195.0	2080.8
195.5	2084.6
196.0	2090.6
196.5	2095.8
197.0	2097.4
197.5	2102.0
198.0	2105.8
198.5	2111.4
199.0	2114.2
199.5	2118.8
200.0	2124.0
200.5	2127.8
201.0	2131.4
201.5	2134.6
202.0	2138.2
202.5	2142.0
203.0	2146.8
203.5	2151.2
204.0	2156.0
204.5	2159.4
205.0	2164.0
205.5	2167.2
206.0	2172.0
206.5	2175.6
207.0	2179.4
207.5	2183.4
208.0	2187.0
208.5	2190.0
209.0	2194.4
209.5	2200.0
210.0	2204.0
210.5	2208.6
211.0	2213.0
211.5	2217.2
212.0	2220.4
212.5	2224.8
213.0	2227.2
213.5	2231.6
214.0	2235.2
214.5	2240.2
215.0	2245.8
215.5	2248.8
216.0	2254.0
216.5	2257.4
217.0	2261.6
217.5	2265.8
218.0	2269.0
218.5	2271.2
219.0	2275.2
219.5	2278.4
220.0	2282.4
220.5	2287.4
221.0	2290.4
221.5	2296.2
222.0	2299.4
222.5	2302.4
223.0	2306.4
223.5	2309.0
224.0	2313.0
224.5	2315.6
225.0	2320.6
225.5	2325.0
226.0	2328.8
226.5	2332.2
227.0	2336.4
227.5	2339.8
228.0	2344.0
228.5	2348.6
229.0	2352.4
229.5	2355.2
230.0	2360.2
230.5	2363.8
231.0	2368.0
231.5	2370.0
232.0	2375.8
232.5	2380.2
233.0	2384.8
233.5	2388.6
234.0	2392.0
234.5	2395.6
235.0	2399.2
235.5	2402.2
236.0	2404.6
236.5	2409.2
237.0	2412.6
237.5	2416.2
238.0	2420.6
238.5	2425.0
239.0	2428.6
239.5	2432.4
240.0	2437.0
240.5	2440.4
241.0	2445.8
241.5	2450.8
242.0	2454.4
242.5	2459.4
243.0	2462.6
243.5	2465.8
244.0	2469.2
244.5	2473.0
245.0	2477.6
245.5	2480.8
246.0	2484.4
246.5	2488.2
247.0	2492.2
247.5	2495.4
248.0	2499.6
248.5	2502.8
249.0	2507.8
249.5	2512.0
250.0	2516.8
250.5	2521.2
251.0	2525.4
251.5	2529.6
252.0	2534.2
252.5	2539.0
253.0	2543.6
253.5	2548.2
254.0	2551.4
254.5	2554.4
255.0	2559.0
255.5	2562.8
256.0	2569.0
256.5	2572.0
257.0	2577.2
257.5	2579.8
258.0	2584.2
258.5	2587.2
259.0	2590.6
259.5	2595.8
260.0	2598.4
260.5	2602.8
261.0	2607.8
261.5	2610.8
262.0	2613.8
262.5	2617.2
263.0	2620.8
263.5	2625.0
264.0	2628.6
264.5	2632.6
265.0	2635.6
265.5	2639.4
266.0	2642.8
266.5	2647.2
267.0	2650.4
267.5	2654.0
268.0	2657.0
268.5	2659.0
269.0	2662.2
269.5	2665.4
270.0	2669.4
270.5	2673.8
271.0	2676.8
271.5	2680.4
272.0	2683.4
272.5	2687.0
273.0	2691.4
273.5	2695.6
274.0	2698.4
274.5	2702.0
275.0	2706.6
275.5	2710.0
276.0	2714.0
276.5	2717.6
277.0	2721.8
277.5	2724.8
278.0	2728.8
278.5	2732.6
279.0	2736.6
279.5	2741.4
280.0	2746.4
280.5	2749.6
281.0	2753.6
281.5	2757.8
282.0	2762.2
282.5	2767.4
283.0	2769.8
283.5	2773.8
284.0	2778.2
284.5	2782.2
285.0	2786.2
285.5	2789.6
286.0	2792.8
286.5	2795.2
287.0	2801.0
287.5	2805.6
288.0	2809.0
288.5	2812.6
289.0	2816.6
289.5	2819.4
290.0	2822.8
290.5	2826.0
291.0	2828.4
291.5	2832.4
292.0	2836.6
292.5	2841.8
293.0	2846.8
293.5	2850.2
294.0	2854.6
294.5	2858.6
295.0	2864.6
295.5	2868.8
296.0	2873.0
296.5	2876.4
297.0	2879.6
297.5	2883.0
298.0	2884.8
298.5	2888.6
299.0	2892.4
299.5	2895.4
300.0	2900.6
