0.09306	0.08
0.0	0.0
0.5	0.2
1.0	0.4
1.5	1.2
2.0	3.0
2.5	5.6
3.0	7.2
3.5	10.0
4.0	13.4
4.5	16.8
5.0	19.0
5.5	22.4
6.0	26.4
6.5	31.8
7.0	35.0
7.5	40.0
8.0	44.6
8.5	49.6
9.0	54.6
9.5	59.6
10.0	67.0
10.5	72.2
11.0	78.8
11.5	85.8
12.0	93.8
12.5	103.2
13.0	109.8
13.5	115.8
14.0	123.2
14.5	131.6
15.0	137.6
15.5	145.6
16.0	153.2
16.5	161.4
17.0	168.6
17.5	176.6
18.0	184.2
18.5	192.0
19.0	201.4
19.5	208.0
20.0	216.2
20.5	223.2
21.0	230.4
21.5	237.4
22.0	244.0
22.5	252.6
23.0	260.6
23.5	268.0
24.0	274.2
24.5	280.8
25.0	289.4
25.5	298.4
26.0	304.6
26.5	310.8
27.0	319.8
27.5	327.0
28.0	335.6
28.5	344.6
29.0	354.2
29.5	363.2
30.0	372.6
30.5	379.8
31.0	387.4
31.5	397.2
32.0	405.4
32.5	412.6
33.0	420.2
33.5	429.2
34.0	437.6
34.5	446.2
35.0	453.2
35.5	461.8
36.0	469.0
36.5	474.2
37.0	483.8
37.5	490.6
38.0	497.2
38.5	503.6
39.0	510.6
39.5	518.2
40.0	524.6
40.5	531.4
41.0	538.6
41.5	547.4
42.0	555.8
42.5	565.8
43.0	575.6
43.5	583.6
44.0	592.4
44.5	598.2
45.0	606.8
45.5	613.6
46.0	621.6
46.5	630.2
47.0	635.4
47.5	641.0
48.0	646.6
48.5	652.8
49.0	659.8
49.5	667.8
50.0	674.4
50.5	680.8
51.0	685.6
51.5	692.4
52.0	699.4
52.5	705.2
53.0	711.6
53.5	718.6
54.0	725.6
54.5	730.8
55.0	737.8
55.5	744.0
56.0	751.2
56.5	758.6
57.0	765.2
57.5	772.4
58.0	778.2
58.5	786.2
59.0	792.4
59.5	796.4
60.0	800.4
60.5	808.4
61.0	815.6
61.5	822.2
62.0	830.4
62.5	835.0
63.0	841.2
63.5	847.4
64.0	852.8
64.5	858.4
65.0	864.2
65.5	869.2
66.0	875.4
66.5	882.2
67.0	888.6
67.5	894.0
68.0	900.0
68.5	904.8
69.0	911.6
69.5	917.2
70.0	924.0
70.5	928.6
71.0	934.8
71.5	938.4
72.0	943.8
72.5	948.4
73.0	954.2
73.5	959.0
74.0	964.6
74.5	970.2
75.0	975.0
75.5	980.0
76.0	986.4
76.5	992.8
77.0	998.2
77.5	1003.8
78.0	1010.4
78.5	1014.2
79.0	1020.4
79.5	1024.8
80.0	1030.0
80.5	1036.8
81.0	1042.0
81.5	1047.6
82.0	1052.2
82.5	1059.0
83.0	1064.8
83.5	1071.6
84.0	1076.2
84.5	1082.0
85.0	1085.0
85.5	1090.8
86.0	1096.4
86.5	1102.0
87.0	1108.0
87.5	1113.4
88.0	1120.2
88.5	1125.4
89.0	1129.8
89.5	1135.4
90.0	1140.2
90.5	1145.4
91.0	1150.2
91.5	1155.0
92.0	1160.0
92.5	1165.4
93.0	1171.0
93.5	1176.4
94.0	1181.6
94.5	1185.6
95.0	1192.4
95.5	1199.0
96.0	1203.0
96.5	1209.2
97.0	1214.2
97.5	1219.6
98.0	1224.4
98.5	1231.0
99.0	1235.6
99.5	1239.8
100.0	1244.4
100.5	1250.0
101.0	1255.2
101.5	1259.0
102.0	1263.6
102.5	1267.4
103.0	1273.0
103.5	1277.2
104.0	1281.6
104.5	1288.0
105.0	1293.0
105.5	1300.0
106.0	1305.0
106.5	1308.6
107.0	1311.6
107.5	1315.2
108.0	1320.0
108.5	1325.2
109.0	1330.6
109.5	1334.4
110.0	1339.8
110.5	1343.2
111.0	1348.4
111.5	1352.2
112.0	1355.8
112.5	1359.0
113.0	1363.0
113.5	1368.8
114.0	1372.8
114.5	1379.0
115.0	1384.2
115.5	1389.2
116.0	1392.2
116.5	1396.2
117.0	1399.4
117.5	1403.6
118.0	1408.6
118.5	1412.4
119.0	1415.8
119.5	1420.8
120.0	1425.6
120.5	1431.2
121.0	1436.2
121.5	1441.2
122.0	1444.2
122.5	1448.6
123.0	1452.8
123.5	1459.0
124.0	1463.8
124.5	1468.6
125.0	1472.0
125.5	1475.6
126.0	1480.4
126.5	1484.4
127.0	1489.4
127.5	1492.0
128.0	1497.2
128.5	1501.6
129.0	1505.6
129.5	1509.8
130.0	1513.0
130.5	1518.2
131.0	1521.0
131.5	1525.6
132.0	1530.4
132.5	1535.4
133.0	1541.0
133.5	1544.4
134.0	1548.0
134.5	1554.8
135.0	1559.4
135.5	1563.6
136.0	1567.4
136.5	1572.4
137.0	1578.0
137.5	1582.4
138.0	1588.4
138.5	1593.4
139.0	1597.6
139.5	1601.8
140.0	1606.2
140.5	1610.2
141.0	1615.2
141.5	1619.6
142.0	1622.4
142.5	1626.4
143.0	1629.4
143.5	1633.4
144.0	1637.4
144.5	1643.0
145.0	1648.6
145.5	1651.8
146.0	1655.0
146.5	1660.8
147.0	1665.8
147.5	1671.2
148.0	1677.0
148.5	1681.0
149.0	1687.0
149.5	1691.8
150.0	1694.6
150.5	1700.8
151.0	1706.0
151.5	1709.6
152.0	1713.6
152.5	1717.0
153.0	1721.2
153.5	1727.0
154.0	1731.0
154.5	1735.0
155.0	1738.0
155.5	1741.4
156.0	1745.2
156.5	1748.6
157.0	1752.6
157.5	1757.0
158.0	1763.4
158.5	1767.0
159.0	1771.8
159.5	1775.8
160.0	1779.4
160.5	1783.2
161.0	1787.4
161.5	1790.4
162.0	1795.8
162.5	1801.4
163.0	1804.4
163.5	1809.6
164.0	1814.6
164.5	1819.2
165.0	1823.8
165.5	1829.0
166.0	1833.4
166.5	1838.2
167.0	1844.4
167.5	1848.0
168.0	1852.6
168.5	1856.4
169.0	1859.4
169.5	1863.4
170.0	1865.8
170.5	1869.2
171.0	1873.4
171.5	1878.2
172.0	1884.0
172.5	1887.0
173.0	1890.4
173.5	1895.2
174.0	1900.4
174.5	1903.4
175.0	1907.6
175.5	1910.6
176.0	1914.6
176.5	1918.2
177.0	1923.8
177.5	1929.4
178.0	1933.6
178.5	1937.2
179.0	1941.4
179.5	1944.8
180.0	1947.4
180.5	1950.8
181.0	1954.4
181.5	1958.0
182.0	1962.8
182.5	1966.8
183.0	1972.6
183.5	1977.6
184.0	1981.6
184.5	1986.8
185.0	1991.8
185.5	1995.6
186.0	1999.2
186.5	2004.2
187.0	2007.8
187.5	2014.4
188.0	2018.2
188.5	2023.6
189.0	2027.8
189.5	2032.4
190.0	2036.0
190.5	2039.6
191.0	2042.8
191.5	2047.0
192.0	2051.4
192.5	2054.6
193.0	2060.0
193.5	2064.4
194.0	2067.8
194.5	2070.8
195.0	2074.0
195.5	2077.2
196.0	2083.4
196.5	2086.4
197.0	2090.8
197.5	2094.0
198.0	2097.8
198.5	2100.6
199.0	2105.0
199.5	2108.8
200.0	2113.6
200.5	2118.0
201.0	2120.2
201.5	2124.4
202.0	2127.6
202.5	2131.0
203.0	2136.4
203.5	2140.2
204.0	2144.0
204.5	2147.6
205.0	2152.2
205.5	2156.0
206.0	2160.0
206.5	2165.0
207.0	2169.8
207.5	2174.6
208.0	2179.0
208.5	2183.0
209.0	2187.8
209.5	2192.4
210.0	2197.0
210.5	2200.2
211.0	2204.8
211.5	2208.4
212.0	2211.0
212.5	2215.2
213.0	2218.6
213.5	2225.0
214.0	2228.2
214.5	2232.6
215.0	2239.0
215.5	2242.6
216.0	2246.2
216.5	2249.4
217.0	2254.0
217.5	2257.4
218.0	2261.4
218.5	2264.6
219.0	2268.6
219.5	2271.0
220.0	2274.8
220.5	2277.2
221.0	2282.2
221.5	2286.4
222.0	2290.8
222.5	2293.8
223.0	2297.4
223.5	2301.0
224.0	2306.2
224.5	2309.4
225.0	2312.2
225.5	2317.0
226.0	2320.6
226.5	2325.0
227.0	2328.8
227.5	2334.0
228.0	2336.8
228.5	2342.4
229.0	2346.0
229.5	2350.4
230.0	2355.2
230.5	2359.8
231.0	2363.8
231.5	2367.6
232.0	2371.2
232.5	2373.8
233.0	2377.4
233.5	2382.0
234.0	2386.0
234.5	2391.8
235.0	2395.2
235.5	2398.0
236.0	2402.2
236.5	2408.0
237.0	2413.4
237.5	2417.6
238.0	2422.2
238.5	2425.6
239.0	2430.0
239.5	2434.6
240.0	2438.4
240.5	2442.6
241.0	2447.0
241.5	2451.2
242.0	2456.2
242.5	2460.8
243.0	2463.8
243.5	2467.8
244.0	2471.2
244.5	2474.0
245.0	2478.2
245.5	2482.4
246.0	2484.6
246.5	2487.8
247.0	2493.8
247.5	2498.6
248.0	2503.4
248.5	2507.0
249.0	2510.2
249.5	2513.8
250.0	2517.8
250.5	2522.8
251.0	2526.0
251.5	2529.2
252.0	2534.0
252.5	2536.0
253.0	2540.2
253.5	2544.8
254.0	2548.4
254.5	2554.4
255.0	2558.4
255.5	2561.6
256.0	2566.4
256.5	2569.2
257.0	2574.8
257.5	2578.6
258.0	2582.0
258.5	2585.6
259.0	2590.6
259.5	2593.2
260.0	2598.2
260.5	2602.8
261.0	2606.4
261.5	2610.2
262.0	2613.8
262.5	2616.8
263.0	2621.8
263.5	2625.2
264.0	2628.4
264.5	2632.2
265.0	2635.8
265.5	2639.6
266.0	2643.4
266.5	2646.4
267.0	2651.0
267.5	2654.8
268.0	2658.4
268.5	2663.0
269.0	2668.8
269.5	2673.4
270.0	2676.4
270.5	2679.4
271.0	2683.0
271.5	2688.4
272.0	2691.6
272.5	2696.4
273.0	2700.0
273.5	2704.6
274.0	2707.2
274.5	2710.4
275.0	2714.2
275.5	2718.0
276.0	2722.4
276.5	2726.4
277.0	2730.6
277.5	2733.4
278.0	2736.8
278.5	2740.6
279.0	2743.6
279.5	2748.4
280.0	2752.2
280.5	2756.6
281.0	2759.4
281.5	2762.4
282.0	2766.6
282.5	2768.8
283.0	2773.4
283.5	2777.2
284.0	2781.2
284.5	2786.4
285.0	2791.8
285.5	2796.2
286.0	2800.8
286.5	2804.4
287.0	2809.0
287.5	2813.2
288.0	2818.0
288.5	2822.0
289.0	2827.2
289.5	2832.0
290.0	2836.0
290.5	2839.4
291.0	2841.8
291.5	2845.8
292.0	2849.0
292.5	2853.0
293.0	2856.6
293.5	2860.4
294.0	2864.0
294.5	2867.8
295.0	2871.2
295.5	2875.4
296.0	2878.8
296.5	2884.0
297.0	2889.0
297.5	2892.0
298.0	2896.2
298.5	2899.0
299.0	2902.6
299.5	2906.2
300.0	2908.4
