0.06732	0.8200000000000001
0.0	0.0
0.5	0.0
1.0	0.6
1.5	2.0
2.0	3.4
2.5	5.6
3.0	8.0
3.5	11.0
4.0	14.8
4.5	19.0
5.0	23.6
5.5	28.0
6.0	32.2
6.5	36.4
7.0	41.4
7.5	45.6
8.0	52.0
8.5	58.4
9.0	64.6
9.5	70.8
10.0	76.2
10.5	80.8
11.0	87.8
11.5	92.0
12.0	98.6
12.5	107.2
13.0	114.2
13.5	123.6
14.0	131.4
14.5	138.2
15.0	144.8
15.5	152.0
16.0	159.8
16.5	167.2
17.0	173.8
17.5	182.6
18.0	192.2
18.5	202.2
19.0	208.6
19.5	217.0
20.0	225.2
20.5	232.0
21.0	241.0
21.5	250.8
22.0	259.6
22.5	270.0
23.0	277.2
23.5	286.2
24.0	294.4
24.5	304.0
25.0	314.8
25.5	323.4
26.0	331.4
26.5	339.0
27.0	349.0
27.5	356.4
28.0	362.2
28.5	370.0
29.0	379.4
29.5	386.6
30.0	395.0
30.5	402.0
31.0	408.0
31.5	415.2
32.0	423.2
32.5	429.6
33.0	437.6
33.5	445.6
34.0	454.6
34.5	461.6
35.0	469.8
35.5	477.8
36.0	485.0
36.5	492.0
37.0	499.2
37.5	507.8
38.0	515.8
38.5	523.2
39.0	531.0
39.5	537.0
40.0	545.2
40.5	552.6
41.0	561.2
41.5	568.8
42.0	575.2
42.5	581.8
43.0	590.4
43.5	597.4
44.0	605.0
44.5	611.8
45.0	617.8
45.5	622.2
46.0	627.0
46.5	632.8
47.0	640.2
47.5	647.0
48.0	656.4
48.5	661.2
49.0	666.8
49.5	674.6
50.0	681.0
50.5	686.0
51.0	693.8
51.5	700.2
52.0	706.2
52.5	711.6
53.0	715.8
53.5	720.8
54.0	726.0
54.5	731.8
55.0	738.4
55.5	744.2
56.0	751.8
56.5	758.8
57.0	764.4
57.5	771.2
58.0	776.0
58.5	782.6
59.0	788.8
59.5	796.2
60.0	804.6
60.5	811.4
61.0	817.4
61.5	823.0
62.0	831.4
62.5	836.4
63.0	843.2
63.5	848.4
64.0	853.0
64.5	858.8
65.0	865.6
65.5	871.4
66.0	876.6
66.5	881.6
67.0	886.2
67.5	893.0
68.0	899.6
68.5	905.4
69.0	911.8
69.5	917.4
70.0	925.6
70.5	934.0
71.0	941.0
71.5	947.8
72.0	954.2
72.5	960.0
73.0	964.8
73.5	968.0
74.0	974.0
74.5	978.6
75.0	984.4
75.5	988.0
76.0	994.8
76.5	1000.6
77.0	1006.8
77.5	1013.2
78.0	1017.8
78.5	1025.2
79.0	1031.8
79.5	1036.8
80.0	1041.4
80.5	1049.4
81.0	1053.8
81.5	1058.4
82.0	1063.0
82.5	1069.0
83.0	1072.6
83.5	1081.6
84.0	1087.4
84.5	1092.6
85.0	1098.2
85.5	1104.2
86.0	1108.6
86.5	1113.8
87.0	1120.4
87.5	1124.2
88.0	1128.8
88.5	1134.2
89.0	1136.8
89.5	1142.0
90.0	1146.8
90.5	1151.4
91.0	1155.2
91.5	1162.0
92.0	1168.8
92.5	1174.6
93.0	1182.4
93.5	1187.6
94.0	1189.8
94.5	1195.6
95.0	1200.2
95.5	1206.0
96.0	1211.2
96.5	1216.0
97.0	1221.2
97.5	1224.6
98.0	1230.6
98.5	1234.6
99.0	1239.8
99.5	1243.6
100.0	1248.2
100.5	1254.4
101.0	1259.2
101.5	1265.2
102.0	1270.0
102.5	1275.2
103.0	1281.2
103.5	1285.4
104.0	1288.2
104.5	1294.0
105.0	1299.2
105.5	1303.2
106.0	1308.6
106.5	1313.2
107.0	1318.2
107.5	1324.6
108.0	1330.4
108.5	1335.2
109.0	1341.0
109.5	1347.0
110.0	1352.0
110.5	1357.8
111.0	1361.4
111.5	1366.0
112.0	1372.2
112.5	1378.0
113.0	1383.2
113.5	1386.2
114.0	1391.6
114.5	1394.8
115.0	1400.0
115.5	1405.6
116.0	1411.6
116.5	1417.6
117.0	1420.4
117.5	1425.6
118.0	1429.8
118.5	1433.4
119.0	1437.4
119.5	1442.2
120.0	1446.4
120.5	1450.8
121.0	1455.8
121.5	1459.0
122.0	1462.2
122.5	1466.6
123.0	1470.2
123.5	1476.2
124.0	1480.2
124.5	1486.6
125.0	1492.2
125.5	1496.6
126.0	1501.0
126.5	1506.4
127.0	1510.4
127.5	1515.2
128.0	1519.0
128.5	1526.2
129.0	1530.0
129.5	1533.0
130.0	1539.2
130.5	1544.8
131.0	1549.2
131.5	1552.2
132.0	1556.4
132.5	1560.2
133.0	1566.2
133.5	1570.2
134.0	1575.0
134.5	1580.0
135.0	1584.0
135.5	1588.8
136.0	1593.0
136.5	1597.8
137.0	1601.4
137.5	1604.4
138.0	1608.6
138.5	1613.2
139.0	1616.6
139.5	1621.6
140.0	1624.6
140.5	1628.0
141.0	1632.0
141.5	1637.4
142.0	1642.8
142.5	1647.6
143.0	1651.6
143.5	1655.0
144.0	1660.0
144.5	1664.6
145.0	1668.0
145.5	1672.2
146.0	1676.2
146.5	1680.0
147.0	1683.6
147.5	1688.6
148.0	1692.0
148.5	1694.8
149.0	1699.6
149.5	1704.0
150.0	1708.6
150.5	1713.4
151.0	1716.6
151.5	1721.2
152.0	1724.2
152.5	1728.6
153.0	1732.4
153.5	1735.6
154.0	1739.6
154.5	1743.2
155.0	1747.4
155.5	1751.4
156.0	1756.6
156.5	1760.4
157.0	1765.2
157.5	1769.0
158.0	1775.2
158.5	1780.0
159.0	1784.8
159.5	1789.2
160.0	1791.8
160.5	1795.4
161.0	1799.8
161.5	1805.8
162.0	1810.2
162.5	1815.2
163.0	1820.0
163.5	1824.2
164.0	1826.4
164.5	1830.4
165.0	1834.6
165.5	1840.0
166.0	1845.2
166.5	1849.4
167.0	1854.0
167.5	1857.6
168.0	1862.4
168.5	1866.4
169.0	1870.4
169.5	1873.6
170.0	1880.4
170.5	1884.0
171.0	1888.2
171.5	1893.2
172.0	1898.2
172.5	1901.0
173.0	1905.8
173.5	1909.4
174.0	1914.4
174.5	1918.4
175.0	1922.6
175.5	1928.8
176.0	1933.2
176.5	1936.4
177.0	1941.4
177.5	1944.2
178.0	1947.2
178.5	1951.0
179.0	1955.2
179.5	1960.2
180.0	1964.8
180.5	1970.8
181.0	1974.6
181.5	1979.8
182.0	1985.4
182.5	1990.4
183.0	1994.6
183.5	1997.6
184.0	2001.6
184.5	2005.8
185.0	2009.4
185.5	2014.8
186.0	2020.0
186.5	2024.4
187.0	2028.4
187.5	2032.0
188.0	2035.0
188.5	2037.6
189.0	2041.6
189.5	2045.0
190.0	2048.4
190.5	2052.0
191.0	2054.6
191.5	2059.4
192.0	2065.4
192.5	2068.6
193.0	2072.2
193.5	2076.6
194.0	2080.0
194.5	2085.0
195.0	2089.0
195.5	2094.4
196.0	2098.8
196.5	2102.2
197.0	2107.4
197.5	2111.0
198.0	2114.4
198.5	2119.0
199.0	2122.8
199.5	2127.8
200.0	2133.0
200.5	2136.4
201.0	2141.6
201.5	2146.4
202.0	2152.0
202.5	2157.4
203.0	2160.4
203.5	2164.0
204.0	2167.2
204.5	2170.8
205.0	2174.2
205.5	2178.0
206.0	2182.4
206.5	2185.0
207.0	2186.8
207.5	2191.6
208.0	2196.0
208.5	2198.8
209.0	2203.8
209.5	2206.8
210.0	2209.2
210.5	2213.4
211.0	2216.6
211.5	2221.0
212.0	2225.2
212.5	2228.6
213.0	2233.2
213.5	2235.8
214.0	2239.8
214.5	2244.2
215.0	2247.6
215.5	2251.0
216.0	2255.8
216.5	2257.4
217.0	2261.6
217.5	2264.0
218.0	2268.6
218.5	2272.8
219.0	2276.6
219.5	2282.2
220.0	2286.6
220.5	2290.2
221.0	2294.0
221.5	2298.6
222.0	2303.8
222.5	2308.2
223.0	2311.8
223.5	2316.2
224.0	2319.6
224.5	2323.4
225.0	2326.2
225.5	2330.6
226.0	2333.4
226.5	2336.0
227.0	2341.0
227.5	2344.0
228.0	2349.4
228.5	2353.8
229.0	2358.6
229.5	2364.2
230.0	2369.8
230.5	2372.4
231.0	2375.2
231.5	2380.4
232.0	2382.8
232.5	2385.4
233.0	2389.4
233.5	2393.8
234.0	2399.8
234.5	2404.2
235.0	2407.6
235.5	2411.4
236.0	2414.8
236.5	2417.6
237.0	2422.6
237.5	2428.4
238.0	2430.8
238.5	2434.4
239.0	2437.4
239.5	2443.8
240.0	2448.0
240.5	2452.8
241.0	2456.2
241.5	2459.2
242.0	2461.8
242.5	2465.8
243.0	2471.2
243.5	2475.6
244.0	2479.2
244.5	2482.2
245.0	2485.4
245.5	2489.8
246.0	2494.0
246.5	2498.4
247.0	2501.8
247.5	2504.4
248.0	2507.0
248.5	2513.0
249.0	2516.0
249.5	2519.4
250.0	2523.2
250.5	2526.8
251.0	2529.2
251.5	2532.4
252.0	2535.6
252.5	2540.8
253.0	2544.0
253.5	2547.4
254.0	2551.8
254.5	2556.0
255.0	2560.2
255.5	2565.0
256.0	2569.4
256.5	2573.0
257.0	2576.4
257.5	2581.0
258.0	2585.6
258.5	2591.6
259.0	2594.8
259.5	2598.4
260.0	2601.0
260.5	2603.6
261.0	2610.2
261.5	2612.4
262.0	2616.4
262.5	2620.6
263.0	2625.2
263.5	2630.8
264.0	2637.6
264.5	2640.6
265.0	2643.6
265.5	2648.2
266.0	2650.4
266.5	2654.8
267.0	2657.4
267.5	2661.2
268.0	2663.8
268.5	2668.0
269.0	2670.8
269.5	2675.6
270.0	2681.2
270.5	2684.6
271.0	2687.4
271.5	2691.4
272.0	2695.8
272.5	2700.8
273.0	2703.4
273.5	2706.2
274.0	2709.2
274.5	2713.4
275.0	2719.6
275.5	2722.8
276.0	2727.4
276.5	2732.4
277.0	2735.8
277.5	2739.2
278.0	2742.2
278.5	2745.6
279.0	2750.0
279.5	2752.6
280.0	2755.4
280.5	2759.2
281.0	2763.0
281.5	2766.2
282.0	2769.6
282.5	2773.4
283.0	2778.0
283.5	2782.0
284.0	2785.2
284.5	2789.6
285.0	2793.4
285.5	2797.0
286.0	2799.4
286.5	2802.6
287.0	2806.6
287.5	2809.6
288.0	2813.0
288.5	2817.2
289.0	2819.8
289.5	2825.8
290.0	2830.8
290.5	2834.0
291.0	2836.2
291.5	2838.8
292.0	2843.6
292.5	2848.4
293.0	2852.2
293.5	2855.2
294.0	2858.6
294.5	2862.4
295.0	2867.2
295.5	2872.4
296.0	2875.6
296.5	2879.2
297.0	2882.6
297.5	2885.4
298.0	2889.4
298.5	2892.4
299.0	2895.2
299.5	2899.4
300.0	2903.4
