0.07524	0.26
0.0	0.0
0.5	0.2
1.0	0.2
1.5	1.2
2.0	2.2
2.5	4.0
3.0	5.6
3.5	9.4
4.0	12.2
4.5	16.0
5.0	19.0
5.5	24.2
6.0	29.4
6.5	33.8
7.0	39.6
7.5	45.6
8.0	50.0
8.5	57.6
9.0	63.8
9.5	70.8
10.0	77.0
10.5	83.2
11.0	89.0
11.5	98.2
12.0	103.8
12.5	111.2
13.0	120.2
13.5	128.4
14.0	134.8
14.5	143.6
15.0	151.6
15.5	160.0
16.0	168.0
16.5	175.0
17.0	184.2
17.5	190.8
18.0	198.6
18.5	204.6
19.0	212.6
19.5	218.4
20.0	225.4
20.5	235.0
21.0	243.0
21.5	248.2
22.0	256.8
22.5	264.2
23.0	273.2
23.5	280.2
24.0	287.8
24.5	296.0
25.0	302.6
25.5	311.2
26.0	319.2
26.5	327.2
27.0	336.0
27.5	343.2
28.0	351.0
28.5	358.4
29.0	364.6
29.5	373.0
30.0	380.6
30.5	388.2
31.0	395.8
31.5	402.4
32.0	410.4
32.5	416.0
33.0	421.4
33.5	426.8
34.0	434.6
34.5	442.2
35.0	448.6
35.5	456.2
36.0	464.2
36.5	470.4
37.0	479.6
37.5	486.4
38.0	493.6
38.5	500.8
39.0	508.2
39.5	515.0
40.0	521.8
40.5	528.6
41.0	536.8
41.5	546.0
42.0	552.4
42.5	559.4
43.0	569.6
43.5	578.6
44.0	587.6
44.5	594.4
45.0	601.6
45.5	607.8
46.0	613.8
46.5	621.8
47.0	629.4
47.5	634.2
48.0	640.6
48.5	646.8
49.0	652.6
49.5	659.2
50.0	665.2
50.5	672.2
51.0	680.8
51.5	688.0
52.0	695.4
52.5	702.4
53.0	710.0
53.5	717.4
54.0	723.4
54.5	728.4
55.0	733.4
55.5	739.0
56.0	746.2
56.5	753.4
57.0	758.0
57.5	763.2
58.0	767.8
58.5	773.6
59.0	778.6
59.5	785.8
60.0	790.6
60.5	795.8
61.0	802.0
61.5	808.0
62.0	815.6
62.5	820.4
63.0	825.0
63.5	832.2
64.0	838.2
64.5	843.0
65.0	849.8
65.5	857.4
66.0	864.2
66.5	870.8
67.0	876.2
67.5	882.8
68.0	888.4
68.5	896.0
69.0	902.0
69.5	909.4
70.0	915.2
70.5	922.4
71.0	928.6
71.5	933.0
72.0	938.2
72.5	945.0
73.0	950.2
73.5	956.2
74.0	963.4
74.5	969.6
75.0	974.0
75.5	980.6
76.0	986.6
76.5	992.0
77.0	998.2
77.5	1003.0
78.0	1008.6
78.5	1014.4
79.0	1020.4
79.5	1024.4
80.0	1029.0
80.5	1035.2
81.0	1042.0
81.5	1046.6
82.0	1052.6
82.5	1057.6
83.0	1062.8
83.5	1068.2
84.0	1073.8
84.5	1077.8
85.0	1083.0
85.5	1088.8
86.0	1092.8
86.5	1099.2
87.0	1103.2
87.5	1106.4
88.0	1112.0
88.5	1115.6
89.0	1120.4
89.5	1124.8
90.0	1132.0
90.5	1137.6
91.0	1143.8
91.5	1148.6
92.0	1155.4
92.5	1160.0
93.0	1165.6
93.5	1171.6
94.0	1176.8
94.5	1181.6
95.0	1186.0
95.5	1191.2
96.0	1196.6
96.5	1201.0
97.0	1205.6
97.5	1208.6
98.0	1214.8
98.5	1218.4
99.0	1224.2
99.5	1228.8
100.0	1232.2
100.5	1238.2
101.0	1243.2
101.5	1248.8
102.0	1255.4
102.5	1261.8
103.0	1267.4
103.5	1274.4
104.0	1280.8
104.5	1286.2
105.0	1292.4
105.5	1298.2
106.0	1301.4
106.5	1305.4
107.0	1310.8
107.5	1317.2
108.0	1322.8
108.5	1327.6
109.0	1334.0
109.5	1337.6
110.0	1341.8
110.5	1347.4
111.0	1352.0
111.5	1356.4
112.0	1360.2
112.5	1365.2
113.0	1370.2
113.5	1374.0
114.0	1379.4
114.5	1383.8
115.0	1389.0
115.5	1393.6
116.0	1399.6
116.5	1405.2
117.0	1411.4
117.5	1417.4
118.0	1422.0
118.5	1428.0
119.0	1431.4
119.5	1436.2
120.0	1441.0
120.5	1447.4
121.0	1453.8
121.5	1458.6
122.0	1462.8
122.5	1467.2
123.0	1471.0
123.5	1474.4
124.0	1479.4
124.5	1485.2
125.0	1488.6
125.5	1492.0
126.0	1496.0
126.5	1499.6
127.0	1503.6
127.5	1508.0
128.0	1511.0
128.5	1516.0
129.0	1521.0
129.5	1525.0
130.0	1530.4
130.5	1534.6
131.0	1540.0
131.5	1544.4
132.0	1550.4
132.5	1555.6
133.0	1557.2
133.5	1560.8
134.0	1566.6
134.5	1571.0
135.0	1574.8
135.5	1578.8
136.0	1583.4
136.5	1587.6
137.0	1591.8
137.5	1597.2
138.0	1602.4
138.5	1608.4
139.0	1611.6
139.5	1616.6
140.0	1619.6
140.5	1625.8
141.0	1631.8
141.5	1638.0
142.0	1641.8
142.5	1646.2
143.0	1648.0
143.5	1651.2
144.0	1655.0
144.5	1657.8
145.0	1663.2
145.5	1666.4
146.0	1670.0
146.5	1675.6
147.0	1679.4
147.5	1684.8
148.0	1687.4
148.5	1690.2
149.0	1694.4
149.5	1699.0
150.0	1704.0
150.5	1708.8
151.0	1712.8
151.5	1718.2
152.0	1723.6
152.5	1728.0
153.0	1734.0
153.5	1738.8
154.0	1745.4
154.5	1748.4
155.0	1753.0
155.5	1755.8
156.0	1759.4
156.5	1763.0
157.0	1766.2
157.5	1770.8
158.0	1775.2
158.5	1779.8
159.0	1783.6
159.5	1788.4
160.0	1794.4
160.5	1799.2
161.0	1804.0
161.5	1807.4
162.0	1812.8
162.5	1817.2
163.0	1821.2
163.5	1825.2
164.0	1830.0
164.5	1833.4
165.0	1838.0
165.5	1841.4
166.0	1846.0
166.5	1849.6
167.0	1854.2
167.5	1858.6
168.0	1862.8
168.5	1864.8
169.0	1868.4
169.5	1874.0
170.0	1878.2
170.5	1882.2
171.0	1887.2
171.5	1891.0
172.0	1894.6
172.5	1899.0
173.0	1903.8
173.5	1907.8
174.0	1912.8
174.5	1915.6
175.0	1921.0
175.5	1925.0
176.0	1930.2
176.5	1935.0
177.0	1940.0
177.5	1945.4
178.0	1950.8
178.5	1954.6
179.0	1958.8
179.5	1962.0
180.0	1966.8
180.5	1971.2
181.0	1976.8
181.5	1982.6
182.0	1986.6
182.5	1989.8
183.0	1991.8
183.5	1995.4
184.0	2001.0
184.5	2005.8
185.0	2009.2
185.5	2013.8
186.0	2018.8
186.5	2024.4
187.0	2026.8
187.5	2030.2
188.0	2035.6
188.5	2037.6
189.0	2040.8
189.5	2044.8
190.0	2047.4
190.5	2052.6
191.0	2056.0
191.5	2061.6
192.0	2064.6
192.5	2068.4
193.0	2073.0
193.5	2077.0
194.0	2080.2
194.5	2083.2
195.0	2086.2
195.5	2089.4
196.0	2091.8
196.5	2096.6
197.0	2100.6
197.5	2104.0
198.0	2109.2
198.5	2111.2
199.0	2114.8
199.5	2121.4
200.0	2126.2
200.5	2130.4
201.0	2134.0
201.5	2137.6
202.0	2141.2
202.5	2144.8
203.0	2149.6
203.5	2152.8
204.0	2156.0
204.5	2160.2
205.0	2165.4
205.5	2168.2
206.0	2173.2
206.5	2177.6
207.0	2182.0
207.5	2187.2
208.0	2190.8
208.5	2196.4
209.0	2200.6
209.5	2204.2
210.0	2207.4
210.5	2212.0
211.0	2216.2
211.5	2220.0
212.0	2224.6
212.5	2229.4
213.0	2235.2
213.5	2238.6
214.0	2242.4
214.5	2247.2
215.0	2250.4
215.5	2254.0
216.0	2258.0
216.5	2262.6
217.0	2267.0
217.5	2270.0
218.0	2273.8
218.5	2279.0
219.0	2282.8
219.5	2286.8
220.0	2291.0
220.5	2295.0
221.0	2299.2
221.5	2304.4
222.0	2307.4
222.5	2311.4
223.0	2315.6
223.5	2320.0
224.0	2322.4
224.5	2325.4
225.0	2330.0
225.5	2333.6
226.0	2337.8
226.5	2342.0
227.0	2347.4
227.5	2353.2
228.0	2359.0
228.5	2362.6
229.0	2366.8
229.5	2370.4
230.0	2373.4
230.5	2378.4
231.0	2382.0
231.5	2385.0
232.0	2388.4
232.5	2391.2
233.0	2395.8
233.5	2401.0
234.0	2405.6
234.5	2408.8
235.0	2412.0
235.5	2415.4
236.0	2418.8
236.5	2421.6
237.0	2426.8
237.5	2431.8
238.0	2437.0
238.5	2441.0
239.0	2445.8
239.5	2450.4
240.0	2454.8
240.5	2457.0
241.0	2462.0
241.5	2464.2
242.0	2468.2
242.5	2471.4
243.0	2474.8
243.5	2479.6
244.0	2485.0
244.5	2490.2
245.0	2494.2
245.5	2497.0
246.0	2501.0
246.5	2505.0
247.0	2510.4
247.5	2514.4
248.0	2517.8
248.5	2521.2
249.0	2524.6
249.5	2528.4
250.0	2533.6
250.5	2538.2
251.0	2541.8
251.5	2548.0
252.0	2550.8
252.5	2554.2
253.0	2557.0
253.5	2560.0
254.0	2563.6
254.5	2568.6
255.0	2571.4
255.5	2575.6
256.0	2578.6
256.5	2581.8
257.0	2584.6
257.5	2588.0
258.0	2590.6
258.5	2594.8
259.0	2598.2
259.5	2601.8
260.0	2605.4
260.5	2608.2
261.0	2611.6
261.5	2614.4
262.0	2618.6
262.5	2621.4
263.0	2626.0
263.5	2630.8
264.0	2634.6
264.5	2639.6
265.0	2644.0
265.5	2647.4
266.0	2651.8
266.5	2656.0
267.0	2659.6
267.5	2662.4
268.0	2666.2
268.5	2671.2
269.0	2674.0
269.5	2678.8
270.0	2682.4
270.5	2685.8
271.0	2690.2
271.5	2694.2
272.0	2697.6
272.5	2701.4
273.0	2706.2
273.5	2710.4
274.0	2715.4
274.5	2719.4
275.0	2724.6
275.5	2729.2
276.0	2734.2
276.5	2737.4
277.0	2741.8
277.5	2745.6
278.0	2749.6
278.5	2752.6
279.0	2756.4
279.5	2760.2
280.0	2762.2
280.5	2765.2
281.0	2769.2
281.5	2772.6
282.0	2776.8
282.5	2779.8
283.0	2784.0
283.5	2789.8
284.0	2793.2
284.5	2795.6
285.0	2798.8
285.5	2802.0
286.0	2806.2
286.5	2810.4
287.0	2814.0
287.5	2817.0
288.0	2821.8
288.5	2826.8
289.0	2830.6
289.5	2836.8
290.0	2840.0
290.5	2843.4
291.0	2846.4
291.5	2850.0
292.0	2852.4
292.5	2857.0
293.0	2860.6
293.5	2864.2
294.0	2867.4
294.5	2872.2
295.0	2877.6
295.5	2880.4
296.0	2884.4
296.5	2889.2
297.0	2893.0
297.5	2897.6
298.0	2901.6
298.5	2905.2
299.0	2910.2
299.5	2914.8
300.0	2919.6
