0.05544	0.26
0.0	0.0
0.5	0.2
1.0	0.4
1.5	0.6
2.0	1.6
2.5	4.2
3.0	6.8
3.5	8.6
4.0	11.0
4.5	14.4
5.0	19.6
5.5	23.4
6.0	30.0
6.5	34.0
7.0	39.8
7.5	44.8
8.0	50.2
8.5	54.4
9.0	60.8
9.5	66.0
10.0	73.0
10.5	78.8
11.0	89.4
11.5	95.0
12.0	102.6
12.5	108.8
13.0	115.0
13.5	122.4
14.0	130.0
14.5	138.2
15.0	143.2
15.5	149.0
16.0	156.0
16.5	161.8
17.0	169.8
17.5	176.0
18.0	182.6
18.5	187.8
19.0	197.2
19.5	204.2
20.0	211.6
20.5	219.0
21.0	229.8
21.5	237.8
22.0	247.4
22.5	258.8
23.0	269.0
23.5	276.0
24.0	284.6
24.5	291.8
25.0	300.4
25.5	308.8
26.0	316.0
26.5	323.8
27.0	330.4
27.5	338.6
28.0	347.0
28.5	358.0
29.0	365.0
29.5	372.6
30.0	380.6
30.5	389.4
31.0	395.6
31.5	404.8
32.0	412.0
32.5	421.2
33.0	428.4
33.5	437.8
34.0	445.0
34.5	452.8
35.0	460.6
35.5	467.8
36.0	474.0
36.5	481.8
37.0	489.4
37.5	497.0
38.0	504.6
38.5	513.4
39.0	522.6
39.5	532.0
40.0	539.4
40.5	547.2
41.0	554.2
41.5	560.4
42.0	568.0
42.5	578.0
43.0	585.0
43.5	592.2
44.0	599.6
44.5	607.0
45.0	613.8
45.5	621.0
46.0	626.0
46.5	633.6
47.0	639.6
47.5	645.8
48.0	650.0
48.5	656.0
49.0	662.6
49.5	668.8
50.0	677.4
50.5	684.2
51.0	692.0
51.5	697.6
52.0	705.6
52.5	713.2
53.0	718.0
53.5	722.8
54.0	732.0
54.5	737.6
55.0	744.2
55.5	748.4
56.0	754.6
56.5	763.2
57.0	770.6
57.5	776.0
58.0	784.8
58.5	790.0
59.0	797.6
59.5	805.4
60.0	812.4
60.5	818.2
61.0	823.8
61.5	831.6
62.0	838.6
62.5	843.2
63.0	848.6
63.5	854.6
64.0	860.0
64.5	867.4
65.0	872.6
65.5	877.6
66.0	881.8
66.5	890.4
67.0	895.0
67.5	900.8
68.0	904.6
68.5	910.6
69.0	915.6
69.5	920.6
70.0	925.6
70.5	930.6
71.0	936.6
71.5	941.6
72.0	944.8
72.5	949.8
73.0	955.4
73.5	961.2
74.0	965.6
74.5	970.4
75.0	975.6
75.5	980.0
76.0	986.2
76.5	991.6
77.0	997.0
77.5	1003.8
78.0	1010.8
78.5	1016.6
79.0	1020.6
79.5	1025.0
80.0	1031.8
80.5	1035.6
81.0	1041.0
81.5	1045.2
82.0	1050.4
82.5	1058.0
83.0	1065.8
83.5	1069.8
84.0	1076.4
84.5	1079.2
85.0	1086.2
85.5	1091.0
86.0	1097.2
86.5	1103.2
87.0	1109.2
87.5	1114.2
88.0	1120.4
88.5	1124.8
89.0	1130.2
89.5	1136.6
90.0	1142.8
90.5	1147.8
91.0	1153.0
91.5	1159.2
92.0	1164.4
92.5	1169.0
93.0	1172.0
93.5	1177.4
94.0	1181.2
94.5	1186.4
95.0	1191.6
95.5	1196.2
96.0	1201.0
96.5	1205.4
97.0	1209.2
97.5	1215.8
98.0	1219.4
98.5	1224.0
99.0	1228.2
99.5	1232.6
100.0	1237.2
100.5	1244.0
101.0	1247.4
101.5	1253.2
102.0	1259.4
102.5	1262.4
103.0	1266.8
103.5	1270.2
104.0	1276.4
104.5	1282.4
105.0	1285.8
105.5	1289.8
106.0	1293.8
106.5	1297.8
107.0	1303.0
107.5	1308.8
108.0	1314.2
108.5	1318.6
109.0	1323.6
109.5	1327.0
110.0	1331.8
110.5	1337.0
111.0	1341.2
111.5	1345.0
112.0	1350.6
112.5	1354.8
113.0	1360.0
113.5	1366.4
114.0	1371.0
114.5	1376.2
115.0	1380.6
115.5	1384.6
116.0	1388.8
116.5	1394.6
117.0	1399.0
117.5	1403.2
118.0	1407.6
118.5	1411.4
119.0	1416.0
119.5	1418.6
120.0	1424.2
120.5	1427.2
121.0	1433.0
121.5	1437.2
122.0	1441.8
122.5	1450.6
123.0	1453.6
123.5	1458.0
124.0	1463.6
124.5	1468.6
125.0	1474.2
125.5	1479.0
126.0	1482.4
126.5	1487.0
127.0	1492.0
127.5	1495.6
128.0	1499.8
128.5	1506.4
129.0	1511.8
129.5	1517.4
130.0	1520.4
130.5	1525.6
131.0	1528.6
131.5	1532.0
132.0	1536.0
132.5	1539.4
133.0	1544.8
133.5	1549.4
134.0	1553.4
134.5	1559.2
135.0	1563.8
135.5	1567.6
136.0	1571.6
136.5	1576.6
137.0	1579.8
137.5	1583.4
138.0	1587.4
138.5	1593.4
139.0	1598.4
139.5	1603.0
140.0	1606.0
140.5	1610.6
141.0	1615.2
141.5	1618.6
142.0	1624.8
142.5	1628.4
143.0	1633.0
143.5	1636.6
144.0	1643.0
144.5	1647.0
145.0	1652.4
145.5	1657.2
146.0	1661.2
146.5	1666.4
147.0	1671.2
147.5	1675.0
148.0	1678.6
148.5	1683.2
149.0	1687.4
149.5	1691.2
150.0	1695.0
150.5	1701.0
151.0	1704.8
151.5	1710.0
152.0	1715.4
152.5	1718.2
153.0	1723.8
153.5	1729.2
154.0	1733.2
154.5	1737.4
155.0	1741.0
155.5	1744.8
156.0	1749.8
156.5	1753.0
157.0	1755.6
157.5	1760.4
158.0	1765.2
158.5	1769.2
159.0	1773.0
159.5	1777.0
160.0	1779.6
160.5	1783.2
161.0	1789.8
161.5	1793.6
162.0	1796.0
162.5	1800.2
163.0	1804.0
163.5	1807.0
164.0	1811.2
164.5	1814.0
165.0	1820.2
165.5	1823.8
166.0	1828.0
166.5	1832.2
167.0	1835.2
167.5	1838.6
168.0	1842.6
168.5	1847.0
169.0	1850.2
169.5	1854.6
170.0	1858.6
170.5	1863.0
171.0	1866.2
171.5	1869.4
172.0	1872.6
172.5	1877.8
173.0	1882.4
173.5	1887.2
174.0	1890.6
174.5	1894.0
175.0	1898.4
175.5	1902.4
176.0	1905.6
176.5	1911.8
177.0	1915.8
177.5	1919.0
178.0	1925.0
178.5	1928.2
179.0	1932.2
179.5	1937.4
180.0	1942.2
180.5	1946.6
181.0	1949.2
181.5	1952.8
182.0	1957.0
182.5	1959.8
183.0	1964.2
183.5	1968.2
184.0	1972.8
184.5	1977.2
185.0	1981.2
185.5	1983.2
186.0	1985.8
186.5	1990.6
187.0	1993.8
187.5	1998.0
188.0	2002.8
188.5	2007.0
189.0	2010.4
189.5	2014.0
190.0	2017.6
190.5	2020.2
191.0	2023.4
191.5	2027.2
192.0	2030.6
192.5	2035.2
193.0	2037.6
193.5	2040.6
194.0	2047.2
194.5	2050.8
195.0	2054.6
195.5	2058.0
196.0	2061.4
196.5	2065.2
197.0	2068.4
197.5	2072.0
198.0	2075.2
198.5	2079.6
199.0	2084.4
199.5	2087.2
200.0	2092.2
200.5	2097.4
201.0	2102.4
201.5	2106.0
202.0	2111.0
202.5	2114.8
203.0	2118.8
203.5	2124.8
204.0	2127.6
204.5	2131.8
205.0	2136.8
205.5	2141.2
206.0	2145.8
206.5	2151.0
207.0	2155.2
207.5	2159.0
208.0	2162.8
208.5	2166.2
209.0	2170.6
209.5	2172.2
210.0	2177.8
210.5	2180.4
211.0	2184.2
211.5	2186.8
212.0	2191.2
212.5	2196.8
213.0	2200.6
213.5	2203.0
214.0	2205.8
214.5	2210.6
215.0	2215.2
215.5	2220.6
216.0	2223.6
216.5	2227.4
217.0	2232.4
217.5	2235.4
218.0	2238.6
218.5	2242.2
219.0	2245.0
219.5	2248.0
220.0	2251.6
220.5	2255.4
221.0	2258.4
221.5	2262.6
222.0	2267.6
222.5	2273.4
223.0	2277.0
223.5	2281.4
224.0	2286.6
224.5	2290.0
225.0	2294.8
225.5	2297.6
226.0	2301.2
226.5	2305.2
227.0	2309.2
227.5	2313.0
228.0	2317.4
228.5	2322.8
229.0	2328.2
229.5	2331.8
230.0	2335.8
230.5	2342.2
231.0	2346.2
231.5	2351.2
232.0	2355.2
232.5	2359.8
233.0	2364.4
233.5	2367.6
234.0	2372.4
234.5	2376.6
235.0	2379.0
235.5	2383.8
236.0	2388.4
236.5	2393.2
237.0	2396.2
237.5	2399.6
238.0	2401.6
238.5	2405.2
239.0	2410.0
239.5	2413.8
240.0	2417.4
240.5	2422.0
241.0	2427.6
241.5	2429.6
242.0	2433.8
242.5	2437.4
243.0	2443.2
243.5	2446.8
244.0	2450.6
244.5	2453.6
245.0	2457.4
245.5	2462.8
246.0	2465.6
246.5	2467.2
247.0	2471.0
247.5	2476.2
248.0	2479.2
248.5	2484.2
249.0	2490.2
249.5	2493.8
250.0	2497.8
250.5	2501.6
251.0	2506.2
251.5	2510.4
252.0	2514.8
252.5	2518.8
253.0	2524.8
253.5	2528.6
254.0	2530.6
254.5	2534.8
255.0	2539.8
255.5	2543.6
256.0	2547.0
256.5	2550.6
257.0	2555.6
257.5	2559.8
258.0	2566.4
258.5	2569.4
259.0	2573.6
259.5	2577.2
260.0	2581.2
260.5	2584.6
261.0	2588.0
261.5	2592.6
262.0	2595.4
262.5	2599.6
263.0	2604.2
263.5	2607.6
264.0	2610.2
264.5	2615.0
265.0	2617.8
265.5	2623.0
266.0	2626.2
266.5	2629.4
267.0	2634.6
267.5	2639.0
268.0	2643.6
268.5	2647.8
269.0	2652.4
269.5	2657.6
270.0	2660.8
270.5	2664.0
271.0	2666.6
271.5	2671.0
272.0	2675.6
272.5	2679.6
273.0	2684.0
273.5	2689.6
274.0	2693.8
274.5	2696.4
275.0	2700.0
275.5	2703.0
276.0	2707.4
276.5	2709.8
277.0	2713.4
277.5	2718.2
278.0	2722.4
278.5	2725.6
279.0	2727.2
279.5	2729.6
280.0	2734.4
280.5	2739.2
281.0	2743.0
281.5	2748.2
282.0	2750.8
282.5	2754.6
283.0	2759.2
283.5	2762.0
284.0	2766.4
284.5	2771.8
285.0	2775.2
285.5	2777.6
286.0	2782.2
286.5	2787.0
287.0	2791.0
287.5	2795.0
288.0	2798.2
288.5	2803.0
289.0	2807.0
289.5	2810.2
290.0	2813.2
290.5	2816.0
291.0	2820.0
291.5	2824.2
292.0	2827.4
292.5	2832.0
293.0	2835.8
293.5	2839.8
294.0	2844.2
294.5	2848.0
295.0	2854.0
295.5	2857.2
296.0	2861.8
296.5	2865.8
297.0	2869.6
297.5	2873.6
298.0	2877.4
298.5	2881.2
299.0	2884.8
299.5	2888.2
300.0	2891.4
