0.06534	0.74
0.0	0.0
0.5	0.0
1.0	0.2
1.5	1.2
2.0	3.0
2.5	4.4
3.0	6.6
3.5	9.0
4.0	12.0
4.5	15.8
5.0	20.6
5.5	25.0
6.0	28.2
6.5	33.0
7.0	38.2
7.5	43.0
8.0	49.8
8.5	55.4
9.0	62.2
9.5	70.2
10.0	77.4
10.5	83.4
11.0	90.2
11.5	96.6
12.0	103.6
12.5	110.0
13.0	117.0
13.5	123.8
14.0	131.0
14.5	138.2
15.0	145.6
15.5	153.0
16.0	160.0
16.5	167.8
17.0	178.0
17.5	187.4
18.0	197.4
18.5	208.6
19.0	217.2
19.5	223.8
20.0	232.2
20.5	240.4
21.0	249.2
21.5	258.6
22.0	265.8
22.5	276.4
23.0	282.6
23.5	289.8
24.0	298.6
24.5	307.0
25.0	312.8
25.5	319.4
26.0	328.8
26.5	336.2
27.0	346.2
27.5	353.6
28.0	361.0
28.5	368.8
29.0	376.8
29.5	384.0
30.0	391.8
30.5	400.0
31.0	409.4
31.5	419.8
32.0	428.0
32.5	434.2
33.0	441.2
33.5	446.0
34.0	452.2
34.5	460.8
35.0	467.4
35.5	476.8
36.0	483.8
36.5	492.0
37.0	500.8
37.5	508.8
38.0	516.0
38.5	524.4
39.0	531.0
39.5	536.6
40.0	544.2
40.5	553.0
41.0	562.0
41.5	568.2
42.0	575.6
42.5	581.2
43.0	587.8
43.5	595.2
44.0	603.6
44.5	608.0
45.0	613.6
45.5	620.0
46.0	627.0
46.5	635.4
47.0	640.2
47.5	645.6
48.0	653.4
48.5	661.0
49.0	667.6
49.5	673.8
50.0	680.0
50.5	687.2
51.0	693.4
51.5	699.8
52.0	707.2
52.5	713.0
53.0	719.0
53.5	728.0
54.0	736.2
54.5	742.8
55.0	751.0
55.5	759.4
56.0	764.8
56.5	771.4
57.0	776.4
57.5	781.8
58.0	789.0
58.5	796.8
59.0	801.2
59.5	807.4
60.0	813.6
60.5	820.0
61.0	827.4
61.5	832.0
62.0	836.8
62.5	842.4
63.0	849.6
63.5	856.0
64.0	863.2
64.5	867.8
65.0	874.0
65.5	881.4
66.0	887.0
66.5	893.4
67.0	898.2
67.5	905.2
68.0	911.2
68.5	916.4
69.0	922.0
69.5	927.4
70.0	932.4
70.5	939.0
71.0	944.4
71.5	948.8
72.0	952.6
72.5	958.8
73.0	964.6
73.5	969.8
74.0	974.2
74.5	981.0
75.0	989.6
75.5	995.2
76.0	1001.0
76.5	1005.4
77.0	1011.0
77.5	1018.0
78.0	1023.6
78.5	1029.6
79.0	1037.0
79.5	1041.8
80.0	1047.8
80.5	1052.2
81.0	1058.0
81.5	1062.0
82.0	1067.8
82.5	1072.6
83.0	1077.4
83.5	1081.6
84.0	1087.2
84.5	1093.2
85.0	1097.4
85.5	1101.0
86.0	1104.8
86.5	1110.8
87.0	1116.2
87.5	1120.8
88.0	1125.4
88.5	1132.6
89.0	1137.8
89.5	1143.0
90.0	1149.4
90.5	1155.8
91.0	1160.2
91.5	1164.2
92.0	1168.4
92.5	1174.2
93.0	1177.8
93.5	1185.4
94.0	1191.0
94.5	1195.4
95.0	1198.8
95.5	1203.2
96.0	1210.6
96.5	1215.6
97.0	1219.4
97.5	1223.8
98.0	1227.8
98.5	1233.4
99.0	1238.0
99.5	1243.0
100.0	1248.8
100.5	1253.6
101.0	1257.8
101.5	1262.4
102.0	1267.8
102.5	1272.2
103.0	1277.6
103.5	1282.4
104.0	1286.8
104.5	1292.2
105.0	1296.6
105.5	1299.8
106.0	1305.6
106.5	1311.0
107.0	1314.8
107.5	1319.6
108.0	1325.6
108.5	1330.4
109.0	1335.0
109.5	1341.6
110.0	1346.2
110.5	1350.2
111.0	1356.6
111.5	1361.4
112.0	1365.6
112.5	1371.2
113.0	1376.0
113.5	1379.4
114.0	1383.8
114.5	1388.2
115.0	1393.6
115.5	1396.0
116.0	1400.8
116.5	1404.8
117.0	1408.8
117.5	1412.6
118.0	1417.0
118.5	1421.4
119.0	1426.6
119.5	1431.2
120.0	1434.6
120.5	1438.8
121.0	1445.2
121.5	1451.2
122.0	1454.4
122.5	1458.4
123.0	1462.4
123.5	1466.6
124.0	1471.8
124.5	1475.4
125.0	1478.8
125.5	1482.2
126.0	1486.4
126.5	1490.6
127.0	1495.6
127.5	1502.0
128.0	1507.0
128.5	1510.6
129.0	1516.4
129.5	1522.0
130.0	1527.2
130.5	1532.8
131.0	1535.2
131.5	1540.2
132.0	1544.0
132.5	1549.0
133.0	1553.2
133.5	1557.4
134.0	1561.8
134.5	1565.2
135.0	1569.4
135.5	1574.0
136.0	1578.8
136.5	1582.2
137.0	1587.6
137.5	1591.4
138.0	1595.6
138.5	1599.8
139.0	1603.6
139.5	1608.4
140.0	1612.0
140.5	1616.8
141.0	1621.8
141.5	1626.4
142.0	1628.8
142.5	1632.6
143.0	1639.2
143.5	1643.0
144.0	1646.8
144.5	1651.4
145.0	1654.8
145.5	1659.4
146.0	1663.6
146.5	1669.4
147.0	1673.0
147.5	1678.6
148.0	1683.0
148.5	1685.4
149.0	1688.8
149.5	1693.6
150.0	1697.2
150.5	1701.0
151.0	1706.2
151.5	1709.4
152.0	1713.2
152.5	1717.2
153.0	1721.4
153.5	1724.8
154.0	1728.2
154.5	1732.4
155.0	1737.4
155.5	1741.0
156.0	1745.6
156.5	1751.2
157.0	1754.8
157.5	1759.6
158.0	1763.6
158.5	1768.6
159.0	1773.4
159.5	1778.4
160.0	1781.6
160.5	1785.0
161.0	1789.6
161.5	1792.8
162.0	1797.0
162.5	1800.6
163.0	1804.8
163.5	1808.0
164.0	1814.0
164.5	1819.2
165.0	1823.4
165.5	1827.0
166.0	1831.2
166.5	1835.0
167.0	1838.8
167.5	1845.0
168.0	1848.6
168.5	1852.6
169.0	1857.6
169.5	1863.6
170.0	1868.0
170.5	1871.6
171.0	1877.0
171.5	1881.8
172.0	1884.4
172.5	1888.6
173.0	1893.2
173.5	1896.6
174.0	1899.2
174.5	1902.2
175.0	1906.0
175.5	1911.0
176.0	1914.8
176.5	1920.0
177.0	1921.6
177.5	1924.8
178.0	1928.0
178.5	1933.0
179.0	1937.2
179.5	1942.2
180.0	1946.4
180.5	1949.8
181.0	1954.2
181.5	1957.8
182.0	1961.8
182.5	1965.6
183.0	1969.8
183.5	1974.2
184.0	1978.8
184.5	1981.6
185.0	1986.8
185.5	1993.4
186.0	1997.4
186.5	2002.6
187.0	2007.4
187.5	2011.6
188.0	2014.0
188.5	2016.8
189.0	2020.0
189.5	2023.0
190.0	2027.8
190.5	2033.4
191.0	2037.8
191.5	2043.6
192.0	2048.4
192.5	2053.0
193.0	2057.6
193.5	2061.2
194.0	2065.6
194.5	2069.6
195.0	2072.6
195.5	2077.0
196.0	2081.0
196.5	2085.6
197.0	2089.6
197.5	2093.8
198.0	2098.4
198.5	2101.6
199.0	2105.2
199.5	2109.6
200.0	2113.0
200.5	2118.6
201.0	2122.8
201.5	2126.6
202.0	2132.4
202.5	2137.2
203.0	2142.0
203.5	2147.0
204.0	2149.2
204.5	2153.0
205.0	2157.2
205.5	2161.2
206.0	2164.4
206.5	2169.8
207.0	2173.4
207.5	2178.0
208.0	2181.8
208.5	2186.0
209.0	2190.0
209.5	2194.2
210.0	2197.6
210.5	2202.4
211.0	2205.4
211.5	2207.6
212.0	2210.2
212.5	2214.4
213.0	2219.2
213.5	2223.4
214.0	2227.2
214.5	2231.8
215.0	2235.0
215.5	2241.6
216.0	2247.4
216.5	2251.4
217.0	2255.8
217.5	2261.0
218.0	2263.4
218.5	2266.4
219.0	2269.6
219.5	2274.8
220.0	2279.6
220.5	2283.8
221.0	2287.6
221.5	2291.8
222.0	2295.4
222.5	2299.4
223.0	2304.2
223.5	2308.4
224.0	2312.4
224.5	2318.0
225.0	2321.8
225.5	2324.8
226.0	2327.8
226.5	2332.0
227.0	2335.2
227.5	2340.6
228.0	2344.4
228.5	2347.2
229.0	2350.2
229.5	2354.2
230.0	2358.0
230.5	2362.2
231.0	2367.2
231.5	2370.2
232.0	2374.2
232.5	2377.6
233.0	2381.0
233.5	2385.4
234.0	2388.6
234.5	2393.6
235.0	2398.4
235.5	2403.0
236.0	2406.2
236.5	2410.2
237.0	2414.0
237.5	2417.4
238.0	2421.8
238.5	2427.2
239.0	2432.0
239.5	2435.4
240.0	2438.0
240.5	2442.2
241.0	2446.4
241.5	2448.8
242.0	2451.6
242.5	2453.8
243.0	2458.0
243.5	2462.0
244.0	2465.4
244.5	2470.4
245.0	2475.6
245.5	2479.6
246.0	2483.6
246.5	2487.4
247.0	2493.4
247.5	2497.4
248.0	2499.6
248.5	2503.6
249.0	2506.8
249.5	2511.0
250.0	2514.2
250.5	2518.2
251.0	2522.0
251.5	2525.6
252.0	2529.4
252.5	2534.4
253.0	2539.0
253.5	2543.8
254.0	2547.0
254.5	2550.2
255.0	2555.2
255.5	2557.4
256.0	2561.8
256.5	2566.2
257.0	2568.8
257.5	2572.2
258.0	2578.0
258.5	2581.0
259.0	2585.8
259.5	2589.2
260.0	2592.4
260.5	2596.8
261.0	2600.0
261.5	2604.0
262.0	2606.0
262.5	2610.4
263.0	2613.6
263.5	2618.4
264.0	2623.0
264.5	2626.6
265.0	2630.6
265.5	2633.4
266.0	2636.6
266.5	2640.8
267.0	2645.6
267.5	2649.8
268.0	2654.6
268.5	2659.8
269.0	2663.4
269.5	2667.8
270.0	2673.4
270.5	2677.2
271.0	2679.4
271.5	2684.4
272.0	2688.6
272.5	2694.4
273.0	2698.4
273.5	2703.4
274.0	2708.0
274.5	2711.4
275.0	2713.8
275.5	2716.8
276.0	2720.4
276.5	2725.8
277.0	2729.0
277.5	2733.0
278.0	2737.0
278.5	2741.6
279.0	2745.0
279.5	2748.8
280.0	2753.0
280.5	2757.0
281.0	2761.0
281.5	2765.6
282.0	2770.4
282.5	2774.6
283.0	2778.4
283.5	2781.6
284.0	2785.0
284.5	2788.8
285.0	2793.4
285.5	2797.6
286.0	2802.8
286.5	2806.8
287.0	2810.8
287.5	2814.6
288.0	2819.8
288.5	2823.8
289.0	2829.0
289.5	2834.2
290.0	2837.6
290.5	2839.8
291.0	2845.4
291.5	2848.2
292.0	2852.8
292.5	2856.8
293.0	2860.2
293.5	2865.2
294.0	2870.2
294.5	2873.4
295.0	2878.4
295.5	2882.4
296.0	2888.2
296.5	2892.2
297.0	2896.2
297.5	2898.6
298.0	2902.0
298.5	2903.8
299.0	2907.6
299.5	2911.0
300.0	2918.2
