0.04356	0.52
0.0	0.0
0.5	0.0
1.0	0.0
1.5	0.4
2.0	1.2
2.5	2.6
3.0	5.0
3.5	7.0
4.0	10.2
4.5	14.2
5.0	18.0
5.5	20.8
6.0	26.2
6.5	31.4
7.0	35.8
7.5	40.0
8.0	46.8
8.5	51.0
9.0	58.2
9.5	65.0
10.0	72.8
10.5	78.6
11.0	85.4
11.5	91.4
12.0	99.6
12.5	107.2
13.0	114.4
13.5	122.4
14.0	128.8
14.5	137.8
15.0	143.6
15.5	150.2
16.0	157.4
16.5	168.6
17.0	175.4
17.5	185.0
18.0	193.8
18.5	203.2
19.0	211.6
19.5	218.4
20.0	225.4
20.5	230.6
21.0	241.4
21.5	248.8
22.0	256.0
22.5	264.2
23.0	272.8
23.5	279.2
24.0	287.4
24.5	292.0
25.0	300.8
25.5	307.6
26.0	316.4
26.5	323.2
27.0	330.2
27.5	340.4
28.0	349.6
28.5	355.4
29.0	364.0
29.5	369.0
30.0	377.4
30.5	386.8
31.0	394.4
31.5	403.8
32.0	413.0
32.5	420.4
33.0	428.0
33.5	436.6
34.0	446.0
34.5	452.0
35.0	460.4
35.5	466.6
36.0	474.2
36.5	479.4
37.0	488.4
37.5	495.4
38.0	503.8
38.5	508.0
39.0	516.6
39.5	524.4
40.0	532.4
40.5	539.0
41.0	546.0
41.5	554.0
42.0	561.0
42.5	569.0
43.0	574.8
43.5	582.0
44.0	588.6
44.5	596.4
45.0	606.6
45.5	615.0
46.0	622.6
46.5	628.4
47.0	634.6
47.5	640.6
48.0	648.2
48.5	656.0
49.0	661.0
49.5	666.8
50.0	673.2
50.5	679.6
51.0	684.6
51.5	689.0
52.0	697.2
52.5	704.8
53.0	711.8
53.5	718.8
54.0	726.8
54.5	731.6
55.0	736.6
55.5	744.2
56.0	750.6
56.5	758.0
57.0	762.6
57.5	769.2
58.0	776.2
58.5	781.8
59.0	785.4
59.5	793.0
60.0	800.2
60.5	806.8
61.0	813.0
61.5	819.4
62.0	824.4
62.5	831.6
63.0	836.4
63.5	842.6
64.0	849.8
64.5	857.0
65.0	863.2
65.5	868.4
66.0	874.8
66.5	882.4
67.0	888.0
67.5	894.8
68.0	899.6
68.5	904.2
69.0	910.2
69.5	915.8
70.0	923.6
70.5	928.8
71.0	933.0
71.5	940.4
72.0	945.8
72.5	950.8
73.0	955.6
73.5	961.6
74.0	965.2
74.5	970.4
75.0	977.2
75.5	981.6
76.0	989.0
76.5	994.4
77.0	998.0
77.5	1001.8
78.0	1007.2
78.5	1012.8
79.0	1018.0
79.5	1024.2
80.0	1028.0
80.5	1031.6
81.0	1037.6
81.5	1042.2
82.0	1047.8
82.5	1053.2
83.0	1060.4
83.5	1067.0
84.0	1071.8
84.5	1077.6
85.0	1082.4
85.5	1087.4
86.0	1091.4
86.5	1095.6
87.0	1102.2
87.5	1108.2
88.0	1114.0
88.5	1121.0
89.0	1125.8
89.5	1131.4
90.0	1136.2
90.5	1140.2
91.0	1146.8
91.5	1152.0
92.0	1157.8
92.5	1162.6
93.0	1166.6
93.5	1174.4
94.0	1178.4
94.5	1181.6
95.0	1188.0
95.5	1194.6
96.0	1200.2
96.5	1204.6
97.0	1207.6
97.5	1214.0
98.0	1219.6
98.5	1225.2
99.0	1229.2
99.5	1233.6
100.0	1237.0
100.5	1240.4
101.0	1245.4
101.5	1251.0
102.0	1256.8
102.5	1261.4
103.0	1265.4
103.5	1270.2
104.0	1277.0
104.5	1280.8
105.0	1284.2
105.5	1289.8
106.0	1295.0
106.5	1301.2
107.0	1307.2
107.5	1311.6
108.0	1315.4
108.5	1321.4
109.0	1324.8
109.5	1330.4
110.0	1334.2
110.5	1337.8
111.0	1342.6
111.5	1348.4
112.0	1352.8
112.5	1356.4
113.0	1362.2
113.5	1368.8
114.0	1372.8
114.5	1375.4
115.0	1378.8
115.5	1382.6
116.0	1389.8
116.5	1394.6
117.0	1398.6
117.5	1401.4
118.0	1405.6
118.5	1409.2
119.0	1415.8
119.5	1420.2
120.0	1427.4
120.5	1430.4
121.0	1435.6
121.5	1438.6
122.0	1443.6
122.5	1447.2
123.0	1451.0
123.5	1456.4
124.0	1461.2
124.5	1464.4
125.0	1471.2
125.5	1474.6
126.0	1479.0
126.5	1483.6
127.0	1488.4
127.5	1493.2
128.0	1495.8
128.5	1501.8
129.0	1504.8
129.5	1509.2
130.0	1512.2
130.5	1515.8
131.0	1519.4
131.5	1525.2
132.0	1530.0
132.5	1535.2
133.0	1539.8
133.5	1545.4
134.0	1550.6
134.5	1555.2
135.0	1559.0
135.5	1564.2
136.0	1567.8
136.5	1571.8
137.0	1575.2
137.5	1579.6
138.0	1583.8
138.5	1588.0
139.0	1591.8
139.5	1596.6
140.0	1601.0
140.5	1605.6
141.0	1609.6
141.5	1613.6
142.0	1618.0
142.5	1622.8
143.0	1627.6
143.5	1630.4
144.0	1635.8
144.5	1640.2
145.0	1645.2
145.5	1650.0
146.0	1654.0
146.5	1659.0
147.0	1662.2
147.5	1666.0
148.0	1669.8
148.5	1673.2
149.0	1678.8
149.5	1683.6
150.0	1687.8
150.5	1692.2
151.0	1696.4
151.5	1701.0
152.0	1704.8
152.5	1708.8
153.0	1714.4
153.5	1720.0
154.0	1723.4
154.5	1727.6
155.0	1732.2
155.5	1736.2
156.0	1740.2
156.5	1744.2
157.0	1748.2
157.5	1753.2
158.0	1757.6
158.5	1760.4
159.0	1764.4
159.5	1769.2
160.0	1774.8
160.5	1779.6
161.0	1784.6
161.5	1788.0
162.0	1793.2
162.5	1797.2
163.0	1800.0
163.5	1803.0
164.0	1808.6
164.5	1813.4
165.0	1819.6
165.5	1824.8
166.0	1830.6
166.5	1834.2
167.0	1839.2
167.5	1843.0
168.0	1847.0
168.5	1850.6
169.0	1853.6
169.5	1859.6
170.0	1864.4
170.5	1868.4
171.0	1871.2
171.5	1875.4
172.0	1879.4
172.5	1882.6
173.0	1886.4
173.5	1891.6
174.0	1894.4
174.5	1899.0
175.0	1903.4
175.5	1907.2
176.0	1911.8
176.5	1916.2
177.0	1920.8
177.5	1926.6
178.0	1928.4
178.5	1932.2
179.0	1936.4
179.5	1940.8
180.0	1945.0
180.5	1948.0
181.0	1951.2
181.5	1956.0
182.0	1958.6
182.5	1964.6
183.0	1969.8
183.5	1972.2
184.0	1976.6
184.5	1980.6
185.0	1985.4
185.5	1991.0
186.0	1994.0
186.5	1999.4
187.0	2002.8
187.5	2007.8
188.0	2012.0
188.5	2016.6
189.0	2022.2
189.5	2025.4
190.0	2028.2
190.5	2032.0
191.0	2035.4
191.5	2037.2
192.0	2039.6
192.5	2043.6
193.0	2047.8
193.5	2050.8
194.0	2055.4
194.5	2057.6
195.0	2061.6
195.5	2065.6
196.0	2068.8
196.5	2072.8
197.0	2075.6
197.5	2079.0
198.0	2082.2
198.5	2087.0
199.0	2090.4
199.5	2095.2
200.0	2100.8
200.5	2105.2
201.0	2108.0
201.5	2109.8
202.0	2114.6
202.5	2119.2
203.0	2124.6
203.5	2127.4
204.0	2130.6
204.5	2136.4
205.0	2140.0
205.5	2144.6
206.0	2147.2
206.5	2152.6
207.0	2157.2
207.5	2161.2
208.0	2165.8
208.5	2170.4
209.0	2175.8
209.5	2182.2
210.0	2186.8
210.5	2191.0
211.0	2194.0
211.5	2198.4
212.0	2203.6
212.5	2207.0
213.0	2210.6
213.5	2215.2
214.0	2219.8
214.5	2224.4
215.0	2228.8
215.5	2232.6
216.0	2236.8
216.5	2239.8
217.0	2244.0
217.5	2247.6
218.0	2252.0
218.5	2255.8
219.0	2259.4
219.5	2263.6
220.0	2266.8
220.5	2269.4
221.0	2273.2
221.5	2277.2
222.0	2282.8
222.5	2287.0
223.0	2290.0
223.5	2295.0
224.0	2298.4
224.5	2301.8
225.0	2307.8
225.5	2309.6
226.0	2313.4
226.5	2319.4
227.0	2323.2
227.5	2327.6
228.0	2331.2
228.5	2334.8
229.0	2337.8
229.5	2342.6
230.0	2346.2
230.5	2349.8
231.0	2354.4
231.5	2359.4
232.0	2363.8
232.5	2366.8
233.0	2370.4
233.5	2373.4
234.0	2376.2
234.5	2379.2
235.0	2383.6
235.5	2389.2
236.0	2394.0
236.5	2399.2
237.0	2403.8
237.5	2408.0
238.0	2411.0
238.5	2415.8
239.0	2420.0
239.5	2425.2
240.0	2429.4
240.5	2434.2
241.0	2437.8
241.5	2441.0
242.0	2446.8
242.5	2450.4
243.0	2456.4
243.5	2460.0
244.0	2464.0
244.5	2467.2
245.0	2470.8
245.5	2473.4
246.0	2477.6
246.5	2482.0
247.0	2485.2
247.5	2490.0
248.0	2494.4
248.5	2497.8
249.0	2500.8
249.5	2504.8
250.0	2509.2
250.5	2512.8
251.0	2517.0
251.5	2521.4
252.0	2525.6
252.5	2529.8
253.0	2534.6
253.5	2537.8
254.0	2540.8
254.5	2546.0
255.0	2551.2
255.5	2554.6
256.0	2558.6
256.5	2565.0
257.0	2568.4
257.5	2573.8
258.0	2579.4
258.5	2581.4
259.0	2586.4
259.5	2592.0
260.0	2597.2
260.5	2601.0
261.0	2603.8
261.5	2608.0
262.0	2611.8
262.5	2616.0
263.0	2619.6
263.5	2623.0
264.0	2626.8
264.5	2631.0
265.0	2634.8
265.5	2638.6
266.0	2642.2
266.5	2646.2
267.0	2649.8
267.5	2653.6
268.0	2658.8
268.5	2661.2
269.0	2665.8
269.5	2669.2
270.0	2672.8
270.5	2676.4
271.0	2679.8
271.5	2685.0
272.0	2688.8
272.5	2692.2
273.0	2695.4
273.5	2699.6
274.0	2702.8
274.5	2706.8
275.0	2709.2
275.5	2713.2
276.0	2716.0
276.5	2719.4
277.0	2723.6
277.5	2727.4
278.0	2731.6
278.5	2734.2
279.0	2737.0
279.5	2742.0
280.0	2746.6
280.5	2750.2
281.0	2755.0
281.5	2758.8
282.0	2763.2
282.5	2768.0
283.0	2772.0
283.5	2776.2
284.0	2779.4
284.5	2783.8
285.0	2788.0
285.5	2791.0
286.0	2795.0
286.5	2797.2
287.0	2800.8
287.5	2803.4
288.0	2807.0
288.5	2811.0
289.0	2814.4
289.5	2818.8
290.0	2824.0
290.5	2827.8
291.0	2831.2
291.5	2835.4
292.0	2840.8
292.5	2844.8
293.0	2847.6
293.5	2851.2
294.0	2855.8
294.5	2859.6
295.0	2864.6
295.5	2867.6
296.0	2871.2
296.5	2873.8
297.0	2877.8
297.5	2881.4
298.0	2886.2
298.5	2889.8
299.0	2895.2
299.5	2896.6
300.0	2900.0
