0.06138	0.62
0.0	0.0
0.5	0.0
1.0	0.4
1.5	1.4
2.0	2.6
2.5	4.6
3.0	5.4
3.5	7.6
4.0	11.2
4.5	13.6
5.0	18.0
5.5	22.8
6.0	27.4
6.5	32.2
7.0	37.4
7.5	41.4
8.0	46.6
8.5	53.4
9.0	60.4
9.5	66.4
10.0	73.4
10.5	80.4
11.0	86.8
11.5	93.2
12.0	99.8
12.5	108.2
13.0	114.6
13.5	122.4
14.0	129.2
14.5	136.2
15.0	144.0
15.5	152.6
16.0	158.8
16.5	166.6
17.0	175.8
17.5	184.0
18.0	191.8
18.5	200.4
19.0	208.0
19.5	215.4
20.0	223.0
20.5	229.6
21.0	238.4
21.5	246.2
22.0	251.8
22.5	261.6
23.0	267.8
23.5	276.6
24.0	283.4
24.5	293.4
25.0	303.8
25.5	312.6
26.0	322.0
26.5	329.8
27.0	336.0
27.5	342.4
28.0	351.2
28.5	358.4
29.0	365.0
29.5	372.0
30.0	378.6
30.5	387.0
31.0	395.4
31.5	405.0
32.0	414.4
32.5	421.0
33.0	428.2
33.5	436.2
34.0	444.2
34.5	451.2
35.0	457.4
35.5	466.0
36.0	472.6
36.5	478.8
37.0	488.0
37.5	494.4
38.0	504.8
38.5	514.0
39.0	520.2
39.5	527.6
40.0	535.8
40.5	544.0
41.0	550.4
41.5	558.4
42.0	565.6
42.5	574.6
43.0	582.2
43.5	590.6
44.0	599.4
44.5	605.2
45.0	613.8
45.5	618.4
46.0	623.8
46.5	629.2
47.0	636.6
47.5	645.4
48.0	651.0
48.5	659.8
49.0	666.8
49.5	673.2
50.0	682.0
50.5	689.2
51.0	698.6
51.5	706.6
52.0	714.0
52.5	720.0
53.0	727.2
53.5	732.8
54.0	741.2
54.5	747.4
55.0	753.8
55.5	760.6
56.0	767.0
56.5	773.6
57.0	782.0
57.5	787.6
58.0	794.8
58.5	800.8
59.0	807.2
59.5	813.6
60.0	819.4
60.5	825.2
61.0	832.8
61.5	840.8
62.0	847.6
62.5	854.8
63.0	860.0
63.5	867.0
64.0	873.4
64.5	878.0
65.0	885.6
65.5	891.6
66.0	897.0
66.5	902.8
67.0	909.2
67.5	916.0
68.0	920.4
68.5	926.0
69.0	931.0
69.5	935.4
70.0	939.0
70.5	944.8
71.0	950.2
71.5	956.2
72.0	961.8
72.5	967.6
73.0	973.6
73.5	980.2
74.0	983.2
74.5	990.8
75.0	996.4
75.5	1004.2
76.0	1009.6
76.5	1015.4
77.0	1021.8
77.5	1028.8
78.0	1034.4
78.5	1040.8
79.0	1045.0
79.5	1049.0
80.0	1053.8
80.5	1059.0
81.0	1062.8
81.5	1068.2
82.0	1073.2
82.5	1078.8
83.0	1086.0
83.5	1090.2
84.0	1095.6
84.5	1101.8
85.0	1106.2
85.5	1111.0
86.0	1116.0
86.5	1121.0
87.0	1126.4
87.5	1131.6
88.0	1138.6
88.5	1142.6
89.0	1147.8
89.5	1153.4
90.0	1158.0
90.5	1163.4
91.0	1168.6
91.5	1174.0
92.0	1180.0
92.5	1185.0
93.0	1191.2
93.5	1194.8
94.0	1200.4
94.5	1204.0
95.0	1207.6
95.5	1211.6
96.0	1216.8
96.5	1223.4
97.0	1230.2
97.5	1235.6
98.0	1239.2
98.5	1243.6
99.0	1248.4
99.5	1253.8
100.0	1257.2
100.5	1262.6
101.0	1267.4
101.5	1271.4
102.0	1275.2
102.5	1279.2
103.0	1286.0
103.5	1290.8
104.0	1294.6
104.5	1299.2
105.0	1303.6
105.5	1305.8
106.0	1310.6
106.5	1314.8
107.0	1319.0
107.5	1324.4
108.0	1329.2
108.5	1333.6
109.0	1337.4
109.5	1342.4
110.0	1348.2
110.5	1353.0
111.0	1358.8
111.5	1363.4
112.0	1367.4
112.5	1373.0
113.0	1376.4
113.5	1381.2
114.0	1385.4
114.5	1391.8
115.0	1395.4
115.5	1401.2
116.0	1405.8
116.5	1410.4
117.0	1415.2
117.5	1420.4
118.0	1426.0
118.5	1429.4
119.0	1432.8
119.5	1439.6
120.0	1442.0
120.5	1447.4
121.0	1452.4
121.5	1457.0
122.0	1462.2
122.5	1468.0
123.0	1472.2
123.5	1477.2
124.0	1482.0
124.5	1488.2
125.0	1492.2
125.5	1496.4
126.0	1501.4
126.5	1505.4
127.0	1510.0
127.5	1513.8
128.0	1519.0
128.5	1524.8
129.0	1530.0
129.5	1532.8
130.0	1535.8
130.5	1540.4
131.0	1545.0
131.5	1548.6
132.0	1552.6
132.5	1557.0
133.0	1562.8
133.5	1566.2
134.0	1569.2
134.5	1573.8
135.0	1579.0
135.5	1583.0
136.0	1587.0
136.5	1593.8
137.0	1598.8
137.5	1603.0
138.0	1608.2
138.5	1611.6
139.0	1616.6
139.5	1620.2
140.0	1624.0
140.5	1631.8
141.0	1636.4
141.5	1641.4
142.0	1645.8
142.5	1649.6
143.0	1654.2
143.5	1659.8
144.0	1665.2
144.5	1669.6
145.0	1673.2
145.5	1677.4
146.0	1679.8
146.5	1684.6
147.0	1688.6
147.5	1692.8
148.0	1698.2
148.5	1702.4
149.0	1706.4
149.5	1711.4
150.0	1718.2
150.5	1723.2
151.0	1727.2
151.5	1732.4
152.0	1737.0
152.5	1741.0
153.0	1744.0
153.5	1748.0
154.0	1752.4
154.5	1756.6
155.0	1760.2
155.5	1765.4
156.0	1770.2
156.5	1774.4
157.0	1778.0
157.5	1781.8
158.0	1784.4
158.5	1787.4
159.0	1792.6
159.5	1797.4
160.0	1802.0
160.5	1807.4
161.0	1811.6
161.5	1815.8
162.0	1821.4
162.5	1826.4
163.0	1829.0
163.5	1833.0
164.0	1838.2
164.5	1844.0
165.0	1849.6
165.5	1853.2
166.0	1855.2
166.5	1859.2
167.0	1861.8
167.5	1865.2
168.0	1868.2
168.5	1871.6
169.0	1876.6
169.5	1881.0
170.0	1884.6
170.5	1889.8
171.0	1893.8
171.5	1899.0
172.0	1904.4
172.5	1908.0
173.0	1913.6
173.5	1918.0
174.0	1923.6
174.5	1927.2
175.0	1931.0
175.5	1934.6
176.0	1939.0
176.5	1942.6
177.0	1944.4
177.5	1948.8
178.0	1954.0
178.5	1957.4
179.0	1961.2
179.5	1964.8
180.0	1969.2
180.5	1972.8
181.0	1977.0
181.5	1979.6
182.0	1982.4
182.5	1985.6
183.0	1989.8
183.5	1994.4
184.0	1999.6
184.5	2006.6
185.0	2010.2
185.5	2013.2
186.0	2017.4
186.5	2020.8
187.0	2025.0
187.5	2030.2
188.0	2035.0
188.5	2039.2
189.0	2041.6
189.5	2044.0
190.0	2049.2
190.5	2053.4
191.0	2058.0
191.5	2063.0
192.0	2067.8
192.5	2071.2
193.0	2075.6
193.5	2078.2
194.0	2083.0
194.5	2086.6
195.0	2088.6
195.5	2093.6
196.0	2096.6
196.5	2100.6
197.0	2105.0
197.5	2109.2
198.0	2113.4
198.5	2118.0
199.0	2123.2
199.5	2126.8
200.0	2130.4
200.5	2135.2
201.0	2138.8
201.5	2143.8
202.0	2147.6
202.5	2151.8
203.0	2154.4
203.5	2157.8
204.0	2161.8
204.5	2166.6
205.0	2170.0
205.5	2174.8
206.0	2179.2
206.5	2183.6
207.0	2187.6
207.5	2191.6
208.0	2195.6
208.5	2199.4
209.0	2202.8
209.5	2206.6
210.0	2210.0
210.5	2214.2
211.0	2218.0
211.5	2221.6
212.0	2226.4
212.5	2230.4
213.0	2234.0
213.5	2237.2
214.0	2241.8
214.5	2244.8
215.0	2248.0
215.5	2252.4
216.0	2257.4
216.5	2262.0
217.0	2265.6
217.5	2270.8
218.0	2276.4
218.5	2280.0
219.0	2283.6
219.5	2288.0
220.0	2290.6
220.5	2295.4
221.0	2299.4
221.5	2303.2
222.0	2306.4
222.5	2309.4
223.0	2314.4
223.5	2318.8
224.0	2323.2
224.5	2326.2
225.0	2330.4
225.5	2334.4
226.0	2338.2
226.5	2342.4
227.0	2345.4
227.5	2349.4
228.0	2351.6
228.5	2355.2
229.0	2357.8
229.5	2361.8
230.0	2364.2
230.5	2368.6
231.0	2374.4
231.5	2376.8
232.0	2382.0
232.5	2386.8
233.0	2392.0
233.5	2396.4
234.0	2401.0
234.5	2405.0
235.0	2408.2
235.5	2412.4
236.0	2415.6
236.5	2420.6
237.0	2424.0
237.5	2429.6
238.0	2433.0
238.5	2438.2
239.0	2442.2
239.5	2448.0
240.0	2450.0
240.5	2454.0
241.0	2458.8
241.5	2463.2
242.0	2467.6
242.5	2472.2
243.0	2475.2
243.5	2479.2
244.0	2483.0
244.5	2486.8
245.0	2490.2
245.5	2494.0
246.0	2497.8
246.5	2501.0
247.0	2506.0
247.5	2511.8
248.0	2514.2
248.5	2519.2
249.0	2524.0
249.5	2527.6
250.0	2530.4
250.5	2533.2
251.0	2536.6
251.5	2542.4
252.0	2545.8
252.5	2550.4
253.0	2556.0
253.5	2559.8
254.0	2563.0
254.5	2567.0
255.0	2571.4
255.5	2574.4
256.0	2579.8
256.5	2584.8
257.0	2587.6
257.5	2592.0
258.0	2597.2
258.5	2603.0
259.0	2608.4
259.5	2613.2
260.0	2616.0
260.5	2619.4
261.0	2623.0
261.5	2625.8
262.0	2629.6
262.5	2634.6
263.0	2637.6
263.5	2642.0
264.0	2647.8
264.5	2652.4
265.0	2655.8
265.5	2661.0
266.0	2665.2
266.5	2669.8
267.0	2674.0
267.5	2676.6
268.0	2680.6
268.5	2684.6
269.0	2690.4
269.5	2693.2
270.0	2699.0
270.5	2702.8
271.0	2707.0
271.5	2711.4
272.0	2714.4
272.5	2716.2
273.0	2720.4
273.5	2723.8
274.0	2728.0
274.5	2732.0
275.0	2736.8
275.5	2740.8
276.0	2744.8
276.5	2748.2
277.0	2752.0
277.5	2756.2
278.0	2760.4
278.5	2764.8
279.0	2768.0
279.5	2772.8
280.0	2776.8
280.5	2779.6
281.0	2783.8
281.5	2785.6
282.0	2789.6
282.5	2793.6
283.0	2796.8
283.5	2800.8
284.0	2805.4
284.5	2807.2
285.0	2810.6
285.5	2815.0
286.0	2818.6
286.5	2822.0
287.0	2825.4
287.5	2829.6
288.0	2834.0
288.5	2838.2
289.0	2841.0
289.5	2843.8
290.0	2847.6
290.5	2852.4
291.0	2855.2
291.5	2859.0
292.0	2863.2
292.5	2869.2
293.0	2872.2
293.5	2875.8
294.0	2879.8
294.5	2884.6
295.0	2888.2
295.5	2892.4
296.0	2895.4
296.5	2900.0
297.0	2903.8
297.5	2909.0
298.0	2910.8
298.5	2912.8
299.0	2918.0
299.5	2921.6
300.0	2925.2
