0.09504	0.96
0.0	0.0
0.5	0.0
1.0	0.0
1.5	1.2
2.0	2.0
2.5	5.0
3.0	8.2
3.5	10.4
4.0	12.2
4.5	16.4
5.0	19.6
5.5	23.8
6.0	28.2
6.5	33.8
7.0	38.8
7.5	45.0
8.0	52.2
8.5	58.6
9.0	64.6
9.5	71.0
10.0	76.8
10.5	84.6
11.0	90.6
11.5	97.6
12.0	104.8
12.5	111.4
13.0	118.6
13.5	128.4
14.0	133.2
14.5	139.8
15.0	146.6
15.5	155.2
16.0	161.8
16.5	169.6
17.0	177.0
17.5	185.0
18.0	192.6
18.5	202.0
19.0	209.0
19.5	218.2
20.0	227.8
20.5	235.2
21.0	242.8
21.5	250.6
22.0	259.0
22.5	269.2
23.0	276.6
23.5	282.6
24.0	292.4
24.5	298.4
25.0	307.2
25.5	316.6
26.0	321.4
26.5	329.6
27.0	336.8
27.5	344.6
28.0	353.0
28.5	361.4
29.0	370.4
29.5	377.0
30.0	384.8
30.5	392.2
31.0	400.4
31.5	409.4
32.0	420.2
32.5	426.4
33.0	434.6
33.5	442.2
34.0	450.0
34.5	457.2
35.0	462.6
35.5	471.6
36.0	479.0
36.5	486.2
37.0	494.4
37.5	500.2
38.0	506.8
38.5	514.0
39.0	523.0
39.5	530.0
40.0	539.0
40.5	547.6
41.0	552.8
41.5	561.0
42.0	572.2
42.5	579.0
43.0	587.2
43.5	593.2
44.0	600.8
44.5	607.0
45.0	613.8
45.5	619.0
46.0	626.2
46.5	631.4
47.0	638.8
47.5	645.2
48.0	653.0
48.5	660.0
49.0	665.8
49.5	672.4
50.0	679.0
50.5	684.0
51.0	689.4
51.5	698.0
52.0	705.6
52.5	711.2
53.0	718.6
53.5	725.6
54.0	734.0
54.5	738.8
55.0	743.0
55.5	750.2
56.0	758.4
56.5	765.2
57.0	770.6
57.5	776.4
58.0	781.0
58.5	787.8
59.0	793.4
59.5	800.6
60.0	806.4
60.5	813.0
61.0	819.4
61.5	824.4
62.0	830.8
62.5	836.4
63.0	843.2
63.5	849.2
64.0	856.0
64.5	862.4
65.0	869.4
65.5	875.6
66.0	881.4
66.5	888.4
67.0	893.4
67.5	898.2
68.0	903.6
68.5	908.6
69.0	913.2
69.5	919.6
70.0	925.4
70.5	929.2
71.0	935.0
71.5	939.6
72.0	945.8
72.5	951.6
73.0	956.0
73.5	963.0
74.0	968.6
74.5	976.8
75.0	981.6
75.5	987.8
76.0	992.8
76.5	997.4
77.0	1003.0
77.5	1008.4
78.0	1015.6
78.5	1022.4
79.0	1027.6
79.5	1032.4
80.0	1039.0
80.5	1045.4
81.0	1050.8
81.5	1056.2
82.0	1061.2
82.5	1065.4
83.0	1071.2
83.5	1075.6
84.0	1081.6
84.5	1085.2
85.0	1089.4
85.5	1093.4
86.0	1098.0
86.5	1101.6
87.0	1107.6
87.5	1113.4
88.0	1117.4
88.5	1123.0
89.0	1128.6
89.5	1134.0
90.0	1140.2
90.5	1146.0
91.0	1150.0
91.5	1155.4
92.0	1160.0
92.5	1166.0
93.0	1169.8
93.5	1173.8
94.0	1180.0
94.5	1184.4
95.0	1187.8
95.5	1192.8
96.0	1198.2
96.5	1204.4
97.0	1209.8
97.5	1214.6
98.0	1217.6
98.5	1221.2
99.0	1225.0
99.5	1228.6
100.0	1233.8
100.5	1237.8
101.0	1241.4
101.5	1246.4
102.0	1251.8
102.5	1259.2
103.0	1263.8
103.5	1267.4
104.0	1270.8
104.5	1275.2
105.0	1280.6
105.5	1287.6
106.0	1292.2
106.5	1296.4
107.0	1302.0
107.5	1305.8
108.0	1310.2
108.5	1313.6
109.0	1318.0
109.5	1322.6
110.0	1327.8
110.5	1331.0
111.0	1334.8
111.5	1339.8
112.0	1344.0
112.5	1350.0
113.0	1356.0
113.5	1360.4
114.0	1365.2
114.5	1368.8
115.0	1374.0
115.5	1378.8
116.0	1383.4
116.5	1390.4
117.0	1394.8
117.5	1399.8
118.0	1405.2
118.5	1410.4
119.0	1414.4
119.5	1418.8
120.0	1424.4
120.5	1430.6
121.0	1435.0
121.5	1438.2
122.0	1442.6
122.5	1447.0
123.0	1451.8
123.5	1455.2
124.0	1460.8
124.5	1464.0
125.0	1467.2
125.5	1472.6
126.0	1477.0
126.5	1480.4
127.0	1486.0
127.5	1489.2
128.0	1493.2
128.5	1498.0
129.0	1503.6
129.5	1507.4
130.0	1511.2
130.5	1515.6
131.0	1517.8
131.5	1523.8
132.0	1529.6
132.5	1534.2
133.0	1537.8
133.5	1541.6
134.0	1546.2
134.5	1551.2
135.0	1556.0
135.5	1560.6
136.0	1566.6
136.5	1571.4
137.0	1576.0
137.5	1579.2
138.0	1582.6
138.5	1587.0
139.0	1590.2
139.5	1595.0
140.0	1599.6
140.5	1604.2
141.0	1609.0
141.5	1614.2
142.0	1619.2
142.5	1624.6
143.0	1629.2
143.5	1633.0
144.0	1638.0
144.5	1643.0
145.0	1648.4
145.5	1650.4
146.0	1653.4
146.5	1657.6
147.0	1662.8
147.5	1667.2
148.0	1670.8
148.5	1676.6
149.0	1681.2
149.5	1688.4
150.0	1693.2
150.5	1698.2
151.0	1705.2
151.5	1709.4
152.0	1712.0
152.5	1717.2
153.0	1723.8
153.5	1728.4
154.0	1733.6
154.5	1737.6
155.0	1741.2
155.5	1747.0
156.0	1750.4
156.5	1755.4
157.0	1759.0
157.5	1764.2
158.0	1770.2
158.5	1774.0
159.0	1779.4
159.5	1782.0
160.0	1785.6
160.5	1789.6
161.0	1793.8
161.5	1800.2
162.0	1805.2
162.5	1808.0
163.0	1812.2
163.5	1818.0
164.0	1822.0
164.5	1825.8
165.0	1830.4
165.5	1835.6
166.0	1840.4
166.5	1843.6
167.0	1846.6
167.5	1851.0
168.0	1855.2
168.5	1859.4
169.0	1863.6
169.5	1868.0
170.0	1872.4
170.5	1877.0
171.0	1881.2
171.5	1886.6
172.0	1889.8
172.5	1893.4
173.0	1897.2
173.5	1901.2
174.0	1906.6
174.5	1910.8
175.0	1917.2
175.5	1921.0
176.0	1924.6
176.5	1929.0
177.0	1931.8
177.5	1937.2
178.0	1941.2
178.5	1947.6
179.0	1952.0
179.5	1955.0
180.0	1959.4
180.5	1962.0
181.0	1966.8
181.5	1971.8
182.0	1976.0
182.5	1981.6
183.0	1986.4
183.5	1991.2
184.0	1996.0
184.5	2000.8
185.0	2005.0
185.5	2009.0
186.0	2013.8
186.5	2017.2
187.0	2021.4
187.5	2023.8
188.0	2028.8
188.5	2034.4
189.0	2038.6
189.5	2042.6
190.0	2047.4
190.5	2053.2
191.0	2058.2
191.5	2061.0
192.0	2065.8
192.5	2070.8
193.0	2073.8
193.5	2077.0
194.0	2081.0
194.5	2084.6
195.0	2089.0
195.5	2092.2
196.0	2096.4
196.5	2100.6
197.0	2104.8
197.5	2109.0
198.0	2112.6
198.5	2116.2
199.0	2121.0
199.5	2126.6
200.0	2129.4
200.5	2133.4
201.0	2137.2
201.5	2139.8
202.0	2143.6
202.5	2148.0
203.0	2152.0
203.5	2156.2
204.0	2159.6
204.5	2165.0
205.0	2169.2
205.5	2172.0
206.0	2175.6
206.5	2179.2
207.0	2182.8
207.5	2187.0
208.0	2190.6
208.5	2194.6
209.0	2199.8
209.5	2203.8
210.0	2207.6
210.5	2211.2
211.0	2213.8
211.5	2218.2
212.0	2223.2
212.5	2226.4
213.0	2230.4
213.5	2235.0
214.0	2238.6
214.5	2243.4
215.0	2247.6
215.5	2249.0
216.0	2253.2
216.5	2256.0
217.0	2259.4
217.5	2265.2
218.0	2269.6
218.5	2276.2
219.0	2281.4
219.5	2287.0
220.0	2289.4
220.5	2293.6
221.0	2298.0
221.5	2303.2
222.0	2307.0
222.5	2310.0
223.0	2313.4
223.5	2319.2
224.0	2322.6
224.5	2327.6
225.0	2331.4
225.5	2336.4
226.0	2342.6
226.5	2346.6
227.0	2349.8
227.5	2354.8
228.0	2358.0
228.5	2361.2
229.0	2363.6
229.5	2370.6
230.0	2374.8
230.5	2380.8
231.0	2384.0
231.5	2386.8
232.0	2390.0
232.5	2393.2
233.0	2397.4
233.5	2403.0
234.0	2406.2
234.5	2409.6
235.0	2413.6
235.5	2418.4
236.0	2423.0
236.5	2427.6
237.0	2432.8
237.5	2436.0
238.0	2439.6
238.5	2444.6
239.0	2448.8
239.5	2452.6
240.0	2456.8
240.5	2461.2
241.0	2463.8
241.5	2468.0
242.0	2471.2
242.5	2474.2
243.0	2478.4
243.5	2482.6
244.0	2485.6
244.5	2488.6
245.0	2491.2
245.5	2497.4
246.0	2500.4
246.5	2503.4
247.0	2507.2
247.5	2512.0
248.0	2515.6
248.5	2519.6
249.0	2524.2
249.5	2529.0
250.0	2535.8
250.5	2540.4
251.0	2544.6
251.5	2549.2
252.0	2552.8
252.5	2557.0
253.0	2561.2
253.5	2564.2
254.0	2567.8
254.5	2571.2
255.0	2576.2
255.5	2579.4
256.0	2583.0
256.5	2587.6
257.0	2589.2
257.5	2592.8
258.0	2597.4
258.5	2601.6
259.0	2605.2
259.5	2608.2
260.0	2613.2
260.5	2617.4
261.0	2621.2
261.5	2624.8
262.0	2630.0
262.5	2634.4
263.0	2640.0
263.5	2644.8
264.0	2648.4
264.5	2650.2
265.0	2655.4
265.5	2659.8
266.0	2663.0
266.5	2667.2
267.0	2670.6
267.5	2675.4
268.0	2678.2
268.5	2680.6
269.0	2684.8
269.5	2688.8
270.0	2693.6
270.5	2697.2
271.0	2701.4
271.5	2705.0
272.0	2709.2
272.5	2711.8
273.0	2716.0
273.5	2718.8
274.0	2722.8
274.5	2726.6
275.0	2730.6
275.5	2734.0
276.0	2738.2
276.5	2743.6
277.0	2746.6
277.5	2751.6
278.0	2755.6
278.5	2758.8
279.0	2763.2
279.5	2766.8
280.0	2770.6
280.5	2776.6
281.0	2779.6
281.5	2781.6
282.0	2785.8
282.5	2789.0
283.0	2793.2
283.5	2797.0
284.0	2801.8
284.5	2805.4
285.0	2807.6
285.5	2812.4
286.0	2817.8
286.5	2821.4
287.0	2825.2
287.5	2829.6
288.0	2832.2
288.5	2835.6
289.0	2841.2
289.5	2844.6
290.0	2847.6
290.5	2852.2
291.0	2858.4
291.5	2862.6
292.0	2866.6
292.5	2869.8
293.0	2874.4
293.5	2879.6
294.0	2883.6
294.5	2887.2
295.0	2890.6
295.5	2894.2
296.0	2896.6
296.5	2898.4
297.0	2902.0
297.5	2905.0
298.0	2909.6
298.5	2913.2
299.0	2915.4
299.5	2920.0
300.0	2923.4
