0.04554	0.64
0.0	0.0
0.5	0.0
1.0	0.6
1.5	1.2
2.0	2.6
2.5	4.8
3.0	6.8
3.5	8.4
4.0	11.4
4.5	15.0
5.0	18.8
5.5	23.8
6.0	29.4
6.5	34.4
7.0	40.6
7.5	46.8
8.0	53.2
8.5	58.6
9.0	64.4
9.5	69.8
10.0	78.4
10.5	85.0
11.0	91.4
11.5	98.4
12.0	104.8
12.5	111.8
13.0	119.4
13.5	126.2
14.0	133.4
14.5	140.6
15.0	146.4
15.5	154.6
16.0	162.2
16.5	170.6
17.0	180.8
17.5	189.0
18.0	195.4
18.5	202.8
19.0	210.2
19.5	218.2
20.0	226.0
20.5	234.6
21.0	243.2
21.5	252.4
22.0	262.6
22.5	270.2
23.0	279.0
23.5	284.6
24.0	292.0
24.5	299.4
25.0	305.8
25.5	311.8
26.0	320.6
26.5	331.2
27.0	340.2
27.5	348.4
28.0	356.2
28.5	363.4
29.0	371.0
29.5	377.6
30.0	384.2
30.5	393.8
31.0	401.6
31.5	408.2
32.0	417.2
32.5	426.8
33.0	435.6
33.5	439.8
34.0	449.6
34.5	457.6
35.0	465.4
35.5	472.4
36.0	479.8
36.5	488.4
37.0	496.4
37.5	503.4
38.0	510.2
38.5	516.2
39.0	522.8
39.5	530.8
40.0	538.2
40.5	544.4
41.0	550.0
41.5	558.4
42.0	569.6
42.5	578.6
43.0	585.8
43.5	594.0
44.0	601.2
44.5	608.2
45.0	612.6
45.5	619.0
46.0	627.0
46.5	632.8
47.0	638.8
47.5	647.2
48.0	653.2
48.5	659.6
49.0	666.6
49.5	673.0
50.0	679.6
50.5	688.6
51.0	696.4
51.5	703.6
52.0	711.8
52.5	717.0
53.0	723.8
53.5	731.6
54.0	737.6
54.5	743.8
55.0	751.6
55.5	758.0
56.0	764.6
56.5	771.2
57.0	776.8
57.5	783.8
58.0	789.2
58.5	796.6
59.0	802.8
59.5	809.0
60.0	814.8
60.5	822.0
61.0	829.0
61.5	835.0
62.0	839.8
62.5	845.4
63.0	850.2
63.5	855.0
64.0	860.6
64.5	864.8
65.0	869.6
65.5	875.0
66.0	879.0
66.5	884.6
67.0	889.2
67.5	893.8
68.0	900.6
68.5	904.6
69.0	909.4
69.5	914.8
70.0	919.8
70.5	927.0
71.0	933.0
71.5	938.8
72.0	942.8
72.5	948.8
73.0	953.4
73.5	959.2
74.0	964.8
74.5	968.0
75.0	971.8
75.5	979.0
76.0	984.4
76.5	989.2
77.0	993.2
77.5	999.0
78.0	1003.8
78.5	1009.4
79.0	1015.6
79.5	1019.0
80.0	1022.8
80.5	1028.4
81.0	1033.2
81.5	1038.4
82.0	1042.4
82.5	1048.4
83.0	1053.6
83.5	1058.8
84.0	1064.6
84.5	1070.0
85.0	1075.6
85.5	1081.2
86.0	1085.8
86.5	1091.6
87.0	1098.2
87.5	1103.2
88.0	1111.0
88.5	1115.0
89.0	1118.8
89.5	1124.8
90.0	1129.0
90.5	1134.8
91.0	1139.2
91.5	1144.4
92.0	1149.4
92.5	1155.0
93.0	1159.8
93.5	1164.6
94.0	1169.2
94.5	1175.0
95.0	1181.4
95.5	1187.2
96.0	1191.8
96.5	1198.4
97.0	1202.6
97.5	1208.0
98.0	1212.8
98.5	1217.6
99.0	1221.8
99.5	1227.2
100.0	1231.4
100.5	1236.0
101.0	1240.2
101.5	1245.0
102.0	1250.4
102.5	1254.2
103.0	1259.2
103.5	1264.0
104.0	1267.6
104.5	1271.8
105.0	1277.2
105.5	1281.8
106.0	1284.4
106.5	1288.0
107.0	1295.0
107.5	1300.2
108.0	1306.2
108.5	1312.4
109.0	1316.8
109.5	1322.4
110.0	1328.4
110.5	1334.0
111.0	1338.0
111.5	1342.8
112.0	1346.8
112.5	1353.4
113.0	1358.4
113.5	1363.0
114.0	1366.6
114.5	1369.8
115.0	1373.4
115.5	1378.0
116.0	1381.4
116.5	1385.8
117.0	1392.0
117.5	1397.4
118.0	1401.6
118.5	1409.0
119.0	1416.4
119.5	1421.2
120.0	1424.4
120.5	1428.6
121.0	1433.8
121.5	1438.2
122.0	1443.0
122.5	1449.0
123.0	1456.2
123.5	1462.4
124.0	1466.8
124.5	1471.8
125.0	1476.4
125.5	1481.2
126.0	1484.8
126.5	1489.2
127.0	1492.6
127.5	1496.2
128.0	1499.8
128.5	1504.0
129.0	1508.8
129.5	1512.2
130.0	1516.4
130.5	1521.6
131.0	1525.2
131.5	1528.6
132.0	1532.0
132.5	1535.8
133.0	1539.8
133.5	1544.4
134.0	1549.6
134.5	1554.2
135.0	1559.6
135.5	1562.4
136.0	1569.6
136.5	1575.4
137.0	1578.8
137.5	1585.0
138.0	1589.4
138.5	1594.8
139.0	1598.4
139.5	1603.2
140.0	1607.0
140.5	1610.6
141.0	1615.0
141.5	1619.4
142.0	1622.4
142.5	1626.4
143.0	1629.6
143.5	1633.4
144.0	1637.6
144.5	1642.0
145.0	1645.8
145.5	1648.6
146.0	1652.4
146.5	1657.2
147.0	1663.2
147.5	1666.4
148.0	1671.2
148.5	1675.6
149.0	1680.4
149.5	1683.6
150.0	1687.8
150.5	1692.4
151.0	1694.8
151.5	1698.4
152.0	1702.4
152.5	1705.8
153.0	1709.4
153.5	1713.4
154.0	1717.0
154.5	1721.4
155.0	1725.2
155.5	1729.8
156.0	1734.8
156.5	1738.4
157.0	1742.6
157.5	1747.6
158.0	1751.8
158.5	1754.6
159.0	1758.0
159.5	1763.6
160.0	1769.4
160.5	1774.4
161.0	1777.6
161.5	1782.8
162.0	1785.6
162.5	1790.0
163.0	1795.2
163.5	1799.4
164.0	1803.8
164.5	1810.6
165.0	1813.0
165.5	1818.4
166.0	1822.8
166.5	1827.2
167.0	1832.4
167.5	1835.4
168.0	1841.0
168.5	1844.8
169.0	1847.2
169.5	1852.4
170.0	1857.2
170.5	1861.4
171.0	1865.8
171.5	1868.6
172.0	1872.4
172.5	1877.4
173.0	1881.2
173.5	1885.0
174.0	1888.6
174.5	1892.6
175.0	1897.0
175.5	1901.2
176.0	1907.6
176.5	1909.8
177.0	1912.4
177.5	1915.6
178.0	1920.4
178.5	1925.8
179.0	1930.6
179.5	1934.0
180.0	1938.8
180.5	1944.2
181.0	1948.0
181.5	1953.0
182.0	1957.0
182.5	1961.2
183.0	1965.8
183.5	1970.6
184.0	1976.0
184.5	1979.6
185.0	1983.0
185.5	1987.6
186.0	1992.8
186.5	1996.4
187.0	1999.8
187.5	2002.8
188.0	2006.8
188.5	2011.4
189.0	2015.4
189.5	2018.8
190.0	2022.6
190.5	2026.2
191.0	2029.6
191.5	2033.4
192.0	2037.4
192.5	2041.8
193.0	2047.6
193.5	2052.4
194.0	2056.4
194.5	2060.2
195.0	2064.6
195.5	2069.2
196.0	2073.0
196.5	2079.4
197.0	2083.4
197.5	2087.6
198.0	2092.0
198.5	2096.8
199.0	2101.0
199.5	2105.4
200.0	2109.8
200.5	2114.2
201.0	2118.0
201.5	2121.6
202.0	2125.6
202.5	2129.6
203.0	2133.8
203.5	2138.2
204.0	2140.8
204.5	2144.4
205.0	2148.6
205.5	2152.4
206.0	2158.0
206.5	2162.6
207.0	2167.0
207.5	2171.2
208.0	2174.2
208.5	2177.4
209.0	2182.4
209.5	2188.2
210.0	2193.0
210.5	2197.6
211.0	2203.2
211.5	2207.4
212.0	2211.2
212.5	2215.0
213.0	2219.8
213.5	2223.6
214.0	2227.0
214.5	2231.2
215.0	2235.2
215.5	2238.4
216.0	2242.0
216.5	2245.2
217.0	2249.8
217.5	2255.4
218.0	2260.4
218.5	2265.6
219.0	2270.2
219.5	2273.8
220.0	2277.8
220.5	2282.2
221.0	2285.8
221.5	2289.6
222.0	2292.8
222.5	2297.0
223.0	2302.0
223.5	2306.0
224.0	2309.2
224.5	2315.4
225.0	2320.2
225.5	2326.2
226.0	2329.0
226.5	2332.4
227.0	2335.8
227.5	2340.4
228.0	2344.0
228.5	2348.0
229.0	2351.2
229.5	2356.4
230.0	2361.0
230.5	2365.4
231.0	2367.8
231.5	2371.8
232.0	2375.6
232.5	2378.6
233.0	2384.2
233.5	2388.0
234.0	2391.6
234.5	2396.0
235.0	2401.0
235.5	2405.6
236.0	2410.6
236.5	2413.4
237.0	2418.2
237.5	2421.6
238.0	2424.6
238.5	2428.6
239.0	2433.4
239.5	2436.8
240.0	2440.2
240.5	2444.2
241.0	2449.6
241.5	2453.6
242.0	2457.8
242.5	2461.6
243.0	2466.0
243.5	2471.4
244.0	2476.4
244.5	2480.6
245.0	2485.4
245.5	2489.4
246.0	2493.4
246.5	2497.6
247.0	2503.8
247.5	2507.6
248.0	2511.8
248.5	2515.8
249.0	2519.2
249.5	2522.8
250.0	2527.8
250.5	2531.2
251.0	2535.8
251.5	2539.0
252.0	2543.2
252.5	2546.2
253.0	2550.4
253.5	2554.4
254.0	2557.4
254.5	2562.0
255.0	2566.8
255.5	2569.2
256.0	2572.6
256.5	2577.6
257.0	2581.2
257.5	2585.4
258.0	2589.4
258.5	2592.6
259.0	2597.2
259.5	2600.6
260.0	2604.4
260.5	2608.4
261.0	2612.4
261.5	2615.6
262.0	2619.2
262.5	2623.8
263.0	2627.6
263.5	2631.8
264.0	2635.6
264.5	2640.0
265.0	2644.4
265.5	2649.0
266.0	2654.2
266.5	2656.6
267.0	2661.2
267.5	2666.0
268.0	2669.8
268.5	2674.4
269.0	2678.0
269.5	2683.0
270.0	2686.6
270.5	2690.8
271.0	2694.6
271.5	2698.8
272.0	2702.6
272.5	2705.4
273.0	2709.8
273.5	2714.6
274.0	2717.6
274.5	2722.0
275.0	2725.6
275.5	2730.0
276.0	2735.4
276.5	2738.8
277.0	2742.8
277.5	2746.6
278.0	2751.2
278.5	2756.8
279.0	2759.0
279.5	2764.8
280.0	2768.8
280.5	2773.0
281.0	2776.6
281.5	2782.4
282.0	2787.0
282.5	2790.6
283.0	2794.4
283.5	2798.0
284.0	2802.2
284.5	2806.8
285.0	2810.6
285.5	2814.2
286.0	2817.6
286.5	2822.8
287.0	2825.4
287.5	2828.6
288.0	2833.4
288.5	2837.0
289.0	2842.2
289.5	2845.0
290.0	2848.4
290.5	2852.2
291.0	2856.2
291.5	2859.6
292.0	2861.6
292.5	2866.0
293.0	2869.4
293.5	2873.2
294.0	2876.6
294.5	2881.0
295.0	2885.8
295.5	2890.2
296.0	2893.0
296.5	2898.4
297.0	2903.4
297.5	2907.4
298.0	2912.0
298.5	2916.2
299.0	2920.0
299.5	2924.4
300.0	2927.4
