0.06732	0.2
0.0	0.0
0.5	0.0
1.0	0.8
1.5	1.6
2.0	2.6
2.5	5.0
3.0	5.8
3.5	8.4
4.0	11.2
4.5	16.2
5.0	19.4
5.5	24.6
6.0	30.4
6.5	34.4
7.0	38.6
7.5	42.8
8.0	46.2
8.5	52.8
9.0	57.6
9.5	65.4
10.0	72.4
10.5	77.8
11.0	85.0
11.5	91.4
12.0	98.0
12.5	105.0
13.0	112.6
13.5	121.6
14.0	132.2
14.5	139.6
15.0	148.0
15.5	153.8
16.0	161.6
16.5	168.6
17.0	176.2
17.5	183.8
18.0	190.6
18.5	197.2
19.0	205.8
19.5	216.2
20.0	224.2
20.5	234.2
21.0	245.2
21.5	252.0
22.0	258.2
22.5	266.8
23.0	274.4
23.5	282.8
24.0	290.6
24.5	300.2
25.0	311.8
25.5	318.6
26.0	328.6
26.5	334.8
27.0	343.8
27.5	351.2
28.0	359.6
28.5	366.2
29.0	372.4
29.5	382.4
30.0	390.0
30.5	397.2
31.0	405.8
31.5	413.6
32.0	419.8
32.5	428.6
33.0	437.0
33.5	444.0
34.0	451.2
34.5	459.2
35.0	468.2
35.5	474.2
36.0	480.8
36.5	487.4
37.0	496.2
37.5	503.4
38.0	512.0
38.5	518.2
39.0	526.0
39.5	531.8
40.0	540.6
40.5	549.4
41.0	557.4
41.5	563.0
42.0	571.0
42.5	580.2
43.0	588.6
43.5	597.2
44.0	603.0
44.5	609.4
45.0	616.0
45.5	624.2
46.0	632.2
46.5	638.8
47.0	645.0
47.5	652.4
48.0	659.0
48.5	667.2
49.0	673.8
49.5	679.6
50.0	686.2
50.5	691.8
51.0	699.4
51.5	706.6
52.0	714.6
52.5	719.6
53.0	726.4
53.5	734.0
54.0	742.8
54.5	750.4
55.0	758.4
55.5	766.2
56.0	772.4
56.5	778.4
57.0	785.8
57.5	792.8
58.0	799.4
58.5	805.8
59.0	812.6
59.5	820.0
60.0	827.6
60.5	833.8
61.0	839.4
61.5	844.6
62.0	851.2
62.5	855.2
63.0	861.2
63.5	867.6
64.0	874.4
64.5	880.4
65.0	887.2
65.5	894.8
66.0	900.0
66.5	906.2
67.0	910.0
67.5	914.8
68.0	921.4
68.5	925.2
69.0	930.4
69.5	935.4
70.0	942.4
70.5	948.4
71.0	953.4
71.5	959.6
72.0	964.4
72.5	969.2
73.0	974.0
73.5	980.2
74.0	985.6
74.5	991.0
75.0	995.6
75.5	1001.6
76.0	1006.8
76.5	1012.6
77.0	1017.4
77.5	1024.8
78.0	1030.4
78.5	1036.0
79.0	1041.8
79.5	1047.6
80.0	1052.0
80.5	1057.6
81.0	1063.2
81.5	1069.2
82.0	1075.0
82.5	1081.2
83.0	1085.0
83.5	1091.8
84.0	1095.8
84.5	1102.0
85.0	1107.4
85.5	1114.4
86.0	1119.0
86.5	1122.4
87.0	1126.6
87.5	1132.0
88.0	1138.0
88.5	1144.0
89.0	1148.0
89.5	1152.6
90.0	1156.8
90.5	1161.8
91.0	1166.8
91.5	1172.0
92.0	1177.0
92.5	1182.8
93.0	1187.0
93.5	1191.4
94.0	1196.8
94.5	1201.6
95.0	1208.6
95.5	1212.8
96.0	1216.8
96.5	1224.2
97.0	1227.4
97.5	1231.6
98.0	1237.4
98.5	1242.2
99.0	1247.2
99.5	1252.8
100.0	1256.6
100.5	1262.0
101.0	1265.8
101.5	1271.8
102.0	1276.8
102.5	1281.4
103.0	1286.2
103.5	1291.0
104.0	1297.6
104.5	1300.4
105.0	1306.2
105.5	1310.6
106.0	1314.8
106.5	1319.0
107.0	1323.0
107.5	1327.0
108.0	1331.6
108.5	1337.2
109.0	1341.4
109.5	1346.4
110.0	1351.6
110.5	1356.6
111.0	1361.8
111.5	1366.0
112.0	1371.4
112.5	1376.6
113.0	1380.4
113.5	1385.4
114.0	1390.2
114.5	1394.2
115.0	1397.2
115.5	1402.0
116.0	1408.0
116.5	1412.4
117.0	1415.8
117.5	1420.8
118.0	1426.4
118.5	1431.0
119.0	1437.2
119.5	1442.6
120.0	1447.6
120.5	1451.8
121.0	1456.0
121.5	1460.4
122.0	1463.4
122.5	1467.6
123.0	1473.6
123.5	1477.6
124.0	1482.6
124.5	1486.6
125.0	1491.6
125.5	1496.4
126.0	1501.6
126.5	1505.8
127.0	1510.8
127.5	1514.2
128.0	1519.4
128.5	1523.8
129.0	1528.6
129.5	1532.2
130.0	1536.8
130.5	1542.0
131.0	1547.6
131.5	1550.6
132.0	1555.0
132.5	1560.2
133.0	1565.0
133.5	1568.4
134.0	1573.0
134.5	1577.6
135.0	1581.2
135.5	1585.4
136.0	1590.4
136.5	1593.4
137.0	1596.8
137.5	1600.8
138.0	1603.4
138.5	1607.2
139.0	1611.4
139.5	1617.8
140.0	1621.6
140.5	1624.8
141.0	1629.6
141.5	1635.8
142.0	1640.4
142.5	1645.4
143.0	1649.2
143.5	1655.0
144.0	1662.2
144.5	1666.4
145.0	1671.2
145.5	1674.6
146.0	1677.8
146.5	1682.2
147.0	1688.6
147.5	1693.4
148.0	1698.8
148.5	1702.6
149.0	1708.2
149.5	1712.2
150.0	1718.4
150.5	1723.0
151.0	1727.4
151.5	1731.4
152.0	1736.8
152.5	1741.2
153.0	1744.6
153.5	1750.2
154.0	1753.8
154.5	1758.6
155.0	1763.2
155.5	1766.6
156.0	1770.2
156.5	1775.0
157.0	1778.0
157.5	1781.6
158.0	1787.2
158.5	1790.8
159.0	1794.0
159.5	1798.8
160.0	1800.6
160.5	1806.4
161.0	1809.6
161.5	1815.2
162.0	1820.0
162.5	1824.8
163.0	1829.2
163.5	1834.2
164.0	1840.0
164.5	1844.8
165.0	1848.8
165.5	1853.8
166.0	1857.2
166.5	1862.4
167.0	1865.4
167.5	1869.4
168.0	1874.4
168.5	1878.4
169.0	1882.4
169.5	1886.4
170.0	1889.0
170.5	1893.4
171.0	1896.4
171.5	1900.6
172.0	1906.2
172.5	1911.6
173.0	1915.4
173.5	1919.8
174.0	1923.2
174.5	1927.4
175.0	1931.6
175.5	1936.0
176.0	1940.0
176.5	1943.4
177.0	1948.6
177.5	1953.0
178.0	1958.2
178.5	1963.0
179.0	1968.0
179.5	1972.4
180.0	1976.6
180.5	1979.6
181.0	1984.2
181.5	1988.0
182.0	1995.0
182.5	1998.4
183.0	2002.2
183.5	2005.6
184.0	2009.0
184.5	2013.4
185.0	2017.2
185.5	2020.2
186.0	2023.4
186.5	2026.6
187.0	2029.8
187.5	2034.4
188.0	2038.6
188.5	2042.6
189.0	2046.6
189.5	2052.4
190.0	2057.6
190.5	2060.4
191.0	2065.6
191.5	2070.4
192.0	2073.2
192.5	2075.8
193.0	2079.6
193.5	2082.2
194.0	2086.2
194.5	2090.6
195.0	2094.0
195.5	2096.2
196.0	2100.8
196.5	2103.8
197.0	2107.6
197.5	2114.2
198.0	2117.2
198.5	2122.2
199.0	2127.0
199.5	2131.8
200.0	2136.0
200.5	2141.0
201.0	2146.0
201.5	2151.0
202.0	2153.8
202.5	2157.2
203.0	2158.8
203.5	2163.6
204.0	2168.2
204.5	2171.6
205.0	2176.0
205.5	2179.6
206.0	2185.2
206.5	2188.8
207.0	2192.2
207.5	2196.8
208.0	2201.2
208.5	2206.8
209.0	2211.2
209.5	2214.4
210.0	2220.8
210.5	2224.0
211.0	2226.4
211.5	2229.8
212.0	2233.0
212.5	2237.0
213.0	2241.6
213.5	2246.2
214.0	2250.4
214.5	2255.8
215.0	2259.0
215.5	2262.0
216.0	2266.8
216.5	2270.6
217.0	2273.6
217.5	2276.2
218.0	2279.4
218.5	2284.4
219.0	2288.8
219.5	2292.0
220.0	2296.6
220.5	2300.8
221.0	2304.6
221.5	2309.4
222.0	2313.0
222.5	2315.8
223.0	2320.2
223.5	2323.8
224.0	2327.8
224.5	2330.6
225.0	2335.2
225.5	2340.2
226.0	2344.4
226.5	2350.6
227.0	2353.0
227.5	2358.0
228.0	2360.8
228.5	2363.6
229.0	2366.2
229.5	2370.2
230.0	2375.6
230.5	2381.6
231.0	2386.2
231.5	2389.4
232.0	2393.0
232.5	2397.0
233.0	2400.2
233.5	2403.8
234.0	2408.0
234.5	2413.4
235.0	2417.2
235.5	2420.0
236.0	2422.8
236.5	2426.6
237.0	2431.0
237.5	2435.8
238.0	2439.6
238.5	2442.6
239.0	2447.0
239.5	2450.2
240.0	2454.0
240.5	2456.8
241.0	2459.6
241.5	2461.2
242.0	2464.8
242.5	2467.4
243.0	2469.6
243.5	2473.2
244.0	2476.8
244.5	2480.2
245.0	2485.8
245.5	2489.2
246.0	2493.6
246.5	2497.6
247.0	2501.4
247.5	2506.2
248.0	2510.6
248.5	2514.2
249.0	2519.0
249.5	2521.8
250.0	2526.4
250.5	2531.2
251.0	2536.0
251.5	2540.2
252.0	2544.0
252.5	2547.4
253.0	2551.8
253.5	2556.6
254.0	2561.8
254.5	2564.8
255.0	2569.0
255.5	2571.4
256.0	2575.0
256.5	2578.0
257.0	2582.8
257.5	2584.4
258.0	2589.8
258.5	2592.2
259.0	2597.8
259.5	2603.4
260.0	2607.0
260.5	2611.8
261.0	2615.6
261.5	2619.4
262.0	2622.2
262.5	2625.2
263.0	2628.2
263.5	2631.0
264.0	2635.0
264.5	2638.4
265.0	2643.0
265.5	2648.0
266.0	2650.8
266.5	2655.2
267.0	2661.0
267.5	2666.0
268.0	2669.0
268.5	2673.0
269.0	2676.0
269.5	2679.2
270.0	2683.4
270.5	2685.6
271.0	2689.6
271.5	2692.4
272.0	2695.2
272.5	2699.4
273.0	2701.4
273.5	2705.2
274.0	2708.8
274.5	2712.6
275.0	2718.2
275.5	2721.2
276.0	2725.8
276.5	2729.4
277.0	2731.4
277.5	2734.8
278.0	2740.0
278.5	2744.4
279.0	2747.4
279.5	2751.2
280.0	2753.2
280.5	2756.8
281.0	2760.2
281.5	2764.0
282.0	2767.6
282.5	2770.8
283.0	2773.0
283.5	2777.4
284.0	2781.2
284.5	2786.8
285.0	2791.2
285.5	2794.6
286.0	2798.2
286.5	2801.0
287.0	2803.8
287.5	2808.2
288.0	2812.4
288.5	2816.6
289.0	2819.8
289.5	2823.6
290.0	2826.6
290.5	2830.2
291.0	2832.8
291.5	2837.0
292.0	2841.2
292.5	2844.6
293.0	2849.4
293.5	2852.6
294.0	2856.6
294.5	2861.2
295.0	2863.8
295.5	2867.6
296.0	2871.2
296.5	2875.2
297.0	2881.0
297.5	2885.0
298.0	2887.4
298.5	2891.6
299.0	2895.0
299.5	2898.4
300.0	2901.8
