0.01782	0.28
0.0	0.0
0.5	0.0
1.0	0.4
1.5	1.0
2.0	2.0
2.5	4.4
3.0	5.4
3.5	8.6
4.0	11.0
4.5	13.4
5.0	17.2
5.5	22.2
6.0	25.8
6.5	27.8
7.0	31.8
7.5	36.2
8.0	41.0
8.5	46.8
9.0	52.0
9.5	58.4
10.0	63.4
10.5	69.4
11.0	74.4
11.5	82.2
12.0	89.8
12.5	96.0
13.0	103.8
13.5	111.6
14.0	116.2
14.5	122.2
15.0	130.0
15.5	137.6
16.0	144.2
16.5	149.4
17.0	156.0
17.5	164.4
18.0	172.8
18.5	181.8
19.0	188.0
19.5	197.4
20.0	206.6
20.5	215.4
21.0	222.8
21.5	230.4
22.0	240.2
22.5	248.8
23.0	257.4
23.5	265.0
24.0	274.0
24.5	283.4
25.0	292.8
25.5	301.0
26.0	311.0
26.5	316.8
27.0	324.8
27.5	333.4
28.0	344.4
28.5	348.8
29.0	356.4
29.5	363.8
30.0	373.4
30.5	380.0
31.0	386.6
31.5	395.0
32.0	403.2
32.5	413.8
33.0	421.4
33.5	428.2
34.0	436.4
34.5	441.8
35.0	451.8
35.5	461.0
36.0	468.6
36.5	474.4
37.0	483.2
37.5	494.4
38.0	502.2
38.5	510.4
39.0	518.4
39.5	526.4
40.0	534.4
40.5	542.4
41.0	551.0
41.5	558.0
42.0	566.2
42.5	573.2
43.0	580.8
43.5	588.4
44.0	596.4
44.5	603.4
45.0	610.6
45.5	615.0
46.0	622.2
46.5	628.8
47.0	635.2
47.5	641.8
48.0	648.4
48.5	654.6
49.0	662.6
49.5	667.6
50.0	674.2
50.5	681.0
51.0	686.2
51.5	695.2
52.0	703.8
52.5	710.4
53.0	715.8
53.5	722.8
54.0	729.4
54.5	733.4
55.0	741.6
55.5	748.6
56.0	755.4
56.5	763.8
57.0	768.4
57.5	776.8
58.0	780.6
58.5	787.4
59.0	793.8
59.5	799.0
60.0	806.2
60.5	810.0
61.0	816.6
61.5	821.0
62.0	826.2
62.5	832.0
63.0	837.8
63.5	844.0
64.0	850.4
64.5	857.2
65.0	862.2
65.5	868.6
66.0	873.4
66.5	879.4
67.0	885.4
67.5	891.6
68.0	899.4
68.5	906.6
69.0	914.2
69.5	918.6
70.0	924.4
70.5	931.0
71.0	936.2
71.5	941.2
72.0	947.0
72.5	951.8
73.0	959.0
73.5	963.2
74.0	969.0
74.5	975.0
75.0	978.4
75.5	983.2
76.0	990.0
76.5	998.0
77.0	1003.0
77.5	1009.0
78.0	1013.6
78.5	1019.6
79.0	1025.8
79.5	1030.0
80.0	1037.8
80.5	1042.2
81.0	1046.6
81.5	1051.8
82.0	1056.6
82.5	1061.8
83.0	1064.8
83.5	1070.2
84.0	1075.4
84.5	1081.4
85.0	1087.4
85.5	1092.4
86.0	1095.8
86.5	1099.8
87.0	1104.0
87.5	1109.2
88.0	1116.8
88.5	1122.0
89.0	1126.2
89.5	1131.6
90.0	1136.0
90.5	1140.2
91.0	1146.0
91.5	1151.8
92.0	1158.0
92.5	1163.0
93.0	1168.0
93.5	1172.4
94.0	1176.6
94.5	1180.6
95.0	1185.8
95.5	1191.2
96.0	1195.8
96.5	1200.0
97.0	1205.6
97.5	1209.8
98.0	1214.4
98.5	1219.8
99.0	1225.8
99.5	1231.2
100.0	1236.0
100.5	1240.0
101.0	1244.8
101.5	1248.8
102.0	1254.6
102.5	1258.2
103.0	1263.4
103.5	1268.0
104.0	1272.4
104.5	1276.4
105.0	1280.8
105.5	1285.6
106.0	1289.6
106.5	1294.8
107.0	1299.2
107.5	1305.4
108.0	1311.2
108.5	1316.2
109.0	1321.8
109.5	1325.2
110.0	1330.2
110.5	1335.4
111.0	1342.0
111.5	1346.0
112.0	1351.2
112.5	1354.6
113.0	1359.6
113.5	1364.6
114.0	1369.6
114.5	1375.4
115.0	1379.6
115.5	1385.2
116.0	1391.2
116.5	1395.4
117.0	1400.8
117.5	1405.0
118.0	1410.6
118.5	1415.6
119.0	1420.8
119.5	1425.8
120.0	1430.6
120.5	1435.0
121.0	1439.2
121.5	1443.2
122.0	1447.8
122.5	1453.0
123.0	1456.6
123.5	1461.2
124.0	1465.2
124.5	1469.0
125.0	1472.2
125.5	1476.2
126.0	1479.8
126.5	1483.2
127.0	1487.8
127.5	1493.4
128.0	1497.6
128.5	1502.0
129.0	1507.6
129.5	1511.6
130.0	1514.0
130.5	1519.2
131.0	1524.6
131.5	1529.4
132.0	1534.0
132.5	1537.8
133.0	1544.2
133.5	1549.4
134.0	1553.0
134.5	1558.4
135.0	1561.8
135.5	1566.2
136.0	1571.8
136.5	1576.2
137.0	1578.8
137.5	1583.0
138.0	1586.2
138.5	1592.8
139.0	1596.4
139.5	1601.4
140.0	1603.8
140.5	1608.4
141.0	1613.8
141.5	1617.2
142.0	1621.4
142.5	1625.6
143.0	1629.2
143.5	1634.0
144.0	1639.4
144.5	1645.0
145.0	1648.0
145.5	1652.4
146.0	1657.4
146.5	1661.8
147.0	1664.4
147.5	1667.6
148.0	1672.0
148.5	1676.2
149.0	1680.4
149.5	1684.0
150.0	1688.4
150.5	1691.4
151.0	1694.8
151.5	1699.2
152.0	1703.2
152.5	1706.4
153.0	1710.2
153.5	1714.4
154.0	1718.0
154.5	1721.0
155.0	1724.8
155.5	1730.0
156.0	1735.2
156.5	1737.8
157.0	1743.0
157.5	1746.6
158.0	1750.6
158.5	1754.6
159.0	1760.0
159.5	1763.2
160.0	1767.0
160.5	1771.0
161.0	1774.8
161.5	1777.6
162.0	1780.0
162.5	1783.2
163.0	1785.6
163.5	1790.2
164.0	1794.0
164.5	1799.0
165.0	1802.6
165.5	1805.6
166.0	1809.4
166.5	1812.6
167.0	1817.6
167.5	1823.4
168.0	1829.4
168.5	1833.8
169.0	1837.0
169.5	1840.4
170.0	1844.2
170.5	1849.2
171.0	1852.2
171.5	1855.0
172.0	1859.0
172.5	1863.8
173.0	1867.6
173.5	1871.4
174.0	1875.8
174.5	1879.0
175.0	1883.4
175.5	1885.4
176.0	1891.4
176.5	1894.6
177.0	1898.4
177.5	1903.8
178.0	1906.8
178.5	1910.8
179.0	1915.4
179.5	1919.6
180.0	1922.8
180.5	1926.0
181.0	1930.2
181.5	1933.2
182.0	1937.6
182.5	1942.0
183.0	1945.0
183.5	1948.2
184.0	1951.2
184.5	1956.8
185.0	1960.0
185.5	1963.8
186.0	1966.4
186.5	1970.6
187.0	1976.2
187.5	1980.8
188.0	1984.8
188.5	1988.8
189.0	1992.4
189.5	1996.6
190.0	2001.0
190.5	2003.6
191.0	2007.6
191.5	2012.8
192.0	2017.2
192.5	2022.6
193.0	2028.4
193.5	2032.0
194.0	2035.2
194.5	2041.4
195.0	2045.4
195.5	2048.6
196.0	2051.0
196.5	2055.0
197.0	2058.4
197.5	2064.0
198.0	2068.0
198.5	2071.4
199.0	2074.2
199.5	2078.6
200.0	2082.0
200.5	2087.4
201.0	2092.0
201.5	2096.8
202.0	2099.8
202.5	2103.8
203.0	2108.2
203.5	2112.0
204.0	2113.8
204.5	2119.4
205.0	2123.2
205.5	2129.2
206.0	2133.0
206.5	2137.6
207.0	2139.8
207.5	2143.2
208.0	2146.4
208.5	2150.2
209.0	2153.8
209.5	2158.0
210.0	2160.4
210.5	2163.8
211.0	2168.2
211.5	2171.6
212.0	2175.6
212.5	2179.0
213.0	2184.0
213.5	2189.2
214.0	2192.8
214.5	2196.8
215.0	2200.6
215.5	2204.4
216.0	2206.8
216.5	2211.8
217.0	2216.8
217.5	2219.8
218.0	2224.0
218.5	2228.0
219.0	2232.0
219.5	2236.6
220.0	2240.0
220.5	2244.6
221.0	2248.4
221.5	2251.0
222.0	2256.0
222.5	2259.2
223.0	2262.4
223.5	2267.2
224.0	2270.2
224.5	2275.0
225.0	2278.8
225.5	2283.6
226.0	2288.2
226.5	2291.8
227.0	2294.8
227.5	2299.6
228.0	2303.4
228.5	2307.2
229.0	2309.8
229.5	2313.6
230.0	2318.0
230.5	2322.2
231.0	2326.6
231.5	2331.4
232.0	2334.4
232.5	2338.4
233.0	2345.2
233.5	2348.4
234.0	2352.8
234.5	2357.4
235.0	2361.4
235.5	2364.4
236.0	2367.6
236.5	2372.4
237.0	2376.0
237.5	2380.6
238.0	2383.2
238.5	2387.8
239.0	2391.2
239.5	2394.0
240.0	2398.6
240.5	2404.0
241.0	2407.2
241.5	2411.8
242.0	2414.4
242.5	2418.0
243.0	2420.8
243.5	2423.8
244.0	2430.0
244.5	2435.4
245.0	2440.0
245.5	2445.8
246.0	2450.4
246.5	2452.8
247.0	2457.4
247.5	2460.4
248.0	2465.2
248.5	2468.6
249.0	2471.0
249.5	2475.0
250.0	2478.0
250.5	2481.2
251.0	2485.2
251.5	2490.0
252.0	2494.8
252.5	2498.0
253.0	2500.6
253.5	2505.0
254.0	2508.8
254.5	2512.0
255.0	2517.2
255.5	2520.4
256.0	2524.0
256.5	2528.2
257.0	2532.0
257.5	2535.0
258.0	2539.4
258.5	2544.2
259.0	2547.8
259.5	2551.2
260.0	2556.2
260.5	2559.2
261.0	2564.2
261.5	2568.8
262.0	2572.4
262.5	2577.6
263.0	2580.4
263.5	2584.8
264.0	2589.2
264.5	2594.4
265.0	2598.4
265.5	2603.0
266.0	2607.6
266.5	2612.2
267.0	2615.6
267.5	2619.8
268.0	2623.4
268.5	2626.4
269.0	2630.0
269.5	2634.0
270.0	2639.0
270.5	2643.8
271.0	2646.6
271.5	2652.0
272.0	2657.0
272.5	2659.8
273.0	2662.8
273.5	2666.2
274.0	2670.2
274.5	2673.6
275.0	2677.4
275.5	2681.8
276.0	2684.6
276.5	2689.2
277.0	2693.4
277.5	2698.6
278.0	2702.0
278.5	2706.8
279.0	2711.2
279.5	2715.2
280.0	2718.4
280.5	2723.4
281.0	2728.4
281.5	2732.0
282.0	2736.2
282.5	2739.2
283.0	2743.8
283.5	2748.4
284.0	2752.0
284.5	2755.8
285.0	2759.8
285.5	2763.6
286.0	2768.6
286.5	2772.4
287.0	2775.6
287.5	2778.8
288.0	2782.8
288.5	2786.6
289.0	2791.0
289.5	2795.0
290.0	2799.0
290.5	2803.2
291.0	2806.4
291.5	2810.4
292.0	2814.6
292.5	2816.6
293.0	2821.0
293.5	2825.6
294.0	2829.4
294.5	2832.4
295.0	2836.6
295.5	2839.4
296.0	2842.6
296.5	2846.6
297.0	2851.0
297.5	2856.2
298.0	2860.2
298.5	2865.4
299.0	2868.0
299.5	2872.2
300.0	2875.2
