0.04752	0.9
0.0	0.0
0.5	0.2
1.0	0.6
1.5	1.8
2.0	3.2
2.5	5.0
3.0	8.2
3.5	10.2
4.0	12.4
4.5	15.6
5.0	22.0
5.5	25.6
6.0	29.4
6.5	36.6
7.0	42.0
7.5	47.8
8.0	52.4
8.5	56.8
9.0	62.8
9.5	68.2
10.0	75.6
10.5	84.6
11.0	89.4
11.5	95.4
12.0	103.2
12.5	108.6
13.0	116.2
13.5	122.6
14.0	129.4
14.5	137.4
15.0	149.0
15.5	154.0
16.0	164.2
16.5	172.0
17.0	182.6
17.5	192.6
18.0	200.0
18.5	206.8
19.0	213.8
19.5	222.2
20.0	229.2
20.5	239.6
21.0	247.6
21.5	254.6
22.0	261.0
22.5	268.4
23.0	276.4
23.5	285.0
24.0	292.2
24.5	299.4
25.0	307.6
25.5	315.4
26.0	324.6
26.5	331.8
27.0	337.2
27.5	346.2
28.0	354.6
28.5	363.2
29.0	373.0
29.5	380.8
30.0	388.2
30.5	396.0
31.0	404.2
31.5	412.4
32.0	419.8
32.5	427.2
33.0	435.4
33.5	444.2
34.0	454.0
34.5	462.2
35.0	471.4
35.5	479.4
36.0	488.2
36.5	493.2
37.0	498.4
37.5	507.4
38.0	515.0
38.5	522.0
39.0	529.6
39.5	537.0
40.0	545.4
40.5	552.4
41.0	559.8
41.5	567.8
42.0	575.8
42.5	581.4
43.0	589.2
43.5	595.6
44.0	602.6
44.5	608.0
45.0	617.2
45.5	623.6
46.0	630.4
46.5	638.8
47.0	644.4
47.5	652.2
48.0	661.8
48.5	669.6
49.0	678.0
49.5	688.6
50.0	695.0
50.5	702.4
51.0	708.2
51.5	714.4
52.0	720.4
52.5	727.6
53.0	734.6
53.5	742.4
54.0	747.8
54.5	755.0
55.0	759.6
55.5	765.0
56.0	770.4
56.5	777.8
57.0	784.8
57.5	790.6
58.0	796.2
58.5	802.4
59.0	807.4
59.5	812.2
60.0	815.8
60.5	820.6
61.0	826.0
61.5	834.2
62.0	839.2
62.5	846.6
63.0	852.0
63.5	856.8
64.0	863.4
64.5	868.8
65.0	874.8
65.5	883.8
66.0	889.6
66.5	894.8
67.0	898.8
67.5	902.4
68.0	910.6
68.5	917.2
69.0	923.8
69.5	927.6
70.0	933.2
70.5	939.8
71.0	945.2
71.5	950.0
72.0	955.6
72.5	962.4
73.0	967.2
73.5	972.8
74.0	976.8
74.5	982.0
75.0	989.6
75.5	993.0
76.0	999.2
76.5	1003.0
77.0	1007.6
77.5	1014.6
78.0	1021.2
78.5	1026.2
79.0	1030.8
79.5	1036.6
80.0	1041.0
80.5	1046.4
81.0	1050.8
81.5	1056.4
82.0	1059.0
82.5	1065.2
83.0	1072.4
83.5	1078.4
84.0	1082.6
84.5	1087.2
85.0	1092.4
85.5	1097.4
86.0	1103.8
86.5	1107.6
87.0	1114.2
87.5	1119.4
88.0	1124.2
88.5	1131.6
89.0	1137.0
89.5	1142.0
90.0	1146.8
90.5	1152.6
91.0	1159.0
91.5	1163.0
92.0	1167.4
92.5	1172.8
93.0	1179.6
93.5	1184.6
94.0	1191.0
94.5	1195.6
95.0	1199.6
95.5	1203.4
96.0	1209.2
96.5	1215.0
97.0	1220.4
97.5	1228.0
98.0	1234.0
98.5	1238.4
99.0	1242.4
99.5	1249.4
100.0	1254.6
100.5	1261.4
101.0	1265.2
101.5	1270.2
102.0	1276.0
102.5	1281.6
103.0	1285.4
103.5	1289.6
104.0	1293.2
104.5	1299.4
105.0	1304.6
105.5	1310.0
106.0	1314.0
106.5	1318.8
107.0	1324.0
107.5	1329.6
108.0	1334.4
108.5	1336.6
109.0	1342.6
109.5	1347.8
110.0	1353.8
110.5	1360.4
111.0	1365.2
111.5	1368.2
112.0	1372.6
112.5	1379.0
113.0	1384.4
113.5	1388.6
114.0	1392.4
114.5	1395.2
115.0	1399.0
115.5	1403.2
116.0	1407.4
116.5	1414.0
117.0	1419.0
117.5	1424.0
118.0	1427.6
118.5	1431.0
119.0	1436.6
119.5	1439.4
120.0	1443.8
120.5	1449.0
121.0	1453.6
121.5	1457.2
122.0	1460.4
122.5	1466.2
123.0	1468.8
123.5	1474.6
124.0	1480.0
124.5	1484.2
125.0	1488.8
125.5	1491.6
126.0	1495.6
126.5	1500.6
127.0	1503.8
127.5	1506.4
128.0	1511.4
128.5	1517.2
129.0	1521.4
129.5	1525.2
130.0	1528.6
130.5	1533.8
131.0	1539.6
131.5	1545.4
132.0	1550.6
132.5	1554.2
133.0	1558.6
133.5	1563.4
134.0	1568.2
134.5	1572.8
135.0	1576.2
135.5	1580.8
136.0	1584.8
136.5	1590.0
137.0	1593.6
137.5	1598.6
138.0	1603.0
138.5	1605.8
139.0	1610.8
139.5	1614.4
140.0	1619.4
140.5	1623.4
141.0	1626.0
141.5	1631.2
142.0	1636.0
142.5	1640.2
143.0	1645.8
143.5	1651.0
144.0	1655.0
144.5	1658.4
145.0	1662.4
145.5	1668.8
146.0	1673.0
146.5	1676.2
147.0	1680.6
147.5	1684.4
148.0	1689.8
148.5	1692.8
149.0	1697.0
149.5	1702.6
150.0	1706.8
150.5	1711.6
151.0	1715.6
151.5	1719.4
152.0	1723.0
152.5	1727.4
153.0	1731.0
153.5	1736.0
154.0	1742.0
154.5	1746.2
155.0	1751.6
155.5	1755.0
156.0	1761.0
156.5	1765.2
157.0	1766.6
157.5	1771.0
158.0	1775.0
158.5	1778.2
159.0	1784.0
159.5	1786.8
160.0	1791.4
160.5	1795.0
161.0	1799.2
161.5	1802.6
162.0	1806.8
162.5	1811.2
163.0	1816.4
163.5	1821.6
164.0	1826.0
164.5	1830.8
165.0	1833.2
165.5	1836.8
166.0	1842.4
166.5	1846.6
167.0	1850.8
167.5	1855.6
168.0	1860.0
168.5	1864.8
169.0	1869.0
169.5	1873.0
170.0	1875.8
170.5	1882.2
171.0	1888.0
171.5	1893.2
172.0	1898.2
172.5	1904.0
173.0	1908.8
173.5	1914.6
174.0	1919.4
174.5	1924.2
175.0	1927.2
175.5	1932.2
176.0	1936.4
176.5	1939.8
177.0	1945.0
177.5	1949.8
178.0	1954.8
178.5	1958.6
179.0	1961.8
179.5	1963.8
180.0	1968.0
180.5	1972.2
181.0	1976.8
181.5	1980.2
182.0	1984.2
182.5	1989.0
183.0	1993.2
183.5	1997.8
184.0	2001.8
184.5	2007.0
185.0	2013.0
185.5	2017.0
186.0	2020.8
186.5	2023.6
187.0	2028.4
187.5	2031.2
188.0	2034.8
188.5	2038.6
189.0	2043.6
189.5	2046.8
190.0	2052.6
190.5	2057.2
191.0	2062.4
191.5	2065.4
192.0	2067.4
192.5	2071.6
193.0	2076.4
193.5	2080.4
194.0	2086.0
194.5	2089.4
195.0	2092.4
195.5	2096.0
196.0	2099.2
196.5	2104.4
197.0	2108.8
197.5	2114.0
198.0	2120.0
198.5	2123.0
199.0	2127.0
199.5	2132.0
200.0	2136.4
200.5	2140.2
201.0	2144.2
201.5	2149.2
202.0	2153.4
202.5	2155.8
203.0	2158.8
203.5	2162.4
204.0	2165.6
204.5	2170.2
205.0	2174.6
205.5	2179.4
206.0	2183.4
206.5	2186.2
207.0	2190.0
207.5	2193.6
208.0	2198.0
208.5	2202.2
209.0	2205.2
209.5	2209.6
210.0	2213.8
210.5	2216.6
211.0	2220.6
211.5	2224.2
212.0	2229.6
212.5	2233.2
213.0	2238.2
213.5	2242.2
214.0	2244.4
214.5	2247.8
215.0	2252.6
215.5	2257.2
216.0	2262.0
216.5	2265.8
217.0	2270.4
217.5	2274.8
218.0	2278.6
218.5	2281.4
219.0	2286.8
219.5	2289.6
220.0	2293.8
220.5	2298.6
221.0	2303.2
221.5	2308.6
222.0	2313.0
222.5	2316.8
223.0	2321.0
223.5	2325.6
224.0	2331.0
224.5	2334.2
225.0	2338.4
225.5	2343.4
226.0	2346.8
226.5	2350.6
227.0	2354.0
227.5	2359.8
228.0	2363.8
228.5	2369.6
229.0	2374.4
229.5	2379.2
230.0	2381.4
230.5	2385.8
231.0	2389.2
231.5	2393.0
232.0	2398.2
232.5	2400.0
233.0	2404.8
233.5	2409.2
234.0	2412.2
234.5	2416.0
235.0	2419.2
235.5	2423.4
236.0	2426.4
236.5	2432.2
237.0	2437.8
237.5	2441.4
238.0	2445.0
238.5	2449.0
239.0	2454.0
239.5	2456.6
240.0	2459.8
240.5	2464.0
241.0	2468.0
241.5	2471.0
242.0	2475.6
242.5	2480.6
243.0	2484.4
243.5	2489.8
244.0	2495.0
244.5	2498.8
245.0	2502.4
245.5	2507.0
246.0	2511.6
246.5	2516.0
247.0	2518.8
247.5	2524.6
248.0	2529.4
248.5	2533.4
249.0	2537.2
249.5	2541.0
250.0	2544.6
250.5	2548.8
251.0	2553.8
251.5	2557.0
252.0	2561.6
252.5	2565.6
253.0	2568.8
253.5	2574.4
254.0	2579.0
254.5	2583.2
255.0	2586.0
255.5	2591.0
256.0	2596.0
256.5	2600.4
257.0	2604.0
257.5	2608.0
258.0	2611.6
258.5	2615.8
259.0	2620.6
259.5	2625.2
260.0	2628.6
260.5	2632.0
261.0	2635.2
261.5	2639.8
262.0	2645.2
262.5	2648.6
263.0	2652.8
263.5	2657.2
264.0	2663.0
264.5	2667.0
265.0	2670.6
265.5	2674.4
266.0	2679.2
266.5	2682.2
267.0	2685.6
267.5	2689.6
268.0	2695.4
268.5	2697.6
269.0	2703.4
269.5	2706.0
270.0	2709.8
270.5	2713.6
271.0	2717.2
271.5	2721.4
272.0	2725.6
272.5	2728.6
273.0	2733.0
273.5	2738.2
274.0	2742.6
274.5	2746.0
275.0	2750.4
275.5	2753.2
276.0	2758.2
276.5	2761.8
277.0	2766.2
277.5	2770.4
278.0	2774.6
278.5	2777.8
279.0	2780.2
279.5	2783.8
280.0	2788.4
280.5	2792.6
281.0	2795.6
281.5	2799.8
282.0	2803.4
282.5	2809.0
283.0	2812.4
283.5	2817.4
284.0	2820.8
284.5	2825.6
285.0	2829.8
285.5	2834.6
286.0	2839.4
286.5	2843.6
287.0	2847.4
287.5	2850.4
288.0	2854.6
288.5	2858.8
289.0	2863.2
289.5	2868.0
290.0	2870.4
290.5	2874.0
291.0	2878.0
291.5	2881.0
292.0	2884.8
292.5	2888.6
293.0	2891.2
293.5	2894.2
294.0	2897.6
294.5	2900.4
295.0	2906.8
295.5	2910.8
296.0	2914.8
296.5	2919.2
297.0	2921.2
297.5	2926.0
298.0	2928.8
298.5	2931.6
299.0	2934.6
299.5	2939.2
300.0	2943.0
