0.0495	0.42
0.0	0.0
0.5	0.0
1.0	0.6
1.5	1.6
2.0	3.6
2.5	6.2
3.0	9.6
3.5	11.8
4.0	15.0
4.5	19.8
5.0	24.0
5.5	28.2
6.0	30.8
6.5	36.0
7.0	40.6
7.5	47.2
8.0	51.8
8.5	56.4
9.0	60.6
9.5	67.2
10.0	75.4
10.5	83.4
11.0	90.4
11.5	97.8
12.0	104.0
12.5	111.4
13.0	118.0
13.5	124.6
14.0	131.0
14.5	139.0
15.0	148.6
15.5	155.2
16.0	162.8
16.5	170.2
17.0	179.2
17.5	185.6
18.0	194.6
18.5	203.6
19.0	210.6
19.5	218.6
20.0	227.0
20.5	235.8
21.0	242.0
21.5	250.4
22.0	261.2
22.5	270.8
23.0	281.2
23.5	289.2
24.0	297.4
24.5	306.8
25.0	313.4
25.5	323.0
26.0	331.0
26.5	340.4
27.0	347.8
27.5	354.6
28.0	362.6
28.5	371.4
29.0	379.4
29.5	386.6
30.0	394.4
30.5	401.2
31.0	409.4
31.5	416.0
32.0	423.8
32.5	431.6
33.0	440.2
33.5	447.2
34.0	453.0
34.5	460.2
35.0	467.4
35.5	475.2
36.0	483.0
36.5	489.8
37.0	497.0
37.5	504.2
38.0	513.8
38.5	521.8
39.0	529.2
39.5	537.6
40.0	542.0
40.5	549.8
41.0	557.6
41.5	563.6
42.0	569.6
42.5	576.2
43.0	584.2
43.5	591.8
44.0	598.0
44.5	605.0
45.0	613.8
45.5	618.8
46.0	625.2
46.5	632.0
47.0	638.8
47.5	643.2
48.0	652.0
48.5	659.4
49.0	666.4
49.5	672.6
50.0	678.0
50.5	683.8
51.0	691.4
51.5	698.6
52.0	703.6
52.5	709.0
53.0	714.6
53.5	723.4
54.0	729.6
54.5	736.6
55.0	742.0
55.5	750.8
56.0	756.6
56.5	761.8
57.0	767.8
57.5	774.4
58.0	781.4
58.5	786.2
59.0	794.2
59.5	800.6
60.0	806.2
60.5	812.4
61.0	818.8
61.5	825.2
62.0	831.2
62.5	838.0
63.0	844.6
63.5	851.0
64.0	858.2
64.5	866.6
65.0	872.6
65.5	879.2
66.0	883.8
66.5	889.0
67.0	895.0
67.5	900.0
68.0	907.2
68.5	913.6
69.0	918.2
69.5	925.4
70.0	931.4
70.5	936.6
71.0	942.0
71.5	947.8
72.0	952.6
72.5	957.8
73.0	963.6
73.5	969.0
74.0	975.0
74.5	982.2
75.0	987.6
75.5	990.8
76.0	997.4
76.5	1002.0
77.0	1007.2
77.5	1014.8
78.0	1020.0
78.5	1025.4
79.0	1030.0
79.5	1036.6
80.0	1042.6
80.5	1046.8
81.0	1052.8
81.5	1060.4
82.0	1067.6
82.5	1070.2
83.0	1075.6
83.5	1081.6
84.0	1086.0
84.5	1090.0
85.0	1095.2
85.5	1100.4
86.0	1106.0
86.5	1109.4
87.0	1115.0
87.5	1122.0
88.0	1126.8
88.5	1133.8
89.0	1136.8
89.5	1142.6
90.0	1148.4
90.5	1153.8
91.0	1157.8
91.5	1163.8
92.0	1168.8
92.5	1173.8
93.0	1180.0
93.5	1186.0
94.0	1191.6
94.5	1198.4
95.0	1203.4
95.5	1209.2
96.0	1216.8
96.5	1221.4
97.0	1227.0
97.5	1233.6
98.0	1240.0
98.5	1246.0
99.0	1251.2
99.5	1255.2
100.0	1258.8
100.5	1265.0
101.0	1269.0
101.5	1273.2
102.0	1279.0
102.5	1283.6
103.0	1289.2
103.5	1295.0
104.0	1299.6
104.5	1303.4
105.0	1309.2
105.5	1314.4
106.0	1317.8
106.5	1324.0
107.0	1329.2
107.5	1333.6
108.0	1336.8
108.5	1339.8
109.0	1345.0
109.5	1349.2
110.0	1352.2
110.5	1355.2
111.0	1360.8
111.5	1365.6
112.0	1371.2
112.5	1376.6
113.0	1382.2
113.5	1386.2
114.0	1390.8
114.5	1396.0
115.0	1401.2
115.5	1405.6
116.0	1410.4
116.5	1415.2
117.0	1417.6
117.5	1421.4
118.0	1426.0
118.5	1431.2
119.0	1437.0
119.5	1440.8
120.0	1446.2
120.5	1451.2
121.0	1454.8
121.5	1459.8
122.0	1464.6
122.5	1469.2
123.0	1472.6
123.5	1476.8
124.0	1483.2
124.5	1487.4
125.0	1492.0
125.5	1495.2
126.0	1499.8
126.5	1504.2
127.0	1508.0
127.5	1512.6
128.0	1516.6
128.5	1519.4
129.0	1523.6
129.5	1527.8
130.0	1532.0
130.5	1536.0
131.0	1541.2
131.5	1544.2
132.0	1549.4
132.5	1551.8
133.0	1556.8
133.5	1561.0
134.0	1565.0
134.5	1568.2
135.0	1573.6
135.5	1576.4
136.0	1579.6
136.5	1583.4
137.0	1588.8
137.5	1593.0
138.0	1597.6
138.5	1601.8
139.0	1606.4
139.5	1611.6
140.0	1617.0
140.5	1621.4
141.0	1625.4
141.5	1632.2
142.0	1637.4
142.5	1641.0
143.0	1646.0
143.5	1651.6
144.0	1656.2
144.5	1661.6
145.0	1665.4
145.5	1669.8
146.0	1672.8
146.5	1675.8
147.0	1679.2
147.5	1684.4
148.0	1688.4
148.5	1693.0
149.0	1696.8
149.5	1701.0
150.0	1705.6
150.5	1711.6
151.0	1714.2
151.5	1717.0
152.0	1722.2
152.5	1726.2
153.0	1729.6
153.5	1734.0
154.0	1738.8
154.5	1742.8
155.0	1747.2
155.5	1752.8
156.0	1759.2
156.5	1763.4
157.0	1769.4
157.5	1772.2
158.0	1776.4
158.5	1781.0
159.0	1783.8
159.5	1787.2
160.0	1791.2
160.5	1795.4
161.0	1798.8
161.5	1804.6
162.0	1809.0
162.5	1812.2
163.0	1815.8
163.5	1820.2
164.0	1826.2
164.5	1829.6
165.0	1833.8
165.5	1836.8
166.0	1841.0
166.5	1845.6
167.0	1850.4
167.5	1853.6
168.0	1857.2
168.5	1861.2
169.0	1865.8
169.5	1870.2
170.0	1874.0
170.5	1878.2
171.0	1882.6
171.5	1887.8
172.0	1892.2
172.5	1896.8
173.0	1899.0
173.5	1902.8
174.0	1906.8
174.5	1912.6
175.0	1916.6
175.5	1923.8
176.0	1929.4
176.5	1932.8
177.0	1935.4
177.5	1939.4
178.0	1942.6
178.5	1946.6
179.0	1950.8
179.5	1955.8
180.0	1959.2
180.5	1963.4
181.0	1967.4
181.5	1971.4
182.0	1975.0
182.5	1979.0
183.0	1984.2
183.5	1989.0
184.0	1991.6
184.5	1995.0
185.0	2001.6
185.5	2004.6
186.0	2009.6
186.5	2013.2
187.0	2016.4
187.5	2020.4
188.0	2025.4
188.5	2028.6
189.0	2034.0
189.5	2036.6
190.0	2040.2
190.5	2045.8
191.0	2048.4
191.5	2053.6
192.0	2056.8
192.5	2061.4
193.0	2066.0
193.5	2070.2
194.0	2072.8
194.5	2078.2
195.0	2082.4
195.5	2086.0
196.0	2090.4
196.5	2095.0
197.0	2098.2
197.5	2102.2
198.0	2108.2
198.5	2112.6
199.0	2116.6
199.5	2120.2
200.0	2125.0
200.5	2129.4
201.0	2133.4
201.5	2136.8
202.0	2139.0
202.5	2143.8
203.0	2148.6
203.5	2152.6
204.0	2157.4
204.5	2160.8
205.0	2164.8
205.5	2168.4
206.0	2172.8
206.5	2177.6
207.0	2181.6
207.5	2184.6
208.0	2188.8
208.5	2193.6
209.0	2197.8
209.5	2201.6
210.0	2205.6
210.5	2209.8
211.0	2212.4
211.5	2215.4
212.0	2217.2
212.5	2220.8
213.0	2224.6
213.5	2229.6
214.0	2232.6
214.5	2236.4
215.0	2238.8
215.5	2244.4
216.0	2249.0
216.5	2252.8
217.0	2256.4
217.5	2260.4
218.0	2264.8
218.5	2268.0
219.0	2272.2
219.5	2276.4
220.0	2280.4
220.5	2283.8
221.0	2286.6
221.5	2291.2
222.0	2293.6
222.5	2299.0
223.0	2304.2
223.5	2308.4
224.0	2313.2
224.5	2317.6
225.0	2321.8
225.5	2325.4
226.0	2329.6
226.5	2333.4
227.0	2338.6
227.5	2341.4
228.0	2346.0
228.5	2349.8
229.0	2355.0
229.5	2359.2
230.0	2363.4
230.5	2367.2
231.0	2371.2
231.5	2375.0
232.0	2378.8
232.5	2382.0
233.0	2385.6
233.5	2389.6
234.0	2392.8
234.5	2397.4
235.0	2401.8
235.5	2406.2
236.0	2409.6
236.5	2413.6
237.0	2417.8
237.5	2422.6
238.0	2425.8
238.5	2429.0
239.0	2433.0
239.5	2435.2
240.0	2438.2
240.5	2443.6
241.0	2449.2
241.5	2452.2
242.0	2456.4
242.5	2460.8
243.0	2466.4
243.5	2470.8
244.0	2473.2
244.5	2477.2
245.0	2482.0
245.5	2486.0
246.0	2488.0
246.5	2492.0
247.0	2494.2
247.5	2499.0
248.0	2504.0
248.5	2505.8
249.0	2510.4
249.5	2514.6
250.0	2520.0
250.5	2522.4
251.0	2527.6
251.5	2531.6
252.0	2535.8
252.5	2540.2
253.0	2544.0
253.5	2548.0
254.0	2551.4
254.5	2555.2
255.0	2558.8
255.5	2561.8
256.0	2565.4
256.5	2569.2
257.0	2573.8
257.5	2578.2
258.0	2582.2
258.5	2584.8
259.0	2587.0
259.5	2590.0
260.0	2594.0
260.5	2598.8
261.0	2602.8
261.5	2607.6
262.0	2610.8
262.5	2612.8
263.0	2617.0
263.5	2620.2
264.0	2625.4
264.5	2628.4
265.0	2632.2
265.5	2635.8
266.0	2640.2
266.5	2644.6
267.0	2649.0
267.5	2651.4
268.0	2655.8
268.5	2659.4
269.0	2662.2
269.5	2667.0
270.0	2669.8
270.5	2674.8
271.0	2677.6
271.5	2682.4
272.0	2685.8
272.5	2689.4
273.0	2691.6
273.5	2697.4
274.0	2702.2
274.5	2704.8
275.0	2709.2
275.5	2711.8
276.0	2715.4
276.5	2718.6
277.0	2722.8
277.5	2726.2
278.0	2732.8
278.5	2738.0
279.0	2740.2
279.5	2744.2
280.0	2748.0
280.5	2752.2
281.0	2757.6
281.5	2762.4
282.0	2766.2
282.5	2771.0
283.0	2775.4
283.5	2778.0
284.0	2782.0
284.5	2785.4
285.0	2791.0
285.5	2794.4
286.0	2798.0
286.5	2803.0
287.0	2805.2
287.5	2809.2
288.0	2813.4
288.5	2817.4
289.0	2821.8
289.5	2826.6
290.0	2830.2
290.5	2833.8
291.0	2837.0
291.5	2840.4
292.0	2844.8
292.5	2849.0
293.0	2852.2
293.5	2855.4
294.0	2859.4
294.5	2864.8
295.0	2868.0
295.5	2871.0
296.0	2875.4
296.5	2879.6
297.0	2884.2
297.5	2888.4
298.0	2892.2
298.5	2896.6
299.0	2900.4
299.5	2904.0
300.0	2909.2
