0.07524	0.54
0.0	0.0
0.5	0.0
1.0	0.2
1.5	0.8
2.0	3.0
2.5	3.6
3.0	5.6
3.5	9.0
4.0	11.8
4.5	14.6
5.0	18.8
5.5	25.0
6.0	28.8
6.5	33.6
7.0	37.6
7.5	41.6
8.0	47.0
8.5	51.0
9.0	58.8
9.5	63.4
10.0	70.8
10.5	78.2
11.0	87.4
11.5	92.4
12.0	100.4
12.5	107.0
13.0	113.0
13.5	121.0
14.0	127.6
14.5	135.2
15.0	142.8
15.5	150.2
16.0	157.8
16.5	165.8
17.0	171.0
17.5	177.2
18.0	186.0
18.5	195.2
19.0	204.8
19.5	211.2
20.0	219.0
20.5	227.2
21.0	233.4
21.5	242.6
22.0	249.4
22.5	258.2
23.0	265.8
23.5	274.2
24.0	283.6
24.5	292.4
25.0	300.2
25.5	306.8
26.0	315.0
26.5	324.2
27.0	333.2
27.5	339.4
28.0	347.6
28.5	354.6
29.0	361.4
29.5	370.4
30.0	379.2
30.5	387.2
31.0	394.6
31.5	403.0
32.0	410.8
32.5	418.4
33.0	426.0
33.5	431.8
34.0	438.6
34.5	446.0
35.0	455.4
35.5	464.0
36.0	472.4
36.5	479.0
37.0	487.8
37.5	495.8
38.0	504.2
38.5	513.0
39.0	523.6
39.5	530.2
40.0	537.0
40.5	542.8
41.0	551.0
41.5	557.2
42.0	563.8
42.5	570.4
43.0	576.4
43.5	581.2
44.0	590.2
44.5	598.0
45.0	606.2
45.5	611.6
46.0	618.2
46.5	626.2
47.0	631.8
47.5	641.6
48.0	650.0
48.5	656.0
49.0	663.4
49.5	672.6
50.0	680.0
50.5	685.8
51.0	692.4
51.5	698.6
52.0	706.0
52.5	711.2
53.0	717.8
53.5	725.4
54.0	733.2
54.5	739.4
55.0	745.8
55.5	751.4
56.0	759.0
56.5	764.0
57.0	771.6
57.5	780.8
58.0	787.8
58.5	794.2
59.0	800.0
59.5	805.6
60.0	812.0
60.5	819.8
61.0	825.8
61.5	830.8
62.0	835.2
62.5	842.6
63.0	847.8
63.5	853.2
64.0	858.6
64.5	862.8
65.0	870.4
65.5	877.4
66.0	882.4
66.5	887.2
67.0	894.4
67.5	900.0
68.0	906.0
68.5	910.8
69.0	917.2
69.5	923.4
70.0	927.4
70.5	933.2
71.0	938.8
71.5	946.0
72.0	952.2
72.5	957.0
73.0	962.8
73.5	966.4
74.0	971.4
74.5	976.4
75.0	981.6
75.5	987.2
76.0	992.2
76.5	997.2
77.0	1004.6
77.5	1009.4
78.0	1015.2
78.5	1021.0
79.0	1027.4
79.5	1033.2
80.0	1038.0
80.5	1043.8
81.0	1048.4
81.5	1053.6
82.0	1059.8
82.5	1065.6
83.0	1071.8
83.5	1076.4
84.0	1082.0
84.5	1087.6
85.0	1091.6
85.5	1096.8
86.0	1103.0
86.5	1108.8
87.0	1114.6
87.5	1120.4
88.0	1124.4
88.5	1131.6
89.0	1136.2
89.5	1140.8
90.0	1145.4
90.5	1150.2
91.0	1156.4
91.5	1160.0
92.0	1165.2
92.5	1170.8
93.0	1175.0
93.5	1180.6
94.0	1184.6
94.5	1190.4
95.0	1194.8
95.5	1201.0
96.0	1206.2
96.5	1211.8
97.0	1218.2
97.5	1222.4
98.0	1228.0
98.5	1234.8
99.0	1239.2
99.5	1245.2
100.0	1249.6
100.5	1255.0
101.0	1259.6
101.5	1263.2
102.0	1267.8
102.5	1272.4
103.0	1276.4
103.5	1280.4
104.0	1285.0
104.5	1291.4
105.0	1296.4
105.5	1303.0
106.0	1306.6
106.5	1311.4
107.0	1316.8
107.5	1321.4
108.0	1326.2
108.5	1330.2
109.0	1334.4
109.5	1340.0
110.0	1342.8
110.5	1347.4
111.0	1353.6
111.5	1359.6
112.0	1363.8
112.5	1369.0
113.0	1373.6
113.5	1379.4
114.0	1382.8
114.5	1389.0
115.0	1395.4
115.5	1401.8
116.0	1407.2
116.5	1412.8
117.0	1419.4
117.5	1425.2
118.0	1430.0
118.5	1434.6
119.0	1438.8
119.5	1445.4
120.0	1450.8
120.5	1456.4
121.0	1462.6
121.5	1467.8
122.0	1473.2
122.5	1476.8
123.0	1482.0
123.5	1487.4
124.0	1491.4
124.5	1495.2
125.0	1498.6
125.5	1502.2
126.0	1507.8
126.5	1514.0
127.0	1519.2
127.5	1525.4
128.0	1531.0
128.5	1536.2
129.0	1541.2
129.5	1547.2
130.0	1552.0
130.5	1557.0
131.0	1561.4
131.5	1565.4
132.0	1570.2
132.5	1574.4
133.0	1578.2
133.5	1584.2
134.0	1587.4
134.5	1593.4
135.0	1598.0
135.5	1601.8
136.0	1605.8
136.5	1609.8
137.0	1613.4
137.5	1618.2
138.0	1623.6
138.5	1629.2
139.0	1633.0
139.5	1637.2
140.0	1640.6
140.5	1643.8
141.0	1648.4
141.5	1653.0
142.0	1657.6
142.5	1662.2
143.0	1666.0
143.5	1670.6
144.0	1674.6
144.5	1677.2
145.0	1682.4
145.5	1687.4
146.0	1690.6
146.5	1695.6
147.0	1700.8
147.5	1705.0
148.0	1708.8
148.5	1712.4
149.0	1716.8
149.5	1721.8
150.0	1725.8
150.5	1730.4
151.0	1734.4
151.5	1739.2
152.0	1744.2
152.5	1749.0
153.0	1753.6
153.5	1757.8
154.0	1761.0
154.5	1764.4
155.0	1770.2
155.5	1774.6
156.0	1778.4
156.5	1784.6
157.0	1788.6
157.5	1792.6
158.0	1796.0
158.5	1798.2
159.0	1802.0
159.5	1807.4
160.0	1810.0
160.5	1814.4
161.0	1818.6
161.5	1821.6
162.0	1825.0
162.5	1830.0
163.0	1834.8
163.5	1837.8
164.0	1841.0
164.5	1844.4
165.0	1847.2
165.5	1850.0
166.0	1853.2
166.5	1856.8
167.0	1860.6
167.5	1865.0
168.0	1869.8
168.5	1875.6
169.0	1879.4
169.5	1882.6
170.0	1887.0
170.5	1890.0
171.0	1895.4
171.5	1898.4
172.0	1902.2
172.5	1907.2
173.0	1912.4
173.5	1916.2
174.0	1919.8
174.5	1924.2
175.0	1928.6
175.5	1932.4
176.0	1935.4
176.5	1938.2
177.0	1942.6
177.5	1946.6
178.0	1951.2
178.5	1954.8
179.0	1958.8
179.5	1964.8
180.0	1968.2
180.5	1972.2
181.0	1977.0
181.5	1979.8
182.0	1985.4
182.5	1990.0
183.0	1994.8
183.5	1999.4
184.0	2004.4
184.5	2007.6
185.0	2011.6
185.5	2017.0
186.0	2020.0
186.5	2023.8
187.0	2027.8
187.5	2030.6
188.0	2032.8
188.5	2036.2
189.0	2039.2
189.5	2044.0
190.0	2050.0
190.5	2053.8
191.0	2058.4
191.5	2064.8
192.0	2071.6
192.5	2075.4
193.0	2079.6
193.5	2083.4
194.0	2088.6
194.5	2092.8
195.0	2097.4
195.5	2100.6
196.0	2105.0
196.5	2108.8
197.0	2111.0
197.5	2115.8
198.0	2121.2
198.5	2124.8
199.0	2129.6
199.5	2135.2
200.0	2140.0
200.5	2145.0
201.0	2149.4
201.5	2152.6
202.0	2158.4
202.5	2162.0
203.0	2167.2
203.5	2170.6
204.0	2174.4
204.5	2177.8
205.0	2183.2
205.5	2186.0
206.0	2190.8
206.5	2193.6
207.0	2197.4
207.5	2201.6
208.0	2205.6
208.5	2209.4
209.0	2213.6
209.5	2215.6
210.0	2220.2
210.5	2223.4
211.0	2228.0
211.5	2231.2
212.0	2235.2
212.5	2239.0
213.0	2242.4
213.5	2245.8
214.0	2252.0
214.5	2255.4
215.0	2260.4
215.5	2264.8
216.0	2268.0
216.5	2273.2
217.0	2278.0
217.5	2280.6
218.0	2284.4
218.5	2287.6
219.0	2292.4
219.5	2297.2
220.0	2298.6
220.5	2302.8
221.0	2307.0
221.5	2310.4
222.0	2314.4
222.5	2318.0
223.0	2322.2
223.5	2325.6
224.0	2330.2
224.5	2333.6
225.0	2336.0
225.5	2339.8
226.0	2343.4
226.5	2347.4
227.0	2351.0
227.5	2354.6
228.0	2359.2
228.5	2363.4
229.0	2367.4
229.5	2371.0
230.0	2374.6
230.5	2378.8
231.0	2382.4
231.5	2386.8
232.0	2390.6
232.5	2395.0
233.0	2398.2
233.5	2404.6
234.0	2408.0
234.5	2411.2
235.0	2414.8
235.5	2418.4
236.0	2423.0
236.5	2425.8
237.0	2430.2
237.5	2434.2
238.0	2439.4
238.5	2443.0
239.0	2446.4
239.5	2450.8
240.0	2455.2
240.5	2458.2
241.0	2462.0
241.5	2464.6
242.0	2468.8
242.5	2471.6
243.0	2475.6
243.5	2479.6
244.0	2482.6
244.5	2486.8
245.0	2491.2
245.5	2495.6
246.0	2500.0
246.5	2503.8
247.0	2508.0
247.5	2511.4
248.0	2518.8
248.5	2522.4
249.0	2526.6
249.5	2530.2
250.0	2534.0
250.5	2538.0
251.0	2542.2
251.5	2545.8
252.0	2550.0
252.5	2552.4
253.0	2557.0
253.5	2560.6
254.0	2564.2
254.5	2567.8
255.0	2571.2
255.5	2574.8
256.0	2579.0
256.5	2582.4
257.0	2587.6
257.5	2591.0
258.0	2594.6
258.5	2599.4
259.0	2603.8
259.5	2609.0
260.0	2611.8
260.5	2614.8
261.0	2619.2
261.5	2624.2
262.0	2627.4
262.5	2631.6
263.0	2634.4
263.5	2639.0
264.0	2644.0
264.5	2647.0
265.0	2649.0
265.5	2651.4
266.0	2655.2
266.5	2658.6
267.0	2662.4
267.5	2668.6
268.0	2673.0
268.5	2675.0
269.0	2678.8
269.5	2684.8
270.0	2689.2
270.5	2693.6
271.0	2697.6
271.5	2701.4
272.0	2705.6
272.5	2708.6
273.0	2712.8
273.5	2716.4
274.0	2720.2
274.5	2724.0
275.0	2726.0
275.5	2731.0
276.0	2734.6
276.5	2738.0
277.0	2742.4
277.5	2746.8
278.0	2749.8
278.5	2753.8
279.0	2756.6
279.5	2763.6
280.0	2768.6
280.5	2773.8
281.0	2778.0
281.5	2780.4
282.0	2784.0
282.5	2789.8
283.0	2792.6
283.5	2796.4
284.0	2800.6
284.5	2805.2
285.0	2808.6
285.5	2812.6
286.0	2814.8
286.5	2818.2
287.0	2821.4
287.5	2825.8
288.0	2830.6
288.5	2833.8
289.0	2839.0
289.5	2842.6
290.0	2846.6
290.5	2850.4
291.0	2854.4
291.5	2859.0
292.0	2862.6
292.5	2866.6
293.0	2870.2
293.5	2874.2
294.0	2878.2
294.5	2881.2
295.0	2884.8
295.5	2889.0
296.0	2892.4
296.5	2895.6
297.0	2898.2
297.5	2901.0
298.0	2904.0
298.5	2907.2
299.0	2910.2
299.5	2915.2
300.0	2920.4
