0.02772	0.8
0.0	0.0
0.5	0.0
1.0	0.0
1.5	0.8
2.0	2.0
2.5	2.8
3.0	4.8
3.5	7.4
4.0	10.8
4.5	14.8
5.0	19.8
5.5	23.6
6.0	26.2
6.5	30.8
7.0	35.0
7.5	40.6
8.0	45.2
8.5	50.8
9.0	56.4
9.5	63.6
10.0	69.4
10.5	75.6
11.0	82.8
11.5	89.2
12.0	96.6
12.5	104.2
13.0	113.2
13.5	120.6
14.0	127.0
14.5	133.6
15.0	140.0
15.5	149.4
16.0	154.2
16.5	159.8
17.0	167.8
17.5	174.8
18.0	183.4
18.5	191.6
19.0	197.8
19.5	206.8
20.0	215.6
20.5	223.8
21.0	230.8
21.5	238.0
22.0	245.2
22.5	252.8
23.0	259.0
23.5	268.0
24.0	277.8
24.5	286.6
25.0	291.6
25.5	298.2
26.0	306.0
26.5	315.6
27.0	324.8
27.5	331.8
28.0	341.4
28.5	350.0
29.0	359.2
29.5	368.6
30.0	378.0
30.5	385.4
31.0	392.6
31.5	400.8
32.0	406.6
32.5	417.0
33.0	425.2
33.5	434.6
34.0	443.0
34.5	449.8
35.0	456.6
35.5	463.8
36.0	472.0
36.5	479.8
37.0	486.6
37.5	493.0
38.0	502.2
38.5	510.0
39.0	516.8
39.5	524.0
40.0	530.8
40.5	538.2
41.0	545.2
41.5	552.6
42.0	562.4
42.5	568.6
43.0	576.0
43.5	584.0
44.0	590.8
44.5	597.2
45.0	605.4
45.5	613.4
46.0	621.4
46.5	629.2
47.0	637.4
47.5	642.4
48.0	648.4
48.5	656.8
49.0	663.0
49.5	670.2
50.0	676.0
50.5	681.4
51.0	689.4
51.5	694.8
52.0	702.6
52.5	711.8
53.0	720.0
53.5	724.6
54.0	729.2
54.5	737.4
55.0	741.8
55.5	746.8
56.0	752.8
56.5	759.8
57.0	764.2
57.5	769.2
58.0	778.0
58.5	782.2
59.0	787.8
59.5	794.8
60.0	800.0
60.5	806.2
61.0	814.2
61.5	823.4
62.0	829.0
62.5	836.0
63.0	842.8
63.5	849.4
64.0	856.8
64.5	861.6
65.0	868.4
65.5	875.0
66.0	881.0
66.5	886.8
67.0	892.6
67.5	896.6
68.0	904.6
68.5	909.8
69.0	915.8
69.5	922.0
70.0	928.8
70.5	933.8
71.0	939.4
71.5	943.8
72.0	949.8
72.5	958.2
73.0	963.8
73.5	968.6
74.0	973.8
74.5	978.6
75.0	983.4
75.5	987.4
76.0	993.6
76.5	999.6
77.0	1005.6
77.5	1010.2
78.0	1014.6
78.5	1020.4
79.0	1027.0
79.5	1031.6
80.0	1035.4
80.5	1042.8
81.0	1050.8
81.5	1055.2
82.0	1060.8
82.5	1067.2
83.0	1070.2
83.5	1076.2
84.0	1081.6
84.5	1087.0
85.0	1092.2
85.5	1096.8
86.0	1101.6
86.5	1106.0
87.0	1111.4
87.5	1117.8
88.0	1122.8
88.5	1129.4
89.0	1136.2
89.5	1143.6
90.0	1148.4
90.5	1152.0
91.0	1159.0
91.5	1164.8
92.0	1170.0
92.5	1176.4
93.0	1182.0
93.5	1188.4
94.0	1192.8
94.5	1196.6
95.0	1200.0
95.5	1204.4
96.0	1207.4
96.5	1212.8
97.0	1218.0
97.5	1223.4
98.0	1228.2
98.5	1235.0
99.0	1238.4
99.5	1242.0
100.0	1246.4
100.5	1251.8
101.0	1257.8
101.5	1263.0
102.0	1267.6
102.5	1272.4
103.0	1276.8
103.5	1283.2
104.0	1288.8
104.5	1293.6
105.0	1298.8
105.5	1303.4
106.0	1308.4
106.5	1313.8
107.0	1318.4
107.5	1323.0
108.0	1327.0
108.5	1333.2
109.0	1336.8
109.5	1341.8
110.0	1347.2
110.5	1351.4
111.0	1357.2
111.5	1362.2
112.0	1365.0
112.5	1369.4
113.0	1373.8
113.5	1377.0
114.0	1382.8
114.5	1386.8
115.0	1390.0
115.5	1393.8
116.0	1398.6
116.5	1403.8
117.0	1408.6
117.5	1413.6
118.0	1416.4
118.5	1422.0
119.0	1428.6
119.5	1433.2
120.0	1439.2
120.5	1445.6
121.0	1449.0
121.5	1453.8
122.0	1460.4
122.5	1465.8
123.0	1469.8
123.5	1477.0
124.0	1479.8
124.5	1484.4
125.0	1488.0
125.5	1491.6
126.0	1494.6
126.5	1497.6
127.0	1501.4
127.5	1505.0
128.0	1511.0
128.5	1514.6
129.0	1519.6
129.5	1523.6
130.0	1528.0
130.5	1532.4
131.0	1537.4
131.5	1541.4
132.0	1546.2
132.5	1550.2
133.0	1555.8
133.5	1559.4
134.0	1564.0
134.5	1568.0
135.0	1572.6
135.5	1577.8
136.0	1583.0
136.5	1588.6
137.0	1593.8
137.5	1600.2
138.0	1605.0
138.5	1609.4
139.0	1613.2
139.5	1617.6
140.0	1622.2
140.5	1626.6
141.0	1631.0
141.5	1634.2
142.0	1639.0
142.5	1644.8
143.0	1648.6
143.5	1654.2
144.0	1657.8
144.5	1661.4
145.0	1665.6
145.5	1671.6
146.0	1676.4
146.5	1680.4
147.0	1685.6
147.5	1689.4
148.0	1693.2
148.5	1697.8
149.0	1701.8
149.5	1706.2
150.0	1709.0
150.5	1712.4
151.0	1717.8
151.5	1720.8
152.0	1725.0
152.5	1731.2
153.0	1734.8
153.5	1739.0
154.0	1744.0
154.5	1747.8
155.0	1752.8
155.5	1757.2
156.0	1761.4
156.5	1764.2
157.0	1767.6
157.5	1772.0
158.0	1775.4
158.5	1780.8
159.0	1785.2
159.5	1789.6
160.0	1794.2
160.5	1799.6
161.0	1803.4
161.5	1808.0
162.0	1811.0
162.5	1815.2
163.0	1820.8
163.5	1826.6
164.0	1831.4
164.5	1835.6
165.0	1839.6
165.5	1844.0
166.0	1850.4
166.5	1855.0
167.0	1858.8
167.5	1862.6
168.0	1866.4
168.5	1870.8
169.0	1875.0
169.5	1878.2
170.0	1883.4
170.5	1886.8
171.0	1892.0
171.5	1896.0
172.0	1900.2
172.5	1904.2
173.0	1909.0
173.5	1914.0
174.0	1918.8
174.5	1922.8
175.0	1927.8
175.5	1930.2
176.0	1934.6
176.5	1937.2
177.0	1942.2
177.5	1947.4
178.0	1951.6
178.5	1953.8
179.0	1957.8
179.5	1961.6
180.0	1966.2
180.5	1969.6
181.0	1974.6
181.5	1979.8
182.0	1983.0
182.5	1986.6
183.0	1990.0
183.5	1993.2
184.0	1997.2
184.5	2001.6
185.0	2006.2
185.5	2009.2
186.0	2014.2
186.5	2018.6
187.0	2023.4
187.5	2027.6
188.0	2031.4
188.5	2034.0
189.0	2038.4
189.5	2044.2
190.0	2050.2
190.5	2054.8
191.0	2059.2
191.5	2063.6
192.0	2068.0
192.5	2072.0
193.0	2075.0
193.5	2078.0
194.0	2082.0
194.5	2085.2
195.0	2088.2
195.5	2092.2
196.0	2096.0
196.5	2100.0
197.0	2104.0
197.5	2107.6
198.0	2111.4
198.5	2115.4
199.0	2118.8
199.5	2122.8
200.0	2127.0
200.5	2130.8
201.0	2134.2
201.5	2139.0
202.0	2143.4
202.5	2147.8
203.0	2152.6
203.5	2155.4
204.0	2159.8
204.5	2164.2
205.0	2167.6
205.5	2170.0
206.0	2173.6
206.5	2177.8
207.0	2182.2
207.5	2187.0
208.0	2190.4
208.5	2194.6
209.0	2198.4
209.5	2204.2
210.0	2208.4
210.5	2213.6
211.0	2218.2
211.5	2222.8
212.0	2226.0
212.5	2230.2
213.0	2235.6
213.5	2238.6
214.0	2242.4
214.5	2246.8
215.0	2250.4
215.5	2253.8
216.0	2257.0
216.5	2260.4
217.0	2263.8
217.5	2268.4
218.0	2271.8
218.5	2276.8
219.0	2280.4
219.5	2285.4
220.0	2289.4
220.5	2292.6
221.0	2296.8
221.5	2300.6
222.0	2305.6
222.5	2309.2
223.0	2313.0
223.5	2316.8
224.0	2321.6
224.5	2327.2
225.0	2331.8
225.5	2335.4
226.0	2339.8
226.5	2343.0
227.0	2346.4
227.5	2348.4
228.0	2353.6
228.5	2357.8
229.0	2361.6
229.5	2365.4
230.0	2369.0
230.5	2373.6
231.0	2378.4
231.5	2382.0
232.0	2385.8
232.5	2389.2
233.0	2393.4
233.5	2397.8
234.0	2402.2
234.5	2405.2
235.0	2409.4
235.5	2414.4
236.0	2418.8
236.5	2422.8
237.0	2426.8
237.5	2431.4
238.0	2434.0
238.5	2438.2
239.0	2441.4
239.5	2444.6
240.0	2448.0
240.5	2452.8
241.0	2457.0
241.5	2462.2
242.0	2466.2
242.5	2469.4
243.0	2472.4
243.5	2477.2
244.0	2480.6
244.5	2484.2
245.0	2488.2
245.5	2491.4
246.0	2495.6
246.5	2501.2
247.0	2504.2
247.5	2506.2
248.0	2509.0
248.5	2512.8
249.0	2515.2
249.5	2520.6
250.0	2525.8
250.5	2530.4
251.0	2533.4
251.5	2537.6
252.0	2541.8
252.5	2545.2
253.0	2548.8
253.5	2552.4
254.0	2555.6
254.5	2560.0
255.0	2566.0
255.5	2569.2
256.0	2573.8
256.5	2578.0
257.0	2581.6
257.5	2585.6
258.0	2589.0
258.5	2592.8
259.0	2596.8
259.5	2599.4
260.0	2604.0
260.5	2607.6
261.0	2612.0
261.5	2615.2
262.0	2617.4
262.5	2620.6
263.0	2624.4
263.5	2628.8
264.0	2632.4
264.5	2636.6
265.0	2639.8
265.5	2643.0
266.0	2645.6
266.5	2649.6
267.0	2653.6
267.5	2657.4
268.0	2662.2
268.5	2666.4
269.0	2669.6
269.5	2674.4
270.0	2677.8
270.5	2683.2
271.0	2685.6
271.5	2689.0
272.0	2691.8
272.5	2695.4
273.0	2698.4
273.5	2703.8
274.0	2707.4
274.5	2711.6
275.0	2716.0
275.5	2719.0
276.0	2722.6
276.5	2726.0
277.0	2730.4
277.5	2735.0
278.0	2737.4
278.5	2743.0
279.0	2746.8
279.5	2749.8
280.0	2754.8
280.5	2758.4
281.0	2762.4
281.5	2764.8
282.0	2769.8
282.5	2773.0
283.0	2776.2
283.5	2778.8
284.0	2782.8
284.5	2787.8
285.0	2792.0
285.5	2796.6
286.0	2800.4
286.5	2804.8
287.0	2809.2
287.5	2811.4
288.0	2813.8
288.5	2818.6
289.0	2824.0
289.5	2828.0
290.0	2832.6
290.5	2836.0
291.0	2838.6
291.5	2842.0
292.0	2844.8
292.5	2848.8
293.0	2853.0
293.5	2855.6
294.0	2859.2
294.5	2863.4
295.0	2865.8
295.5	2869.0
296.0	2873.4
296.5	2876.2
297.0	2880.0
297.5	2883.6
298.0	2887.0
298.5	2890.2
299.0	2893.0
299.5	2896.8
300.0	2900.8
