0.04158	0.22
0.0	0.0
0.5	0.2
1.0	0.8
1.5	1.6
2.0	2.6
2.5	3.8
3.0	6.6
3.5	9.6
4.0	12.0
4.5	16.8
5.0	22.0
5.5	25.0
6.0	28.0
6.5	32.0
7.0	38.8
7.5	43.8
8.0	48.6
8.5	55.8
9.0	63.0
9.5	68.0
10.0	76.0
10.5	82.8
11.0	89.2
11.5	95.8
12.0	102.0
12.5	109.6
13.0	117.6
13.5	125.6
14.0	132.6
14.5	139.0
15.0	145.4
15.5	155.6
16.0	166.0
16.5	175.0
17.0	183.0
17.5	192.2
18.0	200.4
18.5	209.2
19.0	218.2
19.5	226.4
20.0	235.6
20.5	243.8
21.0	251.8
21.5	258.8
22.0	267.4
22.5	276.2
23.0	283.6
23.5	292.2
24.0	300.2
24.5	308.6
25.0	316.2
25.5	324.0
26.0	333.2
26.5	340.2
27.0	347.0
27.5	353.6
28.0	360.6
28.5	368.6
29.0	375.8
29.5	383.0
30.0	391.0
30.5	399.6
31.0	405.4
31.5	413.0
32.0	421.4
32.5	428.6
33.0	435.4
33.5	444.8
34.0	454.0
34.5	461.4
35.0	469.8
35.5	476.4
36.0	484.2
36.5	491.8
37.0	500.2
37.5	507.6
38.0	516.4
38.5	524.4
39.0	530.8
39.5	538.0
40.0	544.4
40.5	552.8
41.0	560.0
41.5	567.2
42.0	573.8
42.5	581.2
43.0	587.8
43.5	595.0
44.0	602.2
44.5	609.6
45.0	617.0
45.5	622.2
46.0	631.0
46.5	638.0
47.0	645.0
47.5	652.2
48.0	660.0
48.5	665.4
49.0	672.4
49.5	680.2
50.0	685.8
50.5	691.6
51.0	697.0
51.5	703.0
52.0	709.2
52.5	715.2
53.0	721.8
53.5	728.8
54.0	736.0
54.5	742.4
55.0	748.0
55.5	753.4
56.0	760.0
56.5	766.8
57.0	772.6
57.5	778.0
58.0	783.2
58.5	789.0
59.0	795.2
59.5	803.0
60.0	810.2
60.5	815.0
61.0	819.4
61.5	824.8
62.0	832.0
62.5	838.2
63.0	843.6
63.5	851.0
64.0	857.0
64.5	861.4
65.0	866.8
65.5	873.2
66.0	877.0
66.5	882.8
67.0	888.8
67.5	892.6
68.0	900.8
68.5	906.4
69.0	911.4
69.5	916.4
70.0	920.6
70.5	927.6
71.0	933.6
71.5	940.8
72.0	946.4
72.5	952.0
73.0	958.4
73.5	963.4
74.0	967.6
74.5	973.2
75.0	979.8
75.5	985.2
76.0	992.8
76.5	997.8
77.0	1001.8
77.5	1007.0
78.0	1012.6
78.5	1017.6
79.0	1021.8
79.5	1027.2
80.0	1032.2
80.5	1039.4
81.0	1045.4
81.5	1051.0
82.0	1055.8
82.5	1061.2
83.0	1067.2
83.5	1073.0
84.0	1078.0
84.5	1083.0
85.0	1088.4
85.5	1094.8
86.0	1100.6
86.5	1107.2
87.0	1112.6
87.5	1118.8
88.0	1125.8
88.5	1129.8
89.0	1134.2
89.5	1138.4
90.0	1142.2
90.5	1146.4
91.0	1152.2
91.5	1156.8
92.0	1161.2
92.5	1167.0
93.0	1170.4
93.5	1176.2
94.0	1181.4
94.5	1185.2
95.0	1189.4
95.5	1195.2
96.0	1200.4
96.5	1205.6
97.0	1210.2
97.5	1216.0
98.0	1222.2
98.5	1225.4
99.0	1229.2
99.5	1233.6
100.0	1237.6
100.5	1241.4
101.0	1246.8
101.5	1252.2
102.0	1256.4
102.5	1260.0
103.0	1265.4
103.5	1270.8
104.0	1274.6
104.5	1279.8
105.0	1284.6
105.5	1289.6
106.0	1294.2
106.5	1300.0
107.0	1305.6
107.5	1311.8
108.0	1316.2
108.5	1322.8
109.0	1327.8
109.5	1332.6
110.0	1338.0
110.5	1343.6
111.0	1348.8
111.5	1354.0
112.0	1359.2
112.5	1362.4
113.0	1366.8
113.5	1371.2
114.0	1376.6
114.5	1382.2
115.0	1387.0
115.5	1391.4
116.0	1395.2
116.5	1401.2
117.0	1405.4
117.5	1411.4
118.0	1417.2
118.5	1422.2
119.0	1426.4
119.5	1431.8
120.0	1435.6
120.5	1441.0
121.0	1447.4
121.5	1450.6
122.0	1457.0
122.5	1461.4
123.0	1466.2
123.5	1470.8
124.0	1474.6
124.5	1479.6
125.0	1483.0
125.5	1487.6
126.0	1490.8
126.5	1496.0
127.0	1498.6
127.5	1503.0
128.0	1508.4
128.5	1510.4
129.0	1515.2
129.5	1521.2
130.0	1525.8
130.5	1530.2
131.0	1534.6
131.5	1539.2
132.0	1541.6
132.5	1546.2
133.0	1551.2
133.5	1556.0
134.0	1560.4
134.5	1565.0
135.0	1569.2
135.5	1571.6
136.0	1574.6
136.5	1578.6
137.0	1583.8
137.5	1588.6
138.0	1592.8
138.5	1596.2
139.0	1600.0
139.5	1604.6
140.0	1610.0
140.5	1614.2
141.0	1620.6
141.5	1623.6
142.0	1628.8
142.5	1633.4
143.0	1638.6
143.5	1642.8
144.0	1646.6
144.5	1652.6
145.0	1657.4
145.5	1662.4
146.0	1667.8
146.5	1672.0
147.0	1674.4
147.5	1679.0
148.0	1683.0
148.5	1687.8
149.0	1691.2
149.5	1696.0
150.0	1700.8
150.5	1705.0
151.0	1709.4
151.5	1712.8
152.0	1716.0
152.5	1718.6
153.0	1722.8
153.5	1726.2
154.0	1730.0
154.5	1734.6
155.0	1738.2
155.5	1742.4
156.0	1748.0
156.5	1752.4
157.0	1755.6
157.5	1760.0
158.0	1764.0
158.5	1768.2
159.0	1772.6
159.5	1778.0
160.0	1782.4
160.5	1787.6
161.0	1791.8
161.5	1794.6
162.0	1799.2
162.5	1803.8
163.0	1806.6
163.5	1812.2
164.0	1817.6
164.5	1823.0
165.0	1827.4
165.5	1832.8
166.0	1836.8
166.5	1842.0
167.0	1845.8
167.5	1850.4
168.0	1854.2
168.5	1858.4
169.0	1862.0
169.5	1865.8
170.0	1869.6
170.5	1874.0
171.0	1877.2
171.5	1881.4
172.0	1885.6
172.5	1891.2
173.0	1895.4
173.5	1901.6
174.0	1906.0
174.5	1909.8
175.0	1914.6
175.5	1920.0
176.0	1923.4
176.5	1927.8
177.0	1930.6
177.5	1934.6
178.0	1938.4
178.5	1942.2
179.0	1945.8
179.5	1950.8
180.0	1954.0
180.5	1959.4
181.0	1961.2
181.5	1967.8
182.0	1972.0
182.5	1976.0
183.0	1980.2
183.5	1982.8
184.0	1986.4
184.5	1990.4
185.0	1994.0
185.5	1997.6
186.0	2002.0
186.5	2006.4
187.0	2010.4
187.5	2014.4
188.0	2019.4
188.5	2023.8
189.0	2027.6
189.5	2033.6
190.0	2037.2
190.5	2041.6
191.0	2044.8
191.5	2049.4
192.0	2054.6
192.5	2060.2
193.0	2064.6
193.5	2068.6
194.0	2072.4
194.5	2076.2
195.0	2080.0
195.5	2083.8
196.0	2088.6
196.5	2092.4
197.0	2096.8
197.5	2101.4
198.0	2106.0
198.5	2110.2
199.0	2113.8
199.5	2117.8
200.0	2122.8
200.5	2127.6
201.0	2131.8
201.5	2136.8
202.0	2140.8
202.5	2145.6
203.0	2149.8
203.5	2154.2
204.0	2158.0
204.5	2161.4
205.0	2165.4
205.5	2170.6
206.0	2174.4
206.5	2178.4
207.0	2181.6
207.5	2185.6
208.0	2191.4
208.5	2196.6
209.0	2202.0
209.5	2207.0
210.0	2210.8
210.5	2215.2
211.0	2218.6
211.5	2222.6
212.0	2226.2
212.5	2230.6
213.0	2234.4
213.5	2239.0
214.0	2242.4
214.5	2247.6
215.0	2252.4
215.5	2256.0
216.0	2259.2
216.5	2264.4
217.0	2268.6
217.5	2270.6
218.0	2275.2
218.5	2280.0
219.0	2282.6
219.5	2286.6
220.0	2289.6
220.5	2294.6
221.0	2299.6
221.5	2303.0
222.0	2307.0
222.5	2311.2
223.0	2315.6
223.5	2319.4
224.0	2324.2
224.5	2327.6
225.0	2331.6
225.5	2335.4
226.0	2339.0
226.5	2342.4
227.0	2345.0
227.5	2348.0
228.0	2351.8
228.5	2358.6
229.0	2363.0
229.5	2367.6
230.0	2370.2
230.5	2374.6
231.0	2378.8
231.5	2381.4
232.0	2385.8
232.5	2391.6
233.0	2395.0
233.5	2398.6
234.0	2403.0
234.5	2406.6
235.0	2410.4
235.5	2415.2
236.0	2418.4
236.5	2420.6
237.0	2423.6
237.5	2428.6
238.0	2432.6
238.5	2435.4
239.0	2439.2
239.5	2444.0
240.0	2447.6
240.5	2450.6
241.0	2455.2
241.5	2458.8
242.0	2463.0
242.5	2468.2
243.0	2475.2
243.5	2478.6
244.0	2481.0
244.5	2485.6
245.0	2488.8
245.5	2493.2
246.0	2495.2
246.5	2498.4
247.0	2502.4
247.5	2506.2
248.0	2510.6
248.5	2513.8
249.0	2516.8
249.5	2521.0
250.0	2525.6
250.5	2531.2
251.0	2534.8
251.5	2539.2
252.0	2543.0
252.5	2547.4
253.0	2552.0
253.5	2555.4
254.0	2559.6
254.5	2563.0
255.0	2566.4
255.5	2568.6
256.0	2573.2
256.5	2577.8
257.0	2581.4
257.5	2584.2
258.0	2587.4
258.5	2590.4
259.0	2593.6
259.5	2598.8
260.0	2602.0
260.5	2606.6
261.0	2611.0
261.5	2614.8
262.0	2618.2
262.5	2621.4
263.0	2625.4
263.5	2629.6
264.0	2634.0
264.5	2639.6
265.0	2643.8
265.5	2648.8
266.0	2653.4
266.5	2656.6
267.0	2660.2
267.5	2663.8
268.0	2669.8
268.5	2673.6
269.0	2677.0
269.5	2681.6
270.0	2685.2
270.5	2689.8
271.0	2692.6
271.5	2696.0
272.0	2701.4
272.5	2705.6
273.0	2709.0
273.5	2712.2
274.0	2716.0
274.5	2719.2
275.0	2723.2
275.5	2727.0
276.0	2731.8
276.5	2735.2
277.0	2740.2
277.5	2745.8
278.0	2748.6
278.5	2753.6
279.0	2758.0
279.5	2763.4
280.0	2766.0
280.5	2770.6
281.0	2773.6
281.5	2779.6
282.0	2784.0
282.5	2788.0
283.0	2793.4
283.5	2798.0
284.0	2803.0
284.5	2807.0
285.0	2811.4
285.5	2816.6
286.0	2821.2
286.5	2824.4
287.0	2828.4
287.5	2832.6
288.0	2836.2
288.5	2839.2
289.0	2842.2
289.5	2845.0
290.0	2850.4
290.5	2854.4
291.0	2859.6
291.5	2864.2
292.0	2868.0
292.5	2871.2
293.0	2874.8
293.5	2877.8
294.0	2883.8
294.5	2888.4
295.0	2891.2
295.5	2893.8
296.0	2896.4
296.5	2901.0
297.0	2904.6
297.5	2910.6
298.0	2914.8
298.5	2918.2
299.0	2921.6
299.5	2924.0
300.0	2927.6
